frame	IoU
1	12.2113
2	11.8014
3	11.2272
4	11.0493
5	6.50663
6	6.36712
7	6.46386
8	8.11862
9	8.2033
10	8.32972
11	8.64828
12	11.7815
13	12.0405
14	9.92698
15	12.8294
16	13
17	10.7066
18	13.6489
19	14.2262
20	11.0086
21	15.5567
22	16.3163
23	16.8741
24	17.5105
25	17.9885
26	24.4719
27	18.3689
28	18.0846
29	26.1842
30	16.7011
31	20.6107
32	19.6786
33	13.5838
34	12.3036
35	11.1764
36	9.96608
37	9.31293
38	8.37798
39	7.56141
40	6.88095
41	8.02721
42	5.45351
43	4.81911
44	4.24504
45	3.90136
46	4.30263
47	4.5411
48	4.97619
49	8.57848
50	7.62169
51	9.97024
52	12.2638
53	13.6484
54	14.629
55	15.914
56	17.0159
57	17.7117
58	24.3673
59	25.0874
60	24.9662
61	18.8148
62	19.0628
63	19.1202
64	25.4552
65	18.8513
66	13.6726
67	13.2137
68	17.0407
69	12.3718
70	12.6474
71	8.82942
72	11.5111
73	13.9815
74	13.7718
75	13.0009
77	11.8128
78	15.5123
79	15.2343
80	15.0325
81	34.1156
82	15.2986
83	15.8452
84	11.401
529	20.6009
530	19.5928
535	17.2834
537	13.1944
538	17.8556
540	13.6102
546	17.602
547	16.5374
548	24.483
549	16.2314
550	12.0079
551	12.0074
552	7.26463
555	12.3122
556	7.48016
557	16.7598
558	17.1292
574	12.4339
578	16.879
579	12.7137
580	17.0085
581	16.833
582	16.6244
583	11.9983
584	20.3571
585	14.9574
586	18.9856
587	13.7084
588	17.5611
589	17.1929
590	16.8604
591	16.7297
592	16.5205
593	16.2591
594	16.0247
595	15.9083
596	15.908
597	15.908
598	15.7279
599	15.8566
600	15.7019
601	15.7275
602	15.8437
603	16.0248
604	16.1156
605	12.214
606	16.495
607	12.579
608	12.7285
609	12.9292
610	17.534
611	17.8707
612	18.3636
613	18.8744
614	28.7143
615	19.4365
616	19.8447
617	20.06
618	15.3076
619	20.7831
620	21.0423
621	21.2954
622	21.6994
623	21.9247
624	21.8811
625	49.8129
628	21.3452
629	20.6372
630	15.0094
631	11.282
632	10.5612
633	13.7438
634	13.3587
635	7.83163
636	13.0688
637	17.5677
638	13.3759
639	18.2235
640	18.68
641	19.3268
642	19.9785
643	20.6845
644	21.0517
645	15.9503
646	15.9823
647	15.918
648	20.8309
649	20.2326
650	14.6719
651	18.988
652	18.55
653	18.4828
654	10.3136
655	13.647
656	13.6093
657	18.2829
658	18.3409
659	18.4388
660	18.4969
661	18.2788
662	18.124
663	18.1589
664	18.2732
665	18.2045
666	18.4228
667	27.9632
668	28.6088
669	19.8968
670	20.8592
671	21.4881
672	21.9819
673	22.485
674	23.0867
675	23.682
676	24.6349
677	25.6563
678	26.6807
679	40.9902
680	28.1728
681	28.3044
682	28.5476
686	61.6349
687	39.6786
688	38.1685
689	24.2407
690	34.2892
691	21.9778
692	31.9087
693	30.9685
694	20.0113
695	19.5164
696	18.6886
697	27.3128
698	26.7077
699	17.3073
700	16.9454
701	25.0754
702	24.7173
703	37.2562
704	25.0968
705	25.2336
706	25.6874
707	17.5397
708	26.945
709	27.4474
710	41.8367
711	42.7823
712	29.6508
713	20.7105
714	47.9388
715	48.6407
716	48.6893
717	32.0635
718	32.0202
719	31.6853
720	31.506
721	21.1361
722	21.2403
723	21.1968
724	31.7275
725	21.3012
726	21.5265
727	21.844
728	21.8896
729	21.9505
730	33.4739
731	33.7455
732	34.4429
733	52.2555
734	35.3345
735	53.2381
736	53.7143
737	36.1224
738	53.9206
739	52.9082
740	52.2781
741	52.5166
742	53.1986
743	35.6338
744	54.5857
745	55.4008
746	56.6633
747	58.1304
748	39.551
749	60.6998
750	62.2653
751	41.9841
752	42.0635
753	62.6122
754	62.0439
755	60.9167
756	59.5918
757	57.4266
758	55.5621
759	36.4779
760	36.2046
761	36.4049
762	36.9635
763	37.3356
764	37.5374
765	56.8359
766	56.6884
767	25.0908
768	25.0265
769	24.9449
770	25.138
771	25.1184
772	25.1151
773	37.8845
774	37.9524
775	38.3496
776	38.6032
777	38.8511
778	38.6786
779	38.3078
780	38.5761
781	26.1597
782	26.5265
783	27.079
784	27.7644
785	43.5218
786	29.8511
787	45.5065
788	30.9761
789	31.4225
790	31.2733
791	31.1585
792	46.3776
793	45.5618
794	44.0964
795	64.2679
796	40.8296
797	38.9626
798	37.362
799	35.6494
800	22.6111
801	21.2974
802	20.0407
803	28.7831
804	18.4147
805	26.3023
806	16.8617
807	16.3476
808	15.8727
809	15.6211
810	15.5892
811	15.4645
812	22.8673
813	22.9478
814	23.1127
815	15.4567
816	15.6679
817	16.0406
818	16.4817
819	38.1858
820	25.8108
821	26.0721
822	26.3761
823	26.2713
824	26.1243
825	17.1928
826	16.003
827	16.0442
828	16.0176
829	15.9667
830	24.0612
831	23.8889
832	15.9599
833	35.4167
834	23.4286
835	15.5881
836	15.5584
837	15.527
838	15.5272
839	15.5896
840	23.0102
841	22.9167
842	22.5926
843	22.3622
844	22.3163
845	22.3622
846	22.1788
847	22.0417
848	22.0873
849	22.0873
850	21.9504
851	22.1786
852	22.0873
853	22.0871
854	22.0402
855	22.2242
856	22.0393
857	22.449
858	15.1429
859	15.4477
860	23.2474
861	35.5516
862	24.2125
863	16.516
864	16.7892
865	17.3148
866	27.0703
867	41.4782
868	28.7198
869	29.6824
870	20.3152
871	31.2447
872	21.254
873	32.4068
874	32.5425
875	32.7046
876	21.7262
877	21.602
878	21.4294
879	31.178
880	19.7628
881	19.2763
882	18.3524
883	17.275
884	16.1296
885	22.727
886	14.505
887	14.2358
888	21.0282
889	13.9974
890	13.9816
891	14.0071
892	14.0034
893	14.1264
894	21.5102
895	21.8036
896	14.7339
897	14.828
898	15.092
899	14.9282
900	14.8395
901	14.5659
902	14.4065
903	14.0391
904	13.7619
905	13.3456
906	13.0476
907	12.7766
908	12.5619
909	12.5532
910	12.5724
911	12.489
912	12.582
913	12.7834
914	13.0439
915	14.8743
916	15.3255
917	15.8339
918	12.7628
919	18.1544
920	18.9202
921	19.7925
922	21.4568
923	22.7386
924	23.2808
925	23.6687
926	23.8632
927	24.1957
928	24.7493
929	25.1561
930	25.8503
931	26.5344
932	27.4121
933	28.3583
934	28.5529
935	28.3991
936	28.1523
937	27.8949
938	27.116
939	25.254
940	13.0818
941	21.1019
942	20.4324
943	19.2008
944	18.493
945	17.6589
946	12.8595
947	16.9269
948	12.8175
949	17.5701
950	17.9127
951	13.8393
952	19.1599
953	19.6999
954	20.0238
955	20.1481
956	20.254
957	20.2814
958	15.2679
959	15.0981
960	19.78
961	19.4558
962	19.0567
963	18.639
964	18.3963
965	18.028
966	17.9557
967	17.8377
968	17.7258
969	17.5601
970	17.3923
971	17.0132
972	16.6372
973	16.2642
974	12.1071
975	15.9839
976	11.8812
977	11.8852
978	11.7276
979	15.6474
980	15.5635
981	15.5937
982	15.484
983	7.69303
1013	20.9776
1014	21.0042
1015	20.6719
1016	30.745
1017	30.745
1018	19.7354
1019	29.1463
1020	28.8194
1021	28.1922
1022	18.336
1023	17.9274
1024	17.3721
1025	25.5437
1026	24.8314
1027	16.2522
1028	12.0455
1029	11.9107
1030	12.0232
1031	11.9872
1032	11.9683
1033	16.0527
1034	16.8838
1035	17.3855
1036	17.7143
1037	18.3493
1038	19.0685
1039	20.1876
1040	16.0331
1041	23.495
1042	25.7625
1043	26.6565
1044	26.4538
1045	19.5153
1046	25.5344
1047	24.6882
1048	17.6913
1049	21.7989
1050	15.1344
1051	13.7282
1052	13.0312
1053	12.0204
1054	15.2031
1055	10.9652
1056	10.255
1057	7.33092
1058	12.5867
1059	9.23375
1060	8.99376
1061	6.70114
1062	6.88202
1063	7.61175
1064	8.38949
1065	11.9187
1066	9.18686
1067	12.9717
1068	18.3749
1069	14.2979
1070	11.0028
1071	11.1057
1072	14.7893
1073	14.8264
1074	14.6429
1075	14.5534
1076	10.8693
1077	10.9015
1078	10.895
1079	10.8852
1080	10.8462
1081	10.7661
1082	10.6734
1083	8.4307
1084	8.39915
1085	8.31111
1086	8.32001
1087	11.1608
1088	10.6161
1089	11.0606
1090	11.9134
1091	12.4726
1092	10.4388
1093	11.0289
1094	11.7111
1095	12.1754
1096	15.4524
1097	12.2893
1098	12.1046
1099	9.34639
1100	13.9013
1101	10.4487
1102	12.3476
1103	7.31986
1104	10.5575
1105	6.18222
1106	5.57007
1107	4.96061
1108	5.54464
1109	4.21138
1110	3.12971
1111	2.96772
1112	3.41388
1113	3.43084
1114	3.47556
1115	4.17524
1116	3.87302
1117	4.45714
1118	3.63849
1119	3.1452
1120	3.86387
1121	3.78322
1122	3.61905
1123	4.07755
1124	3.0798
1125	2.68959
1126	2.29416
1127	2.30567
1128	1.58764
1129	1.62259
1130	1.77055
1131	1.79138
1132	1.41036
1133	1.41723
1134	1.69999
1135	3.16291
1136	4.46635
1137	8.09359
1138	24.3274
1138	16.2183
1139	2.8384
1140	6.44855
1150	27.5101
1153	60.4855
1154	14.0947
1155	81.9308
1155	54.6206
1156	93.7211
1157	45.1345
1157	67.7018
1158	14.4618
1159	49.5431
1159	37.1573
1160	15.2369
1161	11.053
1162	12.7423
1163	14.436
1164	65.5957
1164	43.7305
1165	19.6859
1166	20.9983
1167	17.8885
1168	55.3274
1168	55.3274
1169	12.2481
1170	8.11293
1171	7.93752
1172	4.06519
1173	3.55962
1174	3.33957
1175	2.50104
1176	2.65397
1177	2.15712
1178	2.53205
1179	2.28609
1180	2.64245
1181	2.0377
1182	1.95011
1183	2.46898
1184	2.21391
1185	2.95116
1186	3.58086
1187	4.31351
1188	5.30754
1189	5.84
1190	6.40177
1191	5.77381
1192	7.85204
1193	8.44636
1194	7.23719
1195	7.53968
1196	7.51859
1197	9.03704
1198	6.6189
1199	7.67219
1200	7.25756
1201	8.32435
1202	6.5172
1203	7.34416
1204	5.74362
1205	6.58622
1206	6.34014
1207	6.14116
1208	5.90323
1209	4.7809
1210	5.74187
1211	5.88061
1212	6.10862
1213	8.51814
1214	6.74739
1215	9.45227
1216	7.09626
1217	7.16497
1218	9.02296
1219	7.07483
1220	6.87656
1221	6.71794
1222	6.4282
1223	6.05329
1224	5.8729
1225	9.63964
1226	7.20327
1227	7.34386
1228	7.73406
1229	8.27338
1230	11.8622
1231	12.9412
1232	13.8414
1233	14.8004
1234	20.7229
1235	21.3587
1236	20.0527
1237	19.6081
1238	13.9095
1239	17.8471
1240	17.4933
1241	9.1369
1242	11.1253
1243	10.5656
1244	7.63662
1245	7.27689
1246	9.16251
1247	8.59859
1248	8.31703
1249	6.02735
1250	5.77629
1251	7.55541
1252	8.00652
1253	8.39583
1254	12.729
1255	14.2041
1256	12.5159
1257	17.5679
1258	13.4624
1259	18.0357
1260	13.7985
1261	18.6919
1262	11.1084
1263	13.2184
1264	16.9524
1265	15.8639
1266	13.7924
1267	11.7012
1268	8.04528
1269	9.90864
1270	7.57469
1271	14.714
1272	8.21769
1273	14.0459
1274	7.07412
1275	6.19147
1276	5.41667
1277	4.94813
1278	6.16794
1279	9.14242
1280	5.01424
1281	5.05045
1282	4.95929
1283	4.76665
1284	4.70575
1285	3.18027
1286	3.79807
1287	4.02324
1288	4.0771
1289	5.34949
1290	5.61905
1291	8.15419
1292	8.54568
1293	6.50089
1294	8.58673
1295	6.44898
1296	8.47506
1297	11.6175
1298	8.77891
1299	6.73593
1300	6.74043
1301	6.76091
1302	8.93027
1303	11.8216
1304	11.2084
1305	10.6595
1306	5.70458
1307	5.19785
1308	6.60077
1309	8.23936
1310	7.80297
1311	4.15923
1312	3.88804
1313	3.8046
1314	8.28672
1315	11.2162
1316	10.3563
1317	11.2472
1318	13.2162
1319	10.582
1320	8.44218
1321	8.58929
1322	8.39463
1323	14.4638
1324	13.7497
1325	12.7623
1326	8.39796
1327	9.65105
1328	4.86076
1329	5.73734
1330	6.96649
1331	5.09562
1332	4.71429
1333	4.4263
1334	4.26573
1335	4.3382
1336	4.74306
1337	4.09566
1338	4.02381
1339	4.09566
1340	5.41034
1341	5.6918
1342	7.60437
1343	5.89342
1344	7.96221
1345	5.84481
1346	5.86971
1347	5.88549
1348	7.86546
1349	11.6532
1350	7.81633
1351	7.88108
1352	7.62302
1353	7.11577
1354	9.39683
1355	5.61565
1356	6.64286
1357	8.54167
1367	5.17304
1368	8.16893
1369	9.68963
1370	4.40476
1371	7.1593
1372	11.7483
1373	8.66175
1374	9.88662
1375	15.7361
1376	10.8964
1377	7.56601
1378	7.56601
1379	7.97052
1380	12.0839
1381	12.3054
1382	8.70106
1383	8.95534
1384	9.22821
1385	9.65382
1386	10.1406
1387	10.522
1388	10.9617
1389	11.3197
1390	11.401
1391	11.5782
1392	11.5457
1393	11.5268
1394	11.3533
1395	11.2562
1396	10.8352
1397	10.3042
1398	10.0527
1399	9.3938
1400	8.90023
1401	8.73318
1402	9.08919
1403	10.5047
1404	11.997
1405	13.8765
1406	16.0632
1407	18.6234
1408	31.678
1409	35.034
1410	37.1879
1411	38.3424
1412	24.3845
1413	21.5231
1414	20.3502
1415	19.7014
1416	27.6444
1417	24.9288
1418	21.627
1419	18.8429
1420	15.7702
1421	12.4792
1422	11.1071
1423	7.42958
1424	8.04422
1425	8.62245
1426	8.86521
1427	8.88039
1428	8.87478
1429	8.94885
1430	9.1867
1431	9.94381
1432	10.5815
1433	11.1691
1434	11.6676
1435	11.9462
1436	12.2048
1437	12.3182
1438	12.2813
1439	12.2351
1440	12.2518
1441	12.1262
1442	12.0636
1443	12.1058
1444	12.0849
1445	12.0849
1446	12.0515
1447	12.1138
1448	12.1183
1449	12.1391
1450	12.2018
1451	12.1327
1452	12.0257
1453	11.9361
1454	11.8575
1455	11.8571
1456	11.7763
1457	11.8864
1458	11.6915
1459	11.5616
1460	11.4908
1461	16.9731
1462	16.8929
1463	16.7466
1464	11.1587
1465	11.2509
1466	11.2162
1467	17.0893
1468	17.5332
1469	12.037
1470	12.8396
1471	20.3141
1472	14.3953
1473	14.8185
1474	22.4611
1475	35.1773
1476	35.5496
1477	36.6022
1478	36.8163
1479	36.7309
1480	24.3082
1481	25.2177
1482	25.2263
1483	38.2086
1484	25.6241
1485	25.2846
1486	37.5646
1487	36.9753
1495	34.5642
1496	22.9086
1497	22.764
1498	23.1799
1499	15.0733
1500	22.2857
1502	14.9618
1505	10.9667
1597	46.2993
1598	47.7622
1599	49.148
1600	33.424
1601	24.1563
1602	37.7222
1603	26.2666
1604	28.1048
1605	29.5966
1606	30.9868
1607	49.4067
1608	77.5017
1610	55.4157
1611	37.5088
1612	37.9159
1614	35.626
1755	55.7908
1777	35.3806
1778	51.4626
1779	51.2741
1780	50.8988
1781	33.9396
1782	33.407
1783	33.5482
1784	33.5482
1785	33.7976
1786	51.3875
1787	51.3036
1788	50.4124
1789	33.5884
1791	34.3274
1792	51.506
1793	51.001
1794	50.8724
1795	50.7004
1796	50.1088
1797	33.0869
1798	49.4633
1799	48.7391
1800	48.6168
1801	49.1429
1802	48.945
1803	49.5872
1804	49.5872
1805	32.8825
1806	49.5021
1807	32.8685
1808	32.8469
1809	33.4465
1810	49.4714
1811	48.7557
1812	48.021
1813	46.8866
1814	30.8919
1815	20.6513
1816	20.0848
1817	20.4545
1818	31.0149
1819	31.8821
1820	32.6691
1821	21.8549
1822	21.9164
1823	33.3254
1824	34.5011
1825	34.6746
1826	23.464
1827	23.7692
1828	24.2747
1829	36.8333
1830	37.941
1831	25.7149
1832	59.6181
1833	62.7574
1834	43.6386
1835	66.7761
1836	44.6574
1837	30.0734
1838	29.981
1839	45.6593
1840	45.7187
1841	45.1073
1842	67.3634
1843	67.3553
1844	67.0581
1845	66.6511
1846	66.288
1847	43.4439
1848	63.5877
1849	40.8441
1850	57.4707
1851	34.2073
1852	30.2932
1853	26.6944
1854	35.7058
1855	21.7492
1856	20.1361
1857	12.4989
1858	17.2982
1859	15.9405
1860	15.1329
1861	14.4558
1862	13.6806
1863	13.0099
1864	8.40949
1865	18.9308
1866	19.4444
1867	20.0147
1868	13.3065
1869	13.4643
1870	13.4681
1871	13.5193
1873	14.0573
1874	14.4726
1875	22.0626
1876	22.2541
1877	9.95169
1878	22.6284
1880	16.1352
1881	17.3489
1882	29.161
1883	33.46
1887	31.5563
1888	49.4603
1890	52.9783
1892	54.127
1893	53.8571
1894	53.7319
1895	53.8414
1896	35.9693
1897	35.9807
1898	54.0709
1899	53.7336
1900	34.9274
1901	50.6807
1902	49.9206
1903	48.4056
1904	47.227
1905	46.2504
1906	44.9796
1907	43.2562
1908	41.8929
1909	26.8299
1910	25.375
1911	24.4484
1912	35.3801
1913	35.4656
1914	34.8095
1915	34.7819
1916	23.074
1917	22.7513
1918	15.1548
1919	22.5986
1920	22.6131
1921	22.8401
1922	15.1957
1923	15.284
1924	23.0587
1925	15.4612
1926	15.804
1927	24.3148
1928	25.0731
1929	17.1054
1930	17.1998
1931	17.4263
1932	17.3167
1933	16.9674
1934	16.7954
1935	24.8519
1936	24.3435
1937	23.9365
1938	23.4728
1939	22.6752
1940	20.8787
1941	20.4951
1942	30.3016
1943	20.2849
1944	20.3724
1945	20.4649
1946	30.5393
1947	30.4439
1948	20.2211
1949	19.8401
1950	19.7241
1951	19.538
1952	19.3845
1953	12.8759
1954	12.9358
1955	19.8779
1956	20.5349
1957	21.207
1958	32.8231
1959	22.3517
1960	22.8464
1961	23.0903
1962	35.202
1963	35.6066
1964	36.1373
1965	36.0921
1966	36.254
1967	36.2076
1968	35.8895
1969	23.6293
1970	23.4694
1971	23.1018
1972	34.7071
1973	34.3492
1974	34.6301
1975	34.9627
1976	23.4974
1977	23.8591
1978	24.6627
1979	25.602
1980	26.6243
1981	41.7567
1982	42.5694
1983	28.9615
1984	28.938
1985	19.172
1986	28.7316
1987	28.7774
1988	28.5083
1989	28.6131
1990	28.2674
1994	41.381
1995	27.1497
1996	27.1939
1998	39.5062
1999	38.4473
2000	37.863
