1	1	T 542	266	693	373	P 504	252	168	126	
2	1	T 522	261	677	369	P 504	252	168	126	
3	1	T 513	264	662	359	P 504	252	168	126	
4	1	T 508	259	657	356	P 504	252	168	126	
5	1	T 504	259	654	351	P 462	210	210	168	
6	1	T 505	256	653	344	P 462	210	210	168	
7	1	T 509	256	661	345	P 462	210	210	168	
8	1	T 521	259	670	342	P 504	210	168	168	
9	1	T 532	254	685	338	P 504	210	168	168	
10	1	T 554	255	706	333	P 546	210	168	168	
11	1	T 580	252	733	333	P 546	210	168	168	
12	1	T 612	250	765	326	P 588	210	168	126	
13	1	T 647	252	794	321	P 630	210	168	126	
14	1	T 676	253	826	318	P 630	210	210	126	
15	1	T 707	250	854	318	P 672	210	168	126	
16	1	T 736	248	882	312	P 714	210	168	126	
17	1	T 760	248	908	312	P 714	210	210	126	
18	1	T 784	248	932	310	P 756	210	168	126	
19	1	T 808	254	956	315	P 798	210	168	126	
20	1	T 826	261	974	319	P 798	210	168	168	
21	1	T 833	275	983	335	P 798	252	168	126	
22	1	T 836	292	984	351	P 798	252	168	126	
23	1	T 834	305	984	363	P 798	252	168	126	
24	1	T 828	321	978	379	P 798	294	168	126	
25	1	T 817	336	964	395	P 798	294	168	126	
26	1	T 797	348	943	412	P 798	294	126	126	
27	1	T 778	357	928	419	P 756	336	168	126	
28	1	T 758	356	905	423	P 756	336	168	126	
29	1	T 730	356	884	418	P 714	336	168	84	
30	1	T 703	357	856	413	P 672	294	168	126	
31	1	T 669	354	816	401	P 672	294	126	126	
32	1	T 633	344	783	399	P 630	294	126	126	
33	1	T 596	321	743	387	P 588	294	168	126	
34	1	T 556	306	702	371	P 546	252	168	126	
35	1	T 519	290	659	359	P 504	252	168	126	
36	1	T 477	275	626	337	P 462	252	168	126	
37	1	T 443	257	592	333	P 420	210	168	126	
38	1	T 416	241	563	315	P 420	210	168	126	
39	1	T 390	229	530	302	P 378	168	168	126	
40	1	T 361	213	504	289	P 336	168	168	126	
41	1	T 325	196	472	270	P 336	168	126	126	
42	1	T 301	180	444	260	P 294	126	168	126	
43	1	T 271	167	413	247	P 252	126	168	126	
44	1	T 248	149	389	231	P 252	126	168	126	
45	1	T 232	136	372	222	P 210	84	168	126	
46	1	T 268	141	403	226	P 252	126	168	126	
47	1	T 295	136	433	222	P 294	126	168	126	
48	1	T 320	140	456	231	P 294	126	168	126	
49	1	T 376	175	512	266	P 378	126	126	126	
50	1	T 401	209	536	301	P 378	168	168	126	
51	1	T 469	256	603	350	P 462	210	168	126	
52	1	T 515	307	649	400	P 504	294	168	126	
53	1	T 548	329	683	423	P 546	294	168	126	
54	1	T 573	343	707	438	P 546	336	168	126	
55	1	T 608	357	742	454	P 588	336	168	126	
56	1	T 635	373	768	469	P 630	336	168	126	
57	1	T 654	381	786	477	P 630	336	168	126	
58	1	T 668	389	796	486	P 672	378	126	126	
59	1	T 669	394	803	496	P 672	378	126	126	
60	1	T 660	400	788	503	P 672	378	126	126	
61	1	T 653	409	784	508	P 630	378	168	126	
62	1	T 649	417	779	518	P 630	378	168	126	
63	1	T 641	425	768	527	P 630	378	168	126	
64	1	T 619	438	747	541	P 630	420	126	126	
65	1	T 593	449	719	555	P 588	420	168	126	
66	1	T 561	460	683	565	P 546	420	168	168	
67	1	T 528	469	652	572	P 504	420	168	168	
68	1	T 509	476	623	579	P 504	420	126	168	
69	1	T 480	468	601	581	P 462	420	168	168	
70	1	T 462	469	582	575	P 420	420	210	126	
71	1	T 463	426	579	538	P 420	378	210	168	
72	1	T 471	412	588	518	P 420	378	210	126	
73	1	T 490	382	604	490	P 462	378	168	126	
74	1	T 518	357	631	462	P 504	336	168	126	
75	1	T 537	321	643	428	P 504	294	168	126	
76	1	T 553	288	656	393	P 420	252	252	126	
77	1	T 572	269	674	371	P 546	252	168	126	
78	2	T 589	257	686	359	P 378	462	126	84	P 588	252	126	126	
79	2	T 598	245	697	347	P 378	462	126	84	P 588	252	126	126	
80	1	T 612	240	704	339	P 588	252	126	126	
81	1	T 618	242	708	340	P 630	252	84	84	
82	2	T 611	249	704	345	P 126	546	126	126	P 588	252	126	126	
83	1	T 597	272	693	363	P 588	252	126	126	
84	1	T 581	311	582	311	P 588	294	126	126	
85	1	T 670	391	585	336	P 546	336	168	126	
86	1	T 663	427	594	368	P 588	336	126	126	
87	1	T 671	453	606	395	P 588	378	126	126	
88	0	T 684	476	604	426	
89	0	T 681	500	603	453	
90	1	T 683	531	605	472	P 588	462	84	84	
91	1	T 678	555	605	481	P 588	462	126	126	
92	1	T 676	562	601	488	P 588	462	126	126	
93	1	T 671	567	589	476	P 588	462	84	126	
94	1	T 661	556	579	452	P 546	462	126	84	
95	1	T 654	536	576	427	P 546	420	126	84	
96	1	T 648	505	569	404	P 546	378	126	126	
97	1	T 638	482	559	388	P 546	378	126	126	
98	1	T 631	470	552	376	P 546	378	84	84	
99	1	T 621	457	547	364	P 546	378	84	84	
100	1	T 616	445	541	349	P 546	336	84	84	
101	1	T 611	429	536	336	P 504	336	126	84	
102	1	T 605	414	533	329	P 504	336	126	84	
103	1	T 601	406	525	321	P 504	336	84	84	
104	1	T 595	398	521	317	P 504	294	84	126	
105	1	T 591	395	520	313	P 504	294	84	126	
106	1	T 592	393	524	313	P 504	294	84	126	
107	1	T 593	395	528	317	P 504	336	84	84	
108	1	T 598	394	537	319	P 504	336	84	84	
109	1	T 606	397	545	321	P 546	336	84	84	
110	1	T 614	396	557	320	P 546	294	84	126	
111	1	T 628	400	572	324	P 546	294	126	126	
112	1	T 644	400	595	330	P 588	336	84	84	
113	1	T 663	406	618	334	P 588	336	126	126	
114	1	T 688	410	639	341	P 630	336	126	126	
115	1	T 708	415	646	344	P 630	336	126	126	
116	1	T 718	423	650	351	P 588	336	168	168	
117	1	T 720	427	649	352	P 588	336	168	168	
118	1	T 725	429	645	358	P 546	336	210	168	
119	1	T 716	435	641	361	P 546	336	210	168	
120	1	T 715	433	640	362	P 546	336	168	168	
121	1	T 711	435	633	361	P 504	336	210	168	
122	1	T 709	431	630	363	P 462	336	252	210	
123	1	T 706	430	622	362	P 462	378	252	168	
124	1	T 696	432	616	358	P 462	462	210	168	
125	1	T 694	430	609	358	P 420	462	210	168	
126	1	T 690	424	610	353	P 420	504	210	168	
127	2	T 686	420	608	348	P 420	504	168	168	P 588	336	84	84	
128	2	T 677	417	606	341	P 420	504	168	168	P 588	336	84	84	
129	2	T 677	405	607	327	P 378	546	168	126	P 588	336	84	84	
130	2	T 672	394	603	316	P 378	546	168	168	P 588	294	84	84	
131	2	T 670	384	604	304	P 378	588	126	126	P 588	294	84	84	
132	2	T 672	373	602	288	P 336	588	168	126	P 588	294	84	84	
133	2	T 670	359	602	271	P 336	588	168	126	P 588	252	126	126	
134	2	T 671	338	605	247	P 336	588	126	126	P 588	210	126	168	
135	2	T 672	312	602	221	P 294	588	168	126	P 588	210	126	126	
136	2	T 673	286	601	198	P 294	588	168	126	P 546	168	126	168	
137	2	T 675	268	602	189	P 294	588	126	126	P 546	168	168	168	
138	2	T 672	256	602	193	P 294	630	126	84	P 504	168	210	168	
139	1	T 671	259	602	192	P 504	168	210	168	
140	1	T 672	258	602	193	P 462	168	252	168	
141	1	T 603	181	671	258	P 462	168	252	168	
142	1	T 672	258	603	186	P 420	168	294	168	
143	1	T 667	258	600	187	P 420	168	252	168	
144	1	T 668	251	595	182	P 420	168	252	168	
145	1	T 665	249	595	183	P 378	168	294	168	
146	1	T 664	250	593	186	P 378	168	294	168	
147	1	T 663	255	593	193	P 336	168	336	168	
148	1	T 661	258	593	204	P 336	168	336	168	
149	1	T 662	270	592	219	P 336	210	336	168	
150	2	T 661	285	597	232	P 336	378	252	126	P 546	210	126	126	
151	2	T 665	298	604	243	P 336	420	252	168	P 546	210	126	168	
152	2	T 674	309	616	252	P 378	462	210	168	P 588	252	126	126	
153	2	T 683	319	627	267	P 378	462	210	126	P 588	252	126	126	
154	3	T 696	327	632	275	P 378	504	210	126	P 588	378	84	84	P 630	252	84	84	
155	3	T 704	341	646	288	P 420	588	126	84	P 546	420	126	84	P 630	294	84	84	
156	3	T 711	354	655	298	P 420	588	126	126	P 546	420	126	84	P 630	294	126	84	
157	5	T 722	363	666	304	P 0	168	84	84	P 42	0	84	84	P 462	630	84	84	P 546	504	84	84	P 672	294	84	84	
158	4	T 731	366	680	307	P 0	168	84	84	P 42	0	84	84	P 462	630	84	84	P 672	294	84	84	
159	2	T 744	370	691	313	P 0	0	84	84	P 672	294	84	126	
160	2	T 758	376	705	320	P 0	0	168	84	P 672	294	126	126	
161	2	T 771	380	717	331	P 0	0	126	168	P 672	294	126	168	
162	2	T 780	394	722	340	P 0	0	168	168	P 672	336	126	126	
163	2	T 790	406	727	354	P 0	42	126	168	P 630	336	168	168	
164	2	T 793	417	730	372	P 0	84	126	168	P 630	336	168	168	
165	2	T 797	430	737	387	P 0	84	126	126	P 630	378	210	168	
166	2	T 798	447	735	399	P 0	126	84	126	P 630	378	210	210	
167	2	T 799	460	734	409	P 0	0	84	84	P 588	378	210	168	
168	3	T 799	469	736	417	P 0	0	84	84	P 0	168	84	84	P 588	378	252	168	
169	2	T 800	478	734	425	P 0	0	168	84	P 588	420	252	210	
170	2	T 800	488	730	437	P 0	0	126	84	P 546	420	252	210	
171	2	T 795	497	730	444	P 0	0	168	126	P 546	420	252	168	
172	2	T 789	505	706	456	P 0	42	126	126	P 546	420	252	210	
173	2	T 775	519	689	464	P 0	42	84	168	P 546	462	252	168	
174	1	T 757	530	668	470	P 504	462	252	168	
175	1	T 738	534	646	473	P 504	462	252	168	
176	1	T 716	536	627	477	P 504	462	210	210	
177	1	T 610	477	676	538	P 462	462	252	168	
178	1	T 695	537	594	479	P 462	462	210	168	
179	1	T 660	538	580	480	P 420	462	252	168	
180	1	T 644	536	564	477	P 420	462	252	168	
181	1	T 631	540	553	476	P 420	462	210	168	
182	1	T 609	533	532	468	P 378	462	252	168	
183	1	T 600	529	522	452	P 336	420	294	210	
184	1	T 586	507	510	429	P 336	420	252	168	
185	1	T 577	490	502	404	P 294	378	294	210	
186	1	T 569	464	501	381	P 294	378	294	168	
187	1	T 565	438	495	354	P 252	336	336	210	
188	1	T 564	413	494	337	P 252	336	336	168	
189	1	T 560	391	491	320	P 210	294	378	210	
190	1	T 556	379	489	306	P 210	294	378	210	
191	1	T 553	364	484	295	P 210	252	378	210	
192	1	T 550	350	484	284	P 168	252	420	210	
193	1	T 548	337	488	274	P 168	252	420	210	
194	1	T 550	330	492	265	P 168	252	420	210	
195	1	T 558	327	495	261	P 168	252	420	210	
196	1	T 565	319	508	260	P 210	252	378	210	
197	1	T 574	320	512	265	P 210	252	378	168	
198	1	T 577	323	519	277	P 210	252	378	168	
199	1	T 585	332	536	293	P 252	252	378	210	
200	1	T 600	352	548	300	P 252	294	378	168	
201	1	T 616	356	567	307	P 294	294	378	210	
202	1	T 634	361	582	307	P 294	294	378	168	
203	1	T 647	362	585	308	P 294	294	378	210	
204	1	T 653	364	594	309	P 336	294	336	168	
205	1	T 658	366	595	312	P 336	294	336	168	
206	1	T 662	370	599	315	P 336	294	336	168	
207	1	T 664	372	596	320	P 336	294	336	168	
208	1	T 662	378	597	323	P 336	294	336	168	
209	1	T 660	378	596	326	P 336	294	336	168	
210	1	T 662	378	595	329	P 336	294	336	168	
211	1	T 659	381	599	332	P 336	294	336	168	
212	1	T 661	384	596	332	P 336	294	336	168	
213	1	T 662	383	601	335	P 336	294	336	210	
214	1	T 665	389	597	334	P 336	294	336	168	
215	1	T 665	385	603	335	P 336	294	336	168	
216	1	T 668	387	600	334	P 336	294	336	168	
217	1	T 667	390	600	334	P 336	294	336	168	
218	1	T 666	390	600	334	P 336	294	336	168	
219	1	T 665	389	587	335	P 336	294	336	168	
220	1	T 659	389	584	334	P 336	294	336	168	
221	1	T 652	387	583	337	P 336	294	336	210	
222	1	T 648	387	582	336	P 336	336	336	168	
223	1	T 644	394	582	337	P 294	336	378	168	
224	1	T 640	386	583	335	P 294	336	378	168	
225	1	T 641	385	576	333	P 294	336	378	210	
226	1	T 638	385	577	330	P 294	294	378	168	
227	1	T 639	381	578	326	P 294	294	378	210	
228	1	T 637	379	568	322	P 294	294	336	168	
229	1	T 629	376	565	337	P 294	294	336	168	
230	1	T 625	390	566	339	P 294	336	378	168	
231	1	T 630	392	572	336	P 294	294	378	210	
232	1	T 637	390	574	324	P 294	294	378	210	
233	1	T 640	383	572	309	P 294	294	378	168	
234	1	T 639	366	576	289	P 294	294	378	168	
235	1	T 639	345	579	275	P 252	252	420	168	
236	1	T 647	334	583	267	P 252	252	420	168	
237	1	T 654	329	588	262	P 252	252	420	168	
238	1	T 653	318	594	253	P 252	252	420	168	
239	1	T 660	313	594	245	P 252	210	420	168	
240	1	T 666	305	609	239	P 252	210	420	168	
241	1	T 669	297	609	233	P 252	210	462	168	
242	1	T 678	294	612	229	P 252	210	462	168	
243	1	T 680	283	613	225	P 252	210	462	168	
244	1	T 681	281	612	220	P 252	210	462	168	
245	1	T 682	277	613	222	P 252	210	462	168	
246	1	T 680	280	615	225	P 252	210	462	168	
247	1	T 679	280	609	232	P 252	210	462	168	
248	1	T 680	291	608	243	P 252	210	420	168	
249	1	T 674	300	603	256	P 252	252	420	168	
250	1	T 669	319	600	266	P 252	252	420	210	
251	1	T 667	325	599	283	P 294	252	378	168	
252	1	T 659	337	591	293	P 294	294	378	168	
253	1	T 659	351	592	301	P 294	294	378	168	
254	1	T 657	354	590	304	P 294	294	378	168	
255	1	T 655	358	587	309	P 294	294	378	168	
256	1	T 652	364	581	309	P 294	294	378	168	
257	1	T 649	362	576	308	P 294	294	378	168	
258	1	T 647	366	578	307	P 294	294	378	168	
259	1	T 646	362	577	304	P 252	294	420	168	
260	1	T 644	357	574	300	P 252	294	420	168	
261	1	T 638	352	578	291	P 252	294	420	168	
262	1	T 643	348	573	287	P 252	252	420	168	
263	1	T 640	341	578	280	P 252	252	420	168	
264	1	T 642	335	577	273	P 252	252	420	168	
265	1	T 640	326	584	271	P 252	252	420	168	
266	1	T 644	322	581	271	P 252	252	420	168	
267	1	T 643	328	584	275	P 252	252	420	168	
268	1	T 645	325	582	273	P 252	252	420	168	
269	1	T 645	323	582	275	P 252	252	420	168	
270	1	T 646	329	587	273	P 252	252	420	168	
271	1	T 649	325	587	272	P 252	252	420	168	
272	1	T 648	329	584	272	P 252	252	420	168	
273	1	T 652	325	588	276	P 252	252	420	168	
274	1	T 652	326	590	275	P 252	252	420	168	
275	1	T 652	330	592	277	P 252	252	420	168	
276	1	T 654	331	584	279	P 252	252	420	168	
277	1	T 655	331	592	283	P 252	252	420	168	
278	1	T 660	338	595	285	P 252	252	420	168	
279	1	T 659	336	597	290	P 252	252	420	168	
280	1	T 657	343	602	293	P 252	252	420	168	
281	1	T 659	343	599	299	P 294	294	378	168	
282	1	T 662	350	600	305	P 294	294	378	168	
283	1	T 661	359	597	306	P 294	294	378	168	
284	1	T 663	359	605	311	P 294	294	378	168	
285	1	T 665	359	604	311	P 294	294	378	168	
286	1	T 665	362	611	311	P 294	294	378	168	
287	1	T 669	360	611	309	P 294	294	378	168	
288	1	T 670	361	613	306	P 294	294	420	168	
289	1	T 674	355	616	301	P 294	294	420	168	
290	1	T 676	348	621	291	P 294	252	420	168	
291	1	T 681	341	626	273	P 252	252	462	168	
292	1	T 688	328	632	263	P 252	252	462	168	
293	1	T 691	315	636	249	P 252	210	462	168	
294	1	T 697	297	637	236	P 252	210	462	168	
295	1	T 699	290	641	229	P 252	210	462	168	
296	1	T 703	279	643	226	P 252	210	462	168	
297	1	T 703	278	643	225	P 210	210	504	168	
298	1	T 698	276	636	226	P 210	210	504	168	
299	1	T 697	280	634	223	P 210	210	504	168	
300	1	T 691	273	633	218	P 210	210	504	168	
301	1	T 691	275	627	215	P 210	210	504	210	
302	1	T 688	265	619	211	P 210	210	504	168	
303	1	T 681	264	613	209	P 168	168	546	168	
304	1	T 676	264	606	207	P 168	168	504	168	
305	1	T 669	260	603	201	P 168	168	504	210	
306	1	T 667	257	597	197	P 168	168	504	168	
307	1	T 661	255	598	195	P 168	168	504	168	
308	1	T 662	250	592	193	P 126	168	546	168	
309	1	T 656	249	595	192	P 126	168	546	168	
310	1	T 660	249	597	197	P 126	168	546	168	
311	1	T 660	252	596	202	P 126	168	546	210	
312	1	T 661	254	597	204	P 126	168	546	210	
313	1	T 659	261	592	209	P 126	210	546	210	
314	1	T 660	264	599	211	P 168	210	504	210	
315	1	T 662	266	605	218	P 168	210	504	210	
316	1	T 667	274	602	222	P 168	210	504	210	
317	1	T 670	279	608	231	P 168	210	546	168	
318	1	T 674	289	603	240	P 168	210	504	168	
319	1	T 672	299	607	248	P 168	210	504	168	
320	1	T 669	308	606	256	P 168	252	504	210	
321	1	T 667	316	602	269	P 168	252	504	210	
322	1	T 666	327	601	277	P 168	252	504	168	
323	1	T 663	334	601	287	P 168	252	504	168	
324	1	T 661	343	592	293	P 168	294	504	168	
325	1	T 657	350	591	295	P 168	294	504	168	
326	1	T 654	355	590	297	P 168	294	504	168	
327	1	T 650	353	589	297	P 168	294	504	168	
328	1	T 650	351	592	296	P 168	294	504	168	
329	1	T 651	348	593	301	P 168	294	504	168	
330	1	T 648	354	594	301	P 168	294	504	210	
331	1	T 649	356	594	301	P 168	294	504	168	
332	1	T 651	354	598	297	P 168	294	504	210	
333	1	T 651	352	598	298	P 168	294	504	168	
334	1	T 654	349	596	297	P 168	294	504	168	
335	1	T 653	351	596	296	P 168	294	504	210	
336	1	T 655	355	591	295	P 168	294	504	168	
337	1	T 655	352	587	293	P 126	252	546	168	
338	1	T 653	346	586	285	P 126	252	546	210	
339	1	T 652	343	599	280	P 126	252	546	210	
340	1	T 652	333	598	275	P 126	252	546	210	
341	1	T 647	327	595	273	P 84	252	588	210	
342	1	T 647	324	594	267	P 84	252	588	168	
343	1	T 647	318	594	263	P 84	252	588	210	
344	1	T 648	316	588	257	P 84	252	588	210	
345	1	T 644	312	595	250	P 84	252	588	210	
346	1	T 645	308	587	245	P 42	210	630	210	
347	1	T 642	299	593	242	P 42	210	630	210	
348	1	T 643	291	590	241	P 42	210	630	210	
349	1	T 643	291	589	241	P 42	210	630	210	
350	1	T 642	294	588	240	P 42	210	630	210	
351	1	T 642	291	588	241	P 42	210	630	210	
352	1	T 643	289	592	241	P 42	210	630	210	
353	1	T 643	288	595	242	P 42	210	630	210	
354	1	T 644	293	594	249	P 42	252	630	210	
355	1	T 641	297	586	259	P 42	252	630	210	
356	1	T 643	308	584	270	P 42	252	630	210	
357	1	T 641	322	585	280	P 42	252	630	210	
358	1	T 642	330	584	289	P 42	252	630	210	
359	1	T 639	336	583	290	P 42	294	630	210	
360	1	T 639	338	589	294	P 42	294	630	210	
361	1	T 642	340	585	297	P 42	294	630	210	
362	1	T 639	348	587	304	P 42	294	630	210	
363	1	T 637	351	586	309	P 84	294	588	210	
364	1	T 638	355	588	316	P 84	294	588	210	
365	1	T 640	365	590	322	P 84	294	588	210	
366	1	T 643	368	593	329	P 84	294	588	210	
367	1	T 644	375	597	336	P 84	294	588	210	
368	1	T 647	382	600	347	P 84	336	588	210	
369	1	T 649	393	600	357	P 126	336	546	210	
370	1	T 655	404	599	366	P 126	336	546	210	
371	1	T 599	372	655	417	P 126	336	546	210	
372	1	T 603	378	656	424	P 126	378	546	210	
373	1	T 602	383	657	424	P 126	378	546	210	
374	1	T 601	387	655	430	P 126	378	546	210	
375	1	T 600	393	655	437	P 126	378	546	210	
376	1	T 598	394	651	437	P 126	378	546	210	
377	1	T 593	392	651	438	P 126	378	546	210	
378	1	T 590	391	647	434	P 126	378	546	210	
379	1	T 587	386	646	427	P 84	378	588	210	
380	1	T 587	377	643	419	P 84	378	588	210	
381	1	T 583	371	644	415	P 84	336	588	210	
382	1	T 579	357	640	401	P 42	336	630	210	
383	1	T 576	350	636	389	P 42	336	630	210	
384	1	T 572	348	636	391	P 42	336	588	210	
385	1	T 568	346	631	390	P 0	336	672	210	
386	1	T 566	344	629	390	P 0	336	630	252	
387	1	T 560	345	628	391	P 0	336	630	252	
388	1	T 557	348	620	391	P 0	336	630	210	
389	1	T 556	351	615	391	P 0	336	630	210	
390	1	T 553	352	616	391	P 0	336	630	210	
391	1	T 549	350	607	390	P 0	336	630	210	
392	1	T 544	348	609	390	P 0	336	630	252	
393	1	T 542	345	606	385	P 0	336	630	252	
394	1	T 544	344	606	381	P 0	336	630	252	
395	1	T 537	341	603	379	P 0	336	630	210	
396	1	T 538	340	602	377	P 0	336	630	210	
397	1	T 536	335	597	374	P 0	294	630	252	
398	1	T 537	330	599	369	P 0	294	630	252	
399	1	T 539	325	602	363	P 0	294	630	252	
400	1	T 536	323	600	361	P 0	294	630	252	
401	1	T 535	320	601	354	P 0	294	630	252	
402	1	T 540	317	601	355	P 0	294	630	210	
403	1	T 534	309	601	346	P 0	294	588	252	
404	1	T 535	302	603	342	P 0	294	630	210	
405	1	T 529	297	599	341	P 0	294	588	252	
406	1	T 534	294	603	334	P 0	252	588	210	
407	1	T 529	288	598	332	P 0	252	588	252	
408	1	T 533	281	598	325	P 0	252	588	252	
409	1	T 528	279	595	319	P 0	252	588	252	
410	1	T 527	270	599	314	P 0	252	588	210	
411	1	T 526	267	599	312	P 0	252	588	252	
412	1	T 525	269	599	310	P 0	252	588	252	
413	1	T 525	270	595	309	P 0	252	588	252	
414	1	T 528	273	599	310	P 0	252	588	252	
415	2	T 526	270	598	307	P 0	252	588	210	P 0	588	84	84	
416	1	T 529	270	601	310	P 0	252	588	252	
417	1	T 525	271	598	309	P 0	252	588	252	
418	1	T 526	271	599	309	P 0	252	588	252	
419	1	T 530	271	600	311	P 0	252	588	252	
420	1	T 532	273	607	313	P 0	252	588	252	
421	1	T 532	273	604	310	P 0	252	588	252	
422	1	T 533	273	608	310	P 0	252	588	252	
423	1	T 536	272	612	314	P 0	210	588	210	
424	1	T 540	272	614	312	P 0	210	630	210	
425	1	T 541	273	615	316	P 0	210	630	252	
426	2	T 544	272	620	310	P 0	210	630	210	P 0	546	84	84	
427	2	T 550	275	625	312	P 0	210	630	210	P 0	546	84	84	
428	2	T 549	274	625	315	P 0	210	630	210	P 0	546	84	84	
429	1	T 551	273	627	316	P 0	210	630	252	
430	2	T 551	277	626	318	P 0	210	630	252	P 0	546	84	84	
431	1	T 553	281	633	320	P 0	210	630	252	
432	1	T 554	267	634	320	P 0	210	630	252	
433	1	T 552	280	632	319	P 0	210	630	252	
434	1	T 554	279	630	320	P 0	210	630	210	
435	1	T 548	279	627	317	P 0	210	630	210	
436	2	T 545	276	626	319	P 0	210	630	210	P 0	504	84	84	
437	1	T 545	276	624	315	P 0	210	630	252	
438	1	T 542	277	621	313	P 0	210	630	252	
439	1	T 541	273	624	314	P 0	210	630	252	
440	1	T 539	273	620	311	P 0	168	630	252	
441	2	T 536	269	616	308	P 0	168	630	210	P 0	462	84	84	
442	2	T 539	269	620	306	P 0	168	630	210	P 0	462	84	84	
443	1	T 536	263	617	299	P 0	168	630	252	
444	1	T 534	261	619	298	P 0	168	630	252	
445	1	T 535	257	620	301	P 0	168	630	252	
446	1	T 538	258	623	297	P 0	168	630	252	
447	1	T 538	259	620	300	P 0	168	630	252	
448	1	T 539	258	618	298	P 0	168	630	252	
449	1	T 540	258	622	298	P 0	126	630	252	
450	1	T 539	256	621	295	P 0	126	630	252	
451	1	T 538	257	619	297	P 0	126	630	252	
452	1	T 539	258	622	299	P 0	126	630	294	
453	1	T 541	255	623	294	P 0	126	630	336	
454	1	T 543	259	628	296	P 0	126	630	336	
455	1	T 543	257	629	298	P 0	126	630	336	
456	1	T 548	261	631	304	P 0	126	630	336	
457	1	T 550	266	634	305	P 0	126	630	252	
458	1	T 557	270	639	310	P 0	126	630	336	
459	1	T 555	267	642	311	P 0	126	630	336	
460	1	T 561	269	645	313	P 0	126	630	336	
461	1	T 561	267	645	314	P 0	84	630	336	
462	1	T 562	265	647	313	P 0	84	630	294	
463	1	T 563	263	647	312	P 0	84	630	336	
464	1	T 559	259	644	307	P 0	84	630	252	
465	1	T 562	247	647	297	P 0	84	630	294	
466	1	T 563	231	645	282	P 0	42	630	336	
467	1	T 563	214	646	261	P 0	42	630	252	
468	1	T 562	193	646	238	P 0	0	630	294	
469	1	T 562	171	644	222	P 0	0	630	294	
470	1	T 560	152	645	203	P 0	0	630	252	
471	1	T 558	139	646	192	P 0	0	630	252	
472	3	T 563	131	644	181	P 0	0	126	84	P 42	126	84	84	P 168	0	462	210	
473	2	T 558	123	648	174	P 0	0	84	84	P 210	0	420	210	
474	1	T 556	115	647	166	P 168	0	462	210	
475	1	T 556	110	646	165	P 210	0	420	210	
476	1	T 555	107	643	159	P 168	0	462	210	
477	1	T 557	105	642	159	P 168	0	462	168	
478	1	T 557	104	645	158	P 168	0	462	168	
479	1	T 552	104	642	160	P 168	0	462	210	
480	2	T 554	104	642	161	P 168	0	168	84	P 378	0	252	210	
481	2	T 555	109	645	168	P 126	0	210	84	P 378	0	252	210	
482	1	T 552	113	639	172	P 168	0	462	210	
483	2	T 553	125	642	184	P 42	0	294	126	P 378	0	252	210	
484	1	T 551	139	638	200	P 126	0	504	210	
485	1	T 551	162	639	224	P 126	0	504	252	
486	1	T 554	186	640	254	P 126	0	504	294	
487	1	T 551	219	639	285	P 126	0	504	294	
488	1	T 557	248	639	312	P 0	0	630	336	
489	1	T 559	267	644	337	P 0	0	672	336	
490	1	T 559	286	642	354	P 0	0	630	378	
491	1	T 564	302	648	372	P 0	0	672	378	
492	1	T 570	313	653	385	P 0	0	672	420	
493	1	T 581	327	661	399	P 0	0	672	420	
494	1	T 587	327	667	407	P 0	0	672	420	
495	1	T 596	339	678	415	P 0	0	714	420	
496	1	T 612	349	691	422	P 0	0	714	420	
497	1	T 626	354	703	428	P 0	0	714	462	
498	1	T 631	363	713	437	P 0	0	714	462	
499	1	T 644	365	722	443	P 0	0	756	462	
500	1	T 648	371	731	449	P 0	0	756	462	
501	1	T 649	375	737	455	P 0	0	756	462	
502	1	T 666	379	740	465	P 0	0	756	462	
503	1	T 669	382	740	465	P 0	0	756	462	
504	2	T 671	384	745	469	P 0	0	168	84	P 126	0	630	504	
505	1	T 670	389	744	473	P 0	0	756	504	
506	1	T 677	393	744	479	P 0	0	756	504	
507	2	T 675	396	743	484	P 0	0	210	210	P 294	0	462	504	
508	2	T 678	401	745	485	P 0	0	168	210	P 294	0	462	504	
509	2	T 679	401	745	484	P 0	0	168	210	P 294	0	462	504	
510	2	T 680	397	750	482	P 84	84	84	84	P 294	0	462	504	
511	2	T 679	392	750	479	P 42	84	84	84	P 294	0	462	504	
512	2	T 681	389	752	477	P 42	42	126	126	P 210	0	546	504	
513	1	T 678	386	750	474	P 294	0	462	504	
514	1	T 679	386	752	473	P 294	0	462	504	
515	2	T 679	387	752	475	P 0	42	84	84	P 294	0	462	504	
516	2	T 683	384	755	473	P 0	42	84	84	P 294	0	504	504	
517	2	T 682	384	754	477	P 0	0	126	126	P 294	0	504	504	
518	2	T 682	394	756	482	P 0	0	126	126	P 294	0	504	504	
519	2	T 686	399	758	487	P 0	0	126	84	P 294	42	462	462	
520	2	T 685	403	759	491	P 0	0	126	84	P 294	42	504	462	
521	1	T 684	410	757	498	P 294	42	504	462	
522	1	T 685	415	760	503	P 294	42	504	462	
523	1	T 683	418	757	506	P 294	0	504	504	
524	1	T 683	421	757	508	P 294	0	504	504	
525	1	T 677	421	752	509	P 294	0	504	504	
526	1	T 665	418	746	504	P 294	0	462	504	
527	1	T 650	392	725	478	P 294	0	462	504	
528	2	T 642	383	715	468	P 294	0	126	126	P 462	42	294	462	
529	2	T 640	373	711	460	P 294	0	336	294	P 630	336	126	126	
530	2	T 629	355	699	445	P 336	0	294	294	P 588	336	126	126	
531	1	T 614	344	690	433	P 336	0	378	462	
532	1	T 609	333	678	423	P 378	0	336	420	
533	1	T 600	325	670	412	P 420	42	294	378	
534	1	T 601	323	673	412	P 462	84	252	336	
535	2	T 597	323	666	412	P 420	42	168	210	P 588	294	126	126	
536	1	T 597	328	668	417	P 420	42	294	378	
537	2	T 594	333	665	420	P 420	42	168	210	P 546	294	168	126	
538	2	T 597	337	667	425	P 420	0	168	210	P 588	294	126	126	
539	1	T 598	336	666	429	P 420	0	294	420	
540	2	T 585	341	670	430	P 420	0	168	252	P 588	294	126	168	
541	1	T 603	342	672	431	P 420	0	294	462	
542	1	T 605	348	675	440	P 420	0	294	462	
543	1	T 606	349	675	437	P 420	0	294	462	
544	1	T 606	349	676	440	P 420	0	294	462	
545	1	T 606	345	674	437	P 420	0	294	462	
546	2	T 620	319	690	405	P 504	84	126	168	P 588	294	126	126	
547	2	T 634	282	702	374	P 504	0	126	210	P 588	252	126	126	
548	2	T 635	275	708	366	P 546	84	84	84	P 630	252	84	126	
549	2	T 633	273	706	365	P 504	0	126	168	P 588	252	126	126	
550	1	T 646	262	712	357	P 630	210	126	168	
551	2	T 650	261	718	354	P 546	42	84	84	P 630	210	126	168	
552	1	T 654	262	724	354	P 588	168	168	210	
553	1	T 655	262	724	358	P 588	126	168	252	
554	1	T 656	264	725	357	P 546	0	210	378	
555	2	T 660	267	728	358	P 546	0	84	84	P 630	210	126	168	
556	2	T 658	269	725	364	P 546	0	84	126	P 588	168	168	210	
557	2	T 662	272	733	363	P 546	0	84	84	P 630	252	126	126	
558	2	T 663	276	733	371	P 588	126	84	84	P 630	252	126	126	
559	1	T 664	283	729	378	P 588	126	168	252	
560	1	T 662	289	730	386	P 588	126	168	252	
561	1	T 666	301	733	396	P 546	42	210	378	
562	1	T 662	315	730	411	P 588	168	168	252	
563	1	T 661	330	729	426	P 588	168	168	252	
564	1	T 659	344	730	438	P 546	84	210	378	
565	1	T 649	360	728	451	P 504	84	252	378	
566	1	T 652	367	724	460	P 504	42	252	420	
567	1	T 649	374	721	469	P 546	126	210	378	
568	1	T 642	380	714	476	P 504	84	252	420	
569	1	T 640	389	708	485	P 504	84	252	420	
570	1	T 629	396	702	493	P 504	84	252	420	
571	1	T 622	404	693	499	P 504	126	210	378	
572	1	T 613	414	684	508	P 504	168	210	378	
573	2	T 605	420	679	516	P 420	0	84	84	P 462	126	252	420	
574	2	T 597	428	671	523	P 420	126	168	210	P 546	378	168	168	
575	2	T 593	436	666	528	P 420	84	84	84	P 504	210	210	336	
576	1	T 588	441	663	536	P 420	84	294	462	
577	1	T 585	443	659	540	P 462	168	252	378	
578	3	T 584	449	658	543	P 378	84	84	84	P 504	294	84	84	P 546	420	168	126	
579	2	T 583	450	656	547	P 462	210	84	84	P 546	420	168	168	
580	1	T 584	452	657	548	P 546	420	168	126	
581	1	T 583	451	655	544	P 546	420	168	126	
582	1	T 584	445	659	534	P 546	420	168	126	
583	1	T 589	419	664	510	P 546	378	168	168	
584	1	T 592	395	665	486	P 546	378	126	126	
585	1	T 588	386	661	479	P 546	336	126	168	
586	1	T 589	365	661	456	P 546	336	126	126	
587	1	T 586	344	661	439	P 546	294	126	168	
588	1	T 585	332	656	425	P 546	294	126	126	
589	1	T 581	327	653	418	P 546	294	126	126	
590	1	T 572	322	645	415	P 546	294	126	126	
591	1	T 569	320	640	415	P 546	294	126	126	
592	1	T 560	323	632	415	P 546	294	126	126	
593	1	T 551	321	622	415	P 504	294	126	126	
594	1	T 546	322	616	413	P 504	294	126	126	
595	1	T 543	321	616	410	P 504	294	126	126	
596	1	T 543	322	613	412	P 504	294	126	126	
597	1	T 541	322	613	412	P 504	294	126	126	
598	1	T 538	321	612	408	P 504	294	126	126	
599	1	T 541	321	614	410	P 504	294	126	126	
600	1	T 540	317	614	406	P 504	294	126	126	
601	1	T 540	316	615	406	P 504	294	126	126	
602	1	T 541	317	615	409	P 504	294	126	126	
603	1	T 544	321	619	411	P 504	294	126	126	
604	1	T 545	322	618	414	P 504	294	126	126	
605	1	T 551	325	623	415	P 504	294	168	126	
606	1	T 553	328	625	419	P 546	294	126	126	
607	1	T 555	333	628	424	P 504	294	168	126	
608	1	T 558	336	631	427	P 546	294	126	168	
609	1	T 563	343	635	431	P 546	294	126	168	
610	1	T 562	346	637	437	P 546	336	126	126	
611	1	T 567	355	639	444	P 546	336	126	126	
612	1	T 573	366	645	452	P 546	336	126	126	
613	1	T 577	371	650	461	P 546	336	126	126	
614	1	T 575	378	648	469	P 546	378	126	84	
615	1	T 576	384	651	474	P 546	336	126	126	
616	1	T 580	393	655	481	P 546	378	126	126	
617	1	T 585	396	658	484	P 546	378	126	126	
618	1	T 592	400	664	488	P 546	378	168	126	
619	1	T 599	402	672	491	P 588	378	126	126	
620	1	T 606	405	679	492	P 588	378	126	126	
621	1	T 611	406	683	495	P 588	378	126	126	
622	1	T 614	411	689	500	P 588	378	126	126	
623	1	T 619	414	692	503	P 588	378	126	126	
624	1	T 618	415	692	502	P 588	378	126	126	
625	3	T 622	421	696	505	P 462	168	252	336	P 504	588	210	126	P 756	588	84	84	
626	2	T 625	413	698	500	P 462	588	126	126	P 504	252	210	252	
627	2	T 625	410	697	495	P 462	588	84	84	P 504	210	210	294	
628	2	T 619	400	693	489	P 462	546	84	84	P 588	378	126	126	
629	1	T 611	393	684	479	P 588	378	126	126	
630	1	T 602	386	676	470	P 588	336	126	168	
631	1	T 586	376	662	481	P 546	336	168	168	
632	1	T 579	373	648	460	P 546	336	168	168	
633	1	T 564	369	638	456	P 504	336	168	126	
634	2	T 549	362	627	451	P 168	420	84	84	P 504	336	168	126	
635	1	T 541	365	614	450	P 462	294	210	168	
636	2	T 532	365	608	455	P 126	378	84	84	P 504	336	168	126	
637	2	T 533	374	605	461	P 126	336	84	84	P 504	336	126	126	
638	1	T 529	381	605	468	P 504	336	126	168	
639	1	T 528	393	604	479	P 504	378	126	126	
640	1	T 531	406	604	491	P 504	378	126	126	
641	1	T 529	425	604	508	P 504	378	126	126	
642	1	T 529	440	603	526	P 504	420	126	126	
643	1	T 533	457	607	541	P 504	420	126	126	
644	1	T 536	463	611	547	P 504	420	126	126	
645	1	T 540	464	615	549	P 504	420	126	168	
646	1	T 541	467	614	551	P 504	420	126	168	
647	1	T 542	463	616	547	P 504	420	126	168	
648	1	T 542	454	617	536	P 504	420	126	126	
649	1	T 540	442	613	524	P 504	420	126	126	
650	1	T 542	424	615	505	P 504	378	126	168	
651	1	T 547	404	619	487	P 504	378	126	126	
652	1	T 546	393	620	475	P 504	378	126	126	
653	1	T 549	389	623	471	P 504	378	126	126	
654	1	T 553	382	626	465	P 504	336	168	168	
655	1	T 554	379	628	460	P 504	336	168	126	
656	1	T 558	378	629	458	P 504	336	168	126	
657	1	T 558	376	631	460	P 546	336	126	126	
658	1	T 560	379	633	460	P 546	336	126	126	
659	1	T 562	378	635	461	P 546	336	126	126	
660	1	T 565	379	637	461	P 546	336	126	126	
661	1	T 564	376	635	457	P 546	336	126	126	
662	1	T 561	376	631	456	P 546	336	126	126	
663	1	T 562	373	635	454	P 546	336	126	126	
664	1	T 567	372	639	454	P 546	336	126	126	
665	1	T 566	371	638	453	P 546	336	126	126	
666	1	T 569	372	640	457	P 546	336	126	126	
667	1	T 570	378	642	461	P 546	378	126	84	
668	1	T 576	387	647	468	P 546	378	126	84	
669	1	T 583	401	654	483	P 546	378	126	126	
670	1	T 590	416	661	501	P 546	378	126	126	
671	1	T 595	429	665	513	P 546	420	126	126	
672	1	T 596	440	666	524	P 546	420	126	126	
673	1	T 600	449	671	532	P 588	420	126	126	
674	1	T 604	459	675	543	P 588	420	126	126	
675	1	T 604	472	675	557	P 588	462	126	126	
676	1	T 608	492	679	576	P 588	462	126	126	
677	1	T 611	516	680	599	P 588	504	126	126	
678	1	T 612	540	681	622	P 588	504	126	126	
679	1	T 614	561	680	638	P 588	546	126	84	
680	1	T 617	573	686	652	P 588	546	126	126	
681	1	T 616	576	685	656	P 588	546	126	126	
682	1	T 623	575	693	654	P 588	546	126	126	
683	0	T 623	572	696	653	
684	0	T 631	565	699	644	
685	0	T 632	565	700	627	
686	1	T 636	538	706	616	P 630	546	84	84	
687	1	T 638	517	707	594	P 630	504	84	126	
688	1	T 642	490	715	565	P 630	462	84	126	
689	1	T 646	461	714	539	P 630	420	126	126	
690	1	T 648	429	713	509	P 630	420	84	126	
691	1	T 649	411	715	488	P 630	378	126	126	
692	1	T 649	394	714	473	P 630	378	84	126	
693	1	T 646	381	711	461	P 630	378	126	84	
694	1	T 642	372	706	450	P 588	336	126	126	
695	1	T 635	363	701	442	P 588	336	126	126	
696	1	T 626	356	690	430	P 588	336	126	126	
697	1	T 614	348	677	427	P 588	336	126	84	
698	2	T 598	349	662	427	P 462	210	84	84	P 588	336	84	126	
699	1	T 582	349	645	426	P 546	336	126	126	
700	1	T 572	348	633	425	P 546	336	126	126	
701	1	T 560	348	623	426	P 546	336	84	126	
702	1	T 554	346	617	424	P 546	336	84	126	
703	1	T 556	347	620	424	P 546	336	84	84	
704	1	T 563	348	625	425	P 546	336	84	126	
705	1	T 563	353	624	428	P 546	336	84	126	
706	1	T 563	359	625	435	P 546	336	84	126	
707	1	T 569	367	630	442	P 546	336	126	126	
708	1	T 577	373	638	447	P 546	378	126	84	
709	1	T 584	377	647	449	P 546	378	126	84	
710	1	T 597	381	656	450	P 588	378	84	84	
711	1	T 609	385	662	456	P 588	378	84	84	
712	1	T 617	397	672	467	P 588	378	126	84	
713	1	T 629	406	685	480	P 588	378	126	126	
714	1	T 641	419	696	486	P 630	420	84	84	
715	1	T 645	421	699	491	P 630	420	84	84	
716	1	T 643	419	704	488	P 630	420	84	84	
717	1	T 645	413	707	480	P 630	378	84	126	
718	1	T 645	411	709	478	P 630	378	84	126	
719	1	T 645	407	709	473	P 630	378	84	126	
720	1	T 648	402	711	469	P 630	378	84	126	
721	1	T 652	401	717	468	P 630	378	126	126	
722	1	T 654	402	719	469	P 630	378	126	126	
723	1	T 653	402	716	470	P 630	378	126	126	
724	1	T 650	403	716	469	P 630	378	84	126	
725	1	T 654	404	718	471	P 630	378	126	126	
726	1	T 656	409	721	474	P 630	378	126	126	
727	1	T 656	412	724	479	P 630	378	126	126	
728	1	T 658	416	724	480	P 630	378	126	126	
729	1	T 657	420	723	482	P 630	378	126	126	
730	1	T 658	425	726	488	P 630	420	126	84	
731	1	T 661	432	723	494	P 630	420	126	84	
732	1	T 649	450	712	512	P 630	420	84	126	
733	1	T 641	461	705	523	P 630	462	84	84	
734	1	T 629	481	690	542	P 588	462	126	84	
735	1	T 612	498	672	559	P 588	504	84	84	
736	1	T 595	515	658	576	P 588	504	84	84	
737	1	T 585	528	648	590	P 546	504	126	84	
738	1	T 568	541	632	602	P 546	546	84	84	
739	1	T 545	554	610	612	P 546	546	84	84	
740	1	T 531	562	594	621	P 504	546	84	84	
741	1	T 524	566	591	627	P 504	546	84	84	
742	1	T 528	574	593	633	P 504	546	84	84	
743	1	T 527	576	593	636	P 504	546	84	126	
744	1	T 533	584	599	643	P 504	588	84	84	
745	1	T 543	588	607	644	P 546	588	84	84	
746	1	T 553	593	617	648	P 546	588	84	84	
747	1	T 566	593	632	649	P 546	588	84	84	
748	1	T 581	593	646	648	P 546	588	126	84	
749	1	T 597	593	663	646	P 588	588	84	84	
750	1	T 613	594	678	648	P 588	588	84	84	
751	1	T 620	588	690	644	P 588	588	126	84	
752	1	T 633	581	700	636	P 630	546	84	126	
753	1	T 640	573	708	624	P 630	546	84	84	
754	1	T 645	560	713	614	P 630	546	84	84	
755	1	T 645	549	714	602	P 630	546	84	84	
756	1	T 650	530	720	584	P 630	504	84	84	
757	1	T 651	510	721	562	P 630	504	84	84	
758	1	T 653	493	722	543	P 630	462	84	84	
759	1	T 652	483	723	534	P 630	462	126	84	
760	1	T 653	480	723	530	P 630	462	126	84	
761	1	T 656	479	727	530	P 630	462	126	84	
762	1	T 663	480	734	533	P 630	462	126	84	
763	1	T 669	483	740	534	P 630	462	126	84	
764	1	T 673	482	744	534	P 630	462	126	84	
765	1	T 679	480	751	534	P 672	462	84	84	
766	1	T 685	476	759	527	P 672	462	84	84	
767	1	T 692	467	769	518	P 672	420	126	126	
768	1	T 696	463	770	516	P 672	420	126	126	
769	1	T 701	461	775	511	P 672	420	126	126	
770	1	T 704	457	781	511	P 672	420	126	126	
771	1	T 710	457	785	508	P 672	420	126	126	
772	1	T 713	453	788	506	P 672	420	126	126	
773	1	T 718	450	794	505	P 714	420	84	126	
774	1	T 723	452	797	504	P 714	420	84	126	
775	1	T 724	455	799	508	P 714	420	84	126	
776	1	T 725	457	798	512	P 714	420	84	126	
777	1	T 724	460	800	514	P 714	420	84	126	
778	1	T 720	456	798	513	P 714	420	84	126	
779	1	T 719	455	795	510	P 714	420	84	126	
780	1	T 721	455	799	511	P 714	420	84	126	
781	1	T 730	456	808	514	P 714	420	126	126	
782	1	T 737	462	813	518	P 714	420	126	126	
783	1	T 744	467	822	523	P 714	420	126	126	
784	1	T 759	473	838	526	P 714	420	126	126	
785	1	T 783	477	861	535	P 756	462	126	84	
786	1	T 796	484	876	541	P 756	462	126	126	
787	1	T 809	489	887	543	P 798	462	84	126	
788	1	T 824	488	904	544	P 798	462	126	126	
789	1	T 835	490	912	547	P 798	462	126	126	
790	1	T 832	491	911	545	P 798	462	126	126	
791	1	T 832	489	911	543	P 798	462	126	126	
792	1	T 831	486	909	540	P 798	462	126	84	
793	1	T 818	483	898	537	P 798	462	126	84	
794	1	T 797	481	874	534	P 756	462	126	84	
795	1	T 775	477	854	531	P 756	462	84	84	
796	1	T 742	472	820	527	P 714	462	126	84	
797	1	T 709	469	790	522	P 672	462	126	84	
798	1	T 677	465	759	521	P 672	420	84	126	
799	1	T 644	465	727	519	P 630	420	84	126	
800	1	T 612	465	693	518	P 588	420	126	126	
801	1	T 573	461	654	517	P 546	420	126	126	
802	1	T 537	461	619	514	P 504	420	126	126	
803	1	T 512	457	595	512	P 504	420	84	126	
804	1	T 491	459	571	512	P 462	420	126	126	
805	1	T 468	457	548	508	P 462	420	84	126	
806	1	T 449	452	528	507	P 420	420	126	126	
807	1	T 437	449	517	502	P 420	420	126	126	
808	1	T 427	444	505	499	P 378	420	126	126	
809	1	T 420	445	500	496	P 378	420	126	126	
810	1	T 420	442	501	494	P 378	420	126	126	
811	1	T 416	438	498	493	P 378	420	126	126	
812	1	T 419	434	498	486	P 378	420	126	84	
813	1	T 423	428	506	480	P 420	378	84	126	
814	1	T 433	422	515	475	P 420	378	84	126	
815	1	T 439	419	521	471	P 420	378	126	126	
816	1	T 447	419	527	472	P 420	378	126	126	
817	1	T 453	424	535	476	P 420	378	126	126	
818	1	T 461	429	544	481	P 420	378	126	126	
819	1	T 466	434	551	489	P 462	420	84	84	
820	1	T 470	440	553	494	P 462	420	84	126	
821	1	T 470	446	553	499	P 462	420	84	126	
822	1	T 472	449	555	503	P 462	420	84	126	
823	1	T 472	448	555	501	P 462	420	84	126	
824	1	T 473	446	553	500	P 462	420	84	126	
825	1	T 467	445	547	499	P 420	420	126	126	
826	1	T 453	420	536	474	P 420	378	126	126	
827	1	T 453	425	534	477	P 420	378	126	126	
828	1	T 448	425	532	478	P 420	378	126	126	
829	1	T 444	425	527	481	P 420	378	126	126	
830	1	T 440	432	524	486	P 420	420	126	84	
831	1	T 434	437	516	490	P 420	420	126	84	
832	1	T 433	436	515	492	P 420	420	126	126	
833	1	T 427	437	510	490	P 420	420	84	84	
834	1	T 424	436	504	492	P 378	420	126	84	
835	1	T 422	438	503	492	P 378	420	126	126	
836	1	T 418	440	499	495	P 378	420	126	126	
837	1	T 417	440	499	494	P 378	420	126	126	
838	1	T 417	443	498	495	P 378	420	126	126	
839	1	T 418	440	500	495	P 378	420	126	126	
840	1	T 412	439	495	492	P 378	420	126	84	
841	1	T 412	437	495	490	P 378	420	126	84	
842	1	T 409	437	490	488	P 378	420	126	84	
843	1	T 407	434	486	487	P 378	420	126	84	
844	1	T 407	434	486	486	P 378	420	126	84	
845	1	T 404	432	486	487	P 378	420	126	84	
846	1	T 402	431	485	484	P 378	420	126	84	
847	1	T 401	430	483	483	P 378	420	126	84	
848	1	T 402	431	484	483	P 378	420	126	84	
849	1	T 403	431	484	483	P 378	420	126	84	
850	1	T 400	429	483	481	P 378	420	126	84	
851	1	T 402	429	486	483	P 378	420	126	84	
852	1	T 403	429	484	483	P 378	420	126	84	
853	1	T 401	430	482	485	P 378	420	126	84	
854	1	T 396	432	479	487	P 378	420	126	84	
855	1	T 398	432	483	487	P 378	420	126	84	
856	1	T 396	435	478	488	P 378	420	126	84	
857	1	T 396	440	480	495	P 378	420	126	84	
858	1	T 392	449	477	504	P 378	420	126	126	
859	1	T 397	457	479	512	P 378	420	126	126	
860	1	T 395	463	475	518	P 378	420	84	126	
861	1	T 393	470	476	527	P 378	462	84	84	
862	1	T 399	481	479	535	P 378	462	126	84	
863	1	T 401	488	482	544	P 378	462	126	126	
864	1	T 400	497	482	553	P 378	462	126	126	
865	1	T 408	505	490	561	P 378	462	126	126	
866	1	T 430	507	508	564	P 420	462	84	126	
867	1	T 438	508	518	565	P 420	504	84	84	
868	1	T 458	506	538	565	P 420	504	126	84	
869	1	T 476	501	559	562	P 462	462	84	126	
870	1	T 497	500	578	558	P 462	462	126	126	
871	1	T 516	494	598	553	P 504	462	84	126	
872	1	T 536	489	618	546	P 504	462	126	126	
873	1	T 553	483	634	541	P 546	462	84	126	
874	1	T 553	475	645	534	P 546	462	126	84	
875	1	T 566	465	647	535	P 546	462	126	84	
876	1	T 572	460	657	525	P 546	420	126	126	
877	1	T 573	462	657	522	P 546	420	126	126	
878	1	T 571	462	653	521	P 546	420	126	126	
879	1	T 561	457	642	514	P 546	420	84	126	
880	1	T 533	449	614	511	P 504	420	126	126	
881	1	T 525	445	606	505	P 504	420	126	126	
882	1	T 509	432	591	493	P 462	420	126	126	
883	1	T 488	419	569	482	P 462	378	126	126	
884	1	T 464	406	546	469	P 420	378	126	126	
885	1	T 448	392	531	453	P 420	378	126	84	
886	1	T 440	381	521	442	P 420	336	126	126	
887	1	T 434	374	516	438	P 420	336	126	126	
888	1	T 432	371	514	433	P 420	336	84	126	
889	1	T 437	364	518	429	P 420	336	126	126	
890	1	T 445	361	526	422	P 420	336	126	126	
891	1	T 449	357	532	418	P 420	336	126	126	
892	1	T 457	352	537	414	P 420	336	126	126	
893	1	T 465	347	547	410	P 420	336	126	126	
894	1	T 477	345	558	408	P 462	336	126	84	
895	1	T 485	341	567	407	P 462	336	126	84	
896	1	T 497	339	579	404	P 462	294	126	126	
897	1	T 510	337	590	399	P 462	294	126	126	
898	1	T 516	335	599	400	P 504	294	126	126	
899	1	T 523	331	600	395	P 504	294	126	126	
900	1	T 522	325	601	392	P 504	294	126	126	
901	1	T 517	325	596	388	P 504	294	126	126	
902	1	T 513	321	591	387	P 462	294	126	126	
903	1	T 506	314	585	381	P 462	294	126	126	
904	1	T 497	312	578	378	P 462	294	126	126	
905	1	T 482	311	562	377	P 462	294	126	126	
906	1	T 469	311	548	378	P 420	294	126	126	
907	1	T 453	315	531	382	P 420	294	126	126	
908	1	T 436	320	514	388	P 420	294	126	126	
909	1	T 425	329	502	397	P 378	294	126	126	
910	1	T 419	332	499	400	P 378	294	126	126	
911	1	T 415	334	492	403	P 378	294	126	126	
912	1	T 413	339	492	406	P 378	294	126	126	
913	1	T 415	343	495	410	P 378	294	126	126	
914	1	T 422	345	499	415	P 378	336	126	126	
915	1	T 445	384	519	455	P 420	336	126	126	
916	1	T 444	403	521	467	P 420	378	126	126	
917	1	T 450	409	527	477	P 420	378	126	126	
918	1	T 471	424	548	493	P 420	378	168	126	
919	1	T 495	433	573	503	P 462	420	126	126	
920	1	T 505	447	581	517	P 462	420	126	126	
921	1	T 521	458	594	529	P 504	420	126	126	
922	1	T 555	469	632	539	P 546	420	126	126	
923	1	T 592	469	671	538	P 588	420	126	126	
924	1	T 609	469	687	538	P 588	420	126	126	
925	1	T 625	463	705	533	P 588	420	126	126	
926	1	T 645	451	723	524	P 630	420	126	126	
927	1	T 664	440	743	517	P 630	420	126	126	
928	1	T 676	434	760	517	P 672	420	126	126	
929	1	T 697	440	777	514	P 672	420	126	126	
930	1	T 721	438	800	513	P 714	420	126	126	
931	1	T 744	437	826	510	P 714	420	126	126	
932	1	T 776	434	855	509	P 756	420	126	126	
933	1	T 804	432	888	507	P 798	420	126	126	
934	1	T 821	428	903	502	P 798	420	126	126	
935	1	T 829	421	909	496	P 798	378	126	126	
936	1	T 831	414	914	489	P 798	378	126	126	
937	1	T 835	407	915	484	P 798	378	126	126	
938	1	T 832	397	914	471	P 798	378	126	126	
939	1	T 816	367	903	444	P 798	336	126	126	
940	1	T 809	338	894	413	P 756	294	168	168	
941	1	T 791	306	877	382	P 756	294	126	126	
942	1	T 789	297	872	372	P 756	252	126	126	
943	1	T 785	276	866	352	P 756	252	126	126	
944	1	T 768	269	851	345	P 756	252	126	126	
945	1	T 747	261	827	339	P 714	252	126	126	
946	1	T 733	257	815	334	P 714	210	126	168	
947	1	T 724	257	807	333	P 714	210	126	126	
948	1	T 717	260	798	340	P 672	252	168	126	
949	1	T 697	283	777	359	P 672	252	126	126	
950	1	T 695	285	777	366	P 672	252	126	126	
951	1	T 692	298	775	378	P 672	252	126	168	
952	1	T 693	313	774	393	P 672	294	126	126	
953	1	T 696	321	778	402	P 672	294	126	126	
954	1	T 701	326	783	406	P 672	294	126	126	
955	1	T 704	328	784	408	P 672	294	126	126	
956	1	T 712	325	792	406	P 672	294	126	126	
957	1	T 717	324	797	404	P 672	294	126	126	
958	1	T 716	324	798	405	P 672	294	168	126	
959	1	T 716	320	797	401	P 672	294	168	126	
960	1	T 713	312	793	396	P 672	294	126	126	
961	1	T 713	307	792	390	P 672	294	126	126	
962	1	T 713	301	792	382	P 672	294	126	126	
963	1	T 709	293	787	376	P 672	252	126	126	
964	1	T 705	288	783	373	P 672	252	126	126	
965	1	T 702	284	782	366	P 672	252	126	126	
966	1	T 702	281	781	365	P 672	252	126	126	
967	1	T 698	278	778	364	P 672	252	126	126	
968	1	T 692	281	771	365	P 672	252	126	126	
969	1	T 688	277	768	363	P 672	252	126	126	
970	1	T 688	274	767	360	P 672	252	126	126	
971	1	T 687	269	763	354	P 672	252	126	126	
972	1	T 683	262	759	348	P 672	252	126	126	
973	1	T 679	257	755	342	P 672	252	126	126	
974	1	T 679	248	756	339	P 672	210	126	168	
975	1	T 676	251	753	337	P 672	210	126	126	
976	1	T 679	246	753	334	P 630	210	168	126	
977	1	T 676	243	751	335	P 630	210	168	126	
978	1	T 676	244	750	331	P 630	210	168	126	
979	1	T 671	244	746	333	P 630	210	126	126	
980	1	T 667	245	742	333	P 630	210	126	126	
981	1	T 664	243	739	335	P 630	210	126	126	
982	1	T 662	247	736	334	P 630	210	126	126	
983	1	T 654	249	654	249	P 630	210	126	168	
984	1	T 729	339	646	248	P 630	252	126	126	
985	1	T 723	343	642	250	P 630	252	126	126	
986	1	T 715	344	638	251	P 630	252	126	126	
987	1	T 714	345	639	248	P 630	252	126	126	
988	1	T 712	343	638	251	P 630	252	126	126	
989	1	T 709	346	633	255	P 588	252	168	126	
990	1	T 706	348	635	261	P 588	252	168	126	
991	1	T 706	352	634	266	P 588	252	168	126	
992	1	T 704	358	637	270	P 588	252	168	126	
993	1	T 706	366	636	280	P 588	252	168	126	
994	1	T 708	377	642	281	P 630	252	126	126	
995	1	T 714	382	650	286	P 630	252	126	126	
996	1	T 719	384	652	280	P 630	252	126	126	
997	1	T 721	383	663	286	P 630	252	126	168	
998	1	T 724	384	647	299	P 630	294	126	126	
999	1	T 717	394	643	300	P 630	294	126	126	
1000	1	T 710	400	643	298	P 630	294	126	126	
1001	1	T 707	397	638	292	P 630	294	126	126	
1002	1	T 708	394	640	291	P 630	294	126	126	
1003	1	T 703	393	641	291	P 630	294	126	126	
1004	1	T 705	391	643	288	P 630	294	126	126	
1005	1	T 708	392	646	289	P 630	294	126	126	
1006	1	T 714	392	672	315	P 630	294	126	126	
1007	1	T 732	417	649	340	P 630	336	126	126	
1008	1	T 712	442	637	339	P 630	336	84	126	
1009	1	T 696	443	634	350	P 630	336	84	126	
1010	1	T 695	455	646	360	P 630	336	126	126	
1011	1	T 708	461	656	365	P 630	336	126	126	
1012	1	T 716	465	662	365	P 630	336	126	126	
1013	1	T 668	356	724	460	P 630	336	126	126	
1014	1	T 692	340	746	447	P 672	336	126	126	
1015	1	T 693	332	751	437	P 672	336	126	126	
1016	1	T 700	331	755	431	P 672	336	126	84	
1017	1	T 700	326	755	431	P 672	336	126	84	
1018	1	T 691	316	746	420	P 672	294	126	126	
1019	1	T 684	316	738	418	P 672	294	84	126	
1020	1	T 682	308	735	415	P 672	294	84	126	
1021	1	T 679	306	726	411	P 672	294	84	126	
1022	1	T 667	300	717	406	P 630	294	126	126	
1023	1	T 658	300	708	402	P 630	294	126	126	
1024	1	T 649	289	700	394	P 630	294	126	126	
1025	1	T 645	281	695	389	P 630	294	126	84	
1026	1	T 638	276	688	382	P 630	252	84	126	
1027	1	T 632	274	679	380	P 588	252	126	126	
1028	1	T 622	265	671	380	P 588	252	126	168	
1029	1	T 619	266	667	378	P 588	252	126	168	
1030	1	T 620	264	668	381	P 588	252	126	168	
1031	1	T 620	260	666	381	P 588	252	126	168	
1032	1	T 626	262	672	377	P 588	252	126	168	
1033	1	T 635	263	676	377	P 588	252	126	126	
1034	1	T 666	258	711	377	P 630	252	126	126	
1035	1	T 692	253	738	374	P 672	252	126	126	
1036	1	T 710	256	756	372	P 672	252	126	126	
1037	1	T 733	257	781	373	P 714	252	126	126	
1038	1	T 763	262	803	377	P 714	252	126	126	
1039	1	T 790	264	839	382	P 756	252	126	126	
1040	1	T 820	273	868	391	P 798	252	126	168	
1041	1	T 846	297	886	421	P 798	294	126	126	
1042	1	T 874	327	915	447	P 840	336	126	126	
1043	1	T 875	328	922	459	P 840	336	126	126	
1044	1	T 866	338	913	460	P 840	336	126	126	
1045	1	T 853	333	900	459	P 798	336	168	126	
1046	1	T 840	328	889	456	P 798	336	126	126	
1047	1	T 825	325	871	450	P 798	336	126	126	
1048	1	T 802	313	855	438	P 756	294	126	168	
1049	1	T 776	292	824	420	P 756	294	126	126	
1050	1	T 755	268	809	396	P 714	252	126	168	
1051	1	T 726	244	777	374	P 672	252	168	126	
1052	1	T 712	229	762	362	P 672	210	126	168	
1053	1	T 698	212	744	342	P 672	210	126	168	
1054	1	T 680	201	727	332	P 630	210	126	126	
1055	1	T 661	190	712	326	P 630	168	126	168	
1056	1	T 653	178	698	311	P 630	168	126	168	
1057	1	T 643	167	692	299	P 588	168	168	168	
1058	1	T 633	159	682	293	P 588	168	126	126	
1059	1	T 621	153	674	290	P 588	126	126	168	
1060	1	T 614	151	668	285	P 588	126	126	168	
1061	1	T 605	151	659	287	P 546	126	168	168	
1062	1	T 597	155	654	297	P 546	126	168	168	
1063	1	T 600	186	659	326	P 546	168	168	168	
1064	1	T 604	213	667	355	P 546	210	168	168	
1065	1	T 609	236	671	376	P 588	210	126	168	
1066	1	T 601	245	670	387	P 546	252	168	168	
1067	1	T 604	264	673	408	P 588	252	126	168	
1068	1	T 609	285	680	429	P 588	294	126	126	
1069	1	T 618	292	691	438	P 588	294	126	168	
1070	1	T 624	296	701	443	P 588	294	168	168	
1071	1	T 637	293	714	439	P 588	294	168	168	
1072	1	T 646	287	723	433	P 630	294	126	168	
1073	1	T 656	277	735	427	P 630	252	126	168	
1074	1	T 656	272	738	420	P 630	252	126	168	
1075	1	T 657	268	737	418	P 630	252	126	168	
1076	1	T 658	260	741	414	P 630	252	168	168	
1077	1	T 663	261	745	413	P 630	252	168	168	
1078	1	T 665	257	750	410	P 630	252	168	168	
1079	1	T 669	253	753	408	P 630	252	168	168	
1080	1	T 668	249	754	406	P 630	252	168	168	
1081	1	T 664	244	754	403	P 630	252	168	168	
1082	1	T 665	240	755	399	P 630	252	168	168	
1083	1	T 662	237	753	395	P 630	210	168	210	
1084	1	T 658	232	754	393	P 630	210	168	210	
1085	1	T 655	231	748	392	P 630	210	168	210	
1086	1	T 646	230	745	394	P 630	210	168	210	
1087	1	T 641	233	742	398	P 630	210	126	210	
1088	1	T 636	237	738	406	P 588	252	168	168	
1089	1	T 630	253	738	423	P 588	252	168	168	
1090	1	T 631	284	739	455	P 588	294	168	168	
1091	1	T 629	304	738	477	P 588	294	168	168	
1092	1	T 631	320	744	495	P 588	336	210	168	
1093	1	T 641	343	757	514	P 630	336	168	210	
1094	1	T 665	350	784	527	P 630	336	168	210	
1095	1	T 692	353	812	529	P 672	336	168	210	
1096	1	T 704	350	826	528	P 672	336	168	168	
1097	1	T 711	343	837	518	P 714	336	168	210	
1098	1	T 708	333	839	509	P 672	336	210	168	
1099	1	T 696	316	831	496	P 672	294	210	210	
1100	1	T 691	293	826	475	P 672	294	168	168	
1101	1	T 685	268	821	449	P 672	252	168	210	
1102	1	T 677	243	820	425	P 672	252	168	168	
1103	1	T 657	219	803	402	P 630	210	210	210	
1104	1	T 629	198	778	383	P 630	210	168	168	
1105	1	T 595	177	749	364	P 588	168	210	210	
1106	1	T 552	156	712	345	P 546	126	210	210	
1107	1	T 509	136	669	327	P 504	126	210	210	
1108	1	T 458	123	621	315	P 462	126	168	210	
1109	1	T 409	115	577	309	P 420	84	168	252	
1110	1	T 361	113	536	309	P 336	84	210	252	
1111	1	T 322	116	497	316	P 294	126	252	210	
1112	1	T 281	128	459	328	P 294	126	210	210	
1113	1	T 245	153	425	356	P 252	168	210	210	
1114	1	T 204	184	392	391	P 210	168	210	210	
1115	1	T 220	239	411	448	P 210	252	210	210	
1116	1	T 225	281	420	488	P 210	294	252	210	
1117	1	T 193	297	390	504	P 210	294	210	210	
1118	1	T 168	308	371	519	P 168	294	252	210	
1119	1	T 173	317	379	527	P 168	294	252	252	
1120	1	T 181	316	388	527	P 168	336	252	210	
1121	1	T 174	305	388	516	P 168	294	252	210	
1122	1	T 165	293	380	504	P 168	294	252	210	
1123	1	T 149	271	370	486	P 168	252	210	210	
1124	1	T 125	253	349	467	P 126	252	252	210	
1125	1	T 88	233	317	449	P 84	210	252	210	
1126	1	T 53	212	283	429	P 42	210	252	210	
1127	1	T 12	192	248	410	P 42	168	210	210	
1128	1	T 0	183	209	402	P 0	168	252	210	
1129	1	T 2	176	178	402	P 0	168	210	210	
1130	1	T 0	176	155	403	P 0	168	168	210	
1131	1	T 2	172	158	400	P 0	168	168	210	
1132	1	T 2	169	188	397	P 0	168	210	252	
1133	1	T 3	169	225	400	P 0	168	252	252	
1134	1	T 17	165	274	394	P 42	168	252	252	
1135	1	T 83	144	339	395	P 126	210	252	168	
1136	1	T 143	143	403	391	P 210	210	210	168	
1137	1	T 182	131	445	385	P 294	210	168	126	
1138	2	T 214	120	469	366	P 252	210	84	84	P 378	210	84	126	
1139	1	T 250	114	515	350	P 294	84	252	252	
1140	1	T 246	97	523	348	P 378	168	168	168	
1141	0	T 225	90	493	347	
1142	0	T 200	99	474	346	
1143	0	T 195	98	475	347	
1144	0	T 194	86	467	346	
1145	0	T 176	94	469	337	
1146	0	T 159	92	449	344	
1147	0	T 155	89	437	349	
1148	0	T 136	97	417	358	
1149	0	T 149	125	431	369	
1150	1	T 210	137	499	389	P 420	210	84	84	
1151	0	T 327	154	313	172	
1152	0	T 463	212	743	463	
1153	1	T 560	242	857	498	P 756	336	84	84	
1154	1	T 647	269	940	529	P 798	252	168	210	
1155	2	T 722	293	1016	569	P 798	378	84	84	P 924	378	84	126	
1156	1	T 809	328	1104	599	P 1008	420	84	84	
1157	2	T 850	343	1132	633	P 882	420	126	126	P 1050	420	84	126	
1158	1	T 874	382	1172	653	P 966	378	210	252	
1159	2	T 878	409	1181	666	P 924	462	126	126	P 1092	462	126	168	
1160	1	T 877	435	1172	688	P 966	420	210	252	
1161	1	T 861	448	1155	709	P 882	462	294	252	
1162	1	T 845	479	1127	718	P 882	462	252	252	
1163	1	T 776	480	1064	718	P 840	504	252	210	
1164	2	T 690	531	971	715	P 756	588	84	126	P 882	588	126	126	
1165	1	T 593	551	873	716	P 630	588	252	126	
1166	1	T 488	574	776	716	P 588	588	210	126	
1167	1	T 374	581	662	715	P 462	588	210	126	
1168	2	T 262	602	546	715	P 336	630	84	84	P 462	630	84	84	
1169	1	T 183	576	452	717	P 252	588	210	126	
1170	1	T 132	535	402	712	P 210	546	210	168	
1171	1	T 84	504	352	716	P 126	588	252	126	
1172	1	T 45	474	303	710	P 84	504	252	210	
1173	1	T 15	446	275	685	P 42	462	252	210	
1174	1	T 6	419	274	645	P 42	420	252	210	
1175	1	T 1	391	257	618	P 42	378	252	252	
1176	1	T 5	376	231	608	P 0	378	252	210	
1177	1	T 2	354	237	578	P 0	336	252	252	
1178	1	T 3	330	241	556	P 0	336	252	210	
1179	1	T 2	307	230	526	P 0	294	252	210	
1180	1	T 2	281	234	498	P 42	294	210	210	
1181	1	T 1	242	237	455	P 0	252	252	210	
1182	1	T 2	215	240	430	P 0	210	252	210	
1183	1	T 19	199	263	414	P 42	210	210	210	
1184	1	T 45	199	290	404	P 42	210	252	210	
1185	1	T 93	195	327	398	P 126	210	210	210	
1186	1	T 152	204	388	407	P 168	210	210	210	
1187	1	T 221	221	454	419	P 252	210	210	210	
1188	1	T 290	236	525	428	P 294	252	252	168	
1189	1	T 366	241	588	438	P 378	252	210	210	
1190	1	T 405	268	633	446	P 420	252	210	210	
1191	1	T 455	278	679	450	P 462	252	252	210	
1192	1	T 505	281	729	456	P 504	294	252	168	
1193	1	T 550	293	769	465	P 546	294	252	168	
1194	1	T 594	309	808	474	P 588	294	252	210	
1195	1	T 627	313	840	475	P 630	294	252	210	
1196	1	T 643	313	852	467	P 630	294	252	210	
1197	1	T 649	299	854	448	P 630	294	252	168	
1198	1	T 629	277	832	421	P 630	252	252	210	
1199	1	T 612	260	810	401	P 588	252	252	168	
1200	1	T 602	249	796	386	P 588	252	252	168	
1201	1	T 584	244	779	377	P 588	210	210	168	
1202	1	T 568	236	758	364	P 546	210	252	168	
1203	1	T 546	228	734	353	P 546	210	210	168	
1204	1	T 525	218	711	342	P 504	210	252	168	
1205	1	T 523	210	702	331	P 504	210	210	168	
1206	1	T 518	202	699	320	P 504	168	210	168	
1207	1	T 514	196	690	314	P 504	168	210	168	
1208	1	T 503	193	674	309	P 504	168	210	168	
1209	1	T 496	189	668	303	P 462	168	252	168	
1210	1	T 504	184	673	301	P 504	168	210	168	
1211	1	T 515	190	678	306	P 504	168	210	168	
1212	1	T 520	203	682	316	P 504	168	210	168	
1213	1	T 525	214	683	330	P 504	210	210	126	
1214	1	T 533	230	688	346	P 504	210	210	168	
1215	1	T 537	246	689	363	P 504	252	210	126	
1216	1	T 520	259	673	372	P 504	252	210	168	
1217	1	T 513	269	660	383	P 504	252	210	168	
1218	1	T 502	280	648	393	P 504	252	168	168	
1219	1	T 481	287	624	400	P 462	252	210	168	
1220	1	T 464	289	605	401	P 420	252	210	168	
1221	1	T 460	285	597	397	P 420	252	210	168	
1222	1	T 450	274	583	389	P 420	252	210	168	
1223	1	T 433	264	562	380	P 378	252	210	168	
1224	1	T 427	258	554	374	P 378	252	210	168	
1225	1	T 433	253	556	367	P 420	252	168	126	
1226	1	T 434	248	557	365	P 420	210	168	168	
1227	1	T 451	246	571	363	P 420	210	168	168	
1228	1	T 485	246	603	362	P 462	210	168	168	
1229	1	T 520	249	638	366	P 504	210	168	168	
1230	1	T 559	256	675	372	P 546	252	168	126	
1231	1	T 600	263	719	381	P 588	252	168	126	
1232	1	T 656	269	767	382	P 630	252	168	126	
1233	1	T 707	271	818	383	P 714	252	126	168	
1234	1	T 751	273	859	383	P 756	252	126	126	
1235	1	T 782	264	890	381	P 798	252	126	126	
1236	1	T 804	254	907	351	P 798	252	126	126	
1237	1	T 820	240	921	338	P 798	252	126	126	
1238	1	T 824	224	923	319	P 798	210	168	126	
1239	1	T 816	208	914	310	P 798	210	126	126	
1240	1	T 796	196	893	311	P 798	210	126	126	
1241	1	T 744	190	840	307	P 714	168	168	168	
1242	1	T 695	189	785	300	P 672	168	126	168	
1243	1	T 656	183	748	299	P 630	168	126	168	
1244	1	T 617	184	709	304	P 588	168	168	168	
1245	1	T 577	184	669	307	P 546	168	168	168	
1246	1	T 549	183	638	304	P 546	168	126	168	
1247	1	T 533	181	617	295	P 504	168	126	168	
1248	1	T 517	173	605	291	P 504	168	126	168	
1249	1	T 512	165	599	284	P 462	126	168	168	
1250	1	T 508	156	595	274	P 462	126	168	168	
1251	1	T 513	144	599	267	P 504	126	126	168	
1252	1	T 515	151	601	282	P 504	126	126	168	
1253	1	T 504	276	588	403	P 462	252	168	168	
1254	1	T 531	315	618	436	P 504	294	126	168	
1255	1	T 562	342	648	464	P 546	336	126	168	
1256	1	T 579	406	664	532	P 546	378	168	168	
1257	1	T 562	452	649	573	P 546	420	126	168	
1258	1	T 541	487	627	606	P 504	462	168	168	
1259	1	T 522	508	606	630	P 504	504	126	168	
1260	1	T 514	529	601	648	P 462	504	168	168	
1261	1	T 518	537	605	654	P 504	504	126	168	
1262	1	T 505	546	592	662	P 462	504	168	210	
1263	1	T 472	556	556	671	P 420	546	168	168	
1264	1	T 446	560	534	672	P 420	546	126	168	
1265	1	T 440	529	528	636	P 420	504	126	168	
1266	1	T 435	449	527	554	P 420	420	126	168	
1267	1	T 435	362	527	470	P 420	336	126	168	
1268	1	T 426	322	522	435	P 378	294	168	168	
1269	1	T 431	290	527	398	P 420	252	126	168	
1270	1	T 453	284	551	388	P 420	252	168	168	
1271	1	T 484	297	584	400	P 462	294	126	126	
1272	1	T 509	285	604	384	P 462	252	168	168	
1273	1	T 517	263	616	362	P 504	252	126	126	
1274	1	T 501	237	596	335	P 462	210	168	168	
1275	1	T 457	212	553	316	P 420	168	168	168	
1276	1	T 423	198	520	294	P 378	168	168	168	
1277	1	T 409	174	506	276	P 378	126	168	168	
1278	1	T 389	165	489	267	P 378	126	126	168	
1279	1	T 357	216	455	319	P 336	210	126	126	
1280	1	T 360	204	458	309	P 336	168	168	168	
1281	1	T 370	200	472	302	P 336	168	168	168	
1282	1	T 381	184	481	291	P 336	168	168	168	
1283	1	T 390	169	491	274	P 336	126	168	168	
1284	1	T 404	159	505	263	P 378	126	168	168	
1285	1	T 424	141	528	255	P 378	126	168	252	
1286	1	T 453	125	556	241	P 420	84	168	210	
1287	1	T 500	129	604	235	P 462	84	168	210	
1288	1	T 520	124	620	232	P 462	126	168	210	
1289	1	T 543	124	648	233	P 504	84	168	168	
1290	2	T 571	129	672	236	P 168	168	126	84	P 546	126	168	168	
1291	2	T 595	135	696	248	P 210	210	84	84	P 588	126	126	168	
1292	2	T 613	144	715	253	P 210	252	84	84	P 588	126	126	168	
1293	1	T 629	144	731	251	P 588	126	168	168	
1294	1	T 648	137	748	243	P 630	126	126	168	
1295	1	T 664	115	768	237	P 630	84	168	168	
1296	1	T 681	125	780	230	P 630	126	168	126	
1297	1	T 690	125	795	232	P 672	126	126	126	
1298	1	T 700	125	801	232	P 672	126	168	126	
1299	1	T 707	127	809	235	P 672	84	168	168	
1300	1	T 711	125	813	234	P 672	84	168	168	
1301	1	T 709	126	812	235	P 672	84	168	168	
1302	1	T 699	128	801	236	P 672	126	168	126	
1303	1	T 681	129	782	240	P 672	126	126	126	
1304	1	T 653	128	754	236	P 630	126	126	126	
1305	1	T 637	120	739	229	P 630	126	126	126	
1306	1	T 619	114	722	223	P 588	84	168	168	
1307	1	T 589	104	692	212	P 546	84	168	168	
1308	1	T 569	97	675	207	P 546	84	126	168	
1309	1	T 561	87	664	197	P 546	84	126	126	
1310	1	T 548	79	652	190	P 546	84	126	126	
1311	1	T 540	73	645	182	P 504	42	168	168	
1312	1	T 535	63	638	172	P 504	42	168	168	
1313	1	T 539	57	643	167	P 504	42	168	168	
1314	1	T 606	71	715	184	P 588	84	126	126	
1315	1	T 676	117	781	228	P 672	126	126	126	
1316	1	T 629	113	734	224	P 630	126	126	126	
1317	1	T 638	128	744	240	P 630	126	126	126	
1318	1	T 675	157	780	269	P 672	168	126	126	
1319	1	T 696	169	800	280	P 672	168	168	126	
1320	1	T 712	181	816	292	P 672	168	168	168	
1321	1	T 715	184	819	296	P 672	168	168	168	
1322	1	T 716	180	817	290	P 672	168	168	168	
1323	1	T 720	166	826	278	P 714	168	126	126	
1324	1	T 726	152	830	263	P 714	168	126	126	
1325	1	T 721	133	827	245	P 714	126	126	126	
1326	1	T 720	107	823	216	P 714	84	126	168	
1327	1	T 712	77	815	188	P 714	84	126	126	
1328	1	T 704	56	807	170	P 672	42	168	168	
1329	1	T 697	38	799	152	P 672	42	168	126	
1330	1	T 688	28	790	140	P 672	42	126	126	
1331	1	T 676	24	776	139	P 672	0	126	168	
1332	1	T 657	21	756	132	P 630	0	126	168	
1333	1	T 632	16	732	128	P 630	0	126	168	
1334	1	T 615	9	711	127	P 588	0	126	168	
1335	1	T 596	16	701	131	P 588	0	126	168	
1336	1	T 587	32	683	147	P 546	42	168	126	
1337	1	T 585	48	676	171	P 546	42	168	168	
1338	1	T 580	57	672	169	P 546	42	168	168	
1339	1	T 579	58	676	171	P 546	42	168	168	
1340	1	T 568	60	662	173	P 546	42	126	168	
1341	1	T 581	66	662	182	P 546	42	126	168	
1342	1	T 590	70	667	181	P 546	84	126	126	
1343	1	T 602	71	678	184	P 546	84	168	126	
1344	1	T 617	70	687	184	P 588	84	126	126	
1345	1	T 631	65	699	177	P 588	42	126	168	
1346	1	T 647	60	710	175	P 630	42	126	168	
1347	1	T 652	60	716	174	P 630	42	126	168	
1348	1	T 666	56	726	172	P 630	42	126	126	
1349	1	T 692	54	743	166	P 672	42	84	126	
1350	1	T 710	47	766	162	P 672	42	126	126	
1351	1	T 732	43	782	160	P 672	42	126	126	
1352	1	T 740	35	791	153	P 714	42	126	126	
1353	1	T 737	24	790	143	P 714	0	126	126	
1354	1	T 733	15	777	128	P 714	0	84	126	
1355	1	T 720	4	762	117	P 672	0	126	126	
1356	1	T 704	0	756	93	P 672	0	126	84	
1357	1	T 685	0	735	82	P 672	0	84	84	
1358	0	T 654	1	709	70	
1359	0	T 622	2	678	56	
1360	0	
1361	0	
1362	0	
1363	0	
1364	0	
1365	0	
1366	0	
1367	1	T 482	1	529	69	P 462	0	84	84	
1368	1	T 475	10	524	110	P 462	42	84	84	
1369	1	T 484	32	530	129	P 462	42	84	84	
1370	1	T 471	36	518	135	P 420	42	126	126	
1371	1	T 473	53	519	146	P 462	42	84	126	
1372	1	T 474	67	528	157	P 462	84	84	84	
1373	1	T 478	83	533	172	P 462	84	84	126	
1374	1	T 477	97	545	192	P 462	84	84	126	
1375	1	T 475	120	539	206	P 462	126	84	84	
1376	1	T 479	125	544	212	P 462	126	84	126	
1377	1	T 478	130	551	218	P 462	126	126	126	
1378	1	T 482	130	551	218	P 462	126	126	126	
1379	1	T 498	136	570	222	P 462	126	126	126	
1380	1	T 507	142	584	219	P 504	126	84	126	
1381	1	T 508	148	592	220	P 504	126	84	126	
1382	1	T 514	147	598	231	P 504	126	126	126	
1383	1	T 518	152	605	235	P 504	126	126	126	
1384	1	T 526	164	613	239	P 504	168	126	126	
1385	1	T 528	185	618	248	P 504	168	126	126	
1386	1	T 533	191	624	258	P 504	168	126	126	
1387	1	T 536	208	628	266	P 504	168	126	126	
1388	1	T 534	220	626	278	P 504	210	126	126	
1389	1	T 530	227	624	288	P 504	210	126	126	
1390	1	T 527	233	622	291	P 504	210	126	126	
1391	1	T 520	244	621	296	P 504	210	126	126	
1392	1	T 515	248	611	300	P 504	210	126	126	
1393	1	T 515	251	610	300	P 504	210	126	126	
1394	1	T 513	248	611	295	P 504	210	126	126	
1395	1	T 515	243	612	292	P 504	210	126	126	
1396	1	T 519	235	610	282	P 504	210	126	126	
1397	1	T 524	220	615	266	P 504	168	126	126	
1398	1	T 531	205	621	257	P 504	168	126	126	
1399	1	T 541	187	624	239	P 504	168	126	126	
1400	1	T 549	173	628	225	P 504	126	126	126	
1401	1	T 554	163	636	218	P 546	126	126	126	
1402	1	T 570	165	650	222	P 546	126	126	126	
1403	1	T 619	176	692	241	P 588	126	126	126	
1404	1	T 676	193	744	256	P 630	168	126	126	
1405	1	T 712	207	784	281	P 672	168	126	126	
1406	1	T 757	249	820	311	P 714	210	126	126	
1407	1	T 801	275	857	345	P 756	252	126	126	
1408	1	T 828	318	880	381	P 798	294	126	84	
1409	1	T 848	343	900	412	P 798	336	126	84	
1410	1	T 866	366	909	433	P 840	336	84	126	
1411	1	T 869	368	914	444	P 840	336	84	126	
1412	1	T 846	355	892	434	P 798	336	126	126	
1413	1	T 796	322	850	402	P 756	294	126	126	
1414	1	T 771	313	820	394	P 714	294	126	126	
1415	1	T 756	308	802	390	P 714	294	126	126	
1416	1	T 721	291	772	379	P 672	294	126	84	
1417	1	T 684	269	737	358	P 672	252	84	126	
1418	1	T 645	241	700	327	P 630	210	84	126	
1419	1	T 613	212	667	299	P 588	210	126	84	
1420	1	T 593	166	652	256	P 546	168	126	84	
1421	1	T 579	121	635	208	P 546	126	126	84	
1422	1	T 560	98	622	189	P 546	84	84	126	
1423	1	T 547	108	608	194	P 504	84	126	126	
1424	1	T 532	136	594	215	P 504	126	126	126	
1425	1	T 526	157	585	234	P 504	126	126	126	
1426	1	T 520	162	584	241	P 504	126	126	126	
1427	1	T 518	161	585	241	P 504	126	126	126	
1428	1	T 517	161	592	238	P 504	126	126	126	
1429	1	T 523	157	602	236	P 504	126	126	126	
1430	1	T 543	160	618	236	P 504	126	126	126	
1431	1	T 565	165	647	244	P 546	126	126	126	
1432	1	T 584	173	664	253	P 546	168	126	126	
1433	1	T 601	184	682	260	P 588	168	126	126	
1434	1	T 612	186	699	265	P 588	168	126	126	
1435	1	T 627	188	713	266	P 588	168	126	126	
1436	1	T 635	193	723	268	P 630	168	126	126	
1437	1	T 640	192	727	269	P 630	168	126	126	
1438	1	T 643	193	733	266	P 630	168	126	126	
1439	1	T 644	190	733	265	P 630	168	126	126	
1440	1	T 647	192	734	265	P 630	168	126	126	
1441	1	T 645	191	732	263	P 630	168	126	126	
1442	1	T 646	192	731	262	P 630	168	126	126	
1443	1	T 641	193	728	264	P 630	168	126	126	
1444	1	T 639	196	724	265	P 630	168	126	126	
1445	1	T 638	196	724	265	P 630	168	126	126	
1446	1	T 637	197	722	265	P 630	168	126	126	
1447	1	T 639	197	723	266	P 630	168	126	126	
1448	1	T 642	197	726	265	P 630	168	126	126	
1449	1	T 648	197	730	264	P 630	168	126	126	
1450	1	T 649	194	731	265	P 630	168	126	126	
1451	1	T 656	193	738	261	P 630	168	126	126	
1452	1	T 659	192	740	258	P 630	168	126	126	
1453	1	T 665	187	749	253	P 630	168	126	126	
1454	1	T 669	184	750	251	P 630	168	126	126	
1455	1	T 676	185	756	249	P 672	168	126	126	
1456	1	T 682	183	760	246	P 672	168	126	126	
1457	1	T 682	182	764	247	P 672	168	126	126	
1458	1	T 689	179	767	242	P 672	168	126	126	
1459	1	T 689	176	768	239	P 672	168	126	126	
1460	1	T 693	175	773	236	P 672	168	126	126	
1461	1	T 693	171	771	233	P 672	168	126	84	
1462	1	T 697	169	774	231	P 672	168	126	84	
1463	1	T 696	170	774	229	P 672	168	126	84	
1464	1	T 698	169	777	228	P 672	126	126	126	
1465	1	T 698	169	780	229	P 672	126	126	126	
1466	1	T 705	168	781	228	P 672	126	126	126	
1467	1	T 706	172	783	231	P 672	168	126	84	
1468	1	T 706	180	783	237	P 672	168	126	84	
1469	1	T 704	189	780	245	P 672	168	126	126	
1470	1	T 709	202	781	261	P 672	168	126	126	
1471	1	T 711	218	779	276	P 672	210	126	84	
1472	1	T 710	237	780	293	P 672	210	126	126	
1473	1	T 713	246	779	302	P 672	210	126	126	
1474	1	T 712	253	782	304	P 672	252	126	84	
1475	1	T 713	258	783	317	P 714	252	84	84	
1476	1	T 715	267	779	322	P 714	252	84	84	
1477	1	T 722	268	785	329	P 714	252	84	84	
1478	1	T 725	274	792	328	P 714	252	84	84	
1479	1	T 726	282	783	331	P 714	252	84	84	
1480	1	T 728	281	782	329	P 714	252	84	126	
1481	1	T 737	280	792	337	P 714	252	84	126	
1482	1	T 743	290	797	335	P 714	252	84	126	
1483	1	T 736	289	800	337	P 714	294	84	84	
1484	1	T 731	292	793	342	P 714	252	84	126	
1485	1	T 713	298	769	348	P 672	294	126	84	
1486	1	T 700	303	753	352	P 672	294	84	84	
1487	1	T 691	308	737	354	P 672	294	84	84	
1488	0	T 683	308	739	355	
1489	0	T 679	302	742	343	
1490	0	T 676	301	732	341	
1491	0	
1492	0	
1493	0	T 640	304	700	341	
1494	0	T 629	306	690	351	
1495	1	T 628	307	687	355	P 630	294	84	84	
1496	1	T 622	308	683	355	P 588	294	126	84	
1497	1	T 621	308	673	358	P 588	294	126	84	
1498	1	T 615	306	674	364	P 588	294	126	84	
1499	1	T 611	300	676	354	P 588	294	126	126	
1500	1	T 611	301	672	351	P 588	294	84	126	
1501	1	T 610	300	670	349	P 546	294	126	126	
1502	1	T 606	301	671	354	P 546	294	126	126	
1503	1	T 612	301	670	355	P 546	294	126	168	
1504	1	T 612	299	667	351	P 546	294	126	168	
1505	1	T 609	305	669	347	P 546	294	126	168	
1506	1	T 613	306	671	351	P 504	294	210	168	
1507	1	T 613	307	670	353	P 504	294	168	168	
1508	1	T 616	310	670	356	P 504	294	210	168	
1509	1	T 622	313	675	360	P 504	294	210	168	
1510	1	T 618	311	680	362	P 504	294	210	168	
1511	1	T 624	310	682	361	P 504	294	210	210	
1512	1	T 627	311	686	359	P 504	294	210	210	
1513	1	T 636	309	694	358	P 504	294	210	210	
1514	1	T 640	315	701	362	P 504	294	210	168	
1515	1	T 656	319	711	366	P 504	294	210	210	
1516	1	T 663	322	722	372	P 504	294	252	168	
1517	1	T 673	326	731	370	P 504	294	252	168	
1518	1	T 689	329	745	375	P 546	294	210	168	
1519	1	T 698	326	751	374	P 546	294	252	210	
1520	1	T 702	321	759	366	P 546	294	252	210	
1521	1	T 709	303	767	352	P 546	294	252	210	
1522	1	T 708	296	771	345	P 546	294	252	210	
1523	1	T 716	283	780	333	P 546	252	252	210	
1524	1	T 727	263	788	315	P 546	252	252	210	
1525	1	T 724	246	794	301	P 504	252	294	210	
1526	1	T 726	226	797	283	P 546	210	294	210	
1527	1	T 731	209	793	265	P 504	210	336	210	
1528	1	T 727	194	799	255	P 504	168	336	210	
1529	1	T 735	181	801	238	P 504	168	336	210	
1530	1	T 734	171	798	228	P 504	168	336	210	
1531	1	T 728	156	797	217	P 504	126	336	210	
1532	1	T 727	144	795	207	P 504	126	294	210	
1533	1	T 728	131	794	188	P 504	126	294	210	
1534	1	T 727	121	793	180	P 462	84	336	210	
1535	1	T 721	113	787	173	P 462	84	336	210	
1536	1	T 721	107	787	167	P 462	84	336	210	
1537	1	T 715	105	778	169	P 420	84	378	210	
1538	1	T 705	107	774	164	P 420	84	378	210	
1539	1	T 698	107	767	169	P 378	84	420	210	
1540	1	T 691	108	757	173	P 378	84	420	252	
1541	1	T 685	113	752	177	P 378	84	420	210	
1542	1	T 677	125	744	182	P 336	84	420	210	
1543	1	T 670	137	731	195	P 336	126	420	210	
1544	1	T 654	150	724	207	P 336	126	420	210	
1545	1	T 636	173	702	222	P 294	168	420	252	
1546	1	T 627	192	679	235	P 252	168	462	210	
1547	1	T 607	195	663	243	P 252	168	420	210	
1548	1	T 590	202	637	248	P 210	168	462	210	
1549	1	P 210	168	462	252	
1550	1	P 210	210	420	210	
1551	1	P 168	210	462	210	
1552	1	P 168	210	420	210	
1553	1	P 168	252	420	210	
1554	1	P 168	252	420	252	
1555	1	P 168	252	420	252	
1556	1	P 168	294	420	252	
1557	1	P 168	294	378	210	
1558	1	P 168	294	378	210	
1559	1	P 168	294	378	210	
1560	1	P 210	294	336	252	
1561	1	P 210	336	378	252	
1562	1	P 210	336	378	210	
1563	1	P 210	336	378	210	
1564	1	P 210	336	378	252	
1565	1	P 252	378	336	252	
1566	1	P 210	378	378	252	
1567	1	P 210	378	378	252	
1568	1	P 252	378	336	210	
1569	1	P 252	378	336	210	
1570	1	P 252	378	336	210	
1571	1	P 252	420	336	252	
1572	1	P 252	420	336	252	
1573	1	P 252	420	336	252	
1574	1	P 252	420	336	252	
1575	1	P 252	420	336	210	
1576	1	P 252	462	294	210	
1577	0	
1578	0	
1579	0	
1580	1	P 336	546	210	126	
1581	1	P 378	588	168	126	
1582	1	P 378	630	126	84	
1583	1	P 336	630	168	84	
1584	1	P 336	630	126	84	
1585	0	
1586	0	
1587	0	
1588	0	
1589	0	
1590	1	P 336	630	84	84	
1591	1	T 617	437	631	471	P 294	588	168	126	
1592	1	T 605	421	638	462	P 294	588	168	126	
1593	1	T 606	426	643	463	P 294	630	168	84	
1594	1	T 617	425	652	459	P 294	588	168	126	
1595	1	T 621	420	661	458	P 336	630	126	84	
1596	1	T 623	439	664	477	P 336	630	126	84	
1597	1	T 619	455	664	492	P 588	462	84	84	
1598	1	T 621	465	670	503	P 588	462	84	84	
1599	1	T 624	471	676	513	P 588	462	84	84	
1600	1	T 622	485	670	528	P 588	462	84	126	
1601	1	T 626	527	674	569	P 588	504	126	126	
1602	1	T 630	540	679	588	P 588	546	126	84	
1603	1	T 633	565	687	607	P 588	546	126	126	
1604	1	T 650	586	706	632	P 588	588	126	126	
1605	1	T 672	606	724	649	P 630	588	126	126	
1606	1	T 692	622	742	663	P 630	588	126	126	
1607	1	T 717	637	769	680	P 672	630	126	84	
1608	1	T 745	647	796	687	P 714	630	84	84	
1609	1	T 778	655	828	689	P 714	630	126	84	
1610	1	T 810	643	860	682	P 756	630	126	84	
1611	1	T 854	614	905	658	P 798	588	126	126	
1612	1	T 903	587	957	629	P 840	588	126	126	
1613	1	T 940	556	991	593	P 840	546	168	126	
1614	1	T 985	508	1034	547	P 924	504	126	126	
1615	1	T 1012	464	1065	508	P 924	462	168	126	
1616	1	T 1025	431	1078	475	P 924	420	168	126	
1617	2	T 1039	405	1088	443	P 672	630	126	84	P 966	378	126	126	
1618	2	T 1056	365	1114	410	P 672	588	168	126	P 966	378	168	126	
1619	2	T 1072	334	1127	373	P 630	546	252	168	P 966	336	168	126	
1620	2	T 1096	284	1149	329	P 630	504	252	210	P 1008	294	126	126	
1621	2	T 1125	242	1173	279	P 588	462	336	252	P 1008	252	168	126	
1622	2	T 1148	188	1197	233	P 588	420	336	294	P 1050	168	126	126	
1623	2	T 1161	160	1216	200	P 630	378	294	294	P 1050	168	168	126	
1624	2	T 1165	145	1219	180	P 588	378	336	294	P 1050	126	168	126	
1625	2	T 1166	134	1221	167	P 630	378	294	252	P 1050	126	168	126	
1626	2	T 1172	112	1228	153	P 630	336	294	294	P 1050	126	168	126	
1627	2	T 1179	102	1232	136	P 630	336	294	294	P 1050	84	168	126	
1628	2	T 1187	96	1243	126	P 630	336	294	252	P 1050	84	168	126	
1629	2	T 1189	94	1242	131	P 630	336	294	294	P 1050	84	168	126	
1630	2	T 1178	113	1228	144	P 588	336	336	294	P 1050	84	168	126	
1631	2	T 1142	127	1193	164	P 546	378	336	252	P 1008	126	168	126	
1632	2	T 1106	153	1160	182	P 546	378	294	252	P 966	126	168	126	
1633	2	T 1078	166	1132	194	P 504	378	294	294	P 924	126	210	126	
1634	2	T 1058	172	1112	197	P 462	420	336	252	P 924	126	168	126	
1635	2	T 1020	170	1075	196	P 420	420	336	252	P 882	126	168	126	
1636	2	T 981	169	1033	193	P 378	378	336	294	P 798	126	252	126	
1637	2	T 938	152	998	180	P 336	378	336	252	P 756	126	252	126	
1638	2	T 882	124	937	153	P 294	336	294	294	P 714	84	210	126	
1639	3	T 832	125	887	152	P 210	336	336	168	P 378	546	84	84	P 672	84	210	126	
1640	3	T 787	132	837	155	P 210	336	210	126	P 336	504	126	84	P 588	84	210	126	
1641	2	T 752	148	801	172	P 168	378	252	252	P 588	126	168	126	
1642	2	T 709	162	760	189	P 84	378	294	210	P 546	126	168	126	
1643	2	T 632	192	686	215	P 42	420	294	252	P 462	168	210	126	
1644	2	T 574	217	626	243	P 0	420	252	252	P 420	168	168	126	
1645	2	T 540	240	590	262	P 0	420	252	294	P 378	210	210	126	
1646	2	T 517	262	561	285	P 0	462	252	252	P 336	210	210	126	
1647	2	T 499	282	543	304	P 0	462	252	252	P 336	252	210	126	
1648	2	T 492	295	538	323	P 0	462	210	252	P 294	252	252	126	
1649	2	T 495	309	539	335	P 0	462	252	252	P 294	252	252	126	
1650	2	T 493	320	536	342	P 0	504	252	210	P 336	294	210	126	
1651	2	T 502	334	544	355	P 0	504	252	210	P 336	294	210	126	
1652	2	T 506	347	549	368	P 0	504	252	210	P 336	294	210	126	
1653	2	T 516	349	555	371	P 0	504	294	210	P 336	294	210	126	
1654	2	T 522	349	563	371	P 0	504	294	210	P 336	294	210	126	
1655	2	T 530	343	567	363	P 42	462	252	252	P 336	294	252	126	
1656	2	T 533	331	572	356	P 42	462	294	210	P 378	294	210	126	
1657	1	T 556	325	593	345	P 42	252	546	252	
1658	1	T 575	321	614	340	P 84	252	546	252	
1659	0	T 596	311	636	331	
1660	0	T 615	305	649	324	
1661	0	T 626	295	657	312	
1662	2	T 633	281	670	299	P 168	378	252	210	P 462	252	126	84	
1663	2	T 644	273	678	293	P 168	378	252	210	P 462	210	210	126	
1664	2	T 650	271	687	288	P 168	378	252	210	P 462	210	210	126	
1665	2	T 661	265	697	286	P 168	378	252	210	P 462	210	252	126	
1666	2	T 667	261	707	287	P 168	420	210	168	P 462	210	252	126	
1667	2	T 671	248	709	273	P 168	378	252	210	P 462	168	252	168	
1668	2	T 667	230	708	252	P 126	336	252	210	P 462	168	252	168	
1669	2	T 662	206	707	235	P 126	336	252	210	P 462	126	252	168	
1670	2	T 659	188	699	214	P 84	336	252	168	P 420	126	294	126	
1671	2	T 652	172	697	198	P 84	294	210	126	P 420	84	294	168	
1672	2	T 647	155	696	184	P 84	294	210	210	P 420	84	294	126	
1673	2	T 641	136	691	171	P 42	252	210	126	P 420	42	252	168	
1674	2	T 640	118	692	154	P 42	252	210	126	P 378	42	294	168	
1675	2	T 638	95	690	131	P 0	210	252	168	P 378	0	294	168	
1676	2	T 630	85	686	120	P 0	210	252	126	P 378	0	294	168	
1677	2	T 635	82	686	115	P 0	210	252	126	P 378	0	294	168	
1678	2	T 636	79	687	112	P 0	210	252	126	P 378	0	294	168	
1679	2	T 639	78	690	115	P 0	210	252	210	P 378	0	294	168	
1680	2	T 639	79	690	114	P 0	210	210	126	P 336	0	378	168	
1681	3	T 639	83	689	123	P 0	210	252	126	P 126	378	84	84	P 336	0	378	168	
1682	2	T 637	91	693	126	P 0	210	252	252	P 336	0	378	168	
1683	2	T 641	96	695	128	P 0	210	252	252	P 336	0	378	168	
1684	3	T 642	101	683	134	P 0	210	210	126	P 126	378	84	84	P 336	0	378	168	
1685	2	T 628	107	684	141	P 0	210	210	252	P 336	0	378	168	
1686	2	T 631	112	682	148	P 0	210	294	252	P 336	0	378	210	
1687	2	T 628	124	681	154	P 0	210	210	252	P 336	0	336	210	
1688	2	T 631	124	680	156	P 0	210	252	252	P 336	0	336	210	
1689	3	T 633	128	679	161	P 0	210	210	126	P 126	378	84	84	P 336	0	336	210	
1690	3	T 629	130	675	166	P 0	210	210	126	P 126	378	84	84	P 294	0	378	210	
1691	2	T 626	135	678	176	P 0	210	252	252	P 294	0	378	210	
1692	2	T 629	140	681	182	P 0	210	252	252	P 294	0	378	210	
1693	2	T 627	146	679	187	P 0	210	252	252	P 294	0	378	210	
1694	2	T 628	154	680	192	P 0	210	252	252	P 294	0	378	210	
1695	2	T 625	154	677	197	P 0	210	252	252	P 294	0	378	210	
1696	2	T 625	159	676	200	P 0	210	252	252	P 294	0	378	210	
1697	4	T 624	161	672	203	P 0	210	168	126	P 84	378	84	84	P 294	0	168	126	P 504	84	168	126	
1698	4	T 620	162	676	208	P 0	210	168	126	P 84	378	84	84	P 294	0	168	126	P 504	84	168	126	
1699	2	T 618	162	670	206	P 0	210	168	126	P 294	0	378	210	
1700	4	T 614	168	665	215	P 0	210	126	126	P 42	378	84	84	P 294	0	126	126	P 504	84	168	126	
1701	3	T 613	172	665	218	P 0	210	126	126	P 294	0	126	126	P 504	84	126	126	
1702	3	T 612	175	665	226	P 0	210	126	126	P 252	0	168	126	P 462	84	168	126	
1703	3	T 611	180	662	235	P 0	210	126	126	P 252	0	168	84	P 504	84	126	126	
1704	3	T 610	183	664	237	P 0	210	126	126	P 294	0	126	84	P 504	84	126	126	
1705	3	T 614	185	665	236	P 0	210	126	126	P 252	0	168	84	P 504	84	126	126	
1706	3	T 615	188	665	238	P 0	210	126	126	P 252	0	126	84	P 462	84	126	126	
1707	3	T 614	191	660	238	P 0	210	126	126	P 252	0	168	84	P 462	42	168	168	
1708	3	T 615	192	670	236	P 0	210	84	126	P 252	0	168	126	P 462	84	126	126	
1709	3	T 616	194	674	236	P 0	210	126	126	P 252	0	168	84	P 462	42	168	168	
1710	3	T 620	198	676	236	P 0	210	126	84	P 252	0	168	84	P 462	42	126	168	
1711	2	T 621	200	679	253	P 0	168	126	126	P 252	0	336	210	
1712	3	T 617	206	677	255	P 0	168	126	126	P 210	0	210	84	P 462	42	126	168	
1713	3	T 621	209	681	256	P 0	168	84	126	P 210	0	210	84	P 462	0	126	210	
1714	2	T 622	206	679	254	P 0	168	84	126	P 210	0	378	210	
1715	3	P 0	168	84	126	P 210	0	126	84	P 420	0	168	210	
1716	3	P 0	168	84	126	P 210	0	126	84	P 420	0	168	168	
1717	3	P 0	168	210	252	P 210	0	126	84	P 462	84	126	84	
1718	3	P 0	168	168	252	P 210	0	126	84	P 504	84	84	84	
1719	3	P 0	168	126	252	P 210	0	126	84	P 504	42	84	126	
1720	3	P 0	168	84	84	P 210	0	84	84	P 462	42	84	84	
1721	2	P 0	168	84	84	P 210	0	84	84	
1722	1	P 0	168	84	84	
1723	1	P 0	168	84	84	
1724	1	P 0	168	84	84	
1725	1	P 0	168	84	84	
1726	0	
1727	1	P 0	126	84	84	
1728	0	
1729	0	
1730	0	T 634	266	691	329	
1731	0	T 634	272	691	331	
1732	0	T 637	273	698	335	
1733	0	T 630	283	694	343	
1734	0	T 636	288	694	347	
1735	0	T 637	292	696	350	
1736	0	T 638	299	699	359	
1737	0	T 639	305	700	361	
1738	0	T 643	318	701	372	
1739	0	T 641	327	701	382	
1740	0	T 646	340	704	401	
1741	0	T 641	352	707	413	
1742	0	T 642	361	704	423	
1743	0	T 643	370	703	430	
1744	0	T 635	380	697	440	
1745	1	T 643	383	707	451	P 462	0	84	84	
1746	0	T 641	393	704	459	
1747	0	T 643	410	707	477	
1748	0	T 645	418	712	480	
1749	0	T 651	431	718	493	
1750	0	T 652	435	720	501	
1751	0	T 655	447	724	512	
1752	0	T 658	451	729	519	
1753	0	T 658	462	728	524	
1754	0	T 659	468	730	536	
1755	1	T 659	467	729	540	P 672	462	84	84	
1756	0	T 661	477	729	544	
1757	0	T 659	482	729	553	
1758	0	T 663	492	733	563	
1759	0	T 661	503	728	573	
1760	0	T 661	509	732	582	
1761	0	T 666	521	735	590	
1762	0	T 675	527	738	594	
1763	0	T 673	534	742	607	
1764	0	T 679	542	745	613	
1765	0	T 682	551	748	621	
1766	0	T 682	554	750	623	
1767	0	T 681	550	748	625	
1768	0	T 679	550	751	621	
1769	0	T 675	545	747	616	
1770	0	T 676	536	749	608	
1771	0	T 675	525	742	595	
1772	0	T 667	509	750	577	
1773	0	T 667	496	740	559	
1774	0	T 663	479	733	547	
1775	0	T 654	467	722	536	
1776	0	T 650	456	719	525	
1777	1	T 643	449	716	523	P 630	420	84	126	
1778	1	T 640	442	712	510	P 630	420	84	84	
1779	1	T 640	437	715	506	P 630	420	84	84	
1780	2	T 640	435	714	503	P 588	252	84	84	P 630	420	84	84	
1781	2	T 642	430	717	501	P 588	252	84	84	P 630	378	84	126	
1782	2	T 640	428	710	498	P 588	210	84	126	P 630	378	84	126	
1783	2	T 640	426	713	498	P 588	210	84	126	P 630	378	84	126	
1784	2	T 647	425	713	498	P 588	210	84	84	P 630	378	84	126	
1785	2	T 648	425	714	501	P 588	210	84	84	P 630	420	126	84	
1786	1	T 647	430	718	505	P 630	420	84	84	
1787	2	T 648	433	714	507	P 546	126	84	84	P 630	420	84	84	
1788	1	T 651	436	710	501	P 630	420	84	84	
1789	3	T 648	436	711	500	P 546	126	84	84	P 588	252	84	84	P 630	378	84	126	
1790	2	T 641	442	713	514	P 546	84	84	126	P 630	378	84	126	
1791	2	T 643	441	711	511	P 546	126	84	84	P 630	378	84	126	
1792	1	T 644	439	714	509	P 630	420	84	84	
1793	1	T 638	436	707	509	P 630	420	84	84	
1794	1	T 637	435	708	507	P 630	420	84	84	
1795	1	T 630	434	707	506	P 630	420	84	84	
1796	1	T 629	433	696	508	P 630	420	84	84	
1797	1	T 622	433	688	509	P 588	420	126	84	
1798	1	T 612	439	683	511	P 588	420	84	84	
1799	1	T 603	438	673	511	P 588	420	84	84	
1800	1	T 602	436	670	512	P 588	420	84	84	
1801	1	T 596	441	672	516	P 588	420	84	84	
1802	1	T 596	443	668	517	P 588	420	84	84	
1803	1	T 600	449	669	523	P 588	420	84	84	
1804	1	T 601	449	669	523	P 588	420	84	84	
1805	1	T 599	451	668	521	P 588	420	84	126	
1806	1	T 601	450	673	519	P 588	420	84	84	
1807	1	T 600	456	669	520	P 588	420	84	126	
1808	1	T 598	453	666	522	P 588	420	84	126	
1809	1	T 597	450	673	526	P 588	420	84	126	
1810	1	T 599	447	670	521	P 588	420	84	84	
1811	1	T 603	452	668	515	P 588	420	84	84	
1812	1	T 606	441	667	508	P 588	420	84	84	
1813	1	T 609	434	667	496	P 588	420	84	84	
1814	1	T 613	424	670	488	P 588	378	84	126	
1815	1	T 607	417	676	485	P 588	378	126	126	
1816	1	T 618	410	677	471	P 588	378	126	126	
1817	1	T 625	409	688	472	P 588	378	126	126	
1818	1	T 634	409	694	473	P 630	378	84	126	
1819	1	T 642	409	703	480	P 630	378	84	126	
1820	1	T 645	419	710	487	P 630	378	84	126	
1821	1	T 649	422	711	488	P 630	378	126	126	
1822	1	T 651	424	713	488	P 630	378	126	126	
1823	1	T 655	433	714	494	P 630	420	126	84	
1824	1	T 657	437	716	510	P 630	420	126	84	
1825	1	T 655	442	714	514	P 630	420	126	84	
1826	1	T 655	448	715	521	P 630	420	126	126	
1827	1	T 655	457	712	530	P 630	420	126	126	
1828	1	T 657	465	715	539	P 630	420	126	126	
1829	1	T 655	477	714	546	P 630	462	126	84	
1830	1	T 656	493	712	564	P 630	462	84	126	
1831	1	T 654	507	710	575	P 630	462	126	126	
1832	1	T 650	529	707	595	P 630	504	84	84	
1833	1	T 648	555	704	629	P 630	546	84	84	
1834	1	T 626	585	703	657	P 630	546	84	126	
1835	1	T 636	607	697	676	P 630	588	84	84	
1836	1	T 636	615	689	686	P 630	588	84	126	
1837	1	T 631	625	685	697	P 588	588	126	126	
1838	1	T 627	634	679	701	P 588	588	126	126	
1839	1	T 619	644	674	717	P 588	630	126	84	
1840	1	T 618	650	673	719	P 588	630	126	84	
1841	1	T 613	656	664	719	P 588	630	126	84	
1842	1	T 611	663	662	718	P 588	630	84	84	
1843	1	T 611	662	661	719	P 588	630	84	84	
1844	1	T 610	659	659	718	P 588	630	84	84	
1845	1	T 608	651	655	718	P 588	630	84	84	
1846	1	T 609	641	656	713	P 588	630	84	84	
1847	1	T 607	631	655	702	P 588	588	84	126	
1848	1	T 609	613	655	685	P 588	588	84	84	
1849	1	T 609	588	654	661	P 588	546	84	126	
1850	1	T 606	548	653	621	P 588	546	84	84	
1851	1	T 602	488	650	557	P 588	462	84	126	
1852	1	T 602	419	653	491	P 588	378	84	126	
1853	1	T 605	364	651	434	P 588	336	84	126	
1854	1	T 604	318	646	390	P 588	294	84	84	
1855	1	T 602	286	643	358	P 588	252	84	126	
1856	1	T 599	259	640	333	P 546	252	126	84	
1857	1	T 592	236	636	312	P 546	210	126	126	
1858	1	T 585	217	627	292	P 546	210	126	84	
1859	1	T 577	200	618	273	P 546	168	84	126	
1860	1	T 568	190	609	263	P 546	168	84	126	
1861	1	T 560	180	600	255	P 504	168	126	84	
1862	1	T 552	175	591	245	P 504	168	126	84	
1863	1	T 544	167	581	237	P 504	168	126	84	
1864	1	T 536	161	573	233	P 504	126	126	126	
1865	1	T 528	165	566	236	P 504	168	84	84	
1866	1	T 523	173	560	245	P 504	168	84	84	
1867	1	T 520	180	556	254	P 504	168	84	84	
1868	1	T 513	184	548	257	P 462	168	126	84	
1869	1	T 510	189	546	261	P 462	168	126	84	
1870	1	T 508	190	542	263	P 462	168	126	84	
1871	1	T 508	193	542	264	P 462	168	126	84	
1872	0	T 511	199	542	269	
1873	1	T 513	202	543	274	P 462	210	126	84	
1874	1	T 521	206	551	278	P 462	210	126	84	
1875	1	T 530	207	562	277	P 504	210	84	84	
1876	1	T 540	204	571	275	P 504	210	84	84	
1877	1	T 553	200	583	271	P 504	168	126	126	
1878	1	T 569	197	598	267	P 546	168	84	84	
1879	0	T 583	197	612	266	
1880	1	T 593	205	621	275	P 546	210	126	84	
1881	1	T 601	220	631	291	P 546	210	126	84	
1882	1	T 612	248	643	320	P 588	252	84	84	
1883	1	T 623	292	654	361	P 588	294	84	84	
1884	0	T 633	326	662	395	
1885	0	T 637	365	667	437	
1886	0	T 637	404	670	473	
1887	1	T 631	434	664	503	P 588	420	126	84	
1888	1	T 624	465	656	532	P 588	462	84	84	
1889	0	T 616	495	649	563	
1890	1	T 606	519	639	585	P 588	504	84	84	
1891	0	T 596	537	630	602	
1892	1	T 585	548	620	616	P 546	546	84	84	
1893	1	T 574	559	609	624	P 546	546	84	84	
1894	1	T 563	568	598	634	P 546	546	84	84	
1895	1	T 550	579	589	645	P 546	546	84	84	
1896	1	T 546	588	583	653	P 504	588	126	84	
1897	1	T 540	596	577	660	P 504	588	126	84	
1898	1	T 533	601	572	667	P 504	588	84	84	
1899	1	T 532	601	571	664	P 504	588	84	84	
1900	1	T 545	573	584	633	P 504	546	126	84	
1901	1	T 560	533	599	597	P 546	504	84	84	
1902	1	T 556	529	595	592	P 546	504	84	84	
1903	1	T 554	513	594	575	P 546	504	84	84	
1904	1	T 555	501	594	561	P 546	504	84	84	
1905	1	T 560	480	601	543	P 546	462	84	84	
1906	1	T 566	461	608	522	P 546	462	84	84	
1907	1	T 568	443	608	502	P 546	420	84	84	
1908	1	T 568	421	612	483	P 546	420	84	84	
1909	1	T 564	401	612	464	P 546	378	84	126	
1910	1	T 563	380	609	441	P 546	336	84	126	
1911	1	T 561	364	606	427	P 546	336	84	126	
1912	1	T 560	356	603	414	P 546	336	84	84	
1913	1	T 552	349	603	415	P 546	336	84	84	
1914	1	T 557	346	602	408	P 546	336	84	84	
1915	1	T 552	345	603	407	P 546	336	84	84	
1916	1	T 553	343	603	405	P 504	336	126	84	
1917	1	T 553	340	602	400	P 504	336	126	84	
1918	1	T 552	338	603	399	P 504	294	126	126	
1919	1	T 556	339	604	396	P 546	294	84	126	
1920	1	T 560	337	609	393	P 546	294	84	126	
1921	1	T 561	335	612	395	P 546	294	84	126	
1922	1	T 564	333	617	391	P 546	294	126	126	
1923	1	T 569	333	619	392	P 546	294	126	126	
1924	1	T 568	336	621	393	P 546	294	84	126	
1925	1	T 571	338	623	394	P 546	294	126	126	
1926	1	T 578	341	632	397	P 546	294	126	126	
1927	1	T 584	349	637	404	P 546	336	126	84	
1928	1	T 588	357	641	414	P 546	336	126	84	
1929	1	T 586	367	642	423	P 546	336	126	126	
1930	1	T 586	374	638	428	P 546	336	126	126	
1931	1	T 583	381	636	435	P 546	336	126	126	
1932	1	T 579	380	632	435	P 546	336	126	126	
1933	1	T 571	379	625	431	P 546	336	126	126	
1934	1	T 569	377	623	428	P 546	336	126	126	
1935	1	T 560	372	616	427	P 546	336	84	126	
1936	1	T 557	369	612	421	P 546	336	84	126	
1937	1	T 553	364	609	416	P 546	336	84	126	
1938	1	T 544	360	603	412	P 504	336	126	84	
1939	1	T 541	353	597	402	P 504	336	126	84	
1940	1	T 520	328	580	381	P 504	294	84	126	
1941	1	T 522	323	580	374	P 504	294	84	126	
1942	1	T 523	319	581	368	P 504	294	84	84	
1943	1	T 527	316	585	367	P 504	294	126	84	
1944	1	T 530	313	594	363	P 504	294	126	84	
1945	1	T 541	311	600	361	P 504	294	126	84	
1946	1	T 546	304	607	355	P 546	294	84	84	
1947	1	T 550	301	612	351	P 546	294	84	84	
1948	1	T 555	299	615	348	P 546	252	84	126	
1949	1	T 555	294	614	342	P 546	252	84	126	
1950	1	T 552	293	614	340	P 546	252	84	126	
1951	1	T 550	291	610	339	P 546	252	84	126	
1952	1	T 545	288	607	338	P 546	252	84	126	
1953	1	T 541	290	603	339	P 504	252	126	126	
1954	1	T 536	297	597	344	P 504	252	126	126	
1955	1	T 533	307	596	353	P 504	294	126	84	
1956	1	T 527	320	589	369	P 504	294	126	84	
1957	1	T 521	339	583	385	P 504	294	84	126	
1958	1	T 517	352	579	400	P 504	336	84	84	
1959	1	T 513	365	577	410	P 504	336	84	126	
1960	1	T 511	375	573	422	P 504	336	84	126	
1961	1	T 507	385	571	428	P 504	336	84	126	
1962	1	T 506	391	571	435	P 504	378	84	84	
1963	1	T 507	394	571	440	P 504	378	84	84	
1964	1	T 508	402	573	445	P 504	378	84	84	
1965	1	T 507	404	571	446	P 504	378	84	84	
1966	1	T 507	404	571	448	P 504	378	84	84	
1967	1	T 503	403	569	449	P 504	378	84	84	
1968	1	T 500	405	564	449	P 504	378	84	84	
1969	1	T 493	405	557	449	P 462	378	126	84	
1970	1	T 488	407	552	450	P 462	378	126	84	
1971	1	T 482	405	547	447	P 462	378	126	84	
1972	1	T 477	409	543	451	P 462	378	84	84	
1973	1	T 476	406	541	448	P 462	378	84	84	
1974	1	T 480	406	543	450	P 462	378	84	84	
1975	1	T 479	408	547	451	P 462	378	84	84	
1976	1	T 482	410	549	453	P 462	378	126	84	
1977	1	T 489	414	555	455	P 462	378	126	84	
1978	1	T 501	418	565	462	P 504	378	84	126	
1979	1	T 515	424	579	468	P 504	378	84	126	
1980	1	T 529	436	592	476	P 504	420	126	84	
1981	1	T 544	445	605	487	P 546	420	84	84	
1982	1	T 549	450	613	490	P 546	420	84	84	
1983	1	T 554	452	618	496	P 546	420	84	126	
1984	1	T 556	455	620	494	P 546	420	84	126	
1985	1	T 556	448	625	487	P 546	420	126	126	
1986	1	T 561	444	627	485	P 546	420	126	84	
1987	1	T 560	443	628	485	P 546	420	126	84	
1988	1	T 562	443	626	482	P 546	420	126	84	
1989	1	T 561	441	627	483	P 546	420	126	84	
1990	1	T 557	441	622	481	P 546	420	126	84	
1991	1	T 557	441	621	479	P 546	378	168	84	
1992	1	T 552	436	620	479	P 546	336	210	126	
1993	1	T 549	437	616	476	P 546	336	252	126	
1994	2	T 547	435	616	474	P 546	420	84	84	P 672	294	126	126	
1995	2	T 549	429	614	468	P 546	378	84	126	P 672	294	168	126	
1996	2	T 547	428	615	468	P 546	378	84	126	P 714	294	126	84	
1997	0	T 549	419	617	460	
1998	1	T 546	411	614	454	P 546	378	84	84	
1999	1	T 548	405	611	444	P 546	378	84	84	
2000	1	T 554	393	617	433	P 546	378	84	84	
2001	1	P 546	336	84	84	
2002	0	
2003	0	
2004	0	
2005	0	
2006	0	
2007	0	
2008	0	
2009	0	
2010	0	
2011	0	
2012	0	
2013	0	
2014	0	
2015	0	
2016	0	
2017	0	
2018	0	
2019	0	
2020	0	
2021	1	P 588	294	84	84	
2022	0	
2023	0	
2024	0	
2025	0	
2026	0	
2027	0	
2028	0	
2029	0	
2030	0	
2031	0	
2032	0	
2033	0	
2034	0	
2035	0	
2036	0	
2037	0	
2038	0	
2039	0	
2040	0	
2041	1	P 504	294	84	84	
2042	0	
2043	0	
2044	0	
2045	1	P 546	294	84	84	
2046	1	P 546	252	84	126	
2047	0	
2048	0	
2049	0	
2050	0	
2051	0	
2052	0	
2053	0	
2054	0	
2055	0	
2056	0	
2057	0	
2058	0	
2059	0	
2060	0	
2061	0	
2062	0	
2063	0	
2064	0	
2065	0	
2066	0	
2067	0	
2068	0	
2069	0	
2070	0	
2071	1	P 504	294	84	84	
2072	1	P 504	294	84	84	
2073	1	P 504	294	84	84	
2074	1	P 504	294	126	84	
2075	1	P 546	294	84	84	
2076	1	P 546	294	84	84	
2077	1	P 546	294	84	84	
2078	0	
2079	0	
2080	0	
2081	1	P 672	84	84	126	
2082	1	P 672	84	84	84	
2083	1	P 672	42	84	126	
2084	1	P 630	42	126	126	
2085	1	P 630	42	84	84	
2086	1	P 630	0	84	126	
2087	1	P 630	0	84	84	
2088	0	
2089	0	
2090	0	
2091	0	
2092	0	
2093	3	P 126	546	126	84	P 420	504	84	126	P 714	504	84	84	
2094	0	
2095	0	
2096	0	
2097	0	
2098	0	
2099	0	
2100	0	
