frame	IoU
3	1.02564
4	1.05263
5	1.02564
6	1.14286
7	1.10803
8	1.02564
9	1
10	1.05263
11	1.17647
12	1.11111
13	1.02564
13	1.08108
14	1.08108
14	1.05194
15	20.5128
15	1.05263
15	1.05263
16	1.10803
16	1.07962
16	1.1396
17	1.10803
17	1.07962
17	1.1396
18	1.02564
18	1.08108
19	1.16959
19	1.08108
20	1.02564
20	1.2012
21	1.05263
21	1.2012
22	1.02564
22	1.02564
23	1.10803
23	1
24	0.97561
24	1
25	1.05263
26	1.07962
27	1
28	1.10803
29	1.05263
30	1.07962
31	1.07962
32	1.02564
33	1.10803
34	1.02564
35	1.1088
35	1.05263
36	1.05263
36	1.05263
37	1.02564
37	1.10803
38	1.02564
38	1.02564
39	1.05263
39	1.02564
40	1.02564
40	1.05263
41	1.02564
41	1.07962
42	1.10803
42	1.1396
43	1.1088
43	1.1088
44	1.10803
44	1.1396
45	1.10803
45	1.05263
46	1.07962
46	1.05263
47	1.16959
47	1.10803
48	1.07962
48	1.10803
49	1.10803
50	1.05263
51	1.10803
52	1
53	1.05263
54	1.02564
54	1.02564
54	1.05263
55	1.05263
55	1.10803
55	1.05263
56	1.05263
56	1.02564
57	1.05263
57	1.02564
65	1
66	1
67	1.07962
68	1.02564
68	1
69	1.10803
69	1.10803
69	1
70	1.02564
70	1.05263
70	1.05263
71	1.05263
71	1.07962
71	1.17647
71	1.05263
72	1.10803
72	1
72	1.05263
72	1.07962
73	1
73	1.11111
73	1.07962
73	1.10803
74	1.16959
74	1.07962
74	1.07962
74	1.10803
75	1.16959
75	1.07962
76	1.05263
77	1.10803
78	1.02564
79	1.23839
80	1
80	1
81	1.05263
81	1.16959
82	1.05194
82	1.05194
83	1
83	1.05263
84	1
84	1.05263
85	1.10803
85	1.11111
86	1.07962
86	1.07962
87	1
87	1.05263
88	1.07962
88	1.07962
89	1.05263
89	1.07962
90	1.02564
90	1.02564
91	1.10803
91	1.08108
92	1.23457
92	1.1396
93	1
93	1.1396
94	1.2012
95	1.10803
96	1.10803
97	1.05263
98	1.02564
98	1.02564
99	1.05263
99	1.02564
100	1.02564
100	1.02564
101	1.02564
101	1.02564
111	1
112	1
113	1.02564
113	1
114	1.07962
114	1
114	1
115	1
115	1.08108
115	1.11111
116	1.05263
116	1.02564
116	1.07962
116	1.05263
116	1.02564
117	1.05194
117	1.02564
117	1
117	1.07962
117	1.08108
117	1.05263
117	1
118	1.05263
118	1.1088
118	1.07962
118	1.07962
118	1.08108
118	1.05263
118	1
119	1.05263
119	1
119	1.07962
120	1
120	0.97561
121	1.02564
121	1
122	1.07962
122	1
123	1.05263
124	1.20664
125	1.10803
126	1.16959
127	1.05263
128	1.10803
129	1.02564
130	1.07962
131	1.02564
132	1.07962
133	1.02564
134	1.07962
135	1.05263
136	1.07962
137	1.05263
138	1.05263
139	1.1088
140	1.05263
141	1.05194
141	1.02564
142	1.10803
142	1.1396
142	1.05263
143	1.02564
143	1.05263
143	1.11111
144	1.07962
144	1.10803
144	1.05263
145	1.02564
145	1.02564
145	1.07962
146	1.10803
146	1.17647
146	1.10803
147	1.1088
147	1.05263
147	1.11111
148	1.10803
148	1.07962
148	1.11111
149	1.05263
149	1.07962
150	1.02564
150	1.02564
151	1.10803
151	1.07962
152	1.10803
152	1.07962
153	1.02564
153	1.05263
154	1.20664
154	1.05263
155	1.17216
155	1.20664
156	1.17216
156	1.20664
157	1.05263
157	1
158	1.05263
158	1
159	1.16959
160	1.16959
161	1.02564
162	1.05263
163	1.08401
164	1.08108
165	1.10803
166	1
167	1.07962
168	1
169	1.05263
170	1.02564
170	1
171	1.05263
171	1.02696
172	1.10803
172	1
173	1.02564
173	1.05263
173	1.02564
174	1.02564
174	1.07962
174	1
175	0.97561
175	1.13798
175	1.1088
176	1.02564
176	1.13798
176	1.1088
177	1.05263
177	1
178	1.05194
178	1.05194
179	1.16959
179	1.05263
180	1.02564
180	1.05263
181	1.07962
181	1.02564
182	1.05263
182	1.02564
183	1.17647
183	1.05263
184	1.02564
184	1.05194
185	1.07962
185	1.02564
186	1.20664
186	1.2012
187	1.05263
187	1.16959
188	1.07962
188	1.10803
189	1.07962
189	1.10803
190	1.02564
190	1.02564
191	1.10803
191	1.02564
192	1.10803
192	1.07962
193	1.10803
193	1.07962
194	1.05194
194	1.05194
195	1.05263
195	1.11111
196	1.02564
196	1.05263
197	1.10803
197	1.05263
198	1.07962
198	1.05263
199	1
199	1.10803
200	1
200	1.10803
210	1.02564
210	1
210	1
211	1.02564
211	1.02564
211	1.02564
212	1.07962
212	1.05263
212	1.05194
212	1.07962
213	1.02564
213	1.05263
213	1
213	1.02564
214	1.11111
214	1.10803
214	1.05194
214	1.17216
214	1.05194
215	1.2012
215	1.23839
215	1.05194
215	1.17216
215	1.05194
216	1.1396
216	1.23839
217	1
217	1.05263
218	1.10803
218	1.05263
219	1.10803
219	1.05263
220	1.1396
220	1.10803
221	1.10803
221	1.10803
222	1.10803
223	1.10803
224	1.10803
225	1
226	1.05263
227	1.07962
228	1
229	1.05194
230	1.05263
231	1.10803
231	1.07962
232	1.02564
232	1.1088
232	1.05263
232	1.05263
233	1.14286
233	1.02564
233	1.05263
233	1.07962
234	1.23457
234	1.02564
234	1.05263
234	1.07962
235	1.16959
235	1.14286
236	1.02564
236	1.14286
237	1.05263
237	1
238	1.05263
238	1
239	1.23457
240	1.02564
241	1.05263
242	1.07962
243	1.05263
244	1.10803
245	1.05263
246	1.10803
247	1.05194
248	1.14286
249	1.07962
250	1.13798
251	1.07962
251	1
252	1.1088
252	1.17216
253	1.10803
253	1.05263
254	1.10803
254	1.10803
255	1.10803
255	1.11111
256	1
256	1.10803
256	0.97561
257	1.13798
257	1.05263
257	0.97561
258	1.17647
258	1.2012
259	1.05263
259	1
260	1.02696
260	1
261	1.07962
261	1.02564
262	1.02564
262	1.07962
263	1.05263
263	1.07962
264	1.07962
265	1.05263
266	1.1088
267	1.07962
268	1.05263
269	1.11111
270	1.07962
271	1.07962
272	1.10803
273	1.05263
274	1.05263
275	1.10803
276	1.02564
277	1.10803
278	1.05263
279	1.10803
280	1.02564
281	1.07962
282	1.07962
282	1.05263
282	1.05263
283	1.13798
283	1.05263
283	1.10803
283	1.02564
284	1.02564
284	1.05263
284	1.02564
284	1.05263
285	1.07962
285	1.05263
285	1
285	1.05263
286	1.02564
286	1.05263
286	1
287	1.16959
287	1.10803
288	1.23457
288	1.1396
289	1.05263
289	1.1396
290	1.02564
291	1.13798
292	1.07962
293	1.02564
294	1.05263
295	1.02564
296	1.16874
297	1
298	1.05263
299	1.02564
300	1.16959
301	1.02564
302	1.08108
303	1.02564
303	1.02564
304	1
304	1.05263
304	1
305	1.07962
305	1.05263
305	1
306	1.07962
306	1.10803
307	1.02564
307	1.07962
308	1.05263
308	1.07962
309	1.16959
309	1.11111
310	0.97561
310	20.5128
310	1.17647
311	1.05263
311	1.08108
311	1.17647
312	1.05194
312	1.08108
313	1.10803
314	1.10803
315	1.07962
316	1.07962
317	1.02564
317	1.02564
318	1.08108
318	1.11111
319	1.02564
319	1.10803
320	1.11111
320	1.10803
321	1.10803
322	1.08108
323	1.05263
324	1
324	1
325	1.11111
325	1
326	1.10803
326	1.17216
327	1
327	1.17216
328	1.07962
328	1.05194
329	1.10803
329	1.05263
330	1.02564
330	1.05194
331	1.10803
331	1.05263
332	1.10803
332	1.07962
333	1.10803
333	1.07962
334	1.10803
335	1.1088
336	1.10803
337	1.13798
338	1.10803
339	1.05263
340	1.07962
341	1.05263
342	0.97561
342	1
343	1.02696
343	1.10803
344	1.07962
344	1.1396
345	1
345	1.10803
346	1.05263
346	1.13798
347	1.07962
347	1.05263
348	1
348	1.13798
349	1.07962
349	1.07962
350	1.16959
350	1.07962
351	1.10803
352	1.05263
353	21.0526
354	1.05471
355	1.05263
356	1
357	1.05194
357	1.05194
358	1
358	1.05194
359	1.05194
359	1.05194
359	1.05194
360	1.08108
360	1.02564
360	1.07962
361	1.10803
361	1
361	1.07962
362	1.07962
362	1
363	1.10803
363	1.11111
364	1.1396
364	1.11111
365	1.1396
365	7.01754
366	1.05263
366	7.01754
367	7.01754
367	1.23839
368	1.07962
368	1.10803
369	1.14286
369	1.17647
370	1.14286
370	1.17647
371	1.05263
371	1
372	1.07962
372	1.10803
373	1.16959
373	1.10803
374	1.16959
374	1.10803
375	1
375	1.10803
376	1
376	1.10803
377	1.07962
377	1.02564
378	1.02564
378	1.02564
379	1.02564
379	1.02564
380	1.10803
380	1.02564
381	1.10803
381	1.05263
382	1.27186
382	1.05263
383	1.05263
384	1.2012
385	1.05263
386	1.13798
387	1.02564
388	1.13798
389	1.07962
389	1.07962
390	1.13798
390	1.11111
391	1.07962
391	1.07962
392	1.08108
392	1.05194
393	1.10803
393	1
394	1.07962
394	1.05263
395	1.07962
395	1.1088
396	1.11111
396	1.10803
397	1.05263
397	1.10803
398	1.10803
399	1.11111
400	1.13798
401	1.05263
402	1.05263
403	1.02564
404	1.02564
405	1
406	1.02564
407	1.02564
407	1.02564
408	1.10803
408	1.1088
409	1.10803
409	1.1088
410	1.10803
411	1.07962
412	1.05263
413	1.1088
414	1.05263
415	1.05263
416	1.02564
417	1.08108
418	1.07962
419	1
419	1
420	1.07962
420	1.02696
421	1.05263
421	1.10803
422	1.08108
422	1.02564
423	1.07962
423	1.02564
424	1.10803
425	1.30612
426	1.02564
427	1.02564
428	1.05263
429	1.02564
430	1.07962
431	1
432	1.02564
432	1.02564
433	1.02564
433	1.05263
433	1
434	1
434	1.07962
434	1.10803
435	1.05263
435	1.07962
435	1.10803
436	1
436	0.97561
437	1.10803
437	0.97561
438	1.16959
438	1.20301
439	1.05263
439	1.20301
440	1.07962
441	1.10803
442	1.05263
443	1.1088
443	1
444	1.05263
444	1.13798
445	1
445	1.13798
446	1
447	1.05263
448	21.0526
448	1.10803
449	1.05263
449	1.05263
450	1.08108
450	1.07962
451	1.05263
451	1
452	1.10803
452	1
453	1.11111
453	1.14286
454	1.05194
454	1.05194
455	1.13798
455	1.10803
456	1.13798
456	1.10803
463	1.05194
463	1.05194
464	1.13798
464	1.14286
464	1.02564
465	1.07962
465	1.10803
465	1.10803
466	1.05263
466	1.02564
466	1.07962
467	1.08108
467	1.11111
467	1
468	1.10803
468	1.05263
468	1.14286
469	1.02564
469	1.10803
469	1.11111
470	1.05263
470	1.02696
470	1.11111
471	1.05263
471	1.02696
472	1.26984
472	1.26984
473	1.05263
473	1.26984
474	1.02564
475	1.10803
476	1.05263
476	1.05263
477	1.10803
477	1.05263
478	1.1088
478	1.20301
479	1.10803
479	1.20301
480	1.02564
480	1.05263
481	1.10803
481	1.08108
482	1.10803
482	1.08108
483	1.05263
483	1.05263
484	1.10803
484	1.05263
485	1.02564
485	1.07962
486	1.02564
486	1.05263
487	1.10803
487	1.16959
488	1.2012
488	1.16959
489	1.2012
489	1.16959
490	1.05263
491	1.10803
492	1.16959
493	1.05263
494	1.05263
495	1.11111
496	1.05263
496	1.05263
497	1.10803
497	1.05263
498	1.07962
498	21.0526
499	1.05263
499	1.07962
500	1.07962
500	1.07962
501	1.10803
501	1.05263
502	1.16959
502	1.05263
503	1.16959
510	1.02564
511	1.10803
512	1.02564
512	1
513	1.05263
513	1.02564
514	1.05263
514	1.02564
514	1.02696
515	1.05263
515	1.10803
515	1.02696
516	1.10803
516	1.05263
516	1.07962
517	1.13798
517	1.10803
517	1.10803
518	1.20301
518	1.10803
518	1.10803
519	1.05263
520	1.05263
521	1.02564
522	1.05263
523	1.02564
523	1.02564
523	1.05263
524	1.1396
524	1.1396
524	1.1088
525	1.1088
525	1.1396
525	1.1088
526	1.1088
526	8.42105
527	1.05263
527	8.42105
528	7.01754
528	1.08108
529	1.02564
529	1.08108
530	1.13798
530	1.08108
531	1.07962
531	1.02564
532	1.02564
532	1.02564
533	1.05263
533	1.02564
534	1.11111
535	1.10803
536	1
537	1.10803
538	1.10803
539	1.13798
540	1.08108
541	1.16959
542	1.10803
543	1.10803
544	1.07962
545	1.07962
546	1.05263
547	1.10803
547	1
548	1.05263
548	1.17647
549	1.13798
549	1.08108
550	1.13798
550	1.08108
551	1.11111
552	1.07962
553	1.05194
554	1.07962
555	1.07962
556	1
557	1.11111
558	1.07962
559	1.2012
560	1.10803
561	1.16959
562	1.16959
563	1.13798
564	1.02564
565	1.11111
566	1.10803
567	1.05194
567	1.05263
567	1.07962
568	1.05263
568	1.07962
568	1.05194
569	1.13798
569	1.16959
569	1.10803
570	1.05263
570	1.16959
570	1.10803
571	1.11111
571	1.05263
572	1.05194
572	1.07962
573	1
573	1.10803
574	1.05263
574	1.10803
575	1.05263
575	1.10803
576	1.07962
576	1.05263
577	1.05263
577	1.05263
578	1.05194
578	1.10803
579	1.05194
579	1.10803
580	1.02564
581	7.01754
581	1.05263
582	7.01754
582	1.05263
583	1.11111
584	1.27186
585	1.05263
586	1
586	1
587	1.11111
587	1
588	1.05263
588	1.02564
589	1.23839
589	1.10803
590	1.10803
590	1.10803
591	1.02564
591	1.05263
592	1.02564
592	1.05263
593	1
593	1.05263
594	1.16874
595	1.16874
596	1.02564
597	1.02564
598	1.05263
599	1.10803
600	1.07962
601	1
602	1.05263
603	1.10803
604	1.02564
605	1.02564
605	1.02564
606	1.02564
606	1.02564
607	1.05263
607	1
608	1.1396
608	1.07962
609	1.10803
609	1.07962
610	1.02564
610	1.05263
611	1.07962
611	1.05263
612	1.05263
613	1.05263
614	1.02564
615	1.02564
616	1.05263
617	1.11111
618	1.05263
619	1
620	1.1396
621	1.07962
622	1.05263
623	1.07962
624	1.10803
625	1
626	1.16959
627	1.05263
628	1.05263
628	1.02564
629	1.02564
629	1.05263
630	1.07962
630	1.07962
631	1.02564
631	1.02564
631	1.02564
632	1.05263
632	1.05263
632	1.1088
633	1.10803
633	1.05263
633	1.1088
634	1.10803
635	1.02564
636	1.05263
637	1.05263
638	1.11111
639	1.08401
640	1.16959
641	1.02564
642	1.05263
643	1.02564
644	1.05263
645	1.11111
646	1.05263
647	1.05194
648	1.05263
648	1.05263
649	1.02564
649	1.10803
650	1.17647
650	1.13798
651	1.17647
651	1.13798
652	1.10803
653	1.02564
654	1.07962
655	1.02564
656	1.10803
657	1.05263
657	1.08401
658	1.08401
658	1.02564
659	1.02564
659	1.10803
660	1.02564
660	1.05471
661	1.07962
661	1.13798
662	1.02564
662	1.05263
663	1.13798
663	1.05263
664	1.05263
665	1.10803
666	1.02564
667	1.05263
668	1.07962
669	1.05263
670	1.17216
671	1.08108
672	1.05263
672	1.05263
673	1.11111
673	1.05263
674	1.11111
675	1.16959
676	1.02564
677	1.05263
678	1.02564
678	1
679	1.05263
679	1
680	1.07962
680	1.05194
681	1.16959
681	1.05194
682	1.16959
683	1.05263
684	1.05194
685	1.07962
686	1.10803
687	1.10803
688	1.10803
689	1.05263
690	1.13798
691	1.05263
692	1.07962
693	1.16959
694	1.02564
695	1.07962
696	1.07962
697	1.10803
697	1.05263
698	1.02564
698	1.1396
699	1.10803
699	1.05263
700	1.02564
700	1.2012
700	1.02564
701	1.10803
701	1.07962
701	13.6752
702	1.02564
702	1.05263
702	13.6752
703	1.10803
703	1.05263
704	1.07962
704	1.07962
705	1.16959
705	1.10803
706	1.16959
706	1.07962
707	1.05263
707	1.07962
708	1.07962
708	1.07962
709	1
709	1.05263
710	1.07962
710	1.05263
711	1.10803
712	1.07962
713	1.10803
714	1.05194
715	1.07962
716	1.2012
717	1.05263
718	1.05263
719	1.08108
720	1.02696
720	1.02696
720	1.05263
721	1.05194
721	1.05263
721	1.05263
722	1.07962
722	1.02564
722	1.02564
723	1.05263
723	1.23457
723	1.02564
724	1.02564
724	1.23457
725	1.10803
725	1.05263
726	1.13798
726	1.16959
727	1.05263
727	1.16959
728	1.07962
728	1.10803
729	1.05263
729	1.10803
730	1.05263
731	1.05263
732	1.11111
733	1.02564
734	1.05263
735	1.07962
736	1.05263
737	1.02564
738	1
739	1.08108
740	1.07962
741	1.07962
742	1.02564
743	1.08108
744	1.13798
745	1.02564
746	1.1088
747	1.05263
748	1.05263
749	1.05263
749	1
750	1.10803
750	1.16959
751	1.05194
751	1.05263
752	1.05263
752	1.1396
753	1.05263
753	1.17216
754	1.10803
754	1.10803
755	1.05194
755	1.10803
756	1.16959
756	1.16959
757	1
757	1.10803
758	1.23839
758	1.02564
759	1.23839
759	1.02564
763	1.05263
763	1
764	1.05263
764	1
765	1.07962
765	1.05263
766	1.05263
766	1.02564
767	1.02564
767	1.10803
768	1.02564
768	1.02564
769	1.10803
769	1.02564
770	1.10803
771	1.10803
772	1.16959
773	1.05263
774	1.16959
775	1.05263
776	1.1396
777	1.07962
778	1.10803
779	1.07962
780	1.10803
781	1.10803
782	1.02564
783	1.05263
783	1.05263
784	1.05263
784	1.02696
785	1.05263
785	1.05263
786	1.11111
786	1.07962
787	1.05194
787	1.13798
787	1.05194
788	1.07962
788	1.16959
788	1.17647
789	1
789	1.05263
789	1.1396
790	1.07962
790	1.10803
790	1.1396
791	1.07962
791	1.10803
797	1
798	1.05263
799	1.11111
800	1.13798
800	1.05263
800	1.05263
801	1.05263
801	1.11111
801	1.07962
802	1.10803
802	1.1088
802	1.08108
803	1
803	1.11111
803	1.08108
804	1.02564
804	1.02564
805	1.10803
805	1.05263
806	1.05263
806	1.05263
807	1.05263
808	1.02564
809	1.02564
810	21.0526
810	1.07962
811	1.08108
811	1.02564
812	1.02564
812	21.0526
812	1.02564
812	1.05263
813	1.05263
813	1.02564
813	1.07962
813	1.05263
814	1.1396
814	1.10803
814	1.07962
815	1.1396
815	1.10803
816	1.27186
816	1.16959
817	1.10803
817	1.17216
818	1.10803
818	1.17216
819	1.13798
820	1.13798
827	1.10803
828	1.1396
828	1.1088
828	1.1088
829	1.05263
829	1.10803
829	1.16959
829	1
830	1.10803
830	1
830	0.97561
830	1.10803
831	1.10803
831	1.13798
831	1.13798
831	1.08108
832	1.10803
832	1.13798
832	1.13798
832	1.08108
833	1.05263
834	1.05263
835	1.07962
836	1.05263
837	1.02564
838	1.05263
838	1.05263
839	1.05263
839	1.05263
840	1
840	1.05263
841	1.05263
841	1
842	1.08108
842	1.02564
843	1.07962
843	1.11111
844	13.6752
844	1.10803
845	1.10803
845	1.10803
846	1.16959
846	1.10803
847	1.10803
847	1.10803
848	1.02564
848	1.02564
849	1
849	1.02564
850	1.1396
850	1.1396
851	1.05263
851	1.10803
852	1.05263
852	1.1396
853	1
853	1.1396
854	1.10803
855	1.10803
856	1.02564
857	1.02564
858	1.05263
859	1
859	1.02564
859	1.02564
860	21.0526
860	1.05263
860	1.07962
860	1.10803
861	1.11111
861	1.16959
861	1.07962
861	1.10803
862	1.02564
862	1.02564
863	1.07962
863	1
864	1.07962
864	1.05263
865	1.07962
865	1.05263
874	1
874	1
875	1.07962
875	1.02564
875	1.02564
876	1.02564
876	1.05263
876	1.11111
877	1.10803
877	1.05263
877	1.07962
878	1
878	1.05263
878	1.02564
878	1
879	1.11111
879	1.07962
879	1.02564
879	1.13798
880	1.02564
880	1.02564
880	1.02564
880	1.13798
881	1.16959
881	1.02564
882	1.16959
882	1.10803
883	1.02564
883	1.05263
884	1.08108
884	1.07962
885	1.16959
885	1.07962
886	1.10803
886	1.16959
887	1.05263
887	1.11111
888	1.16959
888	1.11111
889	1.07962
889	1.2012
890	1.05194
890	1.05194
891	1
891	1.05263
892	1.16959
892	1.1396
893	1
893	1.10803
894	1.17647
894	1.10803
895	1.30612
895	1.14286
896	1.02564
896	1.02564
897	1.23457
897	1.02564
898	1.05194
898	1.05194
899	1.05263
899	1
900	1.07962
900	1
901	1.10803
902	1.07962
903	1.10803
904	1.02564
905	1.16959
906	1.02564
907	1.10803
907	1.10803
908	1.11111
908	1.17647
908	14.0351
909	1.10803
909	14.0351
909	1.11111
910	1.17216
910	14.0351
910	1.11111
911	1.23457
912	1.07962
913	1.07962
914	1.05263
914	1.05263
915	1.05263
915	1.10803
916	1.05194
916	1.05194
917	1.05263
917	1.05194
918	1.02564
918	1.05263
919	1.10803
919	1.05263
920	1.02564
921	1.07962
922	1.02564
923	1.2012
924	1.05263
925	1.02564
925	1.02564
926	1.05263
926	1.07962
927	1.10803
927	1
928	1.16959
928	1.10803
929	1.07962
929	1.10803
930	1.05194
930	1.05194
931	1.10803
931	1.05194
932	1.02564
933	1.08108
934	1.05263
935	1.10803
936	1.05263
937	1.05263
938	1.02564
938	1.02564
939	1.05263
939	1.05263
940	1.20664
940	1.05263
941	1.05263
942	1.07962
943	1
944	1.07962
945	1.10803
946	1.07962
947	1.05263
948	1.07962
949	1.10803
950	1.05194
951	1.05263
951	1.05263
952	1.08108
952	1.16959
953	1.07962
953	1.07962
954	0.97561
954	1.10803
955	1.13798
955	1.17216
956	1.07962
956	1.1396
957	1.07962
957	1.1396
958	1.02564
958	1.07962
959	1.05263
959	1
960	1.17216
960	1.10803
961	1
961	1.05263
962	1.08108
962	1.02564
963	1.20301
963	1.14286
964	1.05263
964	1.02564
965	1.10803
965	1.05263
966	1.05263
966	1.05263
967	1.05263
967	1.10803
968	1.05263
968	1.07962
969	1.05263
969	1.07962
970	1.10803
971	1.10803
972	1.14286
973	1.10803
974	1.07962
975	1.10803
976	1.05263
977	1.1396
978	1.05263
979	1.10803
979	1.05263
979	1.05263
980	1.02564
980	1.13798
980	1.20664
981	1.10803
981	1
981	1.05263
982	1.13798
982	1
982	1.05263
983	1.07962
983	1
984	1.10803
984	1.07962
985	1
985	1.05263
986	1.07962
986	1.10803
987	1.02564
987	1.10803
988	1.1396
988	1.10803
989	1.05263
989	1.10803
990	1.2012
990	1.05194
991	1.10803
991	1.05194
992	1.05263
992	1
993	1.11111
993	1.10803
994	1.07962
994	1.10803
995	1.10803
996	1.05263
997	1.02564
998	1.02564
999	1.13798
1000	1.13798
1001	1.10803
1002	1.16959
1003	1.05263
1004	1.17647
1005	1.10803
1006	1.1088
1007	1.16959
1008	1.02564
1008	1.05263
1009	1.16959
1009	1.13798
1009	1
1010	1.05263
1010	1.13798
1010	1
1011	1.10803
1012	1.05194
1013	1.05263
1014	1.11111
1015	1.05263
1015	1
1016	1.10803
1016	1.05263
1017	1.11111
1017	1.05263
1018	1.10803
1019	1.26984
1020	1.13798
1021	1.10803
1022	1.1088
1023	1.07962
1023	1.07962
1024	1.10803
1024	1.02564
1025	1.02564
1025	1.02564
1026	1.1088
1026	1.02564
1027	1.16959
1027	1.23839
1028	1.07962
1028	1.23839
1029	1.07962
1030	1.05263
1030	13.6752
1031	13.6752
1031	1
1032	1.05263
1032	1.10803
1032	1.05263
1033	1.10803
1033	1.05263
1033	1.05263
1034	1.07962
1034	1.10803
1035	1.05263
1035	1.10803
1036	1.10803
1036	1.07962
1037	1
1037	1.07962
1038	1.1088
1039	1.05263
1040	1.10803
1041	1.10803
1042	1.02564
1043	1.05263
1044	1.07962
1045	1
1046	1.02564
1047	1.10803
1047	1.05194
1048	1.05194
1048	1.05263
1048	1.05194
1049	1.05194
1049	1.10803
1049	1.07962
1049	1.05194
1050	1.10803
1050	1.05194
1050	1.1088
1050	1.05194
1051	1.05263
1051	1.05194
1051	1.1088
1052	1.05263
1053	1.13798
1054	1.13798
1055	1
1056	1.10803
1057	1.07962
1058	1
1059	1.07962
1060	0.97561
1060	0.97561
1061	1.10803
1061	1.07962
1061	1.07962
1062	1.02564
1062	1.07962
1062	1.07962
1063	1.10803
1064	1.17216
1065	1.07962
1066	1.05194
1067	1.07962
1068	1.02564
1069	1.1088
1070	1.05263
1071	1.07962
1072	1.10803
1073	1.05263
1074	1.10803
1075	1
1076	1.05263
1077	1.05263
1078	1.13798
1079	1.13798
1080	1.07962
1081	1.08108
1082	1.10803
1083	1.05194
1084	1.05263
1085	1.05263
1086	1.07962
1087	1.10803
1088	1.05263
1089	1.17647
1090	1.1396
1091	1.05263
1092	1.10803
1093	1.13798
1094	1.13798
1095	1.07962
1096	1.07962
1097	1.16959
1097	1.07962
1097	1.08108
1098	1.05263
1098	1.10803
1098	1.07962
1099	1.07962
1099	1.08108
1099	1.05263
1100	1.10803
1100	1.10803
1100	1.05263
1101	1.23839
1101	1.13798
1101	1.13798
1102	1.17216
1102	1.13798
1102	1.13798
1103	1.17216
1104	1.16959
1105	1.05194
1106	1.1396
1107	1.07962
1108	1.05263
1109	1.10803
1110	1
1110	1.07962
1111	1.07962
1111	1.05263
1111	1.07962
1112	1.13798
1112	1.10803
1112	1.07962
1113	1.05263
1113	1.02564
1113	1.07962
1114	1.05263
1114	1.07962
1115	1.07962
1115	1.07962
1116	1.05263
1117	1.05263
1118	1.07962
1119	1
1120	1.02564
1121	1.02564
1121	1
1122	1.10803
1122	1.07962
1123	1.13798
1123	1.10803
1124	1.02564
1124	1.05263
1125	1.10803
1125	1.05263
1126	1.05263
1127	1.10803
1128	1.07962
1129	1
1130	1.07962
1131	1.05263
1132	1.05263
1132	1.05263
1132	1.02564
1132	1.02564
1133	1.10803
1133	1.17647
1133	1.02564
1133	1.02564
1134	1.08108
1134	1.17647
1135	1.05263
1135	1.08108
1136	1
1136	0.97561
1137	1.16959
1137	0.97561
1138	1.07962
1138	1.13798
1139	1.10803
1139	1.13798
1140	1.10803
1141	1.10803
1142	1.07962
1143	1
1144	1.16959
1145	1
1145	1.10803
1146	1.05263
1146	1.13798
1146	1.02564
1147	1.23839
1147	1.05263
1147	1.05263
1147	1.07962
1148	1.05263
1148	1.02564
1148	1.05263
1148	1.07962
1149	1.16959
1149	1.10803
1150	1.13798
1150	1.2012
1151	1.10803
1151	1.2012
1152	1.02564
1152	1.02564
1153	1.17216
1153	1.02564
1154	1.17216
1155	1.10803
1156	1.05263
1157	1.11111
1158	1.13798
1159	1.05263
1160	1
1160	1
1161	1.08108
1161	1.16959
1162	1.17216
1162	1.16959
1163	1
1164	1.08108
1165	1.00063
1166	1.10803
1167	1
1168	1.17647
1169	1.08108
1170	1.02564
1170	1.07962
1171	1.07962
1171	1.10803
1171	1
1172	1.05263
1172	1.1396
1172	1.10803
1173	1.05263
1173	1
1173	1.10803
1174	20.5128
1174	1.02564
1174	1.02564
1175	1.05263
1175	1.02564
1175	1.02564
1176	1.05263
1177	1.05263
1178	1.07962
1179	1.10803
1180	1.10803
1181	1.05263
1182	1.1088
1183	1.07962
1184	1.10803
1185	1.02564
1186	1.11111
1187	1.02564
1188	1.05263
1189	1
1189	1
1190	1.10803
1190	1.16874
1191	1
1191	1.13798
1192	1.20664
1192	1.02564
1192	1
1193	1.05263
1193	1.16874
1193	1
1194	1.05194
1194	1.05194
1195	1.10803
1195	1.05194
1196	1.1088
1197	1.05263
1198	1.10803
1199	1.1396
1200	1.16959
1201	1.16959
1202	1.13798
1203	1.10803
1204	1.17647
1205	1.10803
1205	1
1206	1.02564
1206	1.07962
1207	1.10803
1207	1.10803
1208	1.13798
1208	1.05263
1209	1.10803
1209	1.05263
1210	1.10803
1211	1
1212	1.02564
1213	1.02564
1214	1.05263
1215	1.10803
1216	1.05263
1217	1.05263
1218	1.07962
1219	1.07962
1220	1.02564
1221	1.10803
1222	1.05194
1223	1.10803
1223	21.0526
1224	1.1396
1224	1.16959
1225	1
1225	1.07962
1226	1.07962
1226	1.02564
1227	1.10803
1227	1.02564
1228	1.05263
1228	1.07962
1229	1.16959
1229	1.08108
1230	1.13798
1230	1.08108
1231	1.10803
1232	1.13798
1233	1
1234	1.08108
1235	1.08108
1236	1
1237	1.02564
1238	1.05263
1239	1.11111
1240	1.07962
1241	1.11111
1242	1.1396
1243	1.08108
1244	1.05263
1245	1.05263
1245	1.05263
1245	1.02564
1246	1
1246	1.05194
1246	1.02564
1247	1.02564
1247	1
1247	1.02564
1248	1.05263
1248	1.08108
1248	1.02564
1249	1.05263
1249	1.08108
1249	1.02564
1250	1.05263
1251	1.11111
1252	1.05263
1253	1.02564
1254	1.10803
1254	0.97561
1255	1.11111
1255	1.05263
1256	1.11111
1256	1.05263
1257	1.10803
1258	1.07962
1259	1.07962
1260	1.05263
1260	1.05263
1261	1.05263
1261	1.05263
1262	1.23839
1262	1.05263
1263	1.10803
1263	1.17647
1264	1.2012
1264	1.17647
1265	1.05263
1265	1
1266	1.10803
1266	1.1396
1267	1.05263
1267	1.1396
1268	1.07962
1269	1.1396
1270	1.16959
1271	1.1088
1272	1.1088
1273	1.10803
1274	1.16959
1275	1.05263
1276	1.05263
1277	1.10803
1278	1
1279	1.02564
1279	0.97561
1280	1.02564
1280	1.02564
1281	0.97561
1281	1.05263
1282	1.05263
1282	1.10803
1283	1.14778
1283	1
1284	1.13798
1284	1
1285	1.13798
1285	1.07962
1286	1.13798
1286	1.07962
1287	1.05263
1287	1.10803
1288	1.13798
1288	1.16959
1289	1.10803
1289	1.05263
1290	1.1396
1290	1.05263
1291	1.10803
1292	1.05263
1293	1.05263
1294	1.11111
1295	1.02564
1296	1.02564
1297	1.10803
1298	1.02564
1298	1.02564
1299	1.05263
1299	1.10803
1300	1.13798
1300	1.07962
1301	1
1301	1.07962
1302	1.05263
1302	1.1396
1303	1.05263
1303	1
1304	1.10803
1304	1
1305	1
1306	1.11111
1307	1.02564
1308	1.05263
1308	1.05263
1309	1
1309	1.02564
1309	1
1310	1.02564
1310	1.02564
1310	1
1311	1
1312	1.20664
1313	1
1314	1.20664
1315	1.02564
1316	1.07962
1316	1
1317	1
1317	1.07962
1317	1
1318	1.07962
1318	1.05263
1318	1.23457
1319	1.1088
1319	1.05263
1319	1.23457
1320	1.07962
1321	1.11111
1322	1.10803
1323	1
1324	1.13798
1325	1.13798
1326	1.10803
1327	1
1328	1.05263
1328	1.05263
1329	1.05263
1329	1
1330	1.16959
1330	1.10803
1331	1.02564
1331	1.10803
1332	1.02564
1333	1.05263
1334	1.10803
1335	1.02564
1336	1.07962
1337	1.13798
1338	1.07962
1339	1.05263
1340	1.11111
1340	0.97561
1341	1.16959
1341	1.07962
1341	1.07962
1342	1.02564
1342	1.07962
1342	1.07962
1343	1.07962
1343	1.07962
1344	1.2012
1344	1.13798
1345	1.10803
1345	1.13798
1345	21.0526
1346	1.13798
1346	1.10803
1346	21.0526
1347	1
1347	1.10803
1348	1
1348	1.02564
1349	1.10803
1349	1.02564
1350	1.16959
1350	1.1396
1351	1.1088
1351	1.1396
1352	1.16959
1352	1.11111
1353	1.16959
1353	1.11111
1354	1.07962
1355	1.10803
1356	1.10803
1357	1.02564
1358	1.07962
1359	1.10803
1359	1.05194
1360	1.07962
1360	1.05194
1361	1
1361	1.10803
1362	1.05194
1362	1.07962
1363	1.05263
1363	1.05194
1364	1.2012
1364	1.05194
1365	1
1366	1.05194
1367	1.07962
1368	1.02564
1369	1.16959
1370	1
1370	1
1371	1.10803
1371	1.08108
1372	1.05263
1372	1.05263
1373	1.16959
1373	1.1088
1374	1.05194
1374	1.10803
1375	1.05263
1375	1.07962
1376	1.23839
1376	1.05263
1377	1.08108
1377	1.07962
1378	1.13798
1378	1.07962
1379	1.05263
1379	1
1380	1.02564
1380	1
1381	1.05263
1381	1
1382	1.10803
1382	1
1383	1.05263
1383	1.05263
1384	1.16874
1384	1.05263
1385	1.05263
1385	1
1386	1.05263
1386	1.02564
1387	1.07962
1387	1.02564
1388	1.02564
1388	1.02564
1389	1
1390	1.13798
1391	1.07962
1392	1.07962
1392	1
1393	1
1393	1.07962
1393	1
1394	1.1088
1394	1.05263
1394	1
1395	1.1088
1395	1.05263
1401	1
1402	1.10803
1402	1
1403	1
1403	1.07962
1404	1.17216
1404	1.02564
1405	1.10803
1405	1.07962
1406	1.07962
1406	1.17647
1406	14.0351
1407	1.05263
1407	1.10803
1407	1.02564
1408	1
1408	1.10803
1408	1.02564
1409	1.10803
1410	1.05263
1411	1.10803
1412	1.1396
1413	1.1088
1414	1.08108
1415	1.10803
1415	1.10803
1416	1.05194
1416	1.07962
1417	1.10803
1417	1.05263
1418	1.02564
1418	1.10803
1419	1.05263
1419	1.08108
1420	1.07962
1420	1.08108
1421	1.05263
1421	1.14286
1422	1.26984
1422	1.20301
1423	1.07962
1423	1.02564
1424	1.20301
1424	1.10803
1425	1.20301
1425	1.10803
1428	1
1429	1
1430	1.1088
1431	1.05263
1432	1.11111
1432	1.1396
1433	1.1396
1433	1.10803
1434	1.10803
1434	1.1396
1435	1.1088
1435	1.10803
1436	1.07962
1436	1.10803
1437	1.10803
1437	1.08108
1438	1.07962
1438	1.08108
1439	1
1439	1.05263
1440	1.1396
1440	1.13798
1441	1.10803
1441	1.1396
1442	1.02564
1442	1.02564
1443	1.07962
1443	1.02564
1444	1.11111
1444	1.02564
1445	1.13798
1445	1.05263
1446	1.10803
1446	1.05263
1447	1.10803
1447	1.05263
1448	1.07962
1448	1.05263
1449	1
1449	1.05263
1450	1.02564
1450	1.07962
1451	1.30612
1451	1.16959
1452	1.10803
1452	1.20664
1453	1.05263
1453	1.05263
1454	1.07962
1454	1.05263
1455	1.10803
1456	1.02564
1457	1.10803
1458	1.07962
1459	1.05263
1460	1.16959
1461	1.1396
1462	1.05263
1463	1.07962
1464	1.16959
1464	1.07962
1465	1.07962
1465	1.07962
1465	1.1088
1466	1.10803
1466	1.07962
1466	1.1088
1467	1.07962
1467	1.05263
1467	1.16959
1468	1.10803
1468	1.02564
1468	1.16959
1469	1.1396
1469	1.02564
1470	1.02564
1471	1
1472	1.05263
1473	1
1473	1
1474	1.02564
1474	1.10803
1475	1.2012
1475	1.10803
1476	1.02564
1476	1.02564
1477	1.05263
1477	1.02564
1478	1.10803
1479	1.05263
1480	1.08401
1481	1.05263
1482	1.23839
1483	1.2012
1483	1.05263
1484	1.16959
1484	1.2012
1485	1.13798
1485	1.10803
1486	1.13798
1486	1.10803
1487	1.05263
1487	1.10803
1488	1.1396
1488	1.10803
1489	1
1489	1.05263
1490	1.23552
1490	1.20301
1491	1.23552
1491	1.20301
1492	1.07962
1493	1.16959
1494	1.13798
1495	1.05263
1496	1.07962
1497	1
1498	1.05263
1499	1.05263
1500	1.1088
1501	1.10803
1502	1.02564
1503	1.10803
1504	1.02564
1505	1.07962
1506	1.07962
1507	1.13798
1508	1.07962
1509	1.10803
1510	1.10803
1511	1.05263
1512	1.07962
1513	1.05263
1514	1.1088
1515	1.05263
1516	1.1088
1517	1.05263
1518	1.10803
1518	1.02564
1519	1.02564
1519	1.13798
1519	1
1520	1.10803
1520	1.02564
1520	1.16959
1520	1.10803
1521	1.02564
1521	1.1396
1521	1.02564
1521	1.10803
1522	1.17647
1522	1.05263
1522	1.13798
1522	1.10803
1523	1.10803
1523	1.05263
1523	1.13798
1524	1.07962
1525	1.10803
1526	1.10803
1527	1.07962
1528	1.05263
1529	1.07962
1530	1.07962
1531	1.10803
1532	1.05194
1533	1.07962
1534	1.07962
1535	1.05263
1536	1.05194
1537	1
1538	1.10803
1539	1.17647
1540	1.05263
1541	1.14286
1542	1.05263
1542	1
1543	1.05263
1543	1.10803
1544	1.1088
1544	1
1545	1.05263
1545	1.10803
1546	1.05263
1546	1
1546	1.05263
1547	1.07962
1547	1.05263
1547	1.02564
1548	1
1548	1.05263
1548	1.05263
1549	1.02564
1549	1.05263
1549	1.02564
1550	1.10803
1550	1.07962
1550	1.02564
1551	1.05263
1551	1.07962
1552	1.2012
1552	1.02564
1553	1.05263
1553	1.02564
1554	1.07962
1555	1.05263
1556	1.08108
1557	1.05263
1558	1.07962
1559	1.16959
1560	1.05263
1561	1.20301
1562	1.05194
1563	1.05263
1564	1
1565	1.05263
1565	1.02564
1566	1.07962
1566	1.07962
1567	1.02564
1567	1.02564
1568	1.02564
1568	1.05263
1568	1.02564
1569	1.05194
1569	1.05263
1569	1.02564
1570	1.02564
1570	1.23552
1570	1.02564
1571	1.05263
1571	1.23552
1572	1.07962
1573	1.07962
1574	1.02564
1575	1.11111
1576	1.02564
1577	1.07962
1577	1
1578	1.08108
1578	1.10803
1578	1.08108
1579	1.13798
1579	1
1579	1.05263
1580	1.2012
1580	1
1580	1.05263
1581	1.05263
1581	1.11111
1582	1.02564
1582	1.05263
1583	1.02564
1583	1.11111
1584	1.02564
1584	1.11111
1585	1.05263
1586	1.10803
1587	1.02564
1588	1.05263
1589	1.10803
1590	1.02564
1591	1.13798
1592	1.05263
1593	1.07962
1594	1.02564
1595	1.02564
1596	1.07962
1597	1.02564
1597	1.05263
1598	1.20664
1598	1.10803
1599	1.05263
1599	1.02564
1600	1.10803
1600	1.10803
1601	1.16959
1601	20.5128
1601	1.05263
1602	1.07962
1602	20.5128
1602	1.16959
1603	1.05263
1603	20.5128
1603	1.16959
1604	1.07962
1604	1.05194
1605	1.13798
1605	1.05194
1606	1.13798
1607	1.05263
1608	20.5128
1609	1.05263
1610	1.05263
1611	1.05263
1612	1.10803
1613	1.05194
1614	13.6752
1615	1.05263
1616	1.07962
1617	1.02564
1618	1.05263
1619	1.13798
1620	1.02564
1621	1.07962
1622	1.07962
1623	1
1624	1.10803
1624	1.05263
1625	1.05194
1625	1.05263
1626	1.05263
1626	1.07962
1627	1.05263
1627	1.05263
1628	1.05194
1628	1.05263
1628	1.05263
1628	1.05263
1629	1.08108
1629	1.05263
1629	1.11111
1629	1.14286
1630	1.11111
1630	1.07962
1630	1.05263
1630	1.10803
1631	1.05263
1631	1.10803
1631	1.05263
1631	1.10803
1632	1.05263
1632	1.02564
1633	1.05263
1633	1.02564
1634	1.02564
1634	1.07962
1635	1.02564
1635	1.07962
1636	1.2012
1637	1
1638	7.01754
1638	1.10803
1639	1.1396
1639	1.20301
1639	1.1396
1639	1.07962
1640	1.13798
1640	1.07962
1640	1.1396
1640	1.07962
1641	1.05263
1641	1.07962
1642	1.08108
1642	1.02564
1643	1.07962
1643	1
1644	1.13798
1644	1
1645	1
1645	1.05263
1646	1.02564
1646	1.05194
1647	1.13798
1647	1.07962
1648	1.05194
1648	1.07962
1649	1.05263
1650	1.05263
1651	1.10803
1652	1.00063
1653	1.11111
1654	1.05263
1655	1.10803
1656	1
1656	1
1657	1.07962
1657	1.02564
1658	1.02564
1658	1.10803
1659	1.10803
1659	1.16959
1660	1.10803
1660	1.16959
1661	1.05263
1662	1.02564
1663	1.00063
1664	1.05263
1665	1.05263
1666	1.07962
1667	1.02564
1668	1.05263
1669	1.07962
1670	1.02564
1670	1.05194
1671	1.07962
1671	1.07962
1672	1.11111
1672	1.13798
1672	1.05263
1673	1.07962
1673	1.05194
1673	1.13798
1673	1.05263
1674	1.10803
1674	1.05263
1674	1.05263
1674	1.10803
1675	1
1675	1.05263
1675	1.05263
1675	1.10803
1676	1.1396
1677	1.05263
1678	1.05263
1679	1.02564
1680	1.02564
1681	1.05263
1682	1.10803
1683	1.10803
1684	1.07962
1685	1.13798
1686	1.02564
1687	1.16874
1688	1.05263
1689	1.1088
1689	1.11111
1690	1.05263
1690	1.11111
1690	1.05194
1691	1.07962
1691	1.05194
1691	1.07962
1691	1
1692	1.05263
1692	1.10803
1692	1.05263
1692	1.07962
1693	1.10803
1693	1.10803
1693	1.05263
1693	1.07962
1694	1.02564
1694	1.05263
1695	1.16959
1695	1.05263
1696	1.05194
1696	1.05263
1697	1.10803
1698	1.13798
1699	1
1700	1.1088
1701	1.13798
1702	1.05263
1703	1.02696
1704	1.05263
1705	1.10803
1706	1.05263
1707	1.13798
1708	1.02564
1709	1.07962
1710	1.10803
1711	1.05194
1712	1.07962
1713	1.08108
1714	1.07962
1715	1.05263
1716	1.14286
1717	1.13798
1718	1.02564
1718	1.02564
1719	1.16959
1719	1.11111
1720	1.05263
1720	1.1396
1721	1.10803
1721	1.05263
1722	1.14286
1722	1.07962
1723	1.05263
1723	1.02564
1724	1.05263
1724	1.11111
1725	1.02564
1725	1.07962
1726	1.02564
1726	1.05263
1727	1.05263
1727	1.05263
1728	1.02564
1728	1.1088
1729	1.07962
1729	1.08108
1730	1.20664
1730	1.16959
1731	1.16959
1731	1.16959
1732	1.10803
1733	1.10803
1734	1.1088
1735	1.11111
1736	1.1396
1737	1.05263
1738	1.10803
1739	1.2012
1740	1.10803
1741	1.1088
1742	1.05263
1742	1.02564
1743	1.02564
1743	1.13798
1743	1
1744	1.02564
1744	1.02564
1744	1
1745	1.05263
1745	1.14286
1746	1.02564
1746	1.05263
1747	1.08108
1747	1.08108
1748	1.02564
1748	1.08108
1749	1.05263
1750	1.02564
1751	1.02564
1752	1.10803
1753	1.08108
1754	1.13798
1755	1.05263
1756	1.1088
1757	1.13798
1758	1.13798
1758	1.08108
1759	1
1759	1.13798
1760	1.16959
1760	1.05263
1760	1.05194
1761	1.05263
1761	1.2012
1761	1.07962
1762	1.16959
1762	0.97561
1762	1.07962
1763	1.05263
1763	0.97561
1764	1.05263
1764	1.02564
1765	1.10803
1765	1.02564
1766	1.05263
1767	1.07962
1768	1.16959
1769	1.16959
1770	1.07962
1771	7.01754
1772	1.02564
1772	1.05263
1773	1.16959
1773	1.05263
1774	1.07962
1774	1.1396
1775	1.07962
1775	1.1396
1776	0.97561
1777	1.2012
1778	1.07962
1779	1.07962
1780	1
1781	1.05263
1782	1.05263
1783	1.1088
1784	1.08108
1785	1.07962
1786	1.20301
1787	1.13798
1788	1.20664
1789	1.05263
1790	1.10803
1791	1
1791	1
1792	1.13798
1792	1.05263
1793	1.07962
1793	1.05263
1794	1.10803
1794	1.17216
1795	1.10803
1795	1.17216
1796	1.07962
1797	1.05263
1798	1.05263
1799	1.10803
1800	1.05263
1801	1.17647
1801	1.16959
1802	21.0526
1802	1.08108
1802	1.08108
1803	1.2012
1803	1.05263
1803	1.08108
1804	1.2012
1804	1.05263
1805	1.10803
1805	1.05263
1806	1.1396
1806	1.05263
1807	1.08108
1807	1.07962
1808	1.05263
1808	1.07962
1809	1.05263
1809	1
1810	1.05263
1810	1
1816	1.02564
1817	1.13798
1818	1.05263
1819	1.16959
1820	1.07962
1821	1.10803
1821	1.13798
1822	1.02564
1822	1.10803
1822	1.05263
1822	1.05263
1822	1.13798
1823	1.07962
1823	1.10803
1823	1.10803
1823	1.10803
1823	1.16959
1823	1.16959
1824	1.26984
1824	1.23552
1824	1.10803
1824	1.10803
1824	7.01754
1824	1.16959
1825	1.26984
1825	1.23552
1825	15.6863
1825	7.01754
1826	7.01754
1827	7.01754
1828	1.05263
1829	1.02696
1830	1.11111
1831	1.16959
1832	1.07962
1833	1.10803
1833	1
1834	1.05263
1834	1.07962
1835	1.05263
1835	1.07962
1836	1.05263
1836	1.2012
1837	1.05194
1837	1.05263
1838	1
1838	1.07962
1839	1.1088
1839	1.07962
1840	1.07962
1841	1.11111
1842	1.05263
1843	1.05263
1844	7.01754
1844	1.05194
1845	1.07962
1845	1.05194
1846	1.02564
1847	7.01754
1847	1.07962
1848	1.05194
1848	1.05263
1849	1.02564
1849	1.23457
1850	1.10803
1850	1.02564
1851	1.02564
1851	1.07962
1852	1.07962
1852	1.07962
1853	1.05263
1854	1.05263
1855	1.05263
1856	1.02564
1856	1.02564
1857	1.07962
1857	1.02564
1858	1.05263
1859	1.05263
1860	1.05263
1861	1.10803
1862	1.05194
1863	1.05194
1864	1.10803
1865	1.16959
1866	1
1867	1.13798
1868	1.10803
1869	1.10803
1870	1.16959
1871	1.11111
1872	1.10803
1873	1
1874	1.07962
1875	1.13798
1876	1.07962
1877	1.10803
1878	1.05194
1879	1.10803
1880	1.05194
1881	1.05263
1881	1
1882	1.07962
1882	1.07962
1882	1.07962
1883	1.02564
1883	1.02564
1883	1.07962
1884	1.10803
1884	1.05263
1884	1.02564
1885	0.97561
1885	1.05263
1885	1.10803
1885	21.0526
1886	21.0526
1886	1.07962
1886	1.07962
1886	21.0526
1887	21.0526
1887	1.07962
1887	1.07962
1888	1.02564
1888	1.02564
1889	1.05263
1889	1.02564
1890	1.05263
1890	1.02564
1891	1.05263
1891	1.07962
1892	1.02564
1892	1.07962
1893	1.07962
1893	1
1894	1.11111
1894	1
1895	1
1896	1.05194
1896	1.1088
1897	1.07962
1897	1.10803
1898	7.01754
1898	1.20664
1898	1.05263
1899	1.07962
1899	1.05263
1899	1.05263
1900	1.1088
1900	1.07962
1900	1.05263
1901	1
1901	1.07962
1902	1.23839
1902	1.26984
1903	1.11111
1903	1.2012
1904	1.08108
1904	1.2012
1905	1.05263
1905	1
1906	1.1396
1906	1.05194
1907	1.05263
1907	1.11111
1908	1.02564
1908	1.11111
1909	1.23552
1909	1.10803
1910	1.2012
1910	1.10803
1911	1.2012
1911	1.23839
1912	1
1912	1.23839
1913	1.10803
1914	14.0351
1915	1
1916	1.2012
1916	1.2012
1917	1.02564
1917	1.16959
1918	11.1111
1918	1.08108
1918	1.11111
1919	1
1919	1.08108
1919	1.11111
1920	1.05263
1921	1.05263
1922	1.02564
1923	1.05263
1924	21.0526
1924	1.10803
1925	1.07962
1925	1.10803
1926	1.11111
1926	1.02564
1927	1.05263
1927	1.10803
1928	1.20664
1928	1.05194
1929	1.1396
1929	1.05194
1930	1.02564
1930	1.02564
1931	1.10803
1931	1.02564
1932	1.07962
1932	1.1088
1933	1.10803
1933	1.1088
1934	1.10803
1934	20.5128
1935	1.11111
1935	20.5128
1936	1.05263
1936	1.02564
1937	1.05263
1937	1.02564
1938	1
1938	0.97561
1939	1.07962
1939	1.13798
1940	1.17647
1940	1.26984
1941	1.05263
1941	1.26984
1942	1.02564
1942	1.02564
1943	1.13798
1943	1.17216
1944	1.07962
1944	1.17216
1945	1.11111
1946	1.05194
1947	1.05194
1947	1.05194
1948	1.08108
1948	1.1088
1949	1.23839
1949	1.1088
1950	1.10803
1951	1.10803
1952	1.05263
1953	1.05263
1954	1
1954	1
1955	1.05263
1955	1
1956	1.07962
1956	1
1957	1.02564
1958	1.10803
1959	1
1960	1.05263
1961	1.02564
1962	1.02564
1963	1.10803
1964	1.02564
1965	1.02564
1966	1.05263
1966	1.05263
1966	1
1967	1
1967	1
1967	1
1968	13.6752
1968	1.05263
1969	1.05263
1969	1.05263
1970	1.08108
1970	1.07962
1971	1.05263
1971	1.07962
1972	1.05194
1973	1
1974	1.02564
1975	1.02564
1976	1.05263
1977	1.10803
1978	1
1979	1.07962
1979	1.07962
1980	1.02564
1980	1.05263
1980	1.02564
1981	1.13798
1981	1.07962
1981	1.02564
1982	1.02564
1982	1.07962
1983	1.05263
1984	1.02564
1985	1.02564
1986	1.07962
1987	1.05194
1988	1.10803
1989	1.2012
1990	1.10803
1990	1.10803
1991	1.23839
1991	1.13798
1992	1.07962
1992	1.16959
1993	1.10803
1993	1.10803
1994	1.02564
1994	1.02564
1995	7.01754
1995	1.02564
1996	1.1396
1996	1.2012
1997	1.11111
1997	1.2012
1998	1.07962
1998	1.10803
1999	23.5294
1999	1.10803
2000	1.10803
2000	1.10803
