1	0	T 80	80	40	40	
2	0	T 82	81	40	40	
3	1	T 84	82	40	40	P 80	80	40	39	
4	1	T 86	83	40	40	P 80	80	40	38	
5	1	T 88	84	40	40	P 80	80	40	39	
6	1	T 90	85	40	40	P 82	84	40	35	
7	1	T 92	86	40	40	P 84	82	38	38	
8	1	T 94	87	40	40	P 88	84	39	40	
9	1	T 96	88	40	40	P 92	86	40	40	
10	1	T 98	89	40	40	P 92	86	38	40	
11	1	T 100	90	40	40	P 98	88	34	40	
12	1	T 102	91	40	40	P 98	90	40	36	
13	2	T 104	92	40	40	P 98	90	40	39	P 100	92	40	37	
14	2	T 106	93	40	40	P 100	92	40	37	P 102	92	39	39	
15	3	T 108	94	40	40	P 110	93	2	39	P 106	94	40	38	P 108	94	38	40	
16	3	T 110	95	40	40	P 108	94	38	38	P 110	95	38	39	P 110	96	36	39	
17	3	T 112	96	40	40	P 113	96	38	38	P 110	95	38	39	P 110	96	36	39	
18	2	T 114	97	40	40	P 114	98	40	39	P 114	97	40	37	
19	2	T 116	98	40	40	P 116	98	38	36	P 114	97	40	37	
20	2	T 118	99	40	40	P 118	100	40	39	P 118	99	36	37	
21	2	T 120	100	40	40	P 120	100	40	38	P 118	99	36	37	
22	2	T 122	101	40	40	P 122	101	40	39	P 122	102	40	39	
23	2	T 124	102	40	40	P 124	102	38	38	P 124	102	40	40	
24	2	T 126	103	40	40	P 126	102	40	41	P 124	102	40	40	
25	1	T 128	104	40	40	P 128	104	38	40	
26	1	T 130	105	40	40	P 130	105	38	39	
27	1	T 132	106	40	40	P 132	106	40	40	
28	1	T 134	107	40	40	P 130	106	38	38	
29	1	T 136	108	40	40	P 132	106	40	38	
30	1	T 138	109	40	40	P 135	107	38	39	
31	1	T 140	110	40	40	P 134	108	39	38	
32	1	T 142	111	40	40	P 138	109	40	39	
33	1	T 144	112	40	40	P 136	108	38	38	
34	1	T 146	113	40	40	P 138	110	40	39	
35	2	T 148	114	40	40	P 136	108	37	39	P 140	110	38	40	
36	2	T 150	115	40	40	P 140	110	38	40	P 146	114	40	38	
37	2	T 152	116	40	40	P 146	114	40	39	P 148	114	38	38	
38	2	T 154	117	40	40	P 150	115	40	39	P 150	116	40	39	
39	2	T 156	118	40	40	P 152	116	40	38	P 154	117	40	39	
40	2	T 158	119	40	40	P 154	118	40	39	P 156	118	40	38	
41	2	T 160	120	40	40	P 158	119	40	39	P 159	120	39	38	
42	2	T 162	121	40	40	P 160	120	38	38	P 160	120	36	39	
43	2	T 164	122	40	40	P 164	121	37	39	P 164	122	37	39	
44	2	T 166	123	40	40	P 164	122	38	38	P 166	123	36	39	
45	2	T 168	124	40	40	P 166	124	38	38	P 168	124	40	38	
46	2	T 170	125	40	40	P 170	125	38	39	P 168	124	40	38	
47	2	T 172	126	40	40	P 172	126	36	38	P 172	128	38	38	
48	2	T 174	127	40	40	P 176	128	38	39	P 172	128	38	38	
49	1	T 176	128	40	40	P 176	128	38	38	
50	1	T 178	129	40	40	P 178	128	38	40	
51	1	T 180	130	40	40	P 180	130	38	38	
52	1	T 182	131	40	40	P 180	130	40	40	
53	1	T 184	132	40	40	P 182	132	40	38	
54	3	T 186	133	40	40	P 182	132	40	39	P 182	132	40	39	P 184	132	40	38	
55	3	T 188	134	40	40	P 184	132	40	38	P 188	134	38	38	P 184	132	40	38	
56	2	T 190	135	40	40	P 190	136	40	38	P 190	136	40	39	
57	2	T 192	136	40	40	P 190	136	40	38	P 190	136	40	39	
58	0	T 194	137	40	40	
59	0	T 196	138	40	40	
60	0	T 198	139	40	40	
61	0	T 200	140	40	40	
62	0	T 202	141	40	40	
63	0	T 204	142	40	40	
64	0	T 206	143	40	40	
65	1	T 208	144	40	40	P 196	138	40	40	
66	1	T 210	145	40	40	P 196	138	40	40	
67	1	T 212	146	40	40	P 200	139	38	39	
68	2	T 214	147	40	40	P 211	144	39	40	P 214	146	40	40	
69	3	T 216	148	40	40	P 200	140	38	38	P 202	140	38	38	P 210	144	40	40	
70	3	T 218	149	40	40	P 218	149	40	39	P 200	140	40	38	P 202	142	40	38	
71	4	T 220	150	40	40	P 204	142	40	38	P 205	142	39	38	P 212	148	40	34	P 218	150	40	38	
72	4	T 222	151	40	40	P 212	148	38	38	P 220	150	40	40	P 216	146	38	40	P 216	148	39	38	
73	4	T 224	152	40	40	P 224	152	40	40	P 216	148	36	40	P 222	152	38	39	P 226	152	38	38	
74	4	T 226	153	40	40	P 226	154	38	36	P 226	154	38	39	P 222	152	38	39	P 226	152	38	38	
75	2	T 228	154	40	40	P 226	154	38	36	P 226	154	38	39	
76	1	T 230	155	40	40	P 230	156	40	38	
77	1	T 232	156	40	40	P 232	158	38	38	
78	1	T 234	157	40	40	P 234	158	40	39	
79	1	T 236	158	40	40	P 236	158	34	38	
80	2	T 238	159	40	40	P 236	158	40	40	P 236	158	40	40	
81	2	T 240	160	40	40	P 236	158	40	38	P 240	160	38	36	
82	2	T 242	161	40	40	P 242	161	39	39	P 242	162	39	39	
83	2	T 244	162	40	40	P 244	162	40	40	P 244	162	40	38	
84	2	T 246	163	40	40	P 244	162	40	40	P 244	162	40	38	
85	2	T 248	164	40	40	P 248	164	38	38	P 248	164	36	40	
86	2	T 250	165	40	40	P 250	165	38	39	P 250	166	38	39	
87	2	T 252	166	40	40	P 252	166	40	40	P 254	166	38	40	
88	2	T 254	167	40	40	P 254	167	38	39	P 254	168	38	39	
89	2	T 256	168	40	40	P 256	168	38	40	P 254	168	38	39	
90	2	T 258	169	40	40	P 258	169	40	39	P 258	170	40	39	
91	2	T 260	170	40	40	P 260	170	38	38	P 261	170	37	40	
92	2	T 262	171	40	40	P 262	172	36	36	P 262	172	39	36	
93	2	T 264	172	40	40	P 264	172	40	40	P 262	172	39	36	
94	1	T 266	173	40	40	P 268	173	36	37	
95	1	T 268	174	40	40	P 268	174	38	38	
96	1	T 270	175	40	40	P 270	176	38	38	
97	1	T 272	176	40	40	P 272	176	40	38	
98	2	T 274	177	40	40	P 274	177	40	39	P 274	178	40	39	
99	2	T 276	178	40	40	P 276	178	40	38	P 276	178	40	39	
100	2	T 278	179	40	40	P 278	179	40	39	P 278	180	40	39	
101	2	T 280	180	40	40	P 278	179	40	39	P 278	180	40	39	
102	0	T 282	181	40	40	
103	0	T 284	182	40	40	
104	0	T 286	183	40	40	
105	0	T 288	184	40	40	
106	0	T 290	185	40	40	
107	0	T 292	186	40	40	
108	0	T 294	187	40	40	
109	0	T 296	188	40	40	
110	0	T 298	189	40	40	
111	1	T 300	190	40	40	P 284	182	40	40	
112	1	T 302	191	40	40	P 284	182	40	40	
113	2	T 304	192	40	40	P 286	183	40	39	P 288	184	40	40	
114	3	T 306	193	40	40	P 287	184	39	38	P 288	184	40	40	P 288	184	40	40	
115	3	T 308	194	40	40	P 292	186	40	40	P 290	185	40	37	P 290	186	40	36	
116	5	T 310	195	40	40	P 292	186	40	38	P 296	188	40	39	P 298	190	39	38	P 292	186	40	38	P 296	188	40	39	
117	7	T 312	196	40	40	P 298	190	39	39	P 302	191	40	39	P 308	194	40	40	P 303	192	39	38	P 304	192	37	40	P 308	194	40	38	P 308	194	40	40	
118	7	T 314	197	40	40	P 308	194	40	38	P 314	197	37	39	P 314	198	38	39	P 303	192	39	38	P 304	192	37	40	P 308	194	40	38	P 308	194	40	40	
119	3	T 316	198	40	40	P 316	198	40	38	P 316	198	40	40	P 314	198	38	39	
120	2	T 318	199	40	40	P 318	198	40	40	P 318	198	40	41	
121	2	T 320	200	40	40	P 321	200	39	40	P 320	200	40	40	
122	2	T 322	201	40	40	P 322	201	38	39	P 320	200	40	40	
123	1	T 324	202	40	40	P 324	202	40	38	
124	1	T 326	203	40	40	P 328	203	34	39	
125	1	T 328	204	40	40	P 326	204	38	38	
126	1	T 330	205	40	40	P 328	206	38	36	
127	1	T 332	206	40	40	P 330	206	40	38	
128	1	T 334	207	40	40	P 328	206	38	38	
129	1	T 336	208	40	40	P 332	206	39	40	
130	1	T 338	209	40	40	P 332	206	39	38	
131	1	T 340	210	40	40	P 338	209	40	39	
132	1	T 342	211	40	40	P 336	208	39	38	
133	1	T 344	212	40	40	P 338	210	40	39	
134	1	T 346	213	40	40	P 336	210	39	38	
135	1	T 348	214	40	40	P 340	210	38	40	
136	1	T 350	215	40	40	P 344	211	38	39	
137	1	T 352	216	40	40	P 342	212	40	38	
138	1	T 354	217	40	40	P 344	214	40	38	
139	1	T 356	218	40	40	P 346	213	39	37	
140	1	T 358	219	40	40	P 350	216	40	38	
141	2	T 360	220	40	40	P 346	214	39	39	P 358	220	40	39	
142	3	T 362	221	40	40	P 348	214	38	38	P 350	214	36	39	P 356	218	38	40	
143	3	T 364	222	40	40	P 358	220	40	39	P 356	218	38	40	P 350	216	40	36	
144	3	T 366	223	40	40	P 354	218	38	39	P 356	218	38	38	P 360	220	38	40	
145	3	T 368	224	40	40	P 364	222	39	40	P 366	224	40	39	P 364	222	39	38	
146	3	T 370	225	40	40	P 370	224	38	38	P 370	224	34	40	P 370	226	38	38	
147	3	T 372	226	40	40	P 370	226	37	39	P 372	226	38	40	P 374	226	36	40	
148	3	T 374	227	40	40	P 374	228	38	38	P 374	228	38	39	P 374	226	36	40	
149	2	T 376	228	40	40	P 376	228	38	40	P 374	228	38	39	
150	2	T 378	229	40	40	P 378	229	40	39	P 378	230	40	39	
151	2	T 380	230	40	40	P 380	230	38	38	P 380	230	38	39	
152	2	T 382	231	40	40	P 382	232	38	38	P 380	230	38	39	
153	2	T 384	232	40	40	P 384	232	40	39	P 384	232	40	38	
154	2	T 386	233	40	40	P 388	233	34	39	P 386	234	40	38	
155	2	T 388	234	40	40	P 388	235	39	35	P 388	236	39	34	
156	2	T 390	235	40	40	P 388	235	39	35	P 388	236	39	34	
157	2	T 392	236	40	40	P 392	236	40	38	P 392	236	40	40	
158	2	T 394	237	40	40	P 392	236	40	38	P 392	236	40	40	
159	1	T 396	238	40	40	P 398	238	36	38	
160	1	T 398	239	40	40	P 398	238	36	38	
161	1	T 400	240	40	40	P 400	240	40	39	
162	1	T 402	241	40	40	P 400	240	40	38	
163	1	T 404	242	40	40	P 402	240	36	41	
164	1	T 406	243	40	40	P 404	242	37	40	
165	1	T 408	244	40	40	P 406	244	38	38	
166	1	T 410	245	40	40	P 408	244	40	40	
167	1	T 412	246	40	40	P 406	244	38	39	
168	1	T 414	247	40	40	P 412	246	40	40	
169	1	T 416	248	40	40	P 408	244	40	38	
170	2	T 418	249	40	40	P 410	246	40	39	P 416	248	40	40	
171	2	T 420	250	40	40	P 412	246	40	38	P 414	246	38	41	
172	2	T 422	251	40	40	P 418	248	38	38	P 416	248	40	40	
173	3	T 424	252	40	40	P 422	251	40	39	P 420	250	40	38	P 422	251	40	39	
174	3	T 426	253	40	40	P 422	252	40	39	P 424	252	39	38	P 426	252	40	40	
175	3	T 428	254	40	40	P 426	252	40	41	P 428	254	37	38	P 428	254	37	39	
176	3	T 430	255	40	40	P 430	256	40	39	P 428	254	37	38	P 428	254	37	39	
177	2	T 432	256	40	40	P 432	256	40	38	P 432	256	40	40	
178	2	T 434	257	40	40	P 434	257	39	39	P 434	258	39	39	
179	2	T 436	258	40	40	P 436	258	36	38	P 436	258	38	40	
180	2	T 438	259	40	40	P 438	260	40	39	P 438	260	40	38	
181	2	T 440	260	40	40	P 441	260	39	38	P 441	260	39	40	
182	2	T 442	261	40	40	P 442	262	40	38	P 441	260	39	40	
183	2	T 444	262	40	40	P 444	264	40	34	P 444	264	40	38	
184	2	T 446	263	40	40	P 446	263	40	39	P 446	264	39	39	
185	2	T 448	264	40	40	P 448	264	39	38	P 448	264	39	40	
186	2	T 450	265	40	40	P 450	268	39	34	P 450	268	36	37	
187	2	T 452	266	40	40	P 452	266	40	38	P 452	266	36	38	
188	2	T 454	267	40	40	P 454	267	38	39	P 454	268	38	38	
189	2	T 456	268	40	40	P 454	267	38	39	P 454	268	38	38	
190	2	T 458	269	40	40	P 458	269	40	39	P 458	270	40	39	
191	2	T 460	270	40	40	P 460	270	38	38	P 458	270	40	39	
192	2	T 462	271	40	40	P 462	272	38	38	P 462	272	38	39	
193	2	T 464	272	40	40	P 466	272	38	38	P 462	272	38	39	
194	2	T 466	273	40	40	P 466	273	39	39	P 466	274	39	39	
195	2	T 468	274	40	40	P 468	274	38	40	P 468	274	36	40	
196	2	T 470	275	40	40	P 470	275	40	39	P 470	276	40	38	
197	2	T 472	276	40	40	P 472	276	38	38	P 470	276	40	38	
198	2	T 474	277	40	40	P 475	278	39	38	P 474	278	40	38	
199	2	T 476	278	40	40	P 476	278	40	40	P 478	278	38	38	
200	2	T 478	279	40	40	P 476	278	40	40	P 478	278	38	38	
201	0	T 480	280	40	40	
202	0	T 482	281	40	40	
203	0	T 484	282	40	40	
204	0	T 486	283	40	40	
205	0	T 488	284	40	40	
206	0	T 490	285	40	40	
207	0	T 492	286	40	40	
208	0	T 494	287	40	40	
209	0	T 496	288	40	40	
210	3	T 498	289	40	40	P 482	282	40	39	P 492	286	40	40	P 492	286	40	40	
211	3	T 500	290	40	40	P 482	282	40	39	P 486	283	40	39	P 486	284	40	39	
212	4	T 502	291	40	40	P 489	284	39	38	P 488	284	40	38	P 490	286	39	39	P 489	284	39	38	
213	4	T 504	292	40	40	P 494	287	40	39	P 492	286	40	38	P 504	292	40	40	P 494	288	40	39	
214	5	T 506	293	40	40	P 498	288	36	40	P 502	292	38	38	P 502	292	39	39	P 506	295	39	35	P 502	292	39	39	
215	5	T 508	294	40	40	P 510	296	37	36	P 510	296	34	38	P 502	292	39	39	P 506	295	39	35	P 502	292	39	39	
216	2	T 510	295	40	40	P 510	295	36	39	P 510	296	34	38	
217	2	T 512	296	40	40	P 512	296	40	40	P 512	296	40	38	
218	2	T 514	297	40	40	P 516	298	38	38	P 512	296	40	38	
219	2	T 516	298	40	40	P 516	298	38	38	P 516	298	38	40	
220	2	T 518	299	40	40	P 519	299	36	39	P 518	300	38	38	
221	2	T 520	300	40	40	P 520	300	38	38	P 518	300	38	38	
222	1	T 522	301	40	40	P 520	300	38	38	
223	1	T 524	302	40	40	P 524	302	38	38	
224	1	T 526	303	40	40	P 524	302	38	38	
225	1	T 528	304	40	40	P 528	304	40	40	
226	1	T 530	305	40	40	P 528	304	40	38	
227	1	T 532	306	40	40	P 530	306	39	38	
228	1	T 534	307	40	40	P 532	306	40	40	
229	1	T 536	308	40	40	P 530	306	39	39	
230	1	T 538	309	40	40	P 532	306	40	38	
231	2	T 540	310	40	40	P 538	308	38	38	P 538	308	38	39	
232	4	T 542	311	40	40	P 542	312	40	39	P 540	310	37	39	P 540	310	38	40	P 540	310	38	40	
233	4	T 544	312	40	40	P 542	310	35	40	P 545	312	39	40	P 542	312	40	38	P 545	312	39	38	
234	4	T 546	313	40	40	P 546	314	36	36	P 545	312	39	40	P 542	312	40	38	P 545	312	39	38	
235	2	T 548	314	40	40	P 550	314	38	36	P 548	316	40	35	
236	2	T 550	315	40	40	P 550	316	40	39	P 548	316	40	35	
237	2	T 552	316	40	40	P 552	316	40	38	P 552	316	40	40	
238	2	T 554	317	40	40	P 552	316	40	38	P 552	316	40	40	
239	1	T 556	318	40	40	P 556	318	36	36	
240	1	T 558	319	40	40	P 558	320	40	39	
241	1	T 560	320	40	40	P 560	320	40	38	
242	1	T 562	321	40	40	P 562	321	38	39	
243	1	T 564	322	40	40	P 562	322	40	38	
244	1	T 566	323	40	40	P 564	322	38	38	
245	1	T 568	324	40	40	P 564	322	38	40	
246	1	T 570	325	40	40	P 568	324	38	38	
247	1	T 572	326	40	40	P 570	326	39	39	
248	1	T 574	327	40	40	P 569	324	35	40	
249	1	T 576	328	40	40	P 570	326	39	38	
250	1	T 578	329	40	40	P 574	328	37	38	
251	2	T 580	330	40	40	P 580	329	38	39	P 580	330	40	40	
252	2	T 582	331	40	40	P 575	327	37	39	P 575	328	35	39	
253	2	T 584	332	40	40	P 578	328	38	38	P 576	328	40	38	
254	2	T 586	333	40	40	P 580	330	38	38	P 582	332	38	38	
255	2	T 588	334	40	40	P 586	334	38	38	P 588	336	40	36	
256	3	T 590	335	40	40	P 590	334	40	40	P 590	336	38	38	P 590	334	40	41	
257	3	T 592	336	40	40	P 592	336	37	38	P 592	336	38	40	P 590	334	40	41	
258	2	T 594	337	40	40	P 594	340	40	34	P 594	340	36	37	
259	2	T 596	338	40	40	P 596	338	40	38	P 596	338	40	40	
260	2	T 598	339	40	40	P 598	338	38	41	P 596	338	40	40	
261	2	T 600	340	40	40	P 600	340	39	38	P 600	340	39	40	
262	2	T 602	341	40	40	P 602	341	40	39	P 603	342	39	38	
263	2	T 604	342	40	40	P 604	342	40	38	P 603	342	39	38	
264	1	T 606	343	40	40	P 606	344	39	38	
265	1	T 608	344	40	40	P 608	344	40	38	
266	1	T 610	345	40	40	P 612	345	37	39	
267	1	T 612	346	40	40	P 610	346	39	38	
268	1	T 614	347	40	40	P 612	346	40	38	
269	1	T 616	348	40	40	P 612	346	36	40	
270	1	T 618	349	40	40	P 614	347	38	39	
271	1	T 620	350	40	40	P 614	348	38	39	
272	1	T 622	351	40	40	P 616	348	38	38	
273	1	T 624	352	40	40	P 616	348	38	40	
274	1	T 626	353	40	40	P 618	350	40	38	
275	1	T 628	354	40	40	P 620	350	38	38	
276	1	T 630	355	40	40	P 626	354	40	39	
277	1	T 632	356	40	40	P 624	352	38	38	
278	1	T 634	357	40	40	P 626	354	40	38	
279	1	T 636	358	40	40	P 628	354	38	38	
280	1	T 638	359	40	40	P 638	360	40	39	
281	1	T 640	360	40	40	P 630	355	38	39	
282	3	T 642	361	40	40	P 630	356	38	39	P 636	358	40	38	P 636	358	40	38	
283	4	T 644	362	40	40	P 632	356	37	38	P 632	356	38	40	P 634	358	38	38	P 642	361	40	39	
284	4	T 646	363	40	40	P 642	361	40	39	P 638	360	40	38	P 646	364	40	39	P 640	362	40	38	
285	4	T 648	364	40	40	P 643	362	39	38	P 648	364	40	38	P 648	364	40	40	P 640	362	40	38	
286	3	T 650	365	40	40	P 650	366	40	39	P 650	366	40	38	P 648	364	40	40	
287	2	T 652	366	40	40	P 652	366	36	38	P 652	368	38	38	
288	2	T 654	367	40	40	P 654	368	36	36	P 654	368	36	39	
289	2	T 656	368	40	40	P 658	368	38	40	P 654	368	36	39	
290	1	T 658	369	40	40	P 658	370	40	39	
291	1	T 660	370	40	40	P 660	370	37	38	
292	1	T 658	371	40	40	P 660	371	38	39	
293	1	T 656	372	40	40	P 658	372	40	39	
294	1	T 654	373	40	40	P 656	372	40	38	
295	1	T 652	374	40	40	P 654	374	40	39	
296	1	T 650	375	40	40	P 652	378	37	37	
297	1	T 648	376	40	40	P 648	376	40	40	
298	1	T 646	377	40	40	P 646	378	40	38	
299	1	T 644	378	40	40	P 646	378	40	39	
300	1	T 642	379	40	40	P 644	378	36	38	
301	1	T 640	380	40	40	P 644	378	39	40	
302	1	T 638	381	40	40	P 642	379	40	37	
303	2	T 636	382	40	40	P 642	380	40	39	P 642	380	40	39	
304	3	T 634	383	40	40	P 640	380	40	40	P 638	382	40	38	P 640	380	40	40	
305	3	T 632	384	40	40	P 636	383	38	39	P 632	384	40	38	P 640	380	40	40	
306	2	T 630	385	40	40	P 630	385	38	39	P 630	386	38	38	
307	2	T 628	386	40	40	P 628	386	39	40	P 628	386	39	38	
308	2	T 626	387	40	40	P 626	388	40	38	P 628	386	39	38	
309	2	T 624	388	40	40	P 624	388	36	38	P 624	388	36	40	
310	3	T 622	389	40	40	P 622	388	40	41	P 630	387	2	39	P 624	388	34	40	
311	3	T 620	390	40	40	P 620	390	40	38	P 623	390	37	40	P 624	388	34	40	
312	2	T 618	391	40	40	P 618	391	39	39	P 623	390	37	40	
313	1	T 616	392	40	40	P 616	392	38	38	
314	1	T 614	393	40	40	P 614	394	38	38	
315	1	T 612	394	40	40	P 614	394	38	39	
316	1	T 610	395	40	40	P 612	394	39	38	
317	2	T 608	396	40	40	P 610	396	40	39	P 610	396	40	39	
318	2	T 606	397	40	40	P 614	394	37	40	P 610	396	40	36	
319	2	T 604	398	40	40	P 606	397	40	39	P 604	398	38	38	
320	2	T 602	399	40	40	P 604	398	36	40	P 604	398	38	38	
321	1	T 600	400	40	40	P 600	400	38	38	
322	1	T 598	401	40	40	P 598	401	40	37	
323	1	T 596	402	40	40	P 596	402	40	38	
324	2	T 594	403	40	40	P 596	402	40	40	P 596	402	40	40	
325	2	T 592	404	40	40	P 594	404	36	40	P 596	402	40	40	
326	2	T 590	405	40	40	P 590	406	38	38	P 591	406	35	39	
327	2	T 588	406	40	40	P 588	406	40	40	P 591	406	35	39	
328	2	T 586	407	40	40	P 586	408	39	38	P 586	408	39	39	
329	2	T 584	408	40	40	P 586	408	38	38	P 584	408	40	38	
330	2	T 582	409	40	40	P 582	409	40	39	P 582	410	39	39	
331	2	T 580	410	40	40	P 580	410	38	38	P 580	410	38	40	
332	2	T 578	411	40	40	P 578	412	38	38	P 578	412	38	39	
333	2	T 576	412	40	40	P 576	412	38	38	P 578	412	38	39	
334	1	T 574	413	40	40	P 576	412	38	38	
335	1	T 572	414	40	40	P 572	414	37	39	
336	1	T 570	415	40	40	P 570	416	38	38	
337	1	T 568	416	40	40	P 571	416	37	38	
338	1	T 566	417	40	40	P 568	418	38	38	
339	1	T 564	418	40	40	P 566	418	40	38	
340	1	T 562	419	40	40	P 564	418	39	38	
341	1	T 560	420	40	40	P 562	418	38	40	
342	2	T 558	419	40	40	P 558	418	40	41	P 558	418	40	40	
343	2	T 556	418	40	40	P 562	418	38	41	P 560	420	38	38	
344	2	T 554	417	40	40	P 556	418	39	38	P 556	417	36	39	
345	2	T 552	416	40	40	P 552	416	40	40	P 554	418	38	38	
346	2	T 550	415	40	40	P 552	416	40	38	P 550	415	38	37	
347	2	T 548	414	40	40	P 550	416	38	39	P 548	414	40	38	
348	2	T 546	413	40	40	P 548	414	40	40	P 546	413	38	37	
349	2	T 544	412	40	40	P 546	414	38	39	P 546	412	38	39	
350	2	T 542	411	40	40	P 543	412	36	38	P 546	412	38	39	
351	1	T 540	410	40	40	P 540	410	38	38	
352	1	T 538	409	40	40	P 538	408	38	40	
353	1	T 536	408	40	40	P 544	410	2	38	
354	1	T 534	407	40	40	P 538	408	37	41	
355	1	T 532	406	40	40	P 536	408	40	38	
356	1	T 530	405	40	40	P 536	408	40	40	
357	2	T 528	404	40	40	P 534	407	39	39	P 534	407	39	39	
358	2	T 526	403	40	40	P 532	406	40	40	P 534	408	39	39	
359	3	T 524	402	40	40	P 530	405	39	39	P 530	406	39	39	P 530	405	39	39	
360	3	T 522	401	40	40	P 526	403	40	37	P 526	404	40	39	P 522	401	38	39	
361	3	T 520	400	40	40	P 522	402	38	38	P 520	400	40	40	P 522	401	38	39	
362	2	T 518	399	40	40	P 518	400	38	39	P 520	400	40	40	
363	2	T 516	398	40	40	P 516	398	38	38	P 518	398	36	40	
364	2	T 514	397	40	40	P 514	398	36	39	P 518	398	36	40	
365	2	T 512	396	40	40	P 514	398	36	39	P 546	396	6	38	
366	2	T 510	395	40	40	P 510	396	40	38	P 546	396	6	38	
367	2	T 508	394	40	40	P 512	396	6	38	P 510	396	34	38	
368	2	T 506	393	40	40	P 506	394	38	39	P 506	394	38	38	
369	2	T 504	392	40	40	P 504	393	40	35	P 504	394	40	34	
370	2	T 502	391	40	40	P 504	393	40	35	P 504	394	40	34	
371	2	T 500	390	40	40	P 500	390	40	38	P 500	390	40	40	
372	2	T 498	389	40	40	P 498	389	38	39	P 498	390	38	38	
373	2	T 496	388	40	40	P 496	390	38	36	P 496	390	38	38	
374	2	T 494	387	40	40	P 496	390	38	36	P 496	390	38	38	
375	2	T 492	386	40	40	P 492	386	40	40	P 494	386	38	38	
376	2	T 490	385	40	40	P 492	386	40	40	P 494	386	38	38	
377	2	T 488	384	40	40	P 488	384	39	38	P 488	384	39	40	
378	2	T 486	383	40	40	P 486	383	40	39	P 486	384	40	39	
379	2	T 484	382	40	40	P 486	383	40	39	P 486	384	40	39	
380	2	T 482	381	40	40	P 484	382	38	38	P 482	382	40	39	
381	2	T 480	380	40	40	P 482	380	38	38	P 482	380	38	40	
382	2	T 478	379	40	40	P 480	379	34	37	P 482	380	38	40	
383	1	T 476	378	40	40	P 476	378	40	38	
384	1	T 474	377	40	40	P 475	378	37	36	
385	1	T 472	376	40	40	P 472	376	40	38	
386	1	T 470	375	40	40	P 475	378	37	38	
387	1	T 468	374	40	40	P 468	374	39	40	
388	1	T 466	373	40	40	P 472	375	38	37	
389	2	T 464	372	40	40	P 468	374	39	38	P 468	374	39	38	
390	2	T 462	371	40	40	P 472	376	38	37	P 466	374	40	36	
391	2	T 460	370	40	40	P 462	372	39	38	P 468	374	38	39	
392	2	T 458	369	40	40	P 464	373	40	37	P 462	372	39	39	
393	2	T 456	368	40	40	P 460	372	38	38	P 456	368	40	40	
394	2	T 454	367	40	40	P 458	369	38	39	P 456	368	40	38	
395	2	T 452	366	40	40	P 454	368	39	38	P 456	368	37	39	
396	2	T 450	365	40	40	P 450	366	40	36	P 452	366	38	38	
397	2	T 448	364	40	40	P 448	364	38	40	P 452	366	38	38	
398	1	T 446	363	40	40	P 447	364	38	38	
399	1	T 444	362	40	40	P 444	364	40	36	
400	1	T 442	361	40	40	P 446	364	38	37	
401	1	T 440	360	40	40	P 440	362	40	38	
402	1	T 438	359	40	40	P 444	360	38	40	
403	1	T 436	358	40	40	P 438	359	40	39	
404	1	T 434	357	40	40	P 438	360	40	39	
405	1	T 432	356	40	40	P 436	358	40	40	
406	1	T 430	355	40	40	P 434	358	40	39	
407	2	T 428	354	40	40	P 430	356	40	39	P 430	356	40	39	
408	2	T 426	353	40	40	P 426	354	38	38	P 426	354	37	39	
409	2	T 424	352	40	40	P 426	354	38	38	P 426	354	37	39	
410	1	T 422	351	40	40	P 424	352	38	38	
411	1	T 420	350	40	40	P 421	350	39	38	
412	1	T 418	349	40	40	P 420	350	40	38	
413	1	T 416	348	40	40	P 418	352	39	37	
414	1	T 414	347	40	40	P 416	348	40	38	
415	1	T 412	346	40	40	P 412	346	40	38	
416	1	T 410	345	40	40	P 412	346	40	39	
417	1	T 408	344	40	40	P 410	346	40	37	
418	1	T 406	343	40	40	P 408	344	39	38	
419	2	T 404	342	40	40	P 406	342	40	40	P 406	342	40	40	
420	2	T 402	341	40	40	P 408	346	39	38	P 408	342	38	41	
421	2	T 400	340	40	40	P 402	342	40	38	P 400	340	38	38	
422	2	T 398	339	40	40	P 398	339	40	37	P 398	340	40	39	
423	2	T 396	338	40	40	P 396	338	39	38	P 398	340	40	39	
424	1	T 394	337	40	40	P 394	338	38	38	
425	1	T 392	336	40	40	P 393	337	35	35	
426	1	T 390	335	40	40	P 390	335	40	39	
427	1	T 388	334	40	40	P 390	336	40	39	
428	1	T 386	333	40	40	P 388	334	40	38	
429	1	T 384	332	40	40	P 389	334	39	40	
430	1	T 382	331	40	40	P 386	334	39	38	
431	1	T 380	330	40	40	P 384	332	40	40	
432	2	T 378	329	40	40	P 382	331	40	39	P 382	331	40	39	
433	3	T 376	328	40	40	P 382	332	40	39	P 380	330	40	38	P 380	330	40	40	
434	3	T 374	327	40	40	P 380	330	40	40	P 376	328	39	38	P 374	328	38	38	
435	3	T 372	326	40	40	P 372	326	40	38	P 376	328	39	38	P 374	328	38	38	
436	2	T 370	325	40	40	P 370	324	40	40	P 370	324	40	41	
437	2	T 368	324	40	40	P 368	324	38	38	P 370	324	40	41	
438	2	T 366	323	40	40	P 366	324	38	36	P 367	324	35	38	
439	2	T 364	322	40	40	P 364	322	38	40	P 367	324	35	38	
440	1	T 362	321	40	40	P 362	322	38	39	
441	1	T 360	320	40	40	P 360	320	38	38	
442	1	T 358	319	40	40	P 360	320	38	40	
443	2	T 356	318	40	40	P 359	322	39	37	P 356	318	40	40	
444	2	T 354	317	40	40	P 356	318	40	38	P 355	318	37	38	
445	2	T 352	316	40	40	P 352	316	40	40	P 355	318	37	38	
446	1	T 350	315	40	40	P 352	316	40	40	
447	1	T 348	314	40	40	P 348	314	40	38	
448	2	T 346	313	40	40	P 356	316	2	38	P 346	314	38	38	
449	2	T 344	312	40	40	P 348	316	40	38	P 344	312	40	38	
450	2	T 342	311	40	40	P 344	314	40	37	P 342	312	38	39	
451	2	T 340	310	40	40	P 340	310	40	38	P 340	310	40	40	
452	2	T 338	309	40	40	P 338	310	38	38	P 340	310	40	40	
453	2	T 336	308	40	40	P 336	308	40	36	P 336	310	40	35	
454	2	T 334	307	40	40	P 334	307	39	39	P 334	308	39	39	
455	2	T 332	306	40	40	P 332	307	38	37	P 332	308	38	38	
456	2	T 330	305	40	40	P 332	307	38	37	P 332	308	38	38	
457	0	T 328	304	40	40	
458	0	T 326	303	40	40	
459	0	T 324	302	40	40	
460	0	T 322	301	40	40	
461	0	T 320	300	40	40	
462	0	T 318	299	40	40	
463	2	T 316	298	40	40	P 326	303	39	39	P 326	303	39	39	
464	3	T 314	297	40	40	P 328	304	37	38	P 324	303	40	35	P 318	300	40	39	
465	3	T 312	296	40	40	P 322	301	38	39	P 322	302	38	38	P 320	302	38	38	
466	3	T 310	295	40	40	P 318	300	40	38	P 310	296	40	39	P 316	298	39	38	
467	3	T 308	294	40	40	P 314	297	40	37	P 314	298	40	36	P 308	294	40	40	
468	3	T 306	293	40	40	P 314	296	38	38	P 310	296	40	38	P 309	294	35	40	
469	3	T 304	292	40	40	P 306	293	40	39	P 304	292	38	38	P 306	292	36	40	
470	3	T 302	291	40	40	P 302	290	38	40	P 302	290	38	41	P 306	292	36	40	
471	2	T 300	290	40	40	P 300	290	38	40	P 302	290	38	41	
472	2	T 298	289	40	40	P 299	290	35	36	P 299	292	35	36	
473	2	T 296	288	40	40	P 296	288	40	38	P 299	292	35	36	
474	1	T 294	287	40	40	P 294	287	40	39	
475	1	T 292	286	40	40	P 292	286	38	38	
476	2	T 290	285	40	40	P 292	286	38	40	P 292	286	38	40	
477	2	T 288	284	40	40	P 288	284	38	38	P 292	286	38	40	
478	2	T 286	283	40	40	P 286	283	39	37	P 287	284	35	38	
479	2	T 284	282	40	40	P 284	282	38	38	P 287	284	35	38	
480	2	T 282	281	40	40	P 282	282	40	39	P 282	282	40	38	
481	2	T 280	280	40	40	P 280	280	38	38	P 281	280	37	40	
482	2	T 278	279	40	40	P 280	280	38	38	P 281	280	37	40	
483	2	T 276	278	40	40	P 276	278	40	38	P 276	280	40	38	
484	2	T 274	277	40	40	P 274	278	38	38	P 276	280	40	38	
485	2	T 272	276	40	40	P 272	276	39	40	P 272	276	39	38	
486	2	T 270	275	40	40	P 270	275	40	39	P 270	276	40	38	
487	2	T 268	274	40	40	P 268	274	38	38	P 270	274	36	38	
488	2	T 266	273	40	40	P 268	273	36	37	P 266	274	38	36	
489	2	T 264	272	40	40	P 268	273	36	37	P 266	274	38	36	
490	1	T 262	271	40	40	P 262	270	38	40	
491	1	T 260	270	40	40	P 260	270	38	38	
492	1	T 258	269	40	40	P 258	270	38	36	
493	1	T 256	268	40	40	P 256	268	40	38	
494	1	T 254	267	40	40	P 258	268	38	40	
495	1	T 252	266	40	40	P 254	268	40	36	
496	2	T 250	265	40	40	P 254	268	40	38	P 252	266	40	38	
497	2	T 248	264	40	40	P 252	266	38	38	P 248	264	40	38	
498	2	T 246	263	40	40	P 246	263	38	39	P 256	266	2	38	
499	2	T 244	262	40	40	P 244	262	40	38	P 246	262	38	39	
500	2	T 242	261	40	40	P 243	262	39	38	P 246	262	38	39	
501	2	T 240	260	40	40	P 242	260	38	38	P 242	260	38	40	
502	2	T 238	259	40	40	P 240	260	36	38	P 242	260	38	40	
503	1	T 236	258	40	40	P 240	260	36	38	
504	0	T 234	257	40	40	
505	0	T 232	256	40	40	
506	0	T 230	255	40	40	
507	0	T 228	254	40	40	
508	0	T 226	253	40	40	
509	0	T 224	252	40	40	
510	1	T 222	251	40	40	P 230	256	40	39	
511	1	T 220	250	40	40	P 232	256	38	38	
512	2	T 218	249	40	40	P 230	255	40	39	P 218	248	40	40	
513	2	T 216	248	40	40	P 232	256	38	40	P 230	256	40	39	
514	3	T 214	247	40	40	P 226	254	40	38	P 226	254	40	39	P 220	248	38	41	
515	3	T 212	246	40	40	P 224	252	38	40	P 220	250	38	38	P 220	248	38	41	
516	3	T 210	245	40	40	P 218	248	38	38	P 216	248	40	38	P 212	246	39	38	
517	3	T 208	244	40	40	P 210	246	37	38	P 210	246	38	38	P 210	244	38	38	
518	3	T 206	243	40	40	P 208	244	35	38	P 210	246	38	38	P 210	244	38	38	
519	1	T 204	242	40	40	P 204	242	38	40	
520	1	T 202	241	40	40	P 202	242	40	38	
521	1	T 200	240	40	40	P 202	242	40	39	
522	1	T 198	239	40	40	P 200	240	40	38	
523	3	T 196	238	40	40	P 200	240	40	39	P 200	240	40	39	P 198	238	38	40	
524	3	T 194	237	40	40	P 199	239	36	39	P 199	240	36	39	P 194	237	37	39	
525	3	T 192	236	40	40	P 194	238	37	39	P 199	240	36	39	P 194	237	37	39	
526	2	T 190	235	40	40	P 194	238	37	39	P 224	236	5	38	
527	2	T 188	234	40	40	P 188	234	38	40	P 224	236	5	38	
528	2	T 186	233	40	40	P 190	236	6	38	P 186	233	40	37	
529	2	T 184	232	40	40	P 184	232	39	40	P 186	234	40	37	
530	2	T 182	231	40	40	P 182	231	38	37	P 186	234	40	37	
531	2	T 180	230	40	40	P 180	230	39	38	P 180	230	39	40	
532	2	T 178	229	40	40	P 178	229	40	39	P 178	230	40	39	
533	2	T 176	228	40	40	P 176	228	40	38	P 178	230	40	39	
534	1	T 174	227	40	40	P 174	228	40	36	
535	1	T 172	226	40	40	P 172	226	38	38	
536	1	T 170	225	40	40	P 170	224	40	40	
537	1	T 168	224	40	40	P 168	224	38	38	
538	1	T 166	223	40	40	P 168	224	38	38	
539	1	T 164	222	40	40	P 166	222	37	38	
540	1	T 162	221	40	40	P 166	222	37	40	
541	1	T 160	220	40	40	P 163	222	38	36	
542	1	T 158	219	40	40	P 163	222	38	38	
543	1	T 156	218	40	40	P 158	220	38	38	
544	1	T 154	217	40	40	P 154	217	38	39	
545	1	T 152	216	40	40	P 154	218	38	39	
546	1	T 150	215	40	40	P 152	216	40	38	
547	2	T 148	214	40	40	P 150	216	38	38	P 148	214	40	40	
548	2	T 146	213	40	40	P 148	214	40	38	P 148	212	34	40	
549	2	T 144	212	40	40	P 145	212	37	38	P 145	212	37	40	
550	2	T 142	211	40	40	P 145	212	37	38	P 145	212	37	40	
551	1	T 140	210	40	40	P 140	212	40	36	
552	1	T 138	209	40	40	P 138	210	39	38	
553	1	T 136	208	40	40	P 138	210	39	39	
554	1	T 134	207	40	40	P 137	208	39	38	
555	1	T 132	206	40	40	P 137	208	39	38	
556	1	T 130	205	40	40	P 130	204	40	40	
557	1	T 128	204	40	40	P 128	206	40	36	
558	1	T 126	203	40	40	P 126	203	38	39	
559	1	T 124	202	40	40	P 126	202	37	36	
560	1	T 122	201	40	40	P 122	202	38	38	
561	1	T 120	200	40	40	P 124	202	36	38	
562	1	T 118	199	40	40	P 120	202	38	36	
563	1	T 116	198	40	40	P 120	199	38	37	
564	1	T 114	197	40	40	P 114	197	40	39	
565	1	T 112	196	40	40	P 118	200	40	36	
566	1	T 110	195	40	40	P 116	198	38	38	
567	3	T 108	194	40	40	P 110	196	39	39	P 116	198	38	40	P 110	196	39	38	
568	3	T 106	193	40	40	P 116	198	38	40	P 110	196	39	38	P 106	193	39	39	
569	3	T 104	192	40	40	P 108	194	37	38	P 104	194	38	36	P 104	194	38	38	
570	3	T 102	191	40	40	P 102	192	40	38	P 104	194	38	36	P 104	194	38	38	
571	2	T 100	190	40	40	P 100	192	40	36	P 100	192	40	38	
572	2	T 98	189	40	40	P 99	189	39	39	P 99	190	39	38	
573	2	T 96	188	40	40	P 96	188	40	40	P 98	188	38	38	
574	2	T 94	187	40	40	P 94	188	40	38	P 96	188	38	38	
575	2	T 92	186	40	40	P 94	188	40	38	P 96	188	38	38	
576	2	T 90	185	40	40	P 92	185	38	39	P 90	186	40	38	
577	2	T 88	184	40	40	P 88	184	40	38	P 90	186	40	38	
578	2	T 86	183	40	40	P 86	183	39	39	P 87	184	38	38	
579	2	T 84	182	40	40	P 86	183	39	39	P 87	184	38	38	
580	1	T 82	181	40	40	P 82	182	40	39	
581	2	T 80	180	40	40	P 84	182	6	38	P 82	180	38	40	
582	2	T 78	179	40	40	P 84	182	6	38	P 82	180	38	40	
583	1	T 76	178	40	40	P 76	178	40	36	
584	1	T 74	177	40	40	P 76	177	34	37	
585	1	T 72	176	40	40	P 72	176	40	38	
586	2	T 70	175	40	40	P 72	176	40	40	P 72	176	40	40	
587	2	T 68	174	40	40	P 70	176	40	36	P 68	174	40	40	
588	2	T 66	173	40	40	P 66	174	40	38	P 66	174	40	39	
589	2	T 64	172	40	40	P 66	172	34	38	P 64	172	38	38	
590	2	T 62	171	40	40	P 62	172	38	38	P 64	172	38	38	
591	2	T 60	170	40	40	P 60	170	40	39	P 60	170	40	38	
592	2	T 58	169	40	40	P 58	169	40	39	P 58	170	40	38	
593	2	T 56	168	40	40	P 56	168	40	40	P 58	170	40	38	
594	1	T 54	167	40	40	P 56	167	37	37	
595	1	T 52	166	40	40	P 56	167	37	37	
596	1	T 50	165	40	40	P 50	165	40	39	
597	1	T 48	164	40	40	P 50	166	40	39	
598	1	T 46	163	40	40	P 48	164	40	38	
599	1	T 44	162	40	40	P 46	164	38	38	
600	1	T 42	161	40	40	P 46	164	38	39	
601	1	T 40	160	40	40	P 40	160	40	40	
602	1	T 38	159	40	40	P 40	160	40	38	
603	1	T 36	158	40	40	P 36	158	38	38	
604	1	T 34	157	40	40	P 34	157	40	39	
605	2	T 32	156	40	40	P 34	158	40	39	P 34	158	40	39	
606	2	T 30	155	40	40	P 34	158	40	39	P 34	158	40	39	
607	2	T 28	154	40	40	P 28	154	40	38	P 28	154	40	40	
608	2	T 26	153	40	40	P 26	153	36	39	P 26	154	38	39	
609	2	T 24	152	40	40	P 24	152	38	38	P 26	154	38	39	
610	2	T 22	151	40	40	P 22	151	40	39	P 22	152	40	38	
611	2	T 20	150	40	40	P 20	150	39	38	P 22	152	40	38	
612	1	T 22	149	40	40	P 22	150	40	38	
613	1	T 24	148	40	40	P 24	148	38	40	
614	1	T 26	147	40	40	P 26	147	40	39	
615	1	T 28	146	40	40	P 26	147	40	39	
616	1	T 30	145	40	40	P 30	146	40	38	
617	1	T 32	144	40	40	P 34	144	36	40	
618	1	T 34	143	40	40	P 34	144	40	38	
619	1	T 36	142	40	40	P 36	142	40	40	
620	1	T 38	141	40	40	P 38	141	36	39	
621	1	T 40	140	40	40	P 38	142	38	39	
622	1	T 42	139	40	40	P 40	140	40	38	
623	1	T 44	138	40	40	P 42	139	38	39	
624	1	T 46	137	40	40	P 42	140	38	38	
625	1	T 48	136	40	40	P 48	136	40	40	
626	1	T 50	135	40	40	P 44	142	38	36	
627	1	T 52	134	40	40	P 48	136	40	38	
628	2	T 54	133	40	40	P 50	136	40	38	P 50	136	40	39	
629	2	T 56	132	40	40	P 50	136	40	39	P 52	134	40	38	
630	2	T 58	131	40	40	P 54	134	38	39	P 57	132	39	38	
631	3	T 60	130	40	40	P 57	132	39	40	P 58	132	40	39	P 57	132	39	40	
632	3	T 62	129	40	40	P 58	132	40	38	P 60	130	38	40	P 62	130	37	39	
633	3	T 64	128	40	40	P 66	128	38	38	P 60	130	38	40	P 62	130	37	39	
634	1	T 66	127	40	40	P 66	128	38	38	
635	1	T 68	126	40	40	P 68	126	40	39	
636	1	T 70	125	40	40	P 68	126	40	38	
637	1	T 72	124	40	40	P 72	124	38	40	
638	1	T 74	123	40	40	P 74	122	36	40	
639	1	T 76	122	40	40	P 74	122	36	41	
640	1	T 78	121	40	40	P 76	122	36	38	
641	1	T 80	120	40	40	P 78	122	40	39	
642	1	T 82	119	40	40	P 80	120	40	38	
643	1	T 84	118	40	40	P 82	120	40	39	
644	1	T 86	117	40	40	P 84	118	40	38	
645	1	T 88	116	40	40	P 84	118	36	40	
646	1	T 90	115	40	40	P 90	116	40	38	
647	1	T 92	114	40	40	P 91	116	39	39	
648	2	T 94	113	40	40	P 92	114	40	38	P 92	114	40	38	
649	2	T 96	112	40	40	P 92	114	40	39	P 96	112	38	38	
650	2	T 98	111	40	40	P 98	114	40	34	P 100	114	38	37	
651	2	T 100	110	40	40	P 98	114	40	34	P 100	114	38	37	
652	1	T 102	109	40	40	P 102	110	38	38	
653	1	T 104	108	40	40	P 104	108	40	39	
654	1	T 106	107	40	40	P 105	108	39	38	
655	1	T 108	106	40	40	P 106	107	40	39	
656	1	T 110	105	40	40	P 108	108	38	38	
657	2	T 112	104	40	40	P 108	106	40	38	P 110	104	36	41	
658	2	T 114	103	40	40	P 110	104	36	41	P 114	103	40	39	
659	2	T 116	102	40	40	P 114	104	40	39	P 118	102	38	38	
660	2	T 118	101	40	40	P 118	100	39	40	P 120	100	37	41	
661	2	T 120	100	40	40	P 120	100	39	38	P 122	100	37	38	
662	2	T 122	99	40	40	P 122	100	40	39	P 122	100	40	38	
663	2	T 124	98	40	40	P 126	98	37	38	P 122	100	40	38	
664	1	T 126	97	40	40	P 126	98	40	38	
665	1	T 128	96	40	40	P 128	98	38	38	
666	1	T 130	95	40	40	P 130	96	40	39	
667	1	T 132	94	40	40	P 130	96	40	38	
668	1	T 134	93	40	40	P 132	94	39	38	
669	1	T 136	92	40	40	P 138	92	38	40	
670	1	T 138	91	40	40	P 140	91	35	39	
671	1	T 140	90	40	40	P 140	91	40	37	
672	2	T 142	89	40	40	P 140	92	40	38	P 140	92	40	38	
673	2	T 144	88	40	40	P 144	88	40	36	P 140	92	40	38	
674	1	T 146	87	40	40	P 144	88	40	36	
675	1	T 148	86	40	40	P 152	86	36	38	
676	1	T 150	85	40	40	P 150	85	40	39	
677	1	T 152	84	40	40	P 148	86	40	38	
678	2	T 154	83	40	40	P 150	86	40	39	P 152	84	40	40	
679	2	T 156	82	40	40	P 152	84	40	38	P 152	84	40	40	
680	2	T 158	81	40	40	P 156	82	39	38	P 156	82	39	39	
681	2	T 160	80	40	40	P 158	84	38	36	P 156	82	39	39	
682	1	T 162	79	40	40	P 158	84	38	36	
683	1	T 164	78	40	40	P 164	78	40	38	
684	1	T 166	77	40	40	P 166	77	39	39	
685	1	T 168	76	40	40	P 166	78	39	38	
686	1	T 170	75	40	40	P 168	76	38	38	
687	1	T 172	74	40	40	P 170	76	38	38	
688	1	T 174	73	40	40	P 176	74	38	38	
689	1	T 176	72	40	40	P 174	74	40	38	
690	1	T 178	71	40	40	P 176	72	37	38	
691	1	T 180	70	40	40	P 176	72	38	40	
692	1	T 182	69	40	40	P 178	72	38	39	
693	1	T 184	68	40	40	P 182	70	38	36	
694	1	T 186	67	40	40	P 186	68	40	39	
695	1	T 188	66	40	40	P 182	69	38	39	
696	1	T 190	65	40	40	P 182	70	38	39	
697	2	T 192	64	40	40	P 184	68	38	38	P 188	66	38	40	
698	2	T 194	63	40	40	P 194	63	40	39	P 186	67	36	39	
699	2	T 196	62	40	40	P 188	66	38	38	P 188	66	38	40	
700	3	T 198	61	40	40	P 194	64	40	39	P 194	66	37	36	P 194	64	40	39	
701	3	T 200	60	40	40	P 196	64	38	38	P 201	60	39	38	P 201	61	3	39	
702	3	T 202	59	40	40	P 202	59	40	39	P 202	60	40	38	P 201	61	3	39	
703	2	T 204	58	40	40	P 206	58	38	38	P 206	58	38	40	
704	2	T 206	57	40	40	P 206	57	38	39	P 206	58	38	39	
705	2	T 208	56	40	40	P 208	58	38	36	P 208	58	38	38	
706	2	T 210	55	40	40	P 210	56	38	36	P 210	56	38	39	
707	2	T 212	54	40	40	P 212	54	40	38	P 210	56	38	39	
708	2	T 214	53	40	40	P 214	53	38	39	P 214	54	38	39	
709	2	T 216	52	40	40	P 216	52	40	40	P 216	52	40	38	
710	2	T 218	51	40	40	P 219	52	38	39	P 216	52	40	38	
711	1	T 220	50	40	40	P 220	50	38	38	
712	1	T 222	49	40	40	P 222	49	38	39	
713	1	T 224	48	40	40	P 222	50	38	38	
714	1	T 226	47	40	40	P 226	48	39	39	
715	1	T 228	46	40	40	P 224	48	39	38	
716	1	T 230	45	40	40	P 226	47	36	37	
717	1	T 232	44	40	40	P 228	46	40	38	
718	1	T 234	43	40	40	P 228	48	40	38	
719	1	T 236	42	40	40	P 230	44	37	40	
720	3	T 238	41	40	40	P 230	44	38	41	P 230	44	38	41	P 236	42	40	38	
721	3	T 240	40	40	40	P 234	44	39	39	P 236	42	40	38	P 238	42	38	40	
722	3	T 242	39	40	40	P 240	40	39	38	P 240	40	39	40	P 242	39	40	39	
723	3	T 244	38	40	40	P 242	40	40	38	P 244	38	36	36	P 242	39	40	39	
724	2	T 246	37	40	40	P 246	38	40	39	P 244	38	36	36	
725	2	T 248	36	40	40	P 249	36	38	38	P 249	36	38	40	
726	2	T 250	35	40	40	P 250	35	38	37	P 250	36	38	36	
727	2	T 252	34	40	40	P 252	36	40	38	P 252	36	38	36	
728	2	T 254	33	40	40	P 254	33	38	39	P 254	34	38	38	
729	2	T 256	32	40	40	P 256	32	40	38	P 254	34	38	38	
730	1	T 258	31	40	40	P 258	32	40	38	
731	1	T 260	30	40	40	P 258	32	40	38	
732	1	T 262	29	40	40	P 262	30	40	36	
733	1	T 264	28	40	40	P 262	30	40	39	
734	1	T 266	27	40	40	P 264	28	38	40	
735	1	T 268	26	40	40	P 266	27	38	39	
736	1	T 270	25	40	40	P 268	26	40	38	
737	1	T 272	24	40	40	P 273	24	39	40	
738	1	T 274	23	40	40	P 272	24	40	40	
739	1	T 276	22	40	40	P 274	23	40	37	
740	1	T 278	21	40	40	P 274	24	38	39	
741	1	T 280	20	40	40	P 276	22	39	38	
742	1	T 282	21	40	40	P 282	22	40	39	
743	1	T 284	22	40	40	P 278	22	37	40	
744	1	T 286	23	40	40	P 280	22	37	38	
745	1	T 288	24	40	40	P 286	24	40	39	
746	1	T 290	25	40	40	P 280	22	37	39	
747	1	T 292	26	40	40	P 280	20	40	38	
748	1	T 294	27	40	40	P 282	22	40	38	
749	2	T 296	28	40	40	P 288	24	40	38	P 296	28	40	40	
750	2	T 298	29	40	40	P 290	26	38	38	P 292	26	36	38	
751	2	T 300	30	40	40	P 294	28	39	39	P 300	30	38	40	
752	2	T 302	31	40	40	P 292	26	40	38	P 294	28	39	36	
753	2	T 304	32	40	40	P 296	28	40	38	P 298	29	39	35	
754	2	T 306	33	40	40	P 300	30	38	38	P 304	32	38	38	
755	2	T 308	34	40	40	P 307	34	39	39	P 308	34	38	38	
756	2	T 310	35	40	40	P 310	36	38	36	P 310	38	38	36	
757	2	T 312	36	40	40	P 312	36	40	40	P 314	36	38	38	
758	2	T 314	37	40	40	P 316	38	34	38	P 314	38	40	39	
759	2	T 316	38	40	40	P 316	38	34	38	P 314	38	40	39	
760	0	T 318	39	40	40	
761	0	T 320	40	40	40	
762	0	T 322	41	40	40	
763	2	T 324	42	40	40	P 320	40	40	38	P 320	40	40	40	
764	2	T 326	43	40	40	P 320	40	40	38	P 320	40	40	40	
765	2	T 328	44	40	40	P 322	42	38	39	P 326	44	40	38	
766	2	T 330	45	40	40	P 328	44	40	38	P 328	44	40	39	
767	2	T 332	46	40	40	P 330	45	40	39	P 332	46	38	38	
768	2	T 334	47	40	40	P 334	47	40	39	P 334	48	40	39	
769	2	T 336	48	40	40	P 336	48	38	38	P 334	48	40	39	
770	1	T 338	49	40	40	P 336	48	38	38	
771	1	T 340	50	40	40	P 340	50	38	38	
772	1	T 342	51	40	40	P 340	52	38	36	
773	1	T 344	52	40	40	P 344	52	40	38	
774	1	T 346	53	40	40	P 342	52	38	36	
775	1	T 348	54	40	40	P 348	54	40	38	
776	1	T 350	55	40	40	P 342	52	36	39	
777	1	T 352	56	40	40	P 346	53	38	39	
778	1	T 354	57	40	40	P 346	54	38	38	
779	1	T 356	58	40	40	P 350	55	38	39	
780	1	T 358	59	40	40	P 352	56	38	38	
781	1	T 360	60	40	40	P 356	58	38	38	
782	1	T 362	61	40	40	P 362	61	40	39	
783	2	T 364	62	40	40	P 356	58	38	40	P 356	58	38	40	
784	2	T 366	63	40	40	P 358	58	38	40	P 358	58	38	41	
785	2	T 368	64	40	40	P 361	60	38	40	P 362	62	40	38	
786	2	T 370	65	40	40	P 364	64	40	36	P 366	64	39	38	
787	3	T 372	66	40	40	P 366	64	39	39	P 372	66	37	38	P 366	64	39	39	
788	3	T 374	67	40	40	P 370	66	39	38	P 372	68	38	36	P 374	70	40	34	
789	3	T 376	68	40	40	P 376	68	40	40	P 376	68	40	38	P 375	70	39	36	
790	3	T 378	69	40	40	P 378	69	38	39	P 378	70	38	38	P 375	70	39	36	
791	2	T 380	70	40	40	P 378	69	38	39	P 378	70	38	38	
792	0	T 382	71	40	40	
793	0	T 384	72	40	40	
794	0	T 386	73	40	40	
795	0	T 388	74	40	40	
796	0	T 390	75	40	40	
797	1	T 392	76	40	40	P 392	76	40	40	
798	1	T 394	77	40	40	P 384	72	40	38	
799	1	T 396	78	40	40	P 384	74	40	36	
800	3	T 398	79	40	40	P 388	73	38	37	P 388	74	38	40	P 388	74	38	40	
801	3	T 400	80	40	40	P 400	80	40	38	P 390	74	36	40	P 390	75	38	39	
802	3	T 402	81	40	40	P 394	76	38	38	P 394	77	39	37	P 398	82	40	37	
803	3	T 404	82	40	40	P 404	82	40	40	P 404	82	36	40	P 398	82	40	37	
804	2	T 406	83	40	40	P 406	83	40	39	P 406	84	40	39	
805	2	T 408	84	40	40	P 408	84	38	38	P 408	84	38	40	
806	2	T 410	85	40	40	P 410	86	40	38	P 408	84	38	40	
807	1	T 412	86	40	40	P 412	86	40	38	
808	1	T 414	87	40	40	P 414	87	40	39	
809	1	T 416	88	40	40	P 414	88	40	39	
810	2	T 418	89	40	40	P 420	88	2	38	P 416	88	39	38	
811	2	T 420	90	40	40	P 418	88	37	40	P 418	89	40	39	
812	4	T 422	91	40	40	P 418	90	40	39	P 424	90	2	38	P 418	90	40	39	P 420	90	40	38	
813	4	T 424	92	40	40	P 422	90	38	40	P 424	92	39	40	P 424	92	39	38	P 420	90	40	38	
814	3	T 426	93	40	40	P 428	93	36	39	P 426	94	38	38	P 424	92	39	38	
815	2	T 428	94	40	40	P 428	93	36	39	P 426	94	38	38	
816	2	T 430	95	40	40	P 432	95	34	37	P 430	96	38	36	
817	2	T 432	96	40	40	P 432	96	38	38	P 435	96	35	39	
818	2	T 434	97	40	40	P 432	96	38	38	P 435	96	35	39	
819	1	T 436	98	40	40	P 436	98	37	38	
820	1	T 438	99	40	40	P 436	98	37	38	
821	0	T 440	100	40	40	
822	0	T 442	101	40	40	
823	0	T 444	102	40	40	
824	0	T 446	103	40	40	
825	0	T 448	104	40	40	
826	0	T 450	105	40	40	
827	1	T 452	106	40	40	P 452	106	38	38	
828	3	T 454	107	40	40	P 442	101	36	39	P 450	106	37	39	P 450	106	37	39	
829	4	T 456	108	40	40	P 452	106	38	40	P 442	102	38	38	P 446	104	36	38	P 456	108	40	40	
830	4	T 458	109	40	40	P 446	104	38	38	P 458	108	40	40	P 458	108	40	41	P 448	104	38	38	
831	4	T 460	110	40	40	P 450	106	38	38	P 454	107	38	37	P 462	110	37	38	P 462	110	37	40	
832	4	T 462	111	40	40	P 450	106	38	38	P 454	107	38	37	P 462	110	37	38	P 462	110	37	40	
833	1	T 464	112	40	40	P 464	112	40	38	
834	1	T 466	113	40	40	P 466	114	40	38	
835	1	T 468	114	40	40	P 468	114	38	39	
836	1	T 470	115	40	40	P 468	114	40	38	
837	1	T 472	116	40	40	P 468	114	40	39	
838	2	T 474	117	40	40	P 472	116	40	38	P 472	116	40	38	
839	2	T 476	118	40	40	P 472	118	40	38	P 476	118	40	38	
840	2	T 478	119	40	40	P 476	118	40	40	P 476	118	40	38	
841	2	T 480	120	40	40	P 480	120	40	38	P 480	120	40	40	
842	2	T 482	121	40	40	P 482	121	40	37	P 482	122	40	39	
843	2	T 484	122	40	40	P 484	122	39	38	P 484	122	36	40	
844	2	T 486	123	40	40	P 489	123	3	39	P 486	124	38	38	
845	2	T 488	124	40	40	P 488	124	38	38	P 486	124	38	38	
846	2	T 490	125	40	40	P 490	126	38	36	P 490	126	38	38	
847	2	T 492	126	40	40	P 492	126	38	38	P 490	126	38	38	
848	2	T 494	127	40	40	P 494	127	40	39	P 494	128	40	39	
849	2	T 496	128	40	40	P 496	128	40	40	P 494	128	40	39	
850	2	T 498	129	40	40	P 498	129	36	39	P 498	130	36	39	
851	2	T 500	130	40	40	P 500	130	38	40	P 500	130	38	38	
852	2	T 502	131	40	40	P 502	132	40	38	P 502	132	36	39	
853	2	T 504	132	40	40	P 504	132	40	40	P 502	132	36	39	
854	1	T 506	133	40	40	P 506	134	38	38	
855	1	T 508	134	40	40	P 508	134	38	38	
856	1	T 510	135	40	40	P 510	135	40	39	
857	1	T 512	136	40	40	P 510	136	40	39	
858	1	T 514	137	40	40	P 512	136	40	38	
859	3	T 516	138	40	40	P 512	136	40	40	P 514	137	40	39	P 514	137	40	39	
860	4	T 518	139	40	40	P 520	138	2	38	P 516	138	40	38	P 518	139	38	39	P 518	140	38	38	
861	4	T 520	140	40	40	P 520	142	40	36	P 522	142	38	36	P 518	139	38	39	P 518	140	38	38	
862	2	T 522	141	40	40	P 522	141	40	39	P 522	142	40	39	
863	2	T 524	142	40	40	P 525	142	39	38	P 524	142	40	40	
864	2	T 526	143	40	40	P 527	144	39	38	P 526	144	40	38	
865	2	T 528	144	40	40	P 527	144	39	38	P 526	144	40	38	
866	0	T 530	145	40	40	
867	0	T 532	146	40	40	
868	0	T 534	147	40	40	
869	0	T 536	148	40	40	
870	0	T 538	149	40	40	
871	0	T 540	150	40	40	
872	0	T 542	151	40	40	
873	0	T 544	152	40	40	
874	2	T 546	153	40	40	P 540	150	40	40	P 544	152	40	40	
875	3	T 548	154	40	40	P 532	146	39	38	P 532	146	39	40	P 532	146	39	40	
876	3	T 550	155	40	40	P 534	148	40	39	P 534	148	40	38	P 536	150	40	36	
877	3	T 552	156	40	40	P 538	150	38	38	P 538	150	40	38	P 539	150	39	38	
878	4	T 554	157	40	40	P 540	150	40	40	P 540	150	40	38	P 542	152	40	39	P 540	150	40	40	
879	4	T 556	158	40	40	P 542	152	40	36	P 553	156	39	38	P 553	156	39	40	P 556	158	37	38	
880	4	T 558	159	40	40	P 558	159	40	39	P 558	160	40	39	P 553	156	39	40	P 556	158	37	38	
881	2	T 560	160	40	40	P 562	160	36	38	P 558	160	40	39	
882	2	T 562	161	40	40	P 564	162	36	38	P 562	162	38	38	
883	2	T 564	162	40	40	P 565	162	39	40	P 564	162	40	38	
884	2	T 566	163	40	40	P 566	163	40	37	P 567	164	39	38	
885	2	T 568	164	40	40	P 568	164	36	38	P 567	164	39	38	
886	2	T 570	165	40	40	P 570	166	38	38	P 571	166	36	38	
887	2	T 572	166	40	40	P 572	166	40	38	P 572	168	40	36	
888	2	T 574	167	40	40	P 576	168	38	36	P 574	168	40	36	
889	2	T 576	168	40	40	P 576	170	39	38	P 578	170	37	36	
890	2	T 578	169	40	40	P 578	169	39	39	P 578	170	39	39	
891	2	T 580	170	40	40	P 580	170	40	40	P 580	170	40	38	
892	2	T 582	171	40	40	P 582	172	38	36	P 584	172	36	39	
893	2	T 584	172	40	40	P 584	172	40	40	P 586	172	38	38	
894	2	T 586	173	40	40	P 586	176	40	34	P 586	172	38	38	
895	2	T 588	174	40	40	P 589	175	35	35	P 588	176	40	35	
896	2	T 590	175	40	40	P 590	175	40	39	P 590	176	40	39	
897	2	T 592	176	40	40	P 592	176	36	36	P 590	176	40	39	
898	2	T 594	177	40	40	P 594	177	39	39	P 594	178	39	39	
899	2	T 596	178	40	40	P 596	178	40	38	P 596	178	40	40	
900	2	T 598	179	40	40	P 600	179	38	39	P 596	178	40	40	
901	1	T 600	180	40	40	P 600	180	38	38	
902	1	T 602	181	40	40	P 602	181	38	39	
903	1	T 604	182	40	40	P 602	182	38	38	
904	1	T 606	183	40	40	P 606	183	40	39	
905	1	T 608	184	40	40	P 606	182	36	38	
906	1	T 610	185	40	40	P 606	184	40	39	
907	2	T 612	186	40	40	P 604	182	38	38	P 614	186	38	38	
908	3	T 614	187	40	40	P 608	184	40	36	P 614	186	34	40	P 610	218	38	3	
909	3	T 616	188	40	40	P 614	188	38	38	P 610	218	38	3	P 618	188	36	40	
910	3	T 618	189	40	40	P 620	189	35	39	P 610	218	38	3	P 618	188	36	40	
911	1	T 620	190	40	40	P 622	192	36	36	
912	1	T 622	191	40	40	P 622	191	38	39	
913	1	T 624	192	40	40	P 622	192	38	39	
914	2	T 626	193	40	40	P 624	192	40	38	P 624	192	40	38	
915	2	T 628	194	40	40	P 624	194	40	38	P 630	194	38	38	
916	2	T 630	195	40	40	P 631	195	39	39	P 631	196	39	39	
917	2	T 632	196	40	40	P 632	196	38	40	P 631	196	39	39	
918	2	T 634	197	40	40	P 634	197	40	39	P 634	198	40	38	
919	2	T 636	198	40	40	P 636	198	38	38	P 634	198	40	38	
920	1	T 638	199	40	40	P 638	199	40	39	
921	1	T 640	200	40	40	P 640	200	39	38	
922	1	T 642	201	40	40	P 640	200	40	39	
923	1	T 644	202	40	40	P 644	201	36	37	
924	1	T 646	203	40	40	P 644	202	40	38	
925	2	T 648	204	40	40	P 644	202	40	39	P 644	202	40	39	
926	2	T 650	205	40	40	P 650	206	40	38	P 651	206	39	38	
927	2	T 652	206	40	40	P 654	206	38	38	P 652	206	40	40	
928	2	T 654	207	40	40	P 656	208	36	38	P 654	208	38	38	
929	2	T 656	208	40	40	P 656	208	38	39	P 656	208	38	38	
930	2	T 658	209	40	40	P 658	209	39	39	P 658	210	39	39	
931	2	T 660	210	40	40	P 660	210	38	38	P 658	210	39	39	
932	1	T 658	211	40	40	P 658	212	40	39	
933	1	T 656	212	40	40	P 656	212	37	40	
934	1	T 654	213	40	40	P 656	212	38	40	
935	1	T 652	214	40	40	P 652	214	38	38	
936	1	T 650	215	40	40	P 650	214	38	40	
937	1	T 648	216	40	40	P 648	216	40	38	
938	2	T 646	217	40	40	P 648	216	40	39	P 648	216	40	39	
939	2	T 644	218	40	40	P 646	218	40	38	P 646	218	38	40	
940	2	T 642	219	40	40	P 644	219	34	39	P 646	218	38	40	
941	1	T 640	220	40	40	P 640	220	40	38	
942	1	T 638	221	40	40	P 638	221	38	39	
943	1	T 636	222	40	40	P 636	222	40	40	
944	1	T 634	223	40	40	P 638	222	38	39	
945	1	T 632	224	40	40	P 638	222	38	38	
946	1	T 630	225	40	40	P 634	224	39	38	
947	1	T 628	226	40	40	P 632	224	38	40	
948	1	T 626	227	40	40	P 630	225	38	39	
949	1	T 624	228	40	40	P 628	226	38	38	
950	1	T 622	229	40	40	P 622	229	39	39	
951	2	T 620	230	40	40	P 628	226	38	40	P 620	230	38	40	
952	2	T 618	231	40	40	P 626	230	40	37	P 626	228	36	38	
953	2	T 616	232	40	40	P 622	230	39	38	P 618	232	38	39	
954	2	T 614	233	40	40	P 614	232	40	41	P 620	230	38	38	
955	2	T 612	234	40	40	P 618	231	38	37	P 619	232	35	39	
956	2	T 610	235	40	40	P 610	235	38	39	P 610	236	36	39	
957	2	T 608	236	40	40	P 610	235	38	39	P 610	236	36	39	
958	2	T 606	237	40	40	P 606	237	40	39	P 607	238	39	38	
959	2	T 604	238	40	40	P 604	238	40	38	P 604	238	40	40	
960	2	T 602	239	40	40	P 603	239	35	39	P 602	240	38	38	
961	2	T 600	240	40	40	P 600	240	40	40	P 600	240	40	38	
962	2	T 598	241	40	40	P 598	241	40	37	P 598	242	40	39	
963	2	T 596	242	40	40	P 598	243	38	35	P 596	244	40	35	
964	2	T 594	243	40	40	P 594	244	40	38	P 594	244	40	39	
965	2	T 592	244	40	40	P 594	244	38	38	P 592	244	40	38	
966	2	T 590	245	40	40	P 592	244	38	40	P 592	244	40	38	
967	2	T 588	246	40	40	P 588	246	40	38	P 590	246	38	38	
968	2	T 586	247	40	40	P 586	248	40	38	P 587	248	39	38	
969	2	T 584	248	40	40	P 584	248	38	40	P 587	248	39	38	
970	1	T 582	249	40	40	P 582	250	38	38	
971	1	T 580	250	40	40	P 581	250	38	38	
972	1	T 578	251	40	40	P 581	250	35	40	
973	1	T 576	252	40	40	P 578	252	38	38	
974	1	T 574	253	40	40	P 578	252	38	39	
975	1	T 572	254	40	40	P 574	254	38	38	
976	1	T 570	255	40	40	P 572	254	40	38	
977	1	T 568	256	40	40	P 576	254	36	39	
978	1	T 566	257	40	40	P 570	254	38	40	
979	3	T 564	258	40	40	P 570	256	38	38	P 568	256	40	38	P 568	256	40	38	
980	3	T 562	259	40	40	P 562	259	40	39	P 566	258	37	38	P 566	258	34	39	
981	3	T 560	260	40	40	P 564	260	38	38	P 560	260	40	40	P 560	260	40	38	
982	3	T 558	261	40	40	P 558	261	38	37	P 560	260	40	40	P 560	260	40	38	
983	2	T 556	262	40	40	P 557	262	39	38	P 556	262	40	40	
984	2	T 554	263	40	40	P 554	264	38	38	P 554	264	38	39	
985	2	T 552	264	40	40	P 552	264	40	40	P 552	264	40	38	
986	2	T 550	265	40	40	P 550	265	38	39	P 550	266	38	38	
987	2	T 548	266	40	40	P 548	266	40	39	P 550	266	38	38	
988	2	T 546	267	40	40	P 546	267	36	39	P 546	268	38	38	
989	2	T 544	268	40	40	P 544	268	40	38	P 546	268	38	38	
990	2	T 542	269	40	40	P 542	269	36	37	P 542	270	39	39	
991	2	T 540	270	40	40	P 540	270	38	38	P 542	270	39	39	
992	2	T 538	271	40	40	P 540	270	38	40	P 538	270	40	40	
993	2	T 536	272	40	40	P 536	274	40	36	P 538	274	38	38	
994	2	T 534	273	40	40	P 534	274	39	38	P 538	274	38	38	
995	1	T 532	274	40	40	P 532	274	38	38	
996	1	T 530	275	40	40	P 530	276	40	38	
997	1	T 528	276	40	40	P 528	276	39	40	
998	1	T 526	277	40	40	P 526	278	40	39	
999	1	T 524	278	40	40	P 524	279	38	37	
1000	1	T 522	279	40	40	P 524	280	38	37	
1001	1	T 520	280	40	40	P 522	280	38	38	
1002	1	T 518	281	40	40	P 520	282	38	36	
1003	1	T 516	282	40	40	P 516	282	40	38	
1004	1	T 514	283	40	40	P 518	282	34	40	
1005	1	T 512	284	40	40	P 512	284	38	38	
1006	1	T 510	285	40	40	P 512	284	37	39	
1007	1	T 508	286	40	40	P 512	286	38	36	
1008	2	T 506	287	40	40	P 506	287	40	39	P 506	288	40	38	
1009	3	T 504	288	40	40	P 508	288	38	36	P 508	288	38	37	P 504	288	40	40	
1010	3	T 502	289	40	40	P 504	288	40	38	P 508	288	38	37	P 504	288	40	40	
1011	1	T 500	290	40	40	P 500	292	38	38	
1012	1	T 498	291	40	40	P 498	292	39	39	
1013	1	T 496	292	40	40	P 498	292	40	38	
1014	1	T 494	293	40	40	P 496	294	40	36	
1015	2	T 492	294	40	40	P 496	294	40	38	P 492	294	40	40	
1016	2	T 490	295	40	40	P 494	294	38	38	P 492	294	40	38	
1017	2	T 488	296	40	40	P 490	296	40	36	P 492	294	40	38	
1018	1	T 486	297	40	40	P 486	298	38	38	
1019	1	T 484	298	40	40	P 485	298	35	36	
1020	1	T 482	299	40	40	P 485	300	37	38	
1021	1	T 480	300	40	40	P 482	300	38	38	
1022	1	T 478	301	40	40	P 482	300	37	39	
1023	2	T 476	302	40	40	P 478	301	38	39	P 478	301	38	39	
1024	2	T 474	303	40	40	P 476	302	38	38	P 474	303	40	39	
1025	2	T 472	304	40	40	P 474	304	40	39	P 472	304	39	40	
1026	2	T 470	305	40	40	P 470	306	37	39	P 472	304	39	40	
1027	2	T 468	306	40	40	P 468	308	38	36	P 470	308	34	38	
1028	2	T 466	307	40	40	P 466	308	39	38	P 470	308	34	38	
1029	1	T 464	308	40	40	P 466	308	39	38	
1030	2	T 462	309	40	40	P 464	308	38	40	P 469	307	3	39	
1031	2	T 460	310	40	40	P 469	307	3	39	P 462	308	40	40	
1032	3	T 458	311	40	40	P 460	310	38	40	P 460	310	38	38	P 460	310	38	40	
1033	3	T 456	312	40	40	P 458	312	38	38	P 456	312	40	38	P 460	310	38	40	
1034	2	T 454	313	40	40	P 454	313	38	39	P 454	314	38	38	
1035	2	T 452	314	40	40	P 452	314	40	38	P 454	314	38	38	
1036	2	T 450	315	40	40	P 450	316	38	38	P 450	316	38	39	
1037	2	T 448	316	40	40	P 448	316	40	40	P 450	316	38	39	
1038	1	T 446	317	40	40	P 448	317	37	39	
1039	1	T 444	318	40	40	P 444	318	38	40	
1040	1	T 442	319	40	40	P 444	318	38	38	
1041	1	T 440	320	40	40	P 444	320	38	38	
1042	1	T 438	321	40	40	P 438	321	40	39	
1043	1	T 436	322	40	40	P 442	320	38	40	
1044	1	T 434	323	40	40	P 439	322	39	38	
1045	1	T 432	324	40	40	P 436	322	40	40	
1046	1	T 430	325	40	40	P 437	322	39	40	
1047	2	T 428	326	40	40	P 434	324	38	38	P 430	326	39	39	
1048	3	T 426	327	40	40	P 430	325	39	39	P 432	324	40	38	P 430	325	39	39	
1049	4	T 424	328	40	40	P 430	326	39	39	P 426	328	38	38	P 426	328	38	39	P 430	326	39	39	
1050	4	T 422	329	40	40	P 424	330	38	38	P 422	330	39	39	P 422	329	39	37	P 430	326	39	39	
1051	3	T 420	330	40	40	P 420	330	38	40	P 422	330	39	39	P 422	329	39	37	
1052	1	T 418	331	40	40	P 420	330	38	40	
1053	1	T 416	332	40	40	P 416	334	38	37	
1054	1	T 414	333	40	40	P 414	333	38	37	
1055	1	T 412	334	40	40	P 412	334	40	40	
1056	1	T 410	335	40	40	P 410	336	38	38	
1057	1	T 408	336	40	40	P 410	336	38	39	
1058	1	T 406	337	40	40	P 406	336	40	40	
1059	1	T 404	338	40	40	P 408	336	39	38	
1060	2	T 402	339	40	40	P 406	336	40	41	P 406	336	40	41	
1061	3	T 400	340	40	40	P 404	338	38	38	P 402	340	38	39	P 402	340	38	39	
1062	3	T 398	341	40	40	P 398	342	40	39	P 402	340	38	39	P 402	340	38	39	
1063	1	T 396	342	40	40	P 396	344	38	38	
1064	1	T 394	343	40	40	P 396	343	35	39	
1065	1	T 392	344	40	40	P 393	344	39	38	
1066	1	T 390	345	40	40	P 393	344	39	39	
1067	1	T 388	346	40	40	P 390	345	38	39	
1068	1	T 386	347	40	40	P 388	346	39	40	
1069	1	T 384	348	40	40	P 391	346	37	39	
1070	1	T 382	349	40	40	P 386	346	38	40	
1071	1	T 380	350	40	40	P 388	346	39	38	
1072	1	T 378	351	40	40	P 382	350	38	38	
1073	1	T 376	352	40	40	P 376	352	40	38	
1074	1	T 374	353	40	40	P 374	354	38	38	
1075	1	T 372	354	40	40	P 372	354	40	40	
1076	1	T 370	355	40	40	P 372	354	40	38	
1077	1	T 368	356	40	40	P 370	356	38	40	
1078	1	T 366	357	40	40	P 368	360	38	37	
1079	1	T 364	358	40	40	P 366	358	37	38	
1080	1	T 362	359	40	40	P 362	360	38	39	
1081	1	T 360	360	40	40	P 366	358	37	40	
1082	1	T 358	361	40	40	P 362	360	38	38	
1083	1	T 356	362	40	40	P 358	362	39	39	
1084	1	T 354	363	40	40	P 360	360	40	38	
1085	1	T 352	364	40	40	P 360	362	40	38	
1086	1	T 350	365	40	40	P 358	362	39	38	
1087	1	T 348	366	40	40	P 354	364	38	38	
1088	1	T 346	367	40	40	P 354	364	40	38	
1089	1	T 344	368	40	40	P 354	364	34	40	
1090	1	T 342	369	40	40	P 350	366	39	36	
1091	1	T 340	370	40	40	P 340	370	40	38	
1092	1	T 338	371	40	40	P 350	366	38	38	
1093	1	T 336	372	40	40	P 346	367	38	37	
1094	1	T 334	373	40	40	P 347	368	37	38	
1095	1	T 332	374	40	40	P 342	369	38	39	
1096	1	T 330	375	40	40	P 342	370	38	39	
1097	3	T 328	376	40	40	P 338	372	38	36	P 334	374	38	39	P 330	378	40	37	
1098	3	T 326	377	40	40	P 332	374	40	38	P 336	372	38	38	P 334	373	38	39	
1099	3	T 324	378	40	40	P 334	374	38	39	P 330	378	40	37	P 326	378	40	38	
1100	3	T 322	379	40	40	P 328	378	38	38	P 324	378	38	38	P 324	378	38	40	
1101	3	T 320	380	40	40	P 322	382	38	34	P 322	382	38	37	P 320	380	37	38	
1102	3	T 318	381	40	40	P 322	380	35	39	P 322	382	38	37	P 320	380	37	38	
1103	1	T 316	382	40	40	P 322	380	35	39	
1104	1	T 314	383	40	40	P 314	384	36	38	
1105	1	T 312	384	40	40	P 314	384	39	39	
1106	1	T 310	385	40	40	P 310	385	36	39	
1107	1	T 308	386	40	40	P 310	386	38	39	
1108	1	T 306	387	40	40	P 308	386	40	38	
1109	1	T 304	388	40	40	P 306	388	38	38	
1110	2	T 302	389	40	40	P 304	388	40	40	P 306	388	38	39	
1111	3	T 300	390	40	40	P 306	388	38	39	P 304	388	40	38	P 306	388	38	39	
1112	3	T 298	391	40	40	P 302	389	38	37	P 298	392	38	38	P 298	392	38	39	
1113	3	T 296	392	40	40	P 296	392	40	38	P 296	392	40	39	P 298	392	38	39	
1114	2	T 294	393	40	40	P 294	394	40	38	P 296	394	38	39	
1115	2	T 292	394	40	40	P 292	394	39	38	P 296	394	38	39	
1116	1	T 290	395	40	40	P 290	396	40	38	
1117	1	T 288	396	40	40	P 288	396	40	38	
1118	1	T 286	397	40	40	P 290	396	38	39	
1119	1	T 284	398	40	40	P 284	398	40	40	
1120	1	T 282	399	40	40	P 286	397	40	39	
1121	2	T 280	400	40	40	P 286	398	40	39	P 280	400	40	40	
1122	2	T 278	401	40	40	P 282	400	38	38	P 278	402	39	38	
1123	2	T 276	402	40	40	P 280	402	37	38	P 276	402	38	38	
1124	2	T 274	403	40	40	P 274	403	40	39	P 274	404	40	38	
1125	2	T 272	404	40	40	P 274	404	38	38	P 274	404	40	38	
1126	1	T 270	405	40	40	P 270	406	40	38	
1127	1	T 268	406	40	40	P 268	406	38	38	
1128	1	T 266	407	40	40	P 268	406	38	39	
1129	1	T 264	408	40	40	P 264	408	40	40	
1130	1	T 262	409	40	40	P 266	407	38	39	
1131	1	T 260	410	40	40	P 264	408	40	38	
1132	4	T 258	411	40	40	P 262	410	40	38	P 262	410	40	38	P 262	410	40	39	P 262	410	40	39	
1133	4	T 256	412	40	40	P 260	410	38	38	P 258	414	40	34	P 262	410	40	39	P 262	410	40	39	
1134	2	T 254	413	40	40	P 254	416	40	37	P 258	414	40	34	
1135	2	T 252	414	40	40	P 252	414	40	38	P 252	414	37	40	
1136	2	T 250	415	40	40	P 250	414	40	40	P 250	414	40	41	
1137	2	T 248	416	40	40	P 248	418	38	36	P 250	414	40	41	
1138	2	T 246	417	40	40	P 246	418	39	38	P 248	418	37	38	
1139	2	T 244	418	40	40	P 244	418	38	38	P 248	418	37	38	
1140	1	T 242	419	40	40	P 244	418	38	38	
1141	1	T 240	420	40	40	P 242	420	38	38	
1142	1	T 238	419	40	40	P 242	420	38	39	
1143	1	T 236	418	40	40	P 236	418	40	40	
1144	1	T 234	417	40	40	P 240	420	36	38	
1145	2	T 232	416	40	40	P 232	416	40	40	P 238	420	38	38	
1146	3	T 230	415	40	40	P 236	418	40	38	P 234	417	38	37	P 230	415	40	39	
1147	4	T 228	414	40	40	P 234	420	38	34	P 232	416	40	38	P 230	416	40	38	P 228	414	38	39	
1148	4	T 226	413	40	40	P 226	414	40	38	P 226	414	40	39	P 230	416	40	38	P 228	414	38	39	
1149	2	T 224	412	40	40	P 224	412	36	38	P 224	414	38	38	
1150	2	T 222	411	40	40	P 222	411	38	37	P 222	414	36	37	
1151	2	T 220	410	40	40	P 222	410	38	38	P 222	414	36	37	
1152	2	T 218	409	40	40	P 218	409	40	39	P 218	410	40	39	
1153	2	T 216	408	40	40	P 217	409	39	35	P 218	410	40	39	
1154	1	T 214	407	40	40	P 217	409	39	35	
1155	1	T 212	406	40	40	P 212	406	38	38	
1156	1	T 210	405	40	40	P 212	406	38	40	
1157	1	T 208	404	40	40	P 210	406	40	36	
1158	1	T 206	403	40	40	P 206	403	38	37	
1159	1	T 204	402	40	40	P 204	402	40	38	
1160	2	T 202	401	40	40	P 204	402	40	40	P 204	402	40	40	
1161	2	T 200	400	40	40	P 202	401	40	37	P 200	400	38	36	
1162	2	T 198	399	40	40	P 200	399	35	39	P 200	400	38	36	
1163	1	T 196	398	40	40	P 196	398	40	40	
1164	1	T 194	397	40	40	P 196	396	37	40	
1165	1	T 192	396	40	40	P 194	396	39	41	
1166	1	T 190	395	40	40	P 194	396	38	38	
1167	1	T 188	394	40	40	P 188	394	40	40	
1168	1	T 186	393	40	40	P 190	398	40	34	
1169	1	T 184	392	40	40	P 190	398	40	37	
1170	2	T 182	391	40	40	P 189	394	39	40	P 186	393	38	39	
1171	3	T 180	390	40	40	P 186	393	38	39	P 184	394	38	38	P 180	390	40	40	
1172	3	T 178	389	40	40	P 180	390	40	38	P 180	389	36	39	P 178	390	38	38	
1173	3	T 176	388	40	40	P 176	388	38	40	P 176	388	40	40	P 178	390	38	38	
1174	3	T 174	387	40	40	P 182	390	2	39	P 174	387	40	39	P 174	388	40	39	
1175	3	T 172	386	40	40	P 172	386	40	38	P 174	387	40	39	P 174	388	40	39	
1176	1	T 170	385	40	40	P 170	386	40	38	
1177	1	T 168	384	40	40	P 170	384	38	40	
1178	1	T 166	383	40	40	P 166	384	38	39	
1179	1	T 164	382	40	40	P 164	382	38	38	
1180	1	T 162	381	40	40	P 162	382	38	38	
1181	1	T 160	380	40	40	P 160	380	40	38	
1182	1	T 158	379	40	40	P 163	380	37	39	
1183	1	T 156	378	40	40	P 158	379	38	39	
1184	1	T 154	377	40	40	P 158	380	38	38	
1185	1	T 152	376	40	40	P 154	377	40	39	
1186	1	T 150	375	40	40	P 156	378	40	36	
1187	1	T 148	374	40	40	P 154	378	40	39	
1188	1	T 146	373	40	40	P 152	376	40	38	
1189	2	T 144	372	40	40	P 152	376	40	40	P 152	376	40	40	
1190	2	T 142	371	40	40	P 148	376	38	38	P 145	373	37	37	
1191	2	T 140	370	40	40	P 140	370	40	40	P 145	374	37	38	
1192	3	T 138	369	40	40	P 142	374	39	34	P 139	368	39	40	P 138	368	40	40	
1193	3	T 136	368	40	40	P 136	368	40	38	P 144	374	37	37	P 138	368	40	40	
1194	2	T 134	367	40	40	P 134	367	39	39	P 134	368	39	39	
1195	2	T 132	366	40	40	P 132	366	38	38	P 134	368	39	39	
1196	1	T 130	365	40	40	P 130	366	37	39	
1197	1	T 128	364	40	40	P 128	364	38	40	
1198	1	T 126	363	40	40	P 128	364	38	38	
1199	1	T 124	362	40	40	P 126	364	36	39	
1200	1	T 122	361	40	40	P 124	362	36	38	
1201	1	T 120	360	40	40	P 124	364	38	36	
1202	1	T 118	359	40	40	P 124	361	38	37	
1203	1	T 116	358	40	40	P 120	360	38	38	
1204	1	T 114	357	40	40	P 122	360	34	40	
1205	2	T 112	356	40	40	P 118	360	38	38	P 112	356	40	40	
1206	2	T 110	355	40	40	P 110	356	40	39	P 118	360	38	39	
1207	2	T 108	354	40	40	P 114	358	38	38	P 108	354	38	38	
1208	2	T 106	353	40	40	P 109	354	37	38	P 106	354	40	38	
1209	2	T 104	352	40	40	P 104	352	38	38	P 106	354	40	38	
1210	1	T 102	351	40	40	P 102	352	38	38	
1211	1	T 100	350	40	40	P 100	350	40	40	
1212	1	T 98	349	40	40	P 98	349	40	39	
1213	1	T 96	348	40	40	P 98	350	40	39	
1214	1	T 94	347	40	40	P 96	348	40	38	
1215	1	T 92	346	40	40	P 94	348	38	38	
1216	1	T 90	345	40	40	P 92	346	40	38	
1217	1	T 88	344	40	40	P 90	346	40	38	
1218	1	T 86	343	40	40	P 92	346	38	39	
1219	1	T 84	342	40	40	P 88	344	39	38	
1220	1	T 82	341	40	40	P 82	342	40	39	
1221	1	T 80	340	40	40	P 86	344	38	38	
1222	1	T 78	339	40	40	P 82	341	39	39	
1223	2	T 76	338	40	40	P 84	342	38	38	P 76	342	38	2	
1224	2	T 74	337	40	40	P 84	342	36	39	P 82	340	38	36	
1225	2	T 72	336	40	40	P 72	336	40	40	P 73	336	39	38	
1226	2	T 70	335	40	40	P 78	340	38	39	P 70	335	40	39	
1227	2	T 68	334	40	40	P 68	334	38	38	P 70	335	40	39	
1228	2	T 66	333	40	40	P 66	334	40	38	P 68	334	38	39	
1229	2	T 64	332	40	40	P 65	332	36	38	P 65	332	37	40	
1230	2	T 62	331	40	40	P 62	331	38	37	P 65	332	37	40	
1231	1	T 60	330	40	40	P 60	330	38	38	
1232	1	T 58	329	40	40	P 60	329	38	37	
1233	1	T 56	328	40	40	P 56	328	40	40	
1234	1	T 54	327	40	40	P 58	330	40	37	
1235	1	T 52	326	40	40	P 54	330	40	37	
1236	1	T 50	325	40	40	P 52	326	40	40	
1237	1	T 48	324	40	40	P 50	325	40	39	
1238	1	T 46	323	40	40	P 48	324	40	38	
1239	1	T 44	322	40	40	P 46	324	40	36	
1240	1	T 42	321	40	40	P 47	324	39	38	
1241	1	T 40	320	40	40	P 44	322	36	40	
1242	1	T 38	319	40	40	P 44	322	36	39	
1243	1	T 36	318	40	40	P 40	320	37	40	
1244	1	T 34	317	40	40	P 40	320	40	38	
1245	3	T 32	316	40	40	P 36	318	40	38	P 36	318	40	38	P 34	318	40	39	
1246	3	T 30	315	40	40	P 36	318	40	40	P 35	317	39	39	P 34	318	40	39	
1247	3	T 28	314	40	40	P 30	315	40	39	P 28	314	40	40	P 30	316	40	39	
1248	3	T 26	313	40	40	P 28	314	40	38	P 26	313	40	37	P 26	314	40	39	
1249	3	T 24	312	40	40	P 24	312	40	38	P 26	313	40	37	P 26	314	40	39	
1250	1	T 22	311	40	40	P 24	312	40	38	
1251	1	T 20	310	40	40	P 20	310	40	36	
1252	1	T 22	309	40	40	P 22	310	40	38	
1253	1	T 24	308	40	40	P 22	310	40	39	
1254	2	T 26	307	40	40	P 24	310	38	38	P 26	306	40	41	
1255	2	T 28	306	40	40	P 26	306	36	40	P 28	306	40	38	
1256	2	T 30	305	40	40	P 26	306	36	40	P 28	306	40	38	
1257	1	T 32	304	40	40	P 34	306	38	38	
1258	1	T 34	303	40	40	P 35	304	39	38	
1259	1	T 36	302	40	40	P 36	302	39	38	
1260	2	T 38	301	40	40	P 36	304	40	38	P 36	304	40	38	
1261	2	T 40	300	40	40	P 40	300	40	38	P 42	300	38	40	
1262	2	T 42	299	40	40	P 42	302	38	34	P 42	300	38	40	
1263	2	T 44	298	40	40	P 44	298	38	38	P 46	298	34	40	
1264	2	T 46	297	40	40	P 48	297	36	37	P 46	298	34	40	
1265	2	T 48	296	40	40	P 48	296	40	38	P 48	296	40	40	
1266	2	T 50	295	40	40	P 50	296	38	38	P 50	296	36	39	
1267	2	T 52	294	40	40	P 52	294	40	38	P 50	296	36	39	
1268	1	T 54	293	40	40	P 55	294	39	38	
1269	1	T 56	292	40	40	P 56	294	39	36	
1270	1	T 58	291	40	40	P 56	294	36	38	
1271	1	T 60	290	40	40	P 61	291	39	37	
1272	1	T 62	289	40	40	P 61	292	39	37	
1273	1	T 64	288	40	40	P 62	290	38	38	
1274	1	T 66	287	40	40	P 62	290	36	38	
1275	1	T 68	286	40	40	P 64	288	38	40	
1276	1	T 70	285	40	40	P 66	288	40	38	
1277	1	T 72	284	40	40	P 66	288	38	38	
1278	1	T 74	283	40	40	P 68	286	40	40	
1279	2	T 76	282	40	40	P 70	285	40	39	P 74	282	40	41	
1280	2	T 78	281	40	40	P 70	286	40	39	P 75	282	39	40	
1281	2	T 80	280	40	40	P 74	282	40	41	P 76	282	40	38	
1282	2	T 82	279	40	40	P 80	280	40	38	P 82	280	38	38	
1283	2	T 84	278	40	40	P 84	278	34	41	P 84	278	40	40	
1284	2	T 86	277	40	40	P 88	280	38	37	P 84	278	40	40	
1285	2	T 88	276	40	40	P 88	276	37	38	P 88	276	38	39	
1286	2	T 90	275	40	40	P 90	275	38	37	P 88	276	38	39	
1287	2	T 92	274	40	40	P 92	274	40	38	P 94	274	38	38	
1288	2	T 94	273	40	40	P 94	273	38	37	P 94	274	38	36	
1289	2	T 96	272	40	40	P 98	272	38	38	P 98	272	38	40	
1290	2	T 98	271	40	40	P 99	274	39	36	P 98	272	38	40	
1291	1	T 100	270	40	40	P 100	270	38	38	
1292	1	T 102	269	40	40	P 102	268	38	40	
1293	1	T 104	268	40	40	P 104	268	38	40	
1294	1	T 106	267	40	40	P 104	268	36	40	
1295	1	T 108	266	40	40	P 106	267	40	39	
1296	1	T 110	265	40	40	P 106	268	40	39	
1297	1	T 112	264	40	40	P 108	266	38	38	
1298	2	T 114	263	40	40	P 110	266	40	39	P 110	266	40	39	
1299	2	T 116	262	40	40	P 110	266	40	38	P 112	264	38	38	
1300	2	T 118	261	40	40	P 118	262	37	38	P 116	262	39	38	
1301	2	T 120	260	40	40	P 120	260	40	40	P 118	262	39	38	
1302	2	T 122	259	40	40	P 120	260	40	38	P 122	260	36	39	
1303	2	T 124	258	40	40	P 124	258	40	38	P 124	258	40	40	
1304	2	T 126	257	40	40	P 126	258	38	38	P 124	258	40	40	
1305	1	T 128	256	40	40	P 128	256	40	40	
1306	1	T 130	255	40	40	P 130	256	40	36	
1307	1	T 132	254	40	40	P 130	256	40	39	
1308	2	T 134	253	40	40	P 132	254	40	38	P 132	254	40	38	
1309	3	T 136	252	40	40	P 132	254	40	40	P 134	254	40	39	P 132	254	40	40	
1310	3	T 138	251	40	40	P 138	251	40	39	P 134	254	40	39	P 132	254	40	40	
1311	1	T 140	250	40	40	P 140	250	40	40	
1312	1	T 142	249	40	40	P 144	249	34	39	
1313	1	T 144	248	40	40	P 144	248	40	40	
1314	1	T 146	247	40	40	P 144	250	34	39	
1315	1	T 148	246	40	40	P 149	246	39	40	
1316	2	T 150	245	40	40	P 148	247	38	39	P 148	246	40	40	
1317	3	T 152	244	40	40	P 148	246	40	40	P 148	248	38	39	P 148	246	40	40	
1318	3	T 154	243	40	40	P 150	245	38	39	P 152	244	38	40	P 154	244	36	36	
1319	3	T 156	242	40	40	P 154	246	39	37	P 152	244	38	40	P 154	244	36	36	
1320	1	T 158	241	40	40	P 158	241	38	39	
1321	1	T 160	240	40	40	P 162	240	36	40	
1322	1	T 162	239	40	40	P 162	240	38	38	
1323	1	T 164	238	40	40	P 164	238	40	40	
1324	1	T 166	237	40	40	P 166	237	38	37	
1325	1	T 168	236	40	40	P 166	237	38	37	
1326	1	T 170	235	40	40	P 170	236	38	38	
1327	1	T 172	234	40	40	P 172	234	40	40	
1328	2	T 174	233	40	40	P 172	234	40	38	P 172	234	40	38	
1329	2	T 176	232	40	40	P 174	234	40	38	P 176	232	40	40	
1330	2	T 178	231	40	40	P 180	232	36	38	P 178	232	38	38	
1331	2	T 180	230	40	40	P 180	230	39	40	P 178	232	38	38	
1332	1	T 182	229	40	40	P 180	230	39	40	
1333	1	T 184	228	40	40	P 184	228	38	40	
1334	1	T 186	227	40	40	P 186	228	38	38	
1335	1	T 188	226	40	40	P 188	226	39	40	
1336	1	T 190	225	40	40	P 188	226	39	38	
1337	1	T 192	224	40	40	P 192	226	37	38	
1338	1	T 194	223	40	40	P 190	226	39	38	
1339	1	T 196	222	40	40	P 192	224	40	38	
1340	2	T 198	221	40	40	P 194	224	40	36	P 198	220	40	41	
1341	3	T 200	220	40	40	P 194	224	36	38	P 196	224	39	38	P 196	224	39	38	
1342	3	T 202	219	40	40	P 202	220	40	39	P 196	224	39	38	P 196	224	39	38	
1343	2	T 204	218	40	40	P 204	218	39	38	P 205	218	38	39	
1344	2	T 206	217	40	40	P 207	218	37	36	P 207	218	37	38	
1345	3	T 208	216	40	40	P 208	216	38	38	P 207	218	37	38	P 212	216	2	38	
1346	3	T 210	215	40	40	P 210	215	38	37	P 210	216	38	38	P 212	216	2	38	
1347	2	T 212	214	40	40	P 212	214	40	40	P 210	216	38	38	
1348	2	T 214	213	40	40	P 214	212	40	40	P 215	212	39	40	
1349	2	T 216	212	40	40	P 216	212	38	38	P 215	212	39	40	
1350	2	T 218	211	40	40	P 218	212	38	36	P 220	212	36	39	
1351	2	T 220	210	40	40	P 220	212	39	37	P 220	212	36	39	
1352	2	T 222	209	40	40	P 224	210	38	36	P 222	210	40	36	
1353	2	T 224	208	40	40	P 226	210	38	36	P 222	210	40	36	
1354	1	T 226	207	40	40	P 226	207	38	39	
1355	1	T 228	206	40	40	P 228	206	38	38	
1356	1	T 230	205	40	40	P 228	206	38	38	
1357	2	T 232	204	40	40	P 232	204	39	40	P 272	174	2	38	
1358	2	T 234	203	40	40	P 232	204	39	38	P 272	174	2	38	
1359	2	T 236	202	40	40	P 234	204	38	38	P 236	202	39	39	
1360	2	T 238	201	40	40	P 238	201	38	39	P 236	202	39	39	
1361	2	T 240	200	40	40	P 240	200	40	40	P 240	200	38	38	
1362	2	T 242	199	40	40	P 242	199	39	39	P 242	200	39	38	
1363	2	T 244	198	40	40	P 244	198	40	38	P 245	198	39	39	
1364	2	T 246	197	40	40	P 246	200	36	37	P 245	198	39	39	
1365	1	T 248	196	40	40	P 248	196	40	40	
1366	1	T 250	195	40	40	P 251	195	39	39	
1367	1	T 252	194	40	40	P 251	196	39	38	
1368	1	T 254	193	40	40	P 254	194	40	39	
1369	1	T 256	192	40	40	P 252	194	36	38	
1370	2	T 258	191	40	40	P 256	192	40	40	P 256	192	40	40	
1371	2	T 260	190	40	40	P 252	196	38	38	P 254	193	40	37	
1372	2	T 262	189	40	40	P 256	192	40	38	P 260	190	40	38	
1373	2	T 264	188	40	40	P 260	192	36	38	P 262	190	37	39	
1374	2	T 266	187	40	40	P 266	188	39	39	P 266	188	38	38	
1375	2	T 268	186	40	40	P 264	188	40	38	P 266	188	39	38	
1376	2	T 270	185	40	40	P 270	188	34	38	P 270	186	40	38	
1377	2	T 272	184	40	40	P 274	184	37	40	P 272	184	39	38	
1378	2	T 274	183	40	40	P 274	183	38	37	P 272	184	39	38	
1379	2	T 276	182	40	40	P 276	182	40	38	P 276	182	40	40	
1380	2	T 278	181	40	40	P 278	181	40	39	P 276	182	40	40	
1381	2	T 280	180	40	40	P 280	180	40	38	P 280	180	40	40	
1382	2	T 282	179	40	40	P 282	180	38	38	P 280	180	40	40	
1383	2	T 284	178	40	40	P 284	178	40	38	P 286	178	38	40	
1384	2	T 286	177	40	40	P 288	178	37	37	P 286	178	38	40	
1385	2	T 288	176	40	40	P 288	176	40	38	P 288	176	40	40	
1386	2	T 290	175	40	40	P 290	176	40	38	P 290	176	40	39	
1387	2	T 292	174	40	40	P 292	174	39	38	P 292	174	39	40	
1388	2	T 294	173	40	40	P 294	174	40	39	P 292	174	39	40	
1389	1	T 296	172	40	40	P 296	172	40	40	
1390	1	T 298	171	40	40	P 298	172	37	38	
1391	1	T 300	170	40	40	P 298	172	38	39	
1392	2	T 302	169	40	40	P 301	170	39	38	P 300	170	40	40	
1393	3	T 304	168	40	40	P 300	170	40	40	P 302	170	39	38	P 300	170	40	40	
1394	3	T 306	167	40	40	P 304	170	37	39	P 304	168	38	40	P 300	170	40	40	
1395	2	T 308	166	40	40	P 304	170	37	39	P 304	168	38	40	
1396	0	T 310	165	40	40	
1397	0	T 312	164	40	40	
1398	0	T 314	163	40	40	
1399	0	T 316	162	40	40	
1400	0	T 318	161	40	40	
1401	1	T 320	160	40	40	P 316	162	40	40	
1402	2	T 322	159	40	40	P 313	164	38	38	P 316	162	40	40	
1403	2	T 324	158	40	40	P 316	162	40	40	P 312	164	39	38	
1404	2	T 326	157	40	40	P 316	163	35	39	P 326	158	40	39	
1405	2	T 328	156	40	40	P 314	164	38	38	P 318	162	39	38	
1406	3	T 330	155	40	40	P 320	162	39	38	P 326	158	34	40	P 330	188	38	3	
1407	3	T 332	154	40	40	P 326	158	40	38	P 328	156	38	38	P 332	154	39	40	
1408	3	T 334	153	40	40	P 334	152	40	40	P 328	156	38	38	P 332	154	39	40	
1409	1	T 336	152	40	40	P 336	152	38	38	
1410	1	T 338	151	40	40	P 338	152	40	38	
1411	1	T 340	150	40	40	P 340	150	38	38	
1412	1	T 342	149	40	40	P 342	150	39	36	
1413	1	T 344	148	40	40	P 342	152	39	37	
1414	1	T 346	147	40	40	P 346	148	37	40	
1415	2	T 348	146	40	40	P 346	148	38	38	P 346	148	38	38	
1416	2	T 350	145	40	40	P 350	145	39	39	P 350	146	39	38	
1417	2	T 352	144	40	40	P 354	144	38	38	P 354	144	38	40	
1418	2	T 354	143	40	40	P 354	144	40	39	P 354	144	38	38	
1419	2	T 356	142	40	40	P 356	142	40	38	P 356	144	40	37	
1420	2	T 358	141	40	40	P 358	142	39	38	P 356	144	40	37	
1421	2	T 360	140	40	40	P 360	140	40	38	P 362	140	35	40	
1422	2	T 362	139	40	40	P 363	140	35	36	P 363	140	35	38	
1423	2	T 364	138	40	40	P 364	138	39	38	P 364	138	39	40	
1424	2	T 366	137	40	40	P 368	138	35	38	P 366	138	38	38	
1425	2	T 368	136	40	40	P 368	138	35	38	P 366	138	38	38	
1426	0	T 370	135	40	40	
1427	0	T 372	134	40	40	
1428	1	T 374	133	40	40	P 372	134	40	40	
1429	1	T 376	132	40	40	P 372	134	40	40	
1430	1	T 378	131	40	40	P 377	133	39	37	
1431	1	T 380	130	40	40	P 380	130	40	38	
1432	2	T 382	129	40	40	P 376	134	40	36	P 378	132	36	39	
1433	2	T 384	128	40	40	P 378	132	36	39	P 382	130	38	38	
1434	2	T 386	127	40	40	P 384	128	38	38	P 386	128	39	36	
1435	2	T 388	126	40	40	P 388	128	37	39	P 388	126	38	38	
1436	2	T 390	125	40	40	P 390	126	39	38	P 388	126	38	38	
1437	2	T 392	124	40	40	P 392	124	38	38	P 392	124	37	40	
1438	2	T 394	123	40	40	P 394	123	38	39	P 392	124	37	40	
1439	2	T 396	122	40	40	P 396	122	40	40	P 396	122	40	38	
1440	2	T 398	121	40	40	P 398	122	39	36	P 400	122	37	38	
1441	2	T 400	120	40	40	P 400	120	38	38	P 400	120	36	39	
1442	2	T 402	119	40	40	P 402	119	40	39	P 402	120	40	39	
1443	2	T 404	118	40	40	P 406	118	38	39	P 402	120	40	39	
1444	2	T 406	117	40	40	P 406	118	40	36	P 406	118	40	39	
1445	2	T 408	116	40	40	P 408	116	37	38	P 408	116	38	40	
1446	2	T 410	115	40	40	P 410	116	38	38	P 408	116	38	40	
1447	2	T 412	114	40	40	P 412	114	38	38	P 412	114	38	40	
1448	2	T 414	113	40	40	P 414	113	38	39	P 412	114	38	40	
1449	2	T 416	112	40	40	P 416	112	40	40	P 416	112	40	38	
1450	2	T 418	111	40	40	P 418	111	40	39	P 419	112	39	38	
1451	2	T 420	110	40	40	P 421	111	35	35	P 420	112	38	36	
1452	2	T 422	109	40	40	P 424	110	38	38	P 424	109	34	39	
1453	2	T 424	108	40	40	P 424	108	40	38	P 424	110	40	38	
1454	2	T 426	107	40	40	P 426	108	38	39	P 424	110	40	38	
1455	1	T 428	106	40	40	P 430	106	38	38	
1456	1	T 430	105	40	40	P 430	106	40	39	
1457	1	T 432	104	40	40	P 432	106	38	38	
1458	1	T 434	103	40	40	P 432	104	39	38	
1459	1	T 436	102	40	40	P 434	104	40	38	
1460	1	T 438	101	40	40	P 436	102	36	38	
1461	1	T 440	100	40	40	P 439	102	39	36	
1462	1	T 442	99	40	40	P 440	100	40	38	
1463	1	T 444	98	40	40	P 439	102	39	38	
1464	2	T 446	97	40	40	P 440	102	36	38	P 442	99	38	39	
1465	3	T 448	96	40	40	P 442	99	38	39	P 442	100	38	39	P 446	100	39	37	
1466	3	T 450	95	40	40	P 446	98	38	38	P 446	98	38	39	P 446	100	39	37	
1467	3	T 452	94	40	40	P 452	95	38	39	P 450	96	40	38	P 452	94	36	38	
1468	3	T 454	93	40	40	P 452	96	38	38	P 454	94	40	39	P 452	94	36	38	
1469	2	T 456	92	40	40	P 456	92	36	39	P 454	94	40	39	
1470	1	T 458	91	40	40	P 458	91	40	39	
1471	1	T 460	90	40	40	P 460	90	40	40	
1472	1	T 462	89	40	40	P 464	88	38	40	
1473	2	T 464	88	40	40	P 462	88	40	40	P 462	88	40	40	
1474	2	T 466	87	40	40	P 464	88	39	40	P 466	88	38	38	
1475	2	T 468	86	40	40	P 470	86	37	36	P 466	88	38	38	
1476	2	T 470	85	40	40	P 470	85	40	39	P 470	86	40	39	
1477	2	T 472	84	40	40	P 472	84	40	38	P 470	86	40	39	
1478	1	T 474	83	40	40	P 474	84	38	38	
1479	1	T 476	82	40	40	P 478	82	38	40	
1480	1	T 478	81	40	40	P 478	80	36	41	
1481	1	T 480	80	40	40	P 480	80	40	38	
1482	1	T 482	79	40	40	P 482	82	38	34	
1483	2	T 484	78	40	40	P 482	82	36	37	P 484	78	38	40	
1484	2	T 486	77	40	40	P 486	78	36	38	P 488	77	36	37	
1485	2	T 488	76	40	40	P 486	78	38	37	P 488	76	38	38	
1486	2	T 490	75	40	40	P 488	78	38	37	P 490	76	38	38	
1487	2	T 492	74	40	40	P 492	74	40	38	P 490	76	38	38	
1488	2	T 494	73	40	40	P 494	73	36	39	P 494	74	38	38	
1489	2	T 496	72	40	40	P 496	72	40	40	P 496	72	40	38	
1490	2	T 498	71	40	40	P 499	71	35	37	P 499	72	35	38	
1491	2	T 500	70	40	40	P 499	71	35	37	P 499	72	35	38	
1492	1	T 502	69	40	40	P 502	70	38	39	
1493	1	T 504	68	40	40	P 504	70	38	36	
1494	1	T 506	67	40	40	P 506	67	38	37	
1495	1	T 508	66	40	40	P 508	66	40	38	
1496	1	T 510	65	40	40	P 512	65	38	39	
1497	1	T 512	64	40	40	P 512	64	40	40	
1498	1	T 514	63	40	40	P 510	66	40	38	
1499	1	T 516	62	40	40	P 514	64	38	40	
1500	1	T 518	61	40	40	P 516	64	37	39	
1501	1	T 520	60	40	40	P 516	62	38	38	
1502	1	T 522	59	40	40	P 518	61	40	39	
1503	1	T 524	58	40	40	P 516	64	38	38	
1504	1	T 526	57	40	40	P 526	58	40	39	
1505	1	T 528	56	40	40	P 519	62	39	38	
1506	1	T 530	55	40	40	P 520	60	39	38	
1507	1	T 532	54	40	40	P 522	62	37	38	
1508	1	T 534	53	40	40	P 522	59	38	39	
1509	1	T 536	52	40	40	P 522	60	38	38	
1510	1	T 538	51	40	40	P 524	58	38	38	
1511	1	T 540	50	40	40	P 526	58	40	38	
1512	1	T 542	49	40	40	P 528	56	39	38	
1513	1	T 544	48	40	40	P 532	54	40	38	
1514	1	T 546	47	40	40	P 535	53	37	39	
1515	1	T 548	46	40	40	P 544	48	38	40	
1516	1	T 550	45	40	40	P 535	54	37	39	
1517	1	T 552	44	40	40	P 548	46	38	40	
1518	2	T 554	43	40	40	P 538	52	38	38	P 546	48	40	39	
1519	3	T 556	42	40	40	P 546	48	40	39	P 540	50	37	38	P 556	42	40	40	
1520	4	T 558	41	40	40	P 544	50	38	38	P 550	45	40	39	P 544	48	36	38	P 544	50	38	38	
1521	4	T 560	40	40	40	P 550	46	40	39	P 546	47	36	39	P 560	40	40	39	P 548	46	38	38	
1522	4	T 562	39	40	40	P 554	44	34	40	P 560	40	40	38	P 562	39	38	37	P 548	46	38	38	
1523	3	T 564	38	40	40	P 566	38	38	38	P 560	40	40	38	P 562	39	38	37	
1524	1	T 566	37	40	40	P 566	38	38	39	
1525	1	T 568	36	40	40	P 570	36	38	38	
1526	1	T 570	35	40	40	P 570	36	38	38	
1527	1	T 572	34	40	40	P 570	36	38	39	
1528	1	T 574	33	40	40	P 572	34	40	38	
1529	1	T 576	32	40	40	P 574	33	38	39	
1530	1	T 578	31	40	40	P 574	34	38	39	
1531	1	T 580	30	40	40	P 576	32	38	38	
1532	1	T 582	29	40	40	P 582	29	39	39	
1533	1	T 584	28	40	40	P 576	32	38	39	
1534	1	T 586	27	40	40	P 578	32	38	39	
1535	1	T 588	26	40	40	P 580	30	40	38	
1536	1	T 590	25	40	40	P 582	30	39	39	
1537	1	T 592	24	40	40	P 592	24	40	40	
1538	1	T 594	23	40	40	P 584	28	38	38	
1539	1	T 596	22	40	40	P 586	28	34	40	
1540	1	T 598	21	40	40	P 586	28	40	38	
1541	1	T 600	20	40	40	P 588	28	40	35	
1542	2	T 602	21	40	40	P 590	26	40	38	P 600	20	40	40	
1543	2	T 604	22	40	40	P 592	24	40	38	P 595	24	38	38	
1544	2	T 606	23	40	40	P 597	23	39	37	P 600	20	40	40	
1545	2	T 608	24	40	40	P 596	24	40	38	P 598	22	38	38	
1546	3	T 610	25	40	40	P 600	20	40	38	P 604	22	40	40	P 600	20	40	38	
1547	3	T 612	26	40	40	P 602	22	38	39	P 604	22	40	38	P 606	24	40	39	
1548	3	T 614	27	40	40	P 608	24	40	40	P 608	24	40	38	P 612	26	40	38	
1549	3	T 616	28	40	40	P 612	26	40	39	P 614	28	40	38	P 614	28	40	39	
1550	3	T 618	29	40	40	P 616	28	38	38	P 618	30	39	38	P 614	28	40	39	
1551	2	T 620	30	40	40	P 620	30	38	40	P 618	30	39	38	
1552	2	T 622	31	40	40	P 622	31	36	37	P 622	32	40	39	
1553	2	T 624	32	40	40	P 624	32	38	40	P 622	32	40	39	
1554	1	T 626	33	40	40	P 626	33	38	39	
1555	1	T 628	34	40	40	P 628	34	38	40	
1556	1	T 630	35	40	40	P 630	35	40	37	
1557	1	T 632	36	40	40	P 632	36	40	38	
1558	1	T 634	37	40	40	P 634	38	38	39	
1559	1	T 636	38	40	40	P 636	38	38	36	
1560	1	T 638	39	40	40	P 638	40	40	38	
1561	1	T 640	40	40	40	P 636	40	38	35	
1562	1	T 642	41	40	40	P 638	40	39	39	
1563	1	T 644	42	40	40	P 640	40	40	38	
1564	1	T 646	43	40	40	P 640	40	40	40	
1565	2	T 648	44	40	40	P 642	42	40	38	P 644	42	39	40	
1566	2	T 650	45	40	40	P 643	42	39	38	P 644	42	39	38	
1567	2	T 652	46	40	40	P 646	43	40	39	P 646	44	40	39	
1568	3	T 654	47	40	40	P 644	42	39	40	P 648	44	38	40	P 652	46	40	39	
1569	3	T 656	48	40	40	P 650	45	39	39	P 652	46	40	38	P 652	46	40	39	
1570	3	T 658	49	40	40	P 654	48	40	39	P 659	52	35	37	P 652	46	40	39	
1571	2	T 660	50	40	40	P 660	50	40	38	P 659	52	35	37	
1572	1	T 658	51	40	40	P 658	52	38	39	
1573	1	T 656	52	40	40	P 656	52	39	38	
1574	1	T 654	53	40	40	P 654	53	40	39	
1575	1	T 652	54	40	40	P 656	52	36	40	
1576	1	T 650	55	40	40	P 654	54	40	39	
1577	2	T 648	56	40	40	P 652	54	39	38	P 648	56	40	40	
1578	3	T 646	57	40	40	P 654	54	37	40	P 650	56	38	38	P 654	54	37	40	
1579	3	T 644	58	40	40	P 646	57	38	37	P 644	58	40	40	P 646	58	38	40	
1580	3	T 642	59	40	40	P 642	62	36	37	P 644	58	40	40	P 646	58	38	40	
1581	2	T 640	60	40	40	P 640	62	40	38	P 640	60	40	36	
1582	2	T 638	61	40	40	P 638	61	40	39	P 638	62	40	38	
1583	2	T 636	62	40	40	P 638	62	40	39	P 636	62	40	36	
1584	2	T 634	63	40	40	P 638	62	40	39	P 636	62	40	36	
1585	1	T 632	64	40	40	P 632	64	38	40	
1586	1	T 630	65	40	40	P 630	66	38	38	
1587	1	T 628	66	40	40	P 628	66	40	39	
1588	1	T 626	67	40	40	P 628	66	40	38	
1589	1	T 624	68	40	40	P 628	68	38	38	
1590	1	T 622	69	40	40	P 622	70	40	39	
1591	1	T 620	70	40	40	P 624	70	38	37	
1592	1	T 618	71	40	40	P 622	70	40	38	
1593	1	T 616	72	40	40	P 620	70	39	38	
1594	1	T 614	73	40	40	P 618	71	40	39	
1595	1	T 612	74	40	40	P 618	72	40	39	
1596	1	T 610	75	40	40	P 616	72	39	38	
1597	2	T 608	76	40	40	P 610	75	40	39	P 608	76	38	40	
1598	2	T 606	77	40	40	P 616	73	34	39	P 614	74	38	38	
1599	2	T 604	78	40	40	P 612	74	40	38	P 610	76	40	39	
1600	2	T 602	79	40	40	P 608	76	38	38	P 604	78	38	38	
1601	3	T 600	80	40	40	P 606	78	36	38	P 610	77	2	39	P 600	80	38	40	
1602	3	T 598	81	40	40	P 598	82	38	39	P 610	78	2	39	P 604	80	36	38	
1603	3	T 596	82	40	40	P 596	82	40	38	P 610	78	2	39	P 604	80	36	38	
1604	2	T 594	83	40	40	P 595	84	39	38	P 595	84	39	39	
1605	2	T 592	84	40	40	P 594	84	37	38	P 595	84	39	39	
1606	1	T 590	85	40	40	P 594	84	37	38	
1607	1	T 588	86	40	40	P 588	86	40	38	
1608	1	T 586	87	40	40	P 594	85	2	39	
1609	1	T 584	88	40	40	P 586	88	40	38	
1610	1	T 582	89	40	40	P 584	88	40	38	
1611	1	T 580	90	40	40	P 582	90	40	38	
1612	1	T 578	91	40	40	P 580	90	38	38	
1613	1	T 576	92	40	40	P 576	92	39	39	
1614	1	T 574	93	40	40	P 581	91	3	39	
1615	1	T 572	94	40	40	P 578	92	40	38	
1616	1	T 570	95	40	40	P 576	92	39	38	
1617	1	T 568	96	40	40	P 574	94	40	39	
1618	1	T 566	97	40	40	P 574	94	40	38	
1619	1	T 564	98	40	40	P 574	94	37	38	
1620	1	T 562	99	40	40	P 568	96	40	39	
1621	1	T 560	100	40	40	P 572	94	39	38	
1622	1	T 558	101	40	40	P 570	96	39	38	
1623	1	T 556	102	40	40	P 556	102	40	40	
1624	2	T 554	103	40	40	P 571	96	38	38	P 564	100	40	38	
1625	2	T 552	104	40	40	P 562	99	39	39	P 568	96	40	38	
1626	2	T 550	105	40	40	P 566	98	40	38	P 568	98	38	39	
1627	2	T 548	106	40	40	P 564	98	40	38	P 564	100	40	38	
1628	4	T 546	107	40	40	P 562	100	39	39	P 560	100	40	38	P 550	104	38	40	P 550	104	38	40	
1629	4	T 544	108	40	40	P 560	102	40	37	P 556	102	40	38	P 552	104	40	36	P 552	106	40	35	
1630	4	T 542	109	40	40	P 548	108	40	36	P 548	107	38	39	P 544	108	40	38	P 544	110	38	38	
1631	4	T 540	110	40	40	P 542	110	40	38	P 542	110	38	38	P 544	108	40	38	P 544	110	38	38	
1632	2	T 538	111	40	40	P 538	112	40	38	P 538	112	40	39	
1633	2	T 536	112	40	40	P 536	112	38	40	P 538	112	40	39	
1634	2	T 534	113	40	40	P 534	113	40	39	P 535	114	39	38	
1635	2	T 532	114	40	40	P 534	113	40	39	P 535	114	39	38	
1636	1	T 530	115	40	40	P 532	116	37	36	
1637	1	T 528	116	40	40	P 528	116	40	40	
1638	2	T 526	117	40	40	P 532	114	6	38	P 526	118	38	38	
1639	4	T 524	118	40	40	P 528	118	36	39	P 525	118	35	38	P 528	118	36	39	P 524	118	38	39	
1640	4	T 522	119	40	40	P 522	119	38	37	P 522	120	38	39	P 528	118	36	39	P 524	118	38	39	
1641	2	T 520	120	40	40	P 520	120	38	40	P 522	120	38	39	
1642	2	T 518	121	40	40	P 518	121	40	37	P 518	122	40	39	
1643	2	T 516	122	40	40	P 517	122	39	38	P 516	122	40	40	
1644	2	T 514	123	40	40	P 516	124	37	38	P 516	122	40	40	
1645	2	T 512	124	40	40	P 512	124	40	40	P 512	124	40	38	
1646	2	T 510	125	40	40	P 510	125	40	39	P 511	126	39	39	
1647	2	T 508	126	40	40	P 510	126	37	38	P 508	126	39	38	
1648	2	T 506	127	40	40	P 506	128	39	39	P 508	126	39	38	
1649	1	T 504	128	40	40	P 504	128	38	40	
1650	1	T 502	129	40	40	P 504	128	38	40	
1651	1	T 500	130	40	40	P 500	130	38	38	
1652	1	T 498	131	40	40	P 498	130	39	41	
1653	1	T 496	132	40	40	P 502	130	36	40	
1654	1	T 494	133	40	40	P 496	132	40	38	
1655	1	T 492	134	40	40	P 494	134	38	38	
1656	2	T 490	135	40	40	P 492	134	40	40	P 492	134	40	40	
1657	2	T 488	136	40	40	P 493	134	39	38	P 490	135	40	39	
1658	2	T 486	137	40	40	P 486	137	40	39	P 490	136	38	38	
1659	2	T 484	138	40	40	P 490	138	38	38	P 486	138	36	38	
1660	2	T 482	139	40	40	P 490	138	38	38	P 486	138	36	38	
1661	1	T 480	140	40	40	P 480	140	40	38	
1662	1	T 478	141	40	40	P 478	140	39	40	
1663	1	T 476	142	40	40	P 478	140	39	41	
1664	1	T 474	143	40	40	P 476	142	40	38	
1665	1	T 472	144	40	40	P 476	144	40	38	
1666	1	T 470	145	40	40	P 475	144	39	38	
1667	1	T 468	146	40	40	P 470	146	40	39	
1668	1	T 466	147	40	40	P 474	144	40	38	
1669	1	T 464	148	40	40	P 472	144	39	38	
1670	2	T 462	149	40	40	P 472	144	39	40	P 464	148	39	39	
1671	2	T 460	150	40	40	P 472	145	38	39	P 468	146	39	38	
1672	3	T 458	151	40	40	P 468	146	36	40	P 466	147	38	37	P 462	150	38	40	
1673	4	T 456	152	40	40	P 464	148	39	38	P 464	148	39	39	P 462	149	38	37	P 462	150	38	40	
1674	4	T 454	153	40	40	P 462	150	38	38	P 462	150	38	40	P 456	152	40	38	P 458	152	38	38	
1675	4	T 452	154	40	40	P 452	154	40	40	P 462	150	38	40	P 456	152	40	38	P 458	152	38	38	
1676	1	T 450	155	40	40	P 450	156	39	36	
1677	1	T 448	156	40	40	P 448	156	40	38	
1678	1	T 446	157	40	40	P 450	156	38	40	
1679	1	T 444	158	40	40	P 446	157	40	39	
1680	1	T 442	159	40	40	P 446	158	40	39	
1681	1	T 440	160	40	40	P 444	158	40	38	
1682	1	T 438	161	40	40	P 440	160	38	38	
1683	1	T 436	162	40	40	P 438	162	38	38	
1684	1	T 434	163	40	40	P 438	162	38	39	
1685	1	T 432	164	40	40	P 437	162	37	38	
1686	1	T 430	165	40	40	P 430	166	40	39	
1687	1	T 428	166	40	40	P 436	163	37	37	
1688	1	T 426	167	40	40	P 430	166	40	38	
1689	2	T 424	168	40	40	P 434	164	39	37	P 432	164	40	36	
1690	3	T 422	169	40	40	P 428	166	40	38	P 432	164	40	36	P 426	167	39	39	
1691	4	T 420	170	40	40	P 430	166	38	39	P 426	167	39	39	P 426	168	39	38	P 420	170	40	40	
1692	4	T 418	171	40	40	P 424	170	40	38	P 422	170	38	38	P 420	170	40	38	P 418	172	39	38	
1693	4	T 416	172	40	40	P 416	172	38	38	P 422	170	38	38	P 420	170	40	38	P 418	172	39	38	
1694	2	T 414	173	40	40	P 414	173	40	39	P 414	174	40	38	
1695	2	T 412	174	40	40	P 412	174	36	38	P 412	174	38	40	
1696	2	T 410	175	40	40	P 410	176	39	39	P 412	174	38	40	
1697	1	T 408	176	40	40	P 408	176	38	38	
1698	1	T 406	177	40	40	P 406	180	38	37	
1699	1	T 404	178	40	40	P 404	178	40	40	
1700	1	T 402	179	40	40	P 404	179	37	39	
1701	1	T 400	180	40	40	P 404	180	37	38	
1702	1	T 398	181	40	40	P 398	180	38	40	
1703	1	T 396	182	40	40	P 398	180	38	41	
1704	1	T 394	183	40	40	P 394	184	40	38	
1705	1	T 392	184	40	40	P 392	184	38	38	
1706	1	T 390	185	40	40	P 392	184	38	40	
1707	1	T 388	186	40	40	P 388	188	38	37	
1708	1	T 386	187	40	40	P 386	188	40	39	
1709	1	T 384	188	40	40	P 388	187	38	39	
1710	1	T 382	189	40	40	P 384	188	38	38	
1711	1	T 380	190	40	40	P 382	190	39	39	
1712	1	T 378	191	40	40	P 382	190	39	38	
1713	1	T 376	192	40	40	P 380	192	40	37	
1714	1	T 374	193	40	40	P 378	192	39	38	
1715	1	T 372	194	40	40	P 376	192	40	38	
1716	1	T 370	195	40	40	P 374	194	35	40	
1717	1	T 368	196	40	40	P 370	195	38	37	
1718	2	T 366	197	40	40	P 366	197	40	39	P 366	198	40	39	
1719	2	T 364	198	40	40	P 370	196	38	36	P 368	196	36	40	
1720	2	T 362	199	40	40	P 364	198	40	38	P 362	199	36	39	
1721	2	T 360	200	40	40	P 362	200	38	38	P 360	200	40	38	
1722	2	T 358	201	40	40	P 361	200	35	40	P 360	201	38	39	
1723	2	T 356	202	40	40	P 358	202	40	38	P 357	202	39	40	
1724	2	T 354	203	40	40	P 356	202	40	38	P 354	204	40	36	
1725	2	T 352	204	40	40	P 354	204	40	39	P 352	204	39	38	
1726	2	T 350	205	40	40	P 352	204	39	40	P 350	206	40	38	
1727	2	T 348	206	40	40	P 348	206	40	38	P 350	206	40	38	
1728	2	T 346	207	40	40	P 346	207	40	39	P 346	208	37	39	
1729	2	T 344	208	40	40	P 344	208	39	38	P 346	208	37	40	
1730	2	T 342	209	40	40	P 342	212	39	34	P 343	212	38	36	
1731	2	T 340	210	40	40	P 342	212	38	36	P 343	212	38	36	
1732	1	T 338	211	40	40	P 340	212	38	38	
1733	1	T 336	212	40	40	P 336	212	38	38	
1734	1	T 334	213	40	40	P 334	216	39	37	
1735	1	T 332	214	40	40	P 332	216	40	36	
1736	1	T 330	215	40	40	P 330	215	36	39	
1737	1	T 328	216	40	40	P 330	216	40	38	
1738	1	T 326	217	40	40	P 330	216	38	38	
1739	1	T 324	218	40	40	P 326	220	36	37	
1740	1	T 322	219	40	40	P 324	220	38	38	
1741	1	T 320	220	40	40	P 325	219	39	37	
1742	2	T 318	221	40	40	P 320	220	40	38	P 320	220	40	39	
1743	3	T 316	222	40	40	P 320	220	40	39	P 320	221	38	37	P 316	222	40	40	
1744	3	T 314	223	40	40	P 314	223	40	39	P 314	224	40	39	P 316	222	40	40	
1745	2	T 312	224	40	40	P 312	224	40	38	P 313	224	35	40	
1746	2	T 310	225	40	40	P 310	225	40	39	P 310	226	40	38	
1747	2	T 308	226	40	40	P 308	227	40	37	P 308	228	40	37	
1748	2	T 306	227	40	40	P 306	228	40	39	P 308	228	40	37	
1749	1	T 304	228	40	40	P 304	228	40	38	
1750	1	T 302	229	40	40	P 302	229	40	39	
1751	1	T 300	230	40	40	P 302	230	40	39	
1752	1	T 298	231	40	40	P 300	230	38	38	
1753	1	T 296	232	40	40	P 298	231	40	37	
1754	1	T 294	233	40	40	P 297	232	37	38	
1755	1	T 292	234	40	40	P 296	232	38	40	
1756	1	T 290	235	40	40	P 295	233	37	39	
1757	1	T 288	236	40	40	P 295	234	37	38	
1758	2	T 286	237	40	40	P 292	234	37	38	P 286	240	40	37	
1759	2	T 284	238	40	40	P 284	238	40	40	P 290	235	38	37	
1760	3	T 282	239	40	40	P 290	236	38	36	P 288	236	40	38	P 282	239	39	39	
1761	3	T 280	240	40	40	P 284	238	40	38	P 286	237	36	37	P 282	240	39	38	
1762	3	T 278	241	40	40	P 280	240	36	38	P 278	240	40	41	P 282	240	39	38	
1763	2	T 276	242	40	40	P 276	242	40	38	P 278	240	40	41	
1764	2	T 274	243	40	40	P 274	244	40	38	P 274	244	40	39	
1765	2	T 272	244	40	40	P 274	246	38	38	P 274	244	40	39	
1766	1	T 270	245	40	40	P 270	246	40	38	
1767	1	T 268	246	40	40	P 268	246	39	38	
1768	1	T 266	247	40	40	P 266	248	38	36	
1769	1	T 264	248	40	40	P 266	248	38	36	
1770	1	T 262	249	40	40	P 262	249	38	39	
1771	1	T 260	250	40	40	P 264	248	6	38	
1772	2	T 258	251	40	40	P 258	251	40	39	P 258	252	40	38	
1773	2	T 256	252	40	40	P 258	254	36	38	P 258	252	40	38	
1774	2	T 254	253	40	40	P 254	253	38	39	P 254	254	36	39	
1775	2	T 252	254	40	40	P 254	253	38	39	P 254	254	36	39	
1776	1	T 250	255	40	40	P 250	254	40	41	
1777	1	T 248	256	40	40	P 250	258	37	36	
1778	1	T 246	257	40	40	P 248	258	39	38	
1779	1	T 244	258	40	40	P 246	257	38	39	
1780	1	T 242	259	40	40	P 244	258	40	40	
1781	1	T 240	260	40	40	P 246	258	40	38	
1782	1	T 238	261	40	40	P 244	258	40	38	
1783	1	T 236	262	40	40	P 242	259	39	37	
1784	1	T 234	263	40	40	P 240	260	37	40	
1785	1	T 232	264	40	40	P 240	261	38	39	
1786	1	T 230	265	40	40	P 237	263	38	35	
1787	1	T 228	266	40	40	P 236	264	38	37	
1788	1	T 226	267	40	40	P 232	265	34	39	
1789	1	T 224	268	40	40	P 228	266	38	40	
1790	1	T 222	269	40	40	P 228	266	38	38	
1791	2	T 220	270	40	40	P 222	268	40	40	P 222	268	40	40	
1792	2	T 218	271	40	40	P 224	268	37	38	P 224	268	38	40	
1793	2	T 216	272	40	40	P 220	272	38	39	P 218	272	40	38	
1794	2	T 214	273	40	40	P 216	272	38	38	P 215	274	35	39	
1795	2	T 212	274	40	40	P 216	272	38	38	P 215	274	35	39	
1796	1	T 210	275	40	40	P 210	275	38	39	
1797	1	T 208	276	40	40	P 208	276	40	38	
1798	1	T 206	277	40	40	P 208	278	40	38	
1799	1	T 204	278	40	40	P 208	278	38	38	
1800	1	T 202	279	40	40	P 204	278	40	38	
1801	2	T 200	280	40	40	P 202	282	40	34	P 202	282	36	38	
1802	3	T 198	281	40	40	P 208	278	2	38	P 202	282	40	37	P 202	282	40	37	
1803	3	T 196	282	40	40	P 198	284	36	37	P 196	282	40	38	P 202	282	40	37	
1804	2	T 194	283	40	40	P 198	284	36	37	P 196	282	40	38	
1805	2	T 192	284	40	40	P 192	284	38	38	P 192	284	38	40	
1806	2	T 190	285	40	40	P 190	286	36	39	P 192	284	38	40	
1807	2	T 188	286	40	40	P 190	286	37	40	P 188	286	39	38	
1808	2	T 186	287	40	40	P 186	288	40	38	P 188	286	39	38	
1809	2	T 184	288	40	40	P 184	288	40	38	P 184	288	40	40	
1810	2	T 182	289	40	40	P 184	288	40	38	P 184	288	40	40	
1811	0	T 180	290	40	40	
1812	0	T 178	291	40	40	
1813	0	T 176	292	40	40	
1814	0	T 174	293	40	40	
1815	0	T 172	294	40	40	
1816	1	T 170	295	40	40	P 170	295	40	39	
1817	1	T 168	296	40	40	P 178	291	38	37	
1818	1	T 166	297	40	40	P 176	292	40	38	
1819	1	T 164	298	40	40	P 178	292	38	36	
1820	1	T 162	299	40	40	P 173	294	39	38	
1821	2	T 160	300	40	40	P 176	292	38	38	P 163	300	37	38	
1822	5	T 158	301	40	40	P 158	301	40	39	P 176	294	38	38	P 168	296	40	38	P 168	296	40	38	P 163	300	37	38	
1823	6	T 156	302	40	40	P 166	297	38	39	P 166	298	38	38	P 164	298	38	38	P 160	302	38	38	P 156	304	38	36	P 158	304	36	38	
1824	6	T 154	303	40	40	P 155	304	35	36	P 155	306	35	37	P 164	298	38	38	P 160	302	38	38	P 160	300	6	38	P 158	304	36	38	
1825	4	T 152	304	40	40	P 155	304	35	36	P 155	306	35	37	P 189	306	3	34	P 160	300	6	38	
1826	1	T 150	305	40	40	P 152	304	6	38	
1827	1	T 148	306	40	40	P 152	304	6	38	
1828	1	T 146	307	40	40	P 146	306	38	40	
1829	1	T 144	308	40	40	P 146	306	38	41	
1830	1	T 142	309	40	40	P 144	308	40	36	
1831	1	T 140	310	40	40	P 142	310	36	38	
1832	1	T 138	311	40	40	P 142	310	38	39	
1833	2	T 136	312	40	40	P 140	310	38	38	P 136	312	40	40	
1834	2	T 134	313	40	40	P 138	312	40	38	P 139	312	39	38	
1835	2	T 132	314	40	40	P 136	312	40	38	P 134	313	38	39	
1836	2	T 130	315	40	40	P 132	314	40	38	P 130	315	36	37	
1837	2	T 128	316	40	40	P 130	316	39	39	P 128	316	40	38	
1838	2	T 126	317	40	40	P 128	316	40	40	P 126	318	39	38	
1839	2	T 124	318	40	40	P 124	318	37	39	P 126	318	39	38	
1840	1	T 122	319	40	40	P 122	320	38	39	
1841	1	T 120	320	40	40	P 120	320	36	40	
1842	1	T 118	321	40	40	P 120	320	38	40	
1843	1	T 116	322	40	40	P 118	322	40	38	
1844	2	T 114	323	40	40	P 150	322	6	38	P 115	323	39	39	
1845	2	T 112	324	40	40	P 115	324	39	38	P 115	323	39	39	
1846	1	T 110	325	40	40	P 110	326	40	39	
1847	2	T 108	326	40	40	P 116	322	6	38	P 108	326	39	38	
1848	2	T 106	327	40	40	P 108	326	39	39	P 106	328	40	38	
1849	2	T 104	328	40	40	P 106	328	40	39	P 104	328	36	36	
1850	2	T 102	329	40	40	P 104	330	38	38	P 102	330	40	39	
1851	2	T 100	330	40	40	P 101	330	39	40	P 101	330	39	38	
1852	2	T 98	331	40	40	P 98	332	39	38	P 101	330	39	38	
1853	1	T 96	332	40	40	P 96	332	38	40	
1854	1	T 94	333	40	40	P 94	334	40	38	
1855	1	T 92	334	40	40	P 92	334	40	38	
1856	2	T 90	335	40	40	P 92	334	40	39	P 92	334	40	39	
1857	2	T 88	336	40	40	P 90	335	38	39	P 92	334	40	39	
1858	1	T 86	337	40	40	P 86	336	38	40	
1859	1	T 84	338	40	40	P 84	338	38	40	
1860	1	T 82	339	40	40	P 82	340	40	38	
1861	1	T 80	340	40	40	P 80	342	38	38	
1862	1	T 78	341	40	40	P 78	341	39	39	
1863	1	T 76	342	40	40	P 78	342	39	39	
1864	1	T 74	343	40	40	P 76	342	38	38	
1865	1	T 72	344	40	40	P 78	342	36	38	
1866	1	T 70	345	40	40	P 70	344	40	40	
1867	1	T 68	346	40	40	P 75	344	37	38	
1868	1	T 66	347	40	40	P 74	344	38	38	
1869	1	T 64	348	40	40	P 68	346	38	38	
1870	1	T 62	349	40	40	P 68	348	38	36	
1871	1	T 60	350	40	40	P 66	348	40	36	
1872	1	T 58	351	40	40	P 64	348	38	38	
1873	1	T 56	352	40	40	P 56	352	40	40	
1874	1	T 54	353	40	40	P 62	349	38	39	
1875	1	T 52	354	40	40	P 62	350	37	38	
1876	1	T 50	355	40	40	P 58	351	38	39	
1877	1	T 48	356	40	40	P 60	350	38	38	
1878	1	T 46	357	40	40	P 50	355	39	39	
1879	1	T 44	358	40	40	P 58	352	38	38	
1880	1	T 42	359	40	40	P 50	356	39	39	
1881	2	T 40	360	40	40	P 56	352	40	38	P 40	360	40	40	
1882	3	T 38	361	40	40	P 54	354	38	39	P 52	354	39	38	P 48	356	39	38	
1883	3	T 36	362	40	40	P 48	356	39	40	P 46	358	40	39	P 48	356	39	38	
1884	3	T 34	363	40	40	P 46	358	38	38	P 44	358	40	38	P 42	360	40	39	
1885	4	T 32	364	40	40	P 34	362	40	41	P 40	360	40	38	P 36	362	38	38	P 40	362	2	38	
1886	4	T 30	365	40	40	P 40	362	2	38	P 30	365	38	39	P 30	366	38	39	P 40	362	2	38	
1887	3	T 28	366	40	40	P 40	362	2	38	P 30	365	38	39	P 30	366	38	39	
1888	2	T 26	367	40	40	P 26	367	40	39	P 26	368	40	39	
1889	2	T 24	368	40	40	P 24	368	40	38	P 24	368	40	39	
1890	2	T 22	369	40	40	P 24	368	40	38	P 24	368	40	39	
1891	2	T 20	370	40	40	P 20	370	40	38	P 22	370	38	39	
1892	2	T 22	371	40	40	P 22	371	40	39	P 22	370	38	39	
1893	2	T 24	372	40	40	P 25	372	39	38	P 24	372	40	40	
1894	2	T 26	373	40	40	P 26	372	36	40	P 24	372	40	40	
1895	1	T 28	374	40	40	P 28	374	40	40	
1896	2	T 30	375	40	40	P 30	375	39	39	P 32	376	37	39	
1897	2	T 32	376	40	40	P 32	376	39	38	P 33	376	38	38	
1898	3	T 34	377	40	40	P 62	366	6	38	P 36	377	34	39	P 34	378	40	38	
1899	3	T 36	378	40	40	P 36	378	38	39	P 38	378	38	40	P 36	378	40	38	
1900	3	T 38	379	40	40	P 39	379	39	37	P 39	380	39	38	P 36	378	40	38	
1901	2	T 40	380	40	40	P 40	380	40	40	P 39	380	39	38	
1902	2	T 42	381	40	40	P 42	384	38	34	P 43	384	35	36	
1903	2	T 44	382	40	40	P 44	384	40	36	P 44	384	36	37	
1904	2	T 46	383	40	40	P 46	383	40	37	P 44	384	36	37	
1905	2	T 48	384	40	40	P 48	384	40	38	P 48	384	40	40	
1906	2	T 50	385	40	40	P 50	386	39	36	P 50	386	39	39	
1907	2	T 52	386	40	40	P 52	388	40	38	P 52	388	40	36	
1908	2	T 54	387	40	40	P 54	388	40	39	P 52	388	40	36	
1909	2	T 56	388	40	40	P 57	389	35	37	P 56	390	38	38	
1910	2	T 58	389	40	40	P 60	390	37	36	P 56	390	38	38	
1911	2	T 60	390	40	40	P 62	392	37	36	P 62	392	34	38	
1912	2	T 62	391	40	40	P 62	390	40	40	P 62	392	34	38	
1913	1	T 64	392	40	40	P 64	392	38	38	
1914	1	T 66	393	40	40	P 69	394	3	38	
1915	1	T 68	394	40	40	P 68	394	40	40	
1916	2	T 70	395	40	40	P 72	395	36	37	P 72	396	36	37	
1917	2	T 72	396	40	40	P 72	396	40	39	P 72	396	36	38	
1918	3	T 74	397	40	40	P 102	394	4	36	P 74	397	40	37	P 74	398	40	36	
1919	3	T 76	398	40	40	P 76	398	40	40	P 74	397	40	37	P 74	398	40	36	
1920	1	T 78	399	40	40	P 80	398	38	40	
1921	1	T 80	400	40	40	P 80	400	40	38	
1922	1	T 82	401	40	40	P 82	401	40	39	
1923	1	T 84	402	40	40	P 82	402	40	38	
1924	2	T 86	403	40	40	P 88	402	2	38	P 84	402	38	38	
1925	2	T 88	404	40	40	P 86	404	38	39	P 88	404	38	38	
1926	2	T 90	405	40	40	P 88	404	36	40	P 90	406	40	39	
1927	2	T 92	406	40	40	P 90	406	40	38	P 92	406	38	38	
1928	2	T 94	407	40	40	P 94	406	34	39	P 94	408	39	39	
1929	2	T 96	408	40	40	P 94	408	39	36	P 94	408	39	39	
1930	2	T 98	409	40	40	P 98	409	40	39	P 98	410	40	39	
1931	2	T 100	410	40	40	P 100	410	38	38	P 98	410	40	39	
1932	2	T 102	411	40	40	P 102	411	38	39	P 102	412	37	39	
1933	2	T 104	412	40	40	P 104	414	38	38	P 102	412	37	39	
1934	2	T 106	413	40	40	P 106	414	38	38	P 110	414	2	39	
1935	2	T 108	414	40	40	P 108	414	36	40	P 110	414	2	39	
1936	2	T 110	415	40	40	P 110	416	40	38	P 110	416	40	39	
1937	2	T 112	416	40	40	P 110	416	40	38	P 110	416	40	39	
1938	2	T 114	417	40	40	P 114	416	40	40	P 114	416	40	41	
1939	2	T 116	418	40	40	P 116	418	39	38	P 118	420	37	38	
1940	2	T 118	419	40	40	P 118	422	40	34	P 119	422	35	36	
1941	2	T 120	420	40	40	P 120	420	40	38	P 119	422	35	36	
1942	2	T 122	419	40	40	P 122	419	40	39	P 122	420	40	39	
1943	2	T 124	418	40	40	P 124	418	37	38	P 126	418	35	39	
1944	2	T 126	417	40	40	P 127	418	39	38	P 126	418	35	39	
1945	1	T 128	416	40	40	P 130	416	36	40	
1946	1	T 130	415	40	40	P 130	415	39	39	
1947	2	T 132	414	40	40	P 130	416	39	39	P 130	416	39	39	
1948	2	T 134	413	40	40	P 134	414	37	40	P 134	413	39	37	
1949	2	T 136	412	40	40	P 138	412	34	38	P 134	413	39	37	
1950	1	T 138	411	40	40	P 138	412	38	38	
1951	1	T 140	410	40	40	P 140	410	38	38	
1952	1	T 142	409	40	40	P 140	410	38	40	
1953	1	T 144	408	40	40	P 144	408	40	38	
1954	2	T 146	407	40	40	P 144	408	40	40	P 144	408	40	40	
1955	2	T 148	406	40	40	P 148	406	40	38	P 148	406	40	40	
1956	2	T 150	405	40	40	P 150	406	39	38	P 148	406	40	40	
1957	1	T 152	404	40	40	P 152	404	39	40	
1958	1	T 154	403	40	40	P 154	404	38	38	
1959	1	T 156	402	40	40	P 156	402	40	40	
1960	1	T 158	401	40	40	P 156	402	40	38	
1961	1	T 160	400	40	40	P 158	401	40	39	
1962	1	T 162	399	40	40	P 158	402	40	39	
1963	1	T 164	398	40	40	P 160	400	38	38	
1964	1	T 166	397	40	40	P 162	399	40	39	
1965	1	T 168	396	40	40	P 162	400	40	39	
1966	3	T 170	395	40	40	P 164	398	40	38	P 164	398	40	38	P 168	396	40	40	
1967	3	T 172	394	40	40	P 164	398	40	40	P 168	396	40	40	P 168	396	40	40	
1968	2	T 174	393	40	40	P 177	393	3	39	P 174	394	40	38	
1969	2	T 176	392	40	40	P 176	392	40	38	P 174	394	40	38	
1970	2	T 178	391	40	40	P 178	391	40	37	P 179	392	39	38	
1971	2	T 180	390	40	40	P 182	390	38	40	P 179	392	39	38	
1972	1	T 182	389	40	40	P 182	390	39	39	
1973	1	T 184	388	40	40	P 184	388	40	40	
1974	1	T 186	387	40	40	P 186	387	40	39	
1975	1	T 188	386	40	40	P 186	388	40	39	
1976	1	T 190	385	40	40	P 188	386	38	40	
1977	1	T 192	384	40	40	P 190	386	38	38	
1978	1	T 194	383	40	40	P 192	384	40	40	
1979	2	T 196	382	40	40	P 190	386	38	39	P 190	386	38	39	
1980	3	T 198	381	40	40	P 194	384	40	39	P 196	382	38	40	P 194	384	40	39	
1981	3	T 200	380	40	40	P 202	380	37	38	P 200	380	39	38	P 194	384	40	39	
1982	2	T 202	379	40	40	P 202	380	40	39	P 200	380	39	38	
1983	1	T 204	378	40	40	P 204	378	40	38	
1984	1	T 206	377	40	40	P 206	377	40	39	
1985	1	T 208	376	40	40	P 206	378	40	39	
1986	1	T 210	375	40	40	P 210	376	39	38	
1987	1	T 212	374	40	40	P 210	376	39	39	
1988	1	T 214	373	40	40	P 212	376	38	38	
1989	1	T 216	372	40	40	P 214	376	36	37	
1990	2	T 218	371	40	40	P 218	374	38	38	P 218	374	38	38	
1991	2	T 220	370	40	40	P 218	374	38	34	P 222	370	37	38	
1992	2	T 222	369	40	40	P 220	370	39	38	P 224	370	36	38	
1993	2	T 224	368	40	40	P 222	370	38	38	P 224	368	38	38	
1994	2	T 226	367	40	40	P 226	367	40	39	P 226	368	40	39	
1995	2	T 228	366	40	40	P 228	366	6	38	P 226	368	40	39	
1996	2	T 230	365	40	40	P 230	366	36	39	P 230	365	36	37	
1997	2	T 232	364	40	40	P 234	364	36	40	P 230	365	36	37	
1998	2	T 234	363	40	40	P 236	363	38	39	P 236	364	38	38	
1999	2	T 236	362	40	40	P 265	368	2	34	P 238	362	38	38	
2000	2	T 238	361	40	40	P 240	362	38	38	P 238	362	38	38	
