1	0	T 80	80	40	40	
2	1	T 82	81	40	40	P 0	0	713	460	
3	1	T 84	82	40	40	P 0	0	713	460	
4	1	T 86	83	40	40	P 0	0	713	460	
5	1	T 88	84	40	40	P 0	0	713	460	
6	9	T 90	85	40	40	P 0	0	299	207	P 0	230	161	161	P 184	138	529	322	P 276	414	92	46	P 345	161	69	69	P 368	0	46	46	P 437	23	69	46	P 552	0	46	46	P 667	0	46	69	
7	11	T 92	86	40	40	P 0	207	92	115	P 23	0	138	161	P 92	345	46	46	P 207	0	46	46	P 230	368	46	46	P 276	276	46	69	P 368	207	46	46	P 460	0	46	46	P 598	322	46	46	P 621	23	46	69	P 621	230	46	69	
8	1	T 94	87	40	40	P 69	69	92	92	
9	1	T 96	88	40	40	P 92	69	46	69	
10	1	T 98	89	40	40	P 69	69	69	69	
11	1	T 100	90	40	40	P 69	69	92	69	
12	1	T 102	91	40	40	P 69	69	115	69	
13	1	T 104	92	40	40	P 69	69	115	69	
14	1	T 106	93	40	40	P 69	69	115	69	
15	1	T 108	94	40	40	P 69	69	115	69	
16	1	T 110	95	40	40	P 69	69	115	92	
17	1	T 112	96	40	40	P 69	69	115	69	
18	1	T 114	97	40	40	P 69	69	115	92	
19	1	T 116	98	40	40	P 69	69	115	92	
20	1	T 118	99	40	40	P 69	69	115	92	
21	1	T 120	100	40	40	P 92	69	92	92	
22	1	T 122	101	40	40	P 69	69	92	92	
23	1	T 124	102	40	40	P 92	69	92	92	
24	1	T 126	103	40	40	P 92	69	92	92	
25	1	T 128	104	40	40	P 92	92	92	69	
26	1	T 130	105	40	40	P 92	69	92	92	
27	1	T 132	106	40	40	P 92	92	115	92	
28	1	T 134	107	40	40	P 138	92	69	92	
29	1	T 136	108	40	40	P 138	92	69	92	
30	1	T 138	109	40	40	P 138	115	69	69	
31	1	T 140	110	40	40	P 138	115	69	69	
32	1	T 142	111	40	40	P 138	115	46	46	
33	1	T 144	112	40	40	P 138	115	69	69	
34	1	T 146	113	40	40	P 138	115	69	69	
35	1	T 148	114	40	40	P 161	115	46	46	
36	1	T 150	115	40	40	P 161	115	46	46	
37	1	T 152	116	40	40	P 138	115	92	69	
38	1	T 154	117	40	40	P 161	115	69	69	
39	1	T 156	118	40	40	P 161	115	69	69	
40	1	T 158	119	40	40	P 161	115	69	69	
41	1	T 160	120	40	40	P 161	115	69	69	
42	1	T 162	121	40	40	P 161	115	69	69	
43	1	T 164	122	40	40	P 161	115	69	69	
44	1	T 166	123	40	40	P 161	115	69	69	
45	1	T 168	124	40	40	P 161	115	69	69	
46	1	T 170	125	40	40	P 161	115	69	69	
47	1	T 172	126	40	40	P 161	115	69	69	
48	1	T 174	127	40	40	P 184	115	46	69	
49	1	T 176	128	40	40	P 184	115	46	92	
50	1	T 178	129	40	40	P 184	115	69	69	
51	1	T 180	130	40	40	P 184	115	69	92	
52	1	T 182	131	40	40	P 184	115	69	92	
53	1	T 184	132	40	40	P 184	138	69	69	
54	1	T 186	133	40	40	P 184	115	69	69	
55	1	T 188	134	40	40	P 184	138	69	69	
56	1	T 190	135	40	40	P 184	138	69	69	
57	1	T 192	136	40	40	P 184	138	69	69	
58	1	T 194	137	40	40	P 184	138	69	46	
59	1	T 196	138	40	40	P 184	115	69	69	
60	1	T 198	139	40	40	P 184	138	92	46	
61	1	T 200	140	40	40	P 207	138	69	69	
62	1	T 202	141	40	40	P 184	138	92	69	
63	1	T 204	142	40	40	P 207	138	69	69	
64	1	T 206	143	40	40	P 207	138	69	69	
65	1	T 208	144	40	40	P 207	138	69	69	
66	1	T 210	145	40	40	P 207	138	69	69	
67	1	T 212	146	40	40	P 207	138	69	69	
68	1	T 214	147	40	40	P 207	138	69	69	
69	1	T 216	148	40	40	P 207	138	69	46	
70	0	T 218	149	40	40	
71	1	T 220	150	40	40	P 207	138	69	69	
72	1	T 222	151	40	40	P 230	138	46	69	
73	1	T 224	152	40	40	P 230	138	46	69	
74	1	T 226	153	40	40	P 230	138	69	92	
75	1	T 228	154	40	40	P 230	161	46	46	
76	1	T 230	155	40	40	P 230	161	69	69	
77	1	T 232	156	40	40	P 230	161	69	69	
78	1	T 234	157	40	40	P 230	161	69	69	
79	1	T 236	158	40	40	P 230	138	69	69	
80	1	T 238	159	40	40	P 230	161	69	69	
81	1	T 240	160	40	40	P 230	161	69	69	
82	1	T 242	161	40	40	P 230	138	69	69	
83	1	T 244	162	40	40	P 230	161	69	46	
84	1	T 246	163	40	40	P 230	138	92	92	
85	1	T 248	164	40	40	P 253	161	46	69	
86	1	T 250	165	40	40	P 230	161	92	69	
87	1	T 252	166	40	40	P 253	161	69	69	
88	1	T 254	167	40	40	P 253	161	69	69	
89	1	T 256	168	40	40	P 253	161	69	69	
90	1	T 258	169	40	40	P 253	161	69	69	
91	1	T 260	170	40	40	P 253	161	69	69	
92	1	T 262	171	40	40	P 253	161	69	69	
93	1	T 264	172	40	40	P 253	161	69	46	
94	1	T 266	173	40	40	P 253	161	69	69	
95	1	T 268	174	40	40	P 276	161	46	69	
96	1	T 270	175	40	40	P 276	161	46	69	
97	1	T 272	176	40	40	P 276	161	69	92	
98	1	T 274	177	40	40	P 276	161	69	92	
99	1	T 276	178	40	40	P 276	161	46	92	
100	1	T 278	179	40	40	P 276	161	46	69	
101	1	T 280	180	40	40	P 276	161	69	92	
102	1	T 282	181	40	40	P 276	161	69	92	
103	1	T 284	182	40	40	P 276	184	69	69	
104	1	T 286	183	40	40	P 276	184	69	69	
105	1	T 288	184	40	40	P 276	184	69	46	
106	1	T 290	185	40	40	P 276	184	69	46	
107	1	T 292	186	40	40	P 276	184	69	46	
108	1	T 294	187	40	40	P 276	184	92	69	
109	1	T 296	188	40	40	P 276	184	92	69	
110	1	T 298	189	40	40	P 276	161	92	92	
111	1	T 300	190	40	40	P 299	184	69	69	
112	1	T 302	191	40	40	P 299	184	69	69	
113	1	T 304	192	40	40	P 299	184	69	69	
114	1	T 306	193	40	40	P 299	184	69	69	
115	1	T 308	194	40	40	P 299	184	69	69	
116	1	T 310	195	40	40	P 299	184	69	69	
117	1	T 312	196	40	40	P 299	207	69	46	
118	1	T 314	197	40	40	P 322	184	46	69	
119	1	T 316	198	40	40	P 322	184	46	69	
120	1	T 318	199	40	40	P 299	184	69	92	
121	1	T 320	200	40	40	P 322	184	69	92	
122	1	T 322	201	40	40	P 322	207	46	46	
123	1	T 324	202	40	40	P 322	207	46	69	
124	1	T 326	203	40	40	P 322	207	69	69	
125	1	T 328	204	40	40	P 322	207	69	69	
126	1	T 330	205	40	40	P 322	207	69	69	
127	1	T 332	206	40	40	P 322	207	69	46	
128	1	T 334	207	40	40	P 322	207	69	46	
129	1	T 336	208	40	40	P 322	207	69	69	
130	1	T 338	209	40	40	P 322	207	92	46	
131	1	T 340	210	40	40	P 322	207	92	69	
132	1	T 342	211	40	40	P 345	207	69	69	
133	1	T 344	212	40	40	P 345	207	69	69	
134	1	T 346	213	40	40	P 345	207	69	69	
135	1	T 348	214	40	40	P 345	207	69	46	
136	1	T 350	215	40	40	P 345	207	69	69	
137	1	T 352	216	40	40	P 345	207	46	69	
138	1	T 354	217	40	40	P 368	207	46	46	
139	1	T 356	218	40	40	P 345	207	69	69	
140	1	T 358	219	40	40	P 368	207	46	69	
141	1	T 360	220	40	40	P 368	207	46	69	
142	1	T 362	221	40	40	P 368	230	46	46	
143	1	T 364	222	40	40	P 368	230	46	46	
144	1	T 366	223	40	40	P 368	207	46	69	
145	1	T 368	224	40	40	P 368	207	69	92	
146	1	T 370	225	40	40	P 368	207	69	92	
147	1	T 372	226	40	40	P 345	207	92	92	
148	1	T 374	227	40	40	P 368	230	46	46	
149	1	T 376	228	40	40	P 368	230	69	69	
150	1	T 378	229	40	40	P 368	230	69	46	
151	1	T 380	230	40	40	P 368	230	69	46	
152	1	T 382	231	40	40	P 368	230	69	46	
153	1	T 384	232	40	40	P 368	230	69	69	
154	1	T 386	233	40	40	P 391	230	46	46	
155	1	T 388	234	40	40	P 391	230	69	46	
156	1	T 390	235	40	40	P 391	230	46	46	
157	1	T 392	236	40	40	P 391	230	46	69	
158	1	T 394	237	40	40	P 391	230	46	69	
159	1	T 396	238	40	40	P 391	207	69	92	
160	1	T 398	239	40	40	P 391	230	69	69	
161	1	T 400	240	40	40	P 391	230	69	69	
162	1	T 402	241	40	40	P 391	253	46	46	
163	1	T 404	242	40	40	P 391	230	69	69	
164	0	T 406	243	40	40	
165	1	T 408	244	40	40	P 414	230	46	69	
166	1	T 410	245	40	40	P 414	230	46	69	
167	1	T 412	246	40	40	P 414	230	46	69	
168	1	T 414	247	40	40	P 414	230	46	92	
169	1	T 416	248	40	40	P 414	230	46	69	
170	1	T 418	249	40	40	P 414	253	69	69	
171	1	T 420	250	40	40	P 414	253	46	46	
172	1	T 422	251	40	40	P 414	253	69	46	
173	1	T 424	252	40	40	P 414	230	69	69	
174	1	T 426	253	40	40	P 414	253	69	46	
175	1	T 428	254	40	40	P 414	253	69	46	
176	1	T 430	255	40	40	P 414	253	69	46	
177	1	T 432	256	40	40	P 414	253	92	69	
178	1	T 434	257	40	40	P 437	253	69	69	
179	1	T 436	258	40	40	P 414	253	69	69	
180	1	T 438	259	40	40	P 437	253	69	69	
181	1	T 440	260	40	40	P 437	253	69	69	
182	1	T 442	261	40	40	P 437	253	46	69	
183	1	T 444	262	40	40	P 437	253	69	69	
184	0	T 446	263	40	40	
185	0	T 448	264	40	40	
186	0	T 450	265	40	40	
187	0	T 452	266	40	40	
188	1	T 454	267	40	40	P 460	253	46	46	
189	1	T 456	268	40	40	P 460	276	46	46	
190	1	T 458	269	40	40	P 460	253	46	69	
191	1	T 460	270	40	40	P 460	276	46	46	
192	1	T 462	271	40	40	P 460	276	46	46	
193	1	T 464	272	40	40	P 460	253	69	69	
194	1	T 466	273	40	40	P 460	253	69	69	
195	1	T 468	274	40	40	P 460	253	69	69	
196	1	T 470	275	40	40	P 460	276	69	46	
197	1	T 472	276	40	40	P 460	253	69	69	
198	1	T 474	277	40	40	P 460	276	92	46	
199	1	T 476	278	40	40	P 460	276	69	69	
200	1	T 478	279	40	40	P 483	276	46	46	
201	1	T 480	280	40	40	P 460	276	69	46	
202	1	T 482	281	40	40	P 483	276	46	69	
203	1	T 484	282	40	40	P 460	276	69	69	
204	1	T 486	283	40	40	P 483	276	69	69	
205	1	T 488	284	40	40	P 483	276	69	69	
206	1	T 490	285	40	40	P 483	276	69	69	
207	1	T 492	286	40	40	P 506	276	46	46	
208	0	T 494	287	40	40	
209	1	T 496	288	40	40	P 483	299	69	46	
210	0	T 498	289	40	40	
211	1	T 500	290	40	40	P 506	276	46	69	
212	1	T 502	291	40	40	P 506	276	46	69	
213	1	T 504	292	40	40	P 506	276	46	69	
214	1	T 506	293	40	40	P 506	276	46	69	
215	1	T 508	294	40	40	P 506	276	46	69	
216	1	T 510	295	40	40	P 506	276	69	69	
217	1	T 512	296	40	40	P 506	276	69	69	
218	1	T 514	297	40	40	P 506	299	69	46	
219	1	T 516	298	40	40	P 506	276	69	69	
220	1	T 518	299	40	40	P 506	299	69	46	
221	1	T 520	300	40	40	P 506	299	69	46	
222	1	T 522	301	40	40	P 506	299	69	69	
223	1	T 524	302	40	40	P 506	299	92	69	
224	1	T 526	303	40	40	P 529	299	46	46	
225	1	T 528	304	40	40	P 529	276	69	92	
226	1	T 530	305	40	40	P 529	299	69	69	
227	1	T 532	306	40	40	P 529	299	69	69	
228	1	T 534	307	40	40	P 529	299	46	46	
229	1	T 536	308	40	40	P 529	299	46	69	
230	0	T 538	309	40	40	
231	1	T 540	310	40	40	P 552	322	46	46	
232	0	T 542	311	40	40	
233	1	T 544	312	40	40	P 529	322	46	46	
234	1	T 546	313	40	40	P 552	322	46	46	
235	1	T 548	314	40	40	P 552	299	46	69	
236	1	T 550	315	40	40	P 552	299	46	69	
237	1	T 552	316	40	40	P 552	299	46	69	
238	1	T 554	317	40	40	P 552	322	46	69	
239	1	T 556	318	40	40	P 552	299	46	69	
240	1	T 558	319	40	40	P 552	322	69	46	
241	1	T 560	320	40	40	P 552	322	46	46	
242	1	T 562	321	40	40	P 552	322	69	46	
243	1	T 564	322	40	40	P 552	322	69	46	
244	1	T 566	323	40	40	P 575	322	46	46	
245	1	T 568	324	40	40	P 552	322	69	46	
246	1	T 570	325	40	40	P 575	322	69	46	
247	1	T 572	326	40	40	P 575	322	46	46	
248	1	T 574	327	40	40	P 575	322	69	46	
249	1	T 576	328	40	40	P 575	322	69	46	
250	1	T 578	329	40	40	P 575	322	46	46	
251	1	T 580	330	40	40	P 575	322	46	46	
252	0	T 582	331	40	40	
253	1	T 584	332	40	40	P 575	322	46	46	
254	0	T 586	333	40	40	
255	0	T 588	334	40	40	
256	1	T 590	335	40	40	P 598	345	46	46	
257	1	T 592	336	40	40	P 598	345	46	46	
258	1	T 594	337	40	40	P 598	345	46	46	
259	1	T 596	338	40	40	P 598	322	69	69	
260	1	T 598	339	40	40	P 598	322	46	69	
261	1	T 600	340	40	40	P 598	322	46	92	
262	1	T 602	341	40	40	P 598	322	69	92	
263	1	T 604	342	40	40	P 598	345	69	46	
264	1	T 606	343	40	40	P 598	322	69	69	
265	0	T 608	344	40	40	
266	1	T 610	345	40	40	P 598	345	69	46	
267	1	T 612	346	40	40	P 598	345	69	46	
268	1	T 614	347	40	40	P 621	345	46	46	
269	1	T 616	348	40	40	P 598	345	69	46	
270	1	T 618	349	40	40	P 621	345	46	46	
271	1	T 620	350	40	40	P 598	345	92	69	
272	1	T 622	351	40	40	P 621	345	46	69	
273	1	T 624	352	40	40	P 621	345	46	69	
274	1	T 626	353	40	40	P 621	345	46	69	
275	1	T 628	354	40	40	P 621	345	46	46	
276	1	T 630	355	40	40	P 621	368	46	46	
277	1	T 632	356	40	40	P 621	345	46	46	
278	1	T 634	357	40	40	P 621	345	69	69	
279	0	T 636	358	40	40	
280	0	T 638	359	40	40	
281	1	T 640	360	40	40	P 644	368	46	46	
282	1	T 642	361	40	40	P 644	368	46	46	
283	1	T 644	362	40	40	P 644	345	69	69	
284	1	T 646	363	40	40	P 644	345	46	69	
285	1	T 648	364	40	40	P 644	345	46	69	
286	1	T 650	365	40	40	P 644	368	69	46	
287	1	T 652	366	40	40	P 644	368	69	46	
288	1	T 654	367	40	40	P 644	368	69	46	
289	1	T 656	368	40	40	P 667	368	46	46	
290	1	T 658	369	40	40	P 644	368	69	46	
291	1	T 660	370	40	40	P 667	368	46	46	
292	1	T 658	371	40	40	P 644	368	69	46	
293	1	T 656	372	40	40	P 644	368	69	69	
294	1	T 654	373	40	40	P 644	368	69	46	
295	1	T 652	374	40	40	P 644	368	46	69	
296	1	T 650	375	40	40	P 644	368	46	46	
297	1	T 648	376	40	40	P 644	368	46	46	
298	1	T 646	377	40	40	P 644	368	46	69	
299	1	T 644	378	40	40	P 644	368	46	69	
300	0	T 642	379	40	40	
301	0	T 640	380	40	40	
302	0	T 638	381	40	40	
303	0	T 636	382	40	40	
304	0	T 634	383	40	40	
305	0	T 632	384	40	40	
306	1	T 630	385	40	40	P 621	391	46	46	
307	1	T 628	386	40	40	P 621	391	46	46	
308	1	T 626	387	40	40	P 621	391	46	46	
309	1	T 624	388	40	40	P 621	391	46	69	
310	1	T 622	389	40	40	P 598	391	69	69	
311	1	T 620	390	40	40	P 621	391	46	46	
312	1	T 618	391	40	40	P 598	391	69	46	
313	1	T 616	392	40	40	P 621	391	46	46	
314	1	T 614	393	40	40	P 598	391	69	46	
315	0	T 612	394	40	40	
316	1	T 610	395	40	40	P 598	391	69	69	
317	0	T 608	396	40	40	
318	1	T 606	397	40	40	P 598	391	46	46	
319	1	T 604	398	40	40	P 598	391	46	46	
320	1	T 602	399	40	40	P 598	391	46	69	
321	1	T 600	400	40	40	P 598	391	46	46	
322	1	T 598	401	40	40	P 598	391	46	69	
323	1	T 596	402	40	40	P 575	391	69	69	
324	0	T 594	403	40	40	
325	1	T 592	404	40	40	P 598	414	46	46	
326	0	T 590	405	40	40	
327	0	T 588	406	40	40	
328	1	T 586	407	40	40	P 575	414	46	46	
329	0	T 584	408	40	40	
330	0	T 582	409	40	40	
331	1	T 580	410	40	40	P 575	391	46	69	
332	1	T 578	411	40	40	P 575	391	46	69	
333	1	T 576	412	40	40	P 552	391	69	69	
334	1	T 574	413	40	40	P 575	414	46	46	
335	1	T 572	414	40	40	P 552	414	69	46	
336	1	T 570	415	40	40	P 552	414	69	46	
337	1	T 568	416	40	40	P 552	414	69	46	
338	1	T 566	417	40	40	P 552	414	69	46	
339	1	T 564	418	40	40	P 552	414	69	46	
340	1	T 562	419	40	40	P 552	414	69	46	
341	1	T 560	420	40	40	P 552	414	46	46	
342	1	T 558	419	40	40	P 552	414	46	46	
343	1	T 556	418	40	40	P 529	391	69	69	
344	1	T 554	417	40	40	P 529	414	69	46	
345	1	T 552	416	40	40	P 529	414	69	46	
346	1	T 550	415	40	40	P 552	414	46	46	
347	1	T 548	414	40	40	P 529	414	69	46	
348	1	T 546	413	40	40	P 529	414	46	46	
349	1	T 544	412	40	40	P 529	414	46	46	
350	0	T 542	411	40	40	
351	1	T 540	410	40	40	P 529	414	46	46	
352	1	T 538	409	40	40	P 529	391	46	46	
353	1	T 536	408	40	40	P 529	414	46	46	
354	1	T 534	407	40	40	P 529	391	46	69	
355	1	T 532	406	40	40	P 529	391	46	46	
356	1	T 530	405	40	40	P 529	391	46	69	
357	1	T 528	404	40	40	P 529	391	46	69	
358	1	T 526	403	40	40	P 529	391	46	46	
359	0	T 524	402	40	40	
360	0	T 522	401	40	40	
361	1	T 520	400	40	40	P 506	391	46	46	
362	0	T 518	399	40	40	
363	1	T 516	398	40	40	P 506	391	46	46	
364	1	T 514	397	40	40	P 506	391	46	46	
365	1	T 512	396	40	40	P 506	391	46	46	
366	1	T 510	395	40	40	P 483	368	69	69	
367	1	T 508	394	40	40	P 506	391	46	46	
368	1	T 506	393	40	40	P 483	391	69	69	
369	1	T 504	392	40	40	P 483	391	69	46	
370	0	T 502	391	40	40	
371	1	T 500	390	40	40	P 506	391	46	46	
372	1	T 498	389	40	40	P 483	391	46	46	
373	0	T 496	388	40	40	
374	1	T 494	387	40	40	P 483	391	46	46	
375	1	T 492	386	40	40	P 483	368	46	69	
376	1	T 490	385	40	40	P 483	368	46	69	
377	1	T 488	384	40	40	P 483	368	46	69	
378	1	T 486	383	40	40	P 483	368	46	69	
379	1	T 484	382	40	40	P 483	368	46	69	
380	1	T 482	381	40	40	P 483	368	46	46	
381	1	T 480	380	40	40	P 483	368	46	46	
382	0	T 478	379	40	40	
383	0	T 476	378	40	40	
384	0	T 474	377	40	40	
385	0	T 472	376	40	40	
386	1	T 470	375	40	40	P 460	368	46	46	
387	1	T 468	374	40	40	P 460	368	46	46	
388	1	T 466	373	40	40	P 437	368	69	46	
389	1	T 464	372	40	40	P 437	345	69	92	
390	1	T 462	371	40	40	P 460	345	46	69	
391	1	T 460	370	40	40	P 437	345	69	92	
392	1	T 458	369	40	40	P 437	368	69	46	
393	1	T 456	368	40	40	P 437	368	69	46	
394	0	T 454	367	40	40	
395	0	T 452	366	40	40	
396	0	T 450	365	40	40	
397	0	T 448	364	40	40	
398	0	T 446	363	40	40	
399	1	T 444	362	40	40	P 437	345	46	69	
400	1	T 442	361	40	40	P 437	345	46	69	
401	1	T 440	360	40	40	P 437	345	46	69	
402	0	T 438	359	40	40	
403	1	T 436	358	40	40	P 437	345	46	46	
404	0	T 434	357	40	40	
405	0	T 432	356	40	40	
406	0	T 430	355	40	40	
407	1	T 428	354	40	40	P 437	345	46	46	
408	1	T 426	353	40	40	P 414	345	46	46	
409	0	T 424	352	40	40	
410	1	T 422	351	40	40	P 414	345	46	46	
411	1	T 420	350	40	40	P 391	322	92	92	
412	1	T 418	349	40	40	P 414	345	46	46	
413	1	T 416	348	40	40	P 414	345	46	46	
414	1	T 414	347	40	40	P 391	345	69	46	
415	1	T 412	346	40	40	P 391	322	69	69	
416	1	T 410	345	40	40	P 414	322	46	69	
417	0	T 408	344	40	40	
418	1	T 406	343	40	40	P 391	345	46	46	
419	1	T 404	342	40	40	P 391	345	46	46	
420	0	T 402	341	40	40	
421	1	T 400	340	40	40	P 391	322	46	69	
422	1	T 398	339	40	40	P 391	345	46	46	
423	0	T 396	338	40	40	
424	1	T 394	337	40	40	P 391	322	46	69	
425	1	T 392	336	40	40	P 391	322	46	69	
426	1	T 390	335	40	40	P 391	322	46	46	
427	0	T 388	334	40	40	
428	0	T 386	333	40	40	
429	1	T 384	332	40	40	P 368	322	69	46	
430	0	T 382	331	40	40	
431	1	T 380	330	40	40	P 368	322	46	46	
432	1	T 378	329	40	40	P 368	322	46	46	
433	1	T 376	328	40	40	P 345	322	69	46	
434	1	T 374	327	40	40	P 368	322	46	46	
435	1	T 372	326	40	40	P 368	322	46	46	
436	1	T 370	325	40	40	P 368	322	46	46	
437	1	T 368	324	40	40	P 345	322	69	46	
438	1	T 366	323	40	40	P 368	322	46	46	
439	1	T 364	322	40	40	P 368	322	46	46	
440	0	T 362	321	40	40	
441	1	T 360	320	40	40	P 345	322	69	46	
442	1	T 358	319	40	40	P 345	322	46	46	
443	0	T 356	318	40	40	
444	0	T 354	317	40	40	
445	0	T 352	316	40	40	
446	1	T 350	315	40	40	P 345	299	46	69	
447	1	T 348	314	40	40	P 345	299	46	69	
448	0	T 346	313	40	40	
449	1	T 344	312	40	40	P 345	299	46	46	
450	0	T 342	311	40	40	
451	0	T 340	310	40	40	
452	0	T 338	309	40	40	
453	1	T 336	308	40	40	P 322	299	46	46	
454	0	T 334	307	40	40	
455	1	T 332	306	40	40	P 322	299	46	46	
456	0	T 330	305	40	40	
457	1	T 328	304	40	40	P 322	299	46	46	
458	1	T 326	303	40	40	P 299	299	69	46	
459	1	T 324	302	40	40	P 299	299	69	46	
460	1	T 322	301	40	40	P 322	299	46	46	
461	1	T 320	300	40	40	P 322	299	46	46	
462	1	T 318	299	40	40	P 299	299	69	46	
463	1	T 316	298	40	40	P 299	299	69	46	
464	1	T 314	297	40	40	P 299	299	69	46	
465	1	T 312	296	40	40	P 299	276	46	46	
466	0	T 310	295	40	40	
467	1	T 308	294	40	40	P 299	299	46	46	
468	0	T 306	293	40	40	
469	1	T 304	292	40	40	P 299	276	46	69	
470	1	T 302	291	40	40	P 299	276	46	69	
471	0	T 300	290	40	40	
472	1	T 298	289	40	40	P 299	276	46	46	
473	1	T 296	288	40	40	P 299	276	46	46	
474	0	T 294	287	40	40	
475	0	T 292	286	40	40	
476	0	T 290	285	40	40	
477	0	T 288	284	40	40	
478	1	T 286	283	40	40	P 276	276	46	46	
479	1	T 284	282	40	40	P 276	276	46	46	
480	1	T 282	281	40	40	P 253	276	69	46	
481	1	T 280	280	40	40	P 276	276	46	46	
482	1	T 278	279	40	40	P 276	276	46	46	
483	1	T 276	278	40	40	P 276	276	46	46	
484	1	T 274	277	40	40	P 276	276	46	46	
485	1	T 272	276	40	40	P 253	276	69	46	
486	0	T 270	275	40	40	
487	1	T 268	274	40	40	P 253	276	46	46	
488	1	T 266	273	40	40	P 253	276	46	46	
489	0	T 264	272	40	40	
490	1	T 262	271	40	40	P 253	276	46	46	
491	0	T 260	270	40	40	
492	1	T 258	269	40	40	P 253	253	46	69	
493	1	T 256	268	40	40	P 253	253	46	69	
494	1	T 254	267	40	40	P 253	253	46	46	
495	0	T 252	266	40	40	
496	0	T 250	265	40	40	
497	0	T 248	264	40	40	
498	0	T 246	263	40	40	
499	1	T 244	262	40	40	P 230	253	46	46	
500	1	T 242	261	40	40	P 230	253	46	46	
501	1	T 240	260	40	40	P 230	253	46	46	
502	1	T 238	259	40	40	P 230	253	46	46	
503	1	T 236	258	40	40	P 230	253	46	46	
504	1	T 234	257	40	40	P 230	253	46	46	
505	1	T 232	256	40	40	P 230	253	46	46	
506	1	T 230	255	40	40	P 207	230	69	69	
507	1	T 228	254	40	40	P 230	253	46	46	
508	1	T 226	253	40	40	P 230	253	46	46	
509	1	T 224	252	40	40	P 207	253	69	46	
510	1	T 222	251	40	40	P 230	253	46	46	
511	0	T 220	250	40	40	
512	0	T 218	249	40	40	
513	0	T 216	248	40	40	
514	1	T 214	247	40	40	P 207	230	46	46	
515	1	T 212	246	40	40	P 207	230	46	69	
516	0	T 210	245	40	40	
517	1	T 208	244	40	40	P 207	230	46	69	
518	1	T 206	243	40	40	P 207	230	46	46	
519	1	T 204	242	40	40	P 207	230	46	46	
520	0	T 202	241	40	40	
521	1	T 200	240	40	40	P 184	230	46	46	
522	0	T 198	239	40	40	
523	0	T 196	238	40	40	
524	1	T 194	237	40	40	P 184	230	46	46	
525	1	T 192	236	40	40	P 184	230	46	46	
526	1	T 190	235	40	40	P 184	230	46	46	
527	1	T 188	234	40	40	P 184	230	46	46	
528	1	T 186	233	40	40	P 184	230	46	46	
529	1	T 184	232	40	40	P 184	230	46	46	
530	1	T 182	231	40	40	P 184	230	46	46	
531	1	T 180	230	40	40	P 161	230	69	46	
532	1	T 178	229	40	40	P 184	230	46	46	
533	0	T 176	228	40	40	
534	0	T 174	227	40	40	
535	0	T 172	226	40	40	
536	1	T 170	225	40	40	P 161	230	46	46	
537	0	T 168	224	40	40	
538	1	T 166	223	40	40	P 161	207	46	69	
539	1	T 164	222	40	40	P 161	230	46	46	
540	1	T 162	221	40	40	P 161	207	46	46	
541	1	T 160	220	40	40	P 161	207	46	46	
542	0	T 158	219	40	40	
543	0	T 156	218	40	40	
544	0	T 154	217	40	40	
545	0	T 152	216	40	40	
546	0	T 150	215	40	40	
547	0	T 148	214	40	40	
548	1	T 146	213	40	40	P 138	207	46	46	
549	1	T 144	212	40	40	P 138	207	46	46	
550	1	T 142	211	40	40	P 138	207	46	46	
551	1	T 140	210	40	40	P 138	207	46	46	
552	1	T 138	209	40	40	P 138	207	46	46	
553	1	T 136	208	40	40	P 115	207	69	46	
554	0	T 134	207	40	40	
555	1	T 132	206	40	40	P 115	207	69	46	
556	0	T 130	205	40	40	
557	0	T 128	204	40	40	
558	0	T 126	203	40	40	
559	0	T 124	202	40	40	
560	1	T 122	201	40	40	P 115	207	46	46	
561	0	T 120	200	40	40	
562	0	T 118	199	40	40	
563	1	T 116	198	40	40	P 115	184	46	46	
564	1	T 114	197	40	40	P 115	184	46	46	
565	0	T 112	196	40	40	
566	0	T 110	195	40	40	
567	0	T 108	194	40	40	
568	0	T 106	193	40	40	
569	0	T 104	192	40	40	
570	0	T 102	191	40	40	
571	1	T 100	190	40	40	P 92	184	46	46	
572	1	T 98	189	40	40	P 92	184	46	46	
573	0	T 96	188	40	40	
574	1	T 94	187	40	40	P 69	161	69	69	
575	1	T 92	186	40	40	P 92	184	46	46	
576	1	T 90	185	40	40	P 92	184	46	46	
577	1	T 88	184	40	40	P 69	184	69	46	
578	0	T 86	183	40	40	
579	0	T 84	182	40	40	
580	0	T 82	181	40	40	
581	0	T 80	180	40	40	
582	0	T 78	179	40	40	
583	0	T 76	178	40	40	
584	0	T 74	177	40	40	
585	1	T 72	176	40	40	P 69	161	46	69	
586	1	T 70	175	40	40	P 69	161	46	46	
587	1	T 68	174	40	40	P 69	161	46	46	
588	0	T 66	173	40	40	
589	0	T 64	172	40	40	
590	0	T 62	171	40	40	
591	1	T 60	170	40	40	P 46	161	46	46	
592	1	T 58	169	40	40	P 46	161	46	46	
593	1	T 56	168	40	40	P 46	161	46	46	
594	0	T 54	167	40	40	
595	1	T 52	166	40	40	P 46	161	46	46	
596	1	T 50	165	40	40	P 23	138	69	69	
597	1	T 48	164	40	40	P 46	161	46	46	
598	1	T 46	163	40	40	P 46	161	46	46	
599	1	T 44	162	40	40	P 23	161	69	46	
600	0	T 42	161	40	40	
601	0	T 40	160	40	40	
602	0	T 38	159	40	40	
603	0	T 36	158	40	40	
604	0	T 34	157	40	40	
605	1	T 32	156	40	40	P 23	161	46	46	
606	0	T 30	155	40	40	
607	0	T 28	154	40	40	
608	0	T 26	153	40	40	
609	1	T 24	152	40	40	P 23	138	46	46	
610	1	T 22	151	40	40	P 23	138	46	69	
611	0	T 20	150	40	40	
612	0	T 22	149	40	40	
613	1	T 24	148	40	40	P 23	138	46	46	
614	0	T 26	147	40	40	
615	1	T 28	146	40	40	P 23	138	46	46	
616	0	T 30	145	40	40	
617	0	T 32	144	40	40	
618	0	T 34	143	40	40	
619	0	T 36	142	40	40	
620	0	T 38	141	40	40	
621	0	T 40	140	40	40	
622	0	T 42	139	40	40	
623	0	T 44	138	40	40	
624	1	T 46	137	40	40	P 46	138	46	46	
625	0	T 48	136	40	40	
626	0	T 50	135	40	40	
627	0	T 52	134	40	40	
628	0	T 54	133	40	40	
629	0	T 56	132	40	40	
630	0	T 58	131	40	40	
631	0	T 60	130	40	40	
632	0	T 62	129	40	40	
633	0	T 64	128	40	40	
634	0	T 66	127	40	40	
635	0	T 68	126	40	40	
636	1	T 70	125	40	40	P 69	115	46	46	
637	1	T 72	124	40	40	P 69	115	46	69	
638	1	T 74	123	40	40	P 69	115	46	69	
639	0	T 76	122	40	40	
640	0	T 78	121	40	40	
641	0	T 80	120	40	40	
642	0	T 82	119	40	40	
643	0	T 84	118	40	40	
644	0	T 86	117	40	40	
645	0	T 88	116	40	40	
646	0	T 90	115	40	40	
647	0	T 92	114	40	40	
648	0	T 94	113	40	40	
649	0	T 96	112	40	40	
650	0	T 98	111	40	40	
651	0	T 100	110	40	40	
652	0	T 102	109	40	40	
653	0	T 104	108	40	40	
654	0	T 106	107	40	40	
655	0	T 108	106	40	40	
656	0	T 110	105	40	40	
657	0	T 112	104	40	40	
658	0	T 114	103	40	40	
659	0	T 116	102	40	40	
660	0	T 118	101	40	40	
661	0	T 120	100	40	40	
662	0	T 122	99	40	40	
663	0	T 124	98	40	40	
664	0	T 126	97	40	40	
665	0	T 128	96	40	40	
666	0	T 130	95	40	40	
667	0	T 132	94	40	40	
668	1	T 134	93	40	40	P 138	92	46	46	
669	0	T 136	92	40	40	
670	0	T 138	91	40	40	
671	0	T 140	90	40	40	
672	0	T 142	89	40	40	
673	0	T 144	88	40	40	
674	0	T 146	87	40	40	
675	0	T 148	86	40	40	
676	0	T 150	85	40	40	
677	0	T 152	84	40	40	
678	0	T 154	83	40	40	
679	0	T 156	82	40	40	
680	0	T 158	81	40	40	
681	1	T 160	80	40	40	P 161	69	46	46	
682	1	T 162	79	40	40	P 161	69	46	46	
683	0	T 164	78	40	40	
684	1	T 166	77	40	40	P 161	69	46	46	
685	0	T 168	76	40	40	
686	1	T 170	75	40	40	P 161	69	69	46	
687	1	T 172	74	40	40	P 184	69	46	46	
688	1	T 174	73	40	40	P 184	69	46	46	
689	1	T 176	72	40	40	P 184	69	46	46	
690	0	T 178	71	40	40	
691	1	T 180	70	40	40	P 184	69	46	46	
692	1	T 182	69	40	40	P 184	69	46	46	
693	1	T 184	68	40	40	P 184	69	46	46	
694	1	T 186	67	40	40	P 184	46	46	69	
695	1	T 188	66	40	40	P 184	69	46	46	
696	0	T 190	65	40	40	
697	0	T 192	64	40	40	
698	0	T 194	63	40	40	
699	0	T 196	62	40	40	
700	0	T 198	61	40	40	
701	0	T 200	60	40	40	
702	0	T 202	59	40	40	
703	0	T 204	58	40	40	
704	0	T 206	57	40	40	
705	1	T 208	56	40	40	P 207	46	69	69	
706	0	T 210	55	40	40	
707	1	T 212	54	40	40	P 207	46	46	46	
708	1	T 214	53	40	40	P 207	46	46	46	
709	1	T 216	52	40	40	P 230	46	46	46	
710	1	T 218	51	40	40	P 207	46	69	46	
711	1	T 220	50	40	40	P 230	46	46	46	
712	1	T 222	49	40	40	P 230	46	46	46	
713	0	T 224	48	40	40	
714	1	T 226	47	40	40	P 230	46	46	46	
715	1	T 228	46	40	40	P 230	46	46	46	
716	1	T 230	45	40	40	P 230	46	46	46	
717	1	T 232	44	40	40	P 230	46	46	46	
718	1	T 234	43	40	40	P 230	46	46	46	
719	0	T 236	42	40	40	
720	0	T 238	41	40	40	
721	1	T 240	40	40	40	P 253	46	46	46	
722	0	T 242	39	40	40	
723	0	T 244	38	40	40	
724	0	T 246	37	40	40	
725	0	T 248	36	40	40	
726	0	T 250	35	40	40	
727	0	T 252	34	40	40	
728	1	T 254	33	40	40	P 253	23	46	46	
729	1	T 256	32	40	40	P 253	23	46	46	
730	1	T 258	31	40	40	P 253	23	46	46	
731	1	T 260	30	40	40	P 253	23	46	46	
732	0	T 262	29	40	40	
733	0	T 264	28	40	40	
734	0	T 266	27	40	40	
735	1	T 268	26	40	40	P 276	23	46	46	
736	1	T 270	25	40	40	P 276	23	69	46	
737	0	T 272	24	40	40	
738	1	T 274	23	40	40	P 276	23	46	46	
739	1	T 276	22	40	40	P 276	23	46	46	
740	1	T 278	21	40	40	P 276	23	46	46	
741	1	T 280	20	40	40	P 276	23	46	46	
742	1	T 282	21	40	40	P 276	23	46	46	
743	1	T 284	22	40	40	P 276	23	69	46	
744	0	T 286	23	40	40	
745	1	T 288	24	40	40	P 299	23	46	46	
746	1	T 290	25	40	40	P 276	23	69	46	
747	0	T 292	26	40	40	
748	1	T 294	27	40	40	P 299	23	46	46	
749	1	T 296	28	40	40	P 299	23	46	46	
750	1	T 298	29	40	40	P 299	23	46	46	
751	1	T 300	30	40	40	P 299	23	46	46	
752	0	T 302	31	40	40	
753	0	T 304	32	40	40	
754	0	T 306	33	40	40	
755	0	T 308	34	40	40	
756	0	T 310	35	40	40	
757	0	T 312	36	40	40	
758	0	T 314	37	40	40	
759	0	T 316	38	40	40	
760	0	T 318	39	40	40	
761	1	T 320	40	40	40	P 322	46	46	46	
762	1	T 322	41	40	40	P 322	46	46	46	
763	0	T 324	42	40	40	
764	0	T 326	43	40	40	
765	1	T 328	44	40	40	P 322	46	46	46	
766	1	T 330	45	40	40	P 322	46	46	46	
767	0	T 332	46	40	40	
768	1	T 334	47	40	40	P 345	46	46	46	
769	0	T 336	48	40	40	
770	1	T 338	49	40	40	P 345	46	46	46	
771	0	T 340	50	40	40	
772	0	T 342	51	40	40	
773	1	T 344	52	40	40	P 345	46	46	46	
774	1	T 346	53	40	40	P 345	46	46	46	
775	0	T 348	54	40	40	
776	1	T 350	55	40	40	P 345	46	46	46	
777	0	T 352	56	40	40	
778	0	T 354	57	40	40	
779	0	T 356	58	40	40	
780	0	T 358	59	40	40	
781	0	T 360	60	40	40	
782	0	T 362	61	40	40	
783	0	T 364	62	40	40	
784	0	T 366	63	40	40	
785	1	T 368	64	40	40	P 368	69	46	46	
786	1	T 370	65	40	40	P 368	46	46	69	
787	1	T 372	66	40	40	P 368	69	46	46	
788	1	T 374	67	40	40	P 368	69	46	46	
789	1	T 376	68	40	40	P 368	69	46	46	
790	1	T 378	69	40	40	P 368	69	69	46	
791	0	T 380	70	40	40	
792	1	T 382	71	40	40	P 391	69	46	46	
793	1	T 384	72	40	40	P 391	69	46	46	
794	1	T 386	73	40	40	P 368	69	69	46	
795	1	T 388	74	40	40	P 391	69	46	46	
796	1	T 390	75	40	40	P 391	69	46	46	
797	1	T 392	76	40	40	P 391	69	46	46	
798	1	T 394	77	40	40	P 391	69	46	46	
799	1	T 396	78	40	40	P 391	69	46	69	
800	0	T 398	79	40	40	
801	0	T 400	80	40	40	
802	0	T 402	81	40	40	
803	0	T 404	82	40	40	
804	0	T 406	83	40	40	
805	0	T 408	84	40	40	
806	0	T 410	85	40	40	
807	0	T 412	86	40	40	
808	0	T 414	87	40	40	
809	0	T 416	88	40	40	
810	1	T 418	89	40	40	P 414	92	46	46	
811	1	T 420	90	40	40	P 414	92	46	46	
812	0	T 422	91	40	40	
813	0	T 424	92	40	40	
814	1	T 426	93	40	40	P 437	92	46	46	
815	1	T 428	94	40	40	P 414	92	69	46	
816	1	T 430	95	40	40	P 437	92	46	46	
817	1	T 432	96	40	40	P 437	92	46	46	
818	1	T 434	97	40	40	P 437	92	46	46	
819	1	T 436	98	40	40	P 437	92	46	46	
820	1	T 438	99	40	40	P 437	92	46	69	
821	1	T 440	100	40	40	P 437	92	46	46	
822	0	T 442	101	40	40	
823	0	T 444	102	40	40	
824	0	T 446	103	40	40	
825	0	T 448	104	40	40	
826	0	T 450	105	40	40	
827	0	T 452	106	40	40	
828	0	T 454	107	40	40	
829	1	T 456	108	40	40	P 460	115	46	46	
830	0	T 458	109	40	40	
831	1	T 460	110	40	40	P 460	115	46	46	
832	1	T 462	111	40	40	P 460	115	46	46	
833	0	T 464	112	40	40	
834	0	T 466	113	40	40	
835	1	T 468	114	40	40	P 460	115	46	46	
836	0	T 470	115	40	40	
837	0	T 472	116	40	40	
838	1	T 474	117	40	40	P 460	115	69	46	
839	1	T 476	118	40	40	P 483	115	46	46	
840	1	T 478	119	40	40	P 483	115	46	46	
841	1	T 480	120	40	40	P 483	115	46	46	
842	1	T 482	121	40	40	P 483	115	46	46	
843	1	T 484	122	40	40	P 483	115	46	46	
844	0	T 486	123	40	40	
845	0	T 488	124	40	40	
846	0	T 490	125	40	40	
847	0	T 492	126	40	40	
848	0	T 494	127	40	40	
849	0	T 496	128	40	40	
850	0	T 498	129	40	40	
851	0	T 500	130	40	40	
852	0	T 502	131	40	40	
853	1	T 504	132	40	40	P 506	138	46	46	
854	1	T 506	133	40	40	P 506	138	46	46	
855	0	T 508	134	40	40	
856	1	T 510	135	40	40	P 506	138	46	46	
857	1	T 512	136	40	40	P 506	138	69	46	
858	1	T 514	137	40	40	P 506	138	46	46	
859	1	T 516	138	40	40	P 506	138	69	46	
860	0	T 518	139	40	40	
861	0	T 520	140	40	40	
862	1	T 522	141	40	40	P 529	138	46	46	
863	1	T 524	142	40	40	P 529	138	46	46	
864	1	T 526	143	40	40	P 529	138	46	46	
865	1	T 528	144	40	40	P 529	138	46	46	
866	0	T 530	145	40	40	
867	1	T 532	146	40	40	P 529	138	46	46	
868	1	T 534	147	40	40	P 529	138	46	46	
869	0	T 536	148	40	40	
870	0	T 538	149	40	40	
871	0	T 540	150	40	40	
872	0	T 542	151	40	40	
873	0	T 544	152	40	40	
874	0	T 546	153	40	40	
875	0	T 548	154	40	40	
876	0	T 550	155	40	40	
877	0	T 552	156	40	40	
878	1	T 554	157	40	40	P 552	161	46	46	
879	1	T 556	158	40	40	P 552	161	46	46	
880	1	T 558	159	40	40	P 552	161	46	69	
881	0	T 560	160	40	40	
882	0	T 562	161	40	40	
883	0	T 564	162	40	40	
884	1	T 566	163	40	40	P 575	161	46	46	
885	1	T 568	164	40	40	P 575	161	46	46	
886	1	T 570	165	40	40	P 575	161	46	46	
887	1	T 572	166	40	40	P 575	161	46	46	
888	1	T 574	167	40	40	P 575	161	46	46	
889	1	T 576	168	40	40	P 575	161	46	46	
890	1	T 578	169	40	40	P 575	161	46	46	
891	0	T 580	170	40	40	
892	0	T 582	171	40	40	
893	0	T 584	172	40	40	
894	0	T 586	173	40	40	
895	0	T 588	174	40	40	
896	0	T 590	175	40	40	
897	0	T 592	176	40	40	
898	0	T 594	177	40	40	
899	0	T 596	178	40	40	
900	1	T 598	179	40	40	P 598	184	46	46	
901	0	T 600	180	40	40	
902	1	T 602	181	40	40	P 598	184	46	69	
903	1	T 604	182	40	40	P 598	184	46	46	
904	0	T 606	183	40	40	
905	1	T 608	184	40	40	P 598	184	69	46	
906	1	T 610	185	40	40	P 621	184	46	46	
907	1	T 612	186	40	40	P 621	184	46	46	
908	1	T 614	187	40	40	P 598	184	69	46	
909	1	T 616	188	40	40	P 621	184	46	46	
910	1	T 618	189	40	40	P 621	184	46	46	
911	0	T 620	190	40	40	
912	0	T 622	191	40	40	
913	0	T 624	192	40	40	
914	0	T 626	193	40	40	
915	0	T 628	194	40	40	
916	0	T 630	195	40	40	
917	0	T 632	196	40	40	
918	0	T 634	197	40	40	
919	0	T 636	198	40	40	
920	0	T 638	199	40	40	
921	0	T 640	200	40	40	
922	0	T 642	201	40	40	
923	1	T 644	202	40	40	P 644	207	46	46	
924	0	T 646	203	40	40	
925	0	T 648	204	40	40	
926	1	T 650	205	40	40	P 644	207	46	46	
927	0	T 652	206	40	40	
928	1	T 654	207	40	40	P 644	207	69	46	
929	0	T 656	208	40	40	
930	1	T 658	209	40	40	P 667	207	46	46	
931	0	T 660	210	40	40	
932	0	T 658	211	40	40	
933	0	T 656	212	40	40	
934	0	T 654	213	40	40	
935	0	T 652	214	40	40	
936	0	T 650	215	40	40	
937	0	T 648	216	40	40	
938	1	T 646	217	40	40	P 644	230	46	46	
939	0	T 644	218	40	40	
940	0	T 642	219	40	40	
941	0	T 640	220	40	40	
942	0	T 638	221	40	40	
943	0	T 636	222	40	40	
944	0	T 634	223	40	40	
945	0	T 632	224	40	40	
946	0	T 630	225	40	40	
947	0	T 628	226	40	40	
948	1	T 626	227	40	40	P 621	230	46	46	
949	1	T 624	228	40	40	P 621	230	46	46	
950	1	T 622	229	40	40	P 621	230	46	46	
951	1	T 620	230	40	40	P 598	230	69	46	
952	0	T 618	231	40	40	
953	1	T 616	232	40	40	P 621	230	46	46	
954	1	T 614	233	40	40	P 598	230	46	46	
955	0	T 612	234	40	40	
956	0	T 610	235	40	40	
957	0	T 608	236	40	40	
958	1	T 606	237	40	40	P 598	230	46	69	
959	0	T 604	238	40	40	
960	0	T 602	239	40	40	
961	0	T 600	240	40	40	
962	0	T 598	241	40	40	
963	0	T 596	242	40	40	
964	0	T 594	243	40	40	
965	0	T 592	244	40	40	
966	0	T 590	245	40	40	
967	0	T 588	246	40	40	
968	0	T 586	247	40	40	
969	0	T 584	248	40	40	
970	0	T 582	249	40	40	
971	1	T 580	250	40	40	P 575	253	46	46	
972	0	T 578	251	40	40	
973	1	T 576	252	40	40	P 575	253	46	46	
974	1	T 574	253	40	40	P 575	253	46	46	
975	0	T 572	254	40	40	
976	0	T 570	255	40	40	
977	0	T 568	256	40	40	
978	1	T 566	257	40	40	P 552	253	46	46	
979	1	T 564	258	40	40	P 552	253	69	46	
980	0	T 562	259	40	40	
981	0	T 560	260	40	40	
982	1	T 558	261	40	40	P 552	253	46	46	
983	0	T 556	262	40	40	
984	0	T 554	263	40	40	
985	1	T 552	264	40	40	P 552	253	46	46	
986	0	T 550	265	40	40	
987	0	T 548	266	40	40	
988	0	T 546	267	40	40	
989	0	T 544	268	40	40	
990	0	T 542	269	40	40	
991	0	T 540	270	40	40	
992	0	T 538	271	40	40	
993	1	T 536	272	40	40	P 529	276	46	46	
994	1	T 534	273	40	40	P 529	276	46	46	
995	0	T 532	274	40	40	
996	0	T 530	275	40	40	
997	1	T 528	276	40	40	P 529	276	46	46	
998	1	T 526	277	40	40	P 529	276	46	46	
999	0	T 524	278	40	40	
1000	1	T 522	279	40	40	P 506	276	46	46	
1001	1	T 520	280	40	40	P 506	276	46	46	
1002	1	T 518	281	40	40	P 506	276	46	46	
1003	0	T 516	282	40	40	
1004	1	T 514	283	40	40	P 506	276	46	46	
1005	1	T 512	284	40	40	P 506	276	46	46	
1006	0	T 510	285	40	40	
1007	0	T 508	286	40	40	
1008	0	T 506	287	40	40	
1009	0	T 504	288	40	40	
1010	0	T 502	289	40	40	
1011	0	T 500	290	40	40	
1012	0	T 498	291	40	40	
1013	0	T 496	292	40	40	
1014	0	T 494	293	40	40	
1015	0	T 492	294	40	40	
1016	0	T 490	295	40	40	
1017	0	T 488	296	40	40	
1018	0	T 486	297	40	40	
1019	0	T 484	298	40	40	
1020	1	T 482	299	40	40	P 483	299	46	46	
1021	0	T 480	300	40	40	
1022	1	T 478	301	40	40	P 460	299	69	46	
1023	0	T 476	302	40	40	
1024	0	T 474	303	40	40	
1025	0	T 472	304	40	40	
1026	0	T 470	305	40	40	
1027	0	T 468	306	40	40	
1028	1	T 466	307	40	40	P 460	299	46	46	
1029	0	T 464	308	40	40	
1030	0	T 462	309	40	40	
1031	0	T 460	310	40	40	
1032	0	T 458	311	40	40	
1033	0	T 456	312	40	40	
1034	0	T 454	313	40	40	
1035	0	T 452	314	40	40	
1036	0	T 450	315	40	40	
1037	0	T 448	316	40	40	
1038	0	T 446	317	40	40	
1039	0	T 444	318	40	40	
1040	1	T 442	319	40	40	P 437	322	46	46	
1041	1	T 440	320	40	40	P 437	322	46	46	
1042	1	T 438	321	40	40	P 437	322	46	46	
1043	1	T 436	322	40	40	P 437	322	46	46	
1044	1	T 434	323	40	40	P 414	322	69	46	
1045	0	T 432	324	40	40	
1046	0	T 430	325	40	40	
1047	0	T 428	326	40	40	
1048	1	T 426	327	40	40	P 414	322	46	46	
1049	1	T 424	328	40	40	P 414	322	46	46	
1050	0	T 422	329	40	40	
1051	0	T 420	330	40	40	
1052	0	T 418	331	40	40	
1053	0	T 416	332	40	40	
1054	0	T 414	333	40	40	
1055	0	T 412	334	40	40	
1056	0	T 410	335	40	40	
1057	0	T 408	336	40	40	
1058	0	T 406	337	40	40	
1059	0	T 404	338	40	40	
1060	0	T 402	339	40	40	
1061	0	T 400	340	40	40	
1062	0	T 398	341	40	40	
1063	1	T 396	342	40	40	P 391	345	46	46	
1064	1	T 394	343	40	40	P 391	345	46	46	
1065	1	T 392	344	40	40	P 391	345	46	46	
1066	0	T 390	345	40	40	
1067	0	T 388	346	40	40	
1068	0	T 386	347	40	40	
1069	0	T 384	348	40	40	
1070	0	T 382	349	40	40	
1071	0	T 380	350	40	40	
1072	1	T 378	351	40	40	P 368	345	46	46	
1073	0	T 376	352	40	40	
1074	1	T 374	353	40	40	P 368	368	46	46	
1075	0	T 372	354	40	40	
1076	0	T 370	355	40	40	
1077	0	T 368	356	40	40	
1078	0	T 366	357	40	40	
1079	0	T 364	358	40	40	
1080	0	T 362	359	40	40	
1081	0	T 360	360	40	40	
1082	0	T 358	361	40	40	
1083	0	T 356	362	40	40	
1084	0	T 354	363	40	40	
1085	0	T 352	364	40	40	
1086	1	T 350	365	40	40	P 345	368	46	46	
1087	1	T 348	366	40	40	P 345	368	46	46	
1088	1	T 346	367	40	40	P 345	368	46	46	
1089	1	T 344	368	40	40	P 345	368	46	46	
1090	0	T 342	369	40	40	
1091	0	T 340	370	40	40	
1092	0	T 338	371	40	40	
1093	1	T 336	372	40	40	P 322	368	46	46	
1094	1	T 334	373	40	40	P 322	368	46	46	
1095	0	T 332	374	40	40	
1096	0	T 330	375	40	40	
1097	0	T 328	376	40	40	
1098	0	T 326	377	40	40	
1099	1	T 324	378	40	40	P 322	368	46	46	
1100	1	T 322	379	40	40	P 322	391	46	46	
1101	0	T 320	380	40	40	
1102	0	T 318	381	40	40	
1103	0	T 316	382	40	40	
1104	0	T 314	383	40	40	
1105	0	T 312	384	40	40	
1106	0	T 310	385	40	40	
1107	0	T 308	386	40	40	
1108	1	T 306	387	40	40	P 299	391	46	46	
1109	1	T 304	388	40	40	P 299	391	46	46	
1110	0	T 302	389	40	40	
1111	1	T 300	390	40	40	P 299	391	46	46	
1112	1	T 298	391	40	40	P 299	391	46	46	
1113	0	T 296	392	40	40	
1114	1	T 294	393	40	40	P 276	391	46	46	
1115	1	T 292	394	40	40	P 276	391	69	46	
1116	1	T 290	395	40	40	P 276	391	46	46	
1117	1	T 288	396	40	40	P 276	391	46	46	
1118	1	T 286	397	40	40	P 276	391	46	46	
1119	0	T 284	398	40	40	
1120	1	T 282	399	40	40	P 276	391	46	69	
1121	0	T 280	400	40	40	
1122	1	T 278	401	40	40	P 276	414	46	46	
1123	0	T 276	402	40	40	
1124	0	T 274	403	40	40	
1125	0	T 272	404	40	40	
1126	0	T 270	405	40	40	
1127	0	T 268	406	40	40	
1128	0	T 266	407	40	40	
1129	0	T 264	408	40	40	
1130	0	T 262	409	40	40	
1131	1	T 260	410	40	40	P 253	414	46	46	
1132	1	T 258	411	40	40	P 253	414	46	46	
1133	0	T 256	412	40	40	
1134	1	T 254	413	40	40	P 253	414	46	46	
1135	1	T 252	414	40	40	P 253	414	46	46	
1136	1	T 250	415	40	40	P 253	414	46	46	
1137	1	T 248	416	40	40	P 253	414	46	46	
1138	0	T 246	417	40	40	
1139	0	T 244	418	40	40	
1140	1	T 242	419	40	40	P 230	414	69	46	
1141	1	T 240	420	40	40	P 230	414	46	46	
1142	1	T 238	419	40	40	P 230	414	46	46	
1143	1	T 236	418	40	40	P 230	414	46	46	
1144	1	T 234	417	40	40	P 230	414	46	46	
1145	1	T 232	416	40	40	P 230	414	46	46	
1146	1	T 230	415	40	40	P 207	391	69	69	
1147	1	T 228	414	40	40	P 230	414	46	46	
1148	1	T 226	413	40	40	P 230	414	46	46	
1149	0	T 224	412	40	40	
1150	0	T 222	411	40	40	
1151	0	T 220	410	40	40	
1152	0	T 218	409	40	40	
1153	1	T 216	408	40	40	P 207	414	46	46	
1154	0	T 214	407	40	40	
1155	0	T 212	406	40	40	
1156	0	T 210	405	40	40	
1157	0	T 208	404	40	40	
1158	0	T 206	403	40	40	
1159	0	T 204	402	40	40	
1160	0	T 202	401	40	40	
1161	0	T 200	400	40	40	
1162	0	T 198	399	40	40	
1163	0	T 196	398	40	40	
1164	1	T 194	397	40	40	P 184	391	46	46	
1165	0	T 192	396	40	40	
1166	1	T 190	395	40	40	P 184	391	46	46	
1167	1	T 188	394	40	40	P 184	391	46	46	
1168	1	T 186	393	40	40	P 184	391	46	46	
1169	0	T 184	392	40	40	
1170	0	T 182	391	40	40	
1171	1	T 180	390	40	40	P 161	391	46	46	
1172	0	T 178	389	40	40	
1173	0	T 176	388	40	40	
1174	1	T 174	387	40	40	P 161	391	46	46	
1175	0	T 172	386	40	40	
1176	0	T 170	385	40	40	
1177	0	T 168	384	40	40	
1178	1	T 166	383	40	40	P 161	368	46	69	
1179	1	T 164	382	40	40	P 161	368	46	46	
1180	0	T 162	381	40	40	
1181	0	T 160	380	40	40	
1182	0	T 158	379	40	40	
1183	0	T 156	378	40	40	
1184	0	T 154	377	40	40	
1185	0	T 152	376	40	40	
1186	0	T 150	375	40	40	
1187	1	T 148	374	40	40	P 138	368	46	46	
1188	1	T 146	373	40	40	P 138	368	46	46	
1189	1	T 144	372	40	40	P 138	368	46	46	
1190	1	T 142	371	40	40	P 138	368	46	46	
1191	1	T 140	370	40	40	P 138	368	46	46	
1192	1	T 138	369	40	40	P 138	368	46	46	
1193	1	T 136	368	40	40	P 115	368	69	46	
1194	0	T 134	367	40	40	
1195	0	T 132	366	40	40	
1196	0	T 130	365	40	40	
1197	0	T 128	364	40	40	
1198	0	T 126	363	40	40	
1199	0	T 124	362	40	40	
1200	1	T 122	361	40	40	P 115	345	46	69	
1201	1	T 120	360	40	40	P 115	368	46	46	
1202	1	T 118	359	40	40	P 115	345	46	46	
1203	0	T 116	358	40	40	
1204	0	T 114	357	40	40	
1205	0	T 112	356	40	40	
1206	0	T 110	355	40	40	
1207	0	T 108	354	40	40	
1208	0	T 106	353	40	40	
1209	0	T 104	352	40	40	
1210	0	T 102	351	40	40	
1211	1	T 100	350	40	40	P 92	345	46	46	
1212	1	T 98	349	40	40	P 92	345	46	46	
1213	1	T 96	348	40	40	P 92	345	46	46	
1214	1	T 94	347	40	40	P 92	322	46	69	
1215	1	T 92	346	40	40	P 92	345	46	46	
1216	1	T 90	345	40	40	P 92	345	46	46	
1217	0	T 88	344	40	40	
1218	0	T 86	343	40	40	
1219	0	T 84	342	40	40	
1220	0	T 82	341	40	40	
1221	0	T 80	340	40	40	
1222	0	T 78	339	40	40	
1223	0	T 76	338	40	40	
1224	1	T 74	337	40	40	P 69	322	46	46	
1225	0	T 72	336	40	40	
1226	1	T 70	335	40	40	P 69	322	46	46	
1227	0	T 68	334	40	40	
1228	0	T 66	333	40	40	
1229	0	T 64	332	40	40	
1230	0	T 62	331	40	40	
1231	0	T 60	330	40	40	
1232	0	T 58	329	40	40	
1233	1	T 56	328	40	40	P 46	322	46	46	
1234	0	T 54	327	40	40	
1235	1	T 52	326	40	40	P 46	322	46	46	
1236	1	T 50	325	40	40	P 46	322	46	46	
1237	1	T 48	324	40	40	P 23	299	69	69	
1238	1	T 46	323	40	40	P 46	322	46	46	
1239	1	T 44	322	40	40	P 46	322	46	46	
1240	0	T 42	321	40	40	
1241	0	T 40	320	40	40	
1242	0	T 38	319	40	40	
1243	0	T 36	318	40	40	
1244	0	T 34	317	40	40	
1245	0	T 32	316	40	40	
1246	0	T 30	315	40	40	
1247	1	T 28	314	40	40	P 23	299	46	69	
1248	0	T 26	313	40	40	
1249	0	T 24	312	40	40	
1250	0	T 22	311	40	40	
1251	0	T 20	310	40	40	
1252	0	T 22	309	40	40	
1253	0	T 24	308	40	40	
1254	0	T 26	307	40	40	
1255	1	T 28	306	40	40	P 23	299	46	46	
1256	0	T 30	305	40	40	
1257	0	T 32	304	40	40	
1258	0	T 34	303	40	40	
1259	0	T 36	302	40	40	
1260	0	T 38	301	40	40	
1261	0	T 40	300	40	40	
1262	0	T 42	299	40	40	
1263	0	T 44	298	40	40	
1264	0	T 46	297	40	40	
1265	1	T 48	296	40	40	P 46	276	46	46	
1266	0	T 50	295	40	40	
1267	0	T 52	294	40	40	
1268	0	T 54	293	40	40	
1269	0	T 56	292	40	40	
1270	0	T 58	291	40	40	
1271	0	T 60	290	40	40	
1272	0	T 62	289	40	40	
1273	0	T 64	288	40	40	
1274	0	T 66	287	40	40	
1275	1	T 68	286	40	40	P 69	276	46	46	
1276	0	T 70	285	40	40	
1277	0	T 72	284	40	40	
1278	1	T 74	283	40	40	P 69	276	46	46	
1279	1	T 76	282	40	40	P 69	276	46	46	
1280	0	T 78	281	40	40	
1281	0	T 80	280	40	40	
1282	1	T 82	279	40	40	P 92	276	46	46	
1283	1	T 84	278	40	40	P 92	276	46	46	
1284	1	T 86	277	40	40	P 92	276	46	46	
1285	1	T 88	276	40	40	P 92	276	46	46	
1286	0	T 90	275	40	40	
1287	1	T 92	274	40	40	P 92	276	46	46	
1288	0	T 94	273	40	40	
1289	0	T 96	272	40	40	
1290	0	T 98	271	40	40	
1291	0	T 100	270	40	40	
1292	0	T 102	269	40	40	
1293	0	T 104	268	40	40	
1294	0	T 106	267	40	40	
1295	0	T 108	266	40	40	
1296	0	T 110	265	40	40	
1297	0	T 112	264	40	40	
1298	0	T 114	263	40	40	
1299	0	T 116	262	40	40	
1300	0	T 118	261	40	40	
1301	0	T 120	260	40	40	
1302	0	T 122	259	40	40	
1303	1	T 124	258	40	40	P 115	253	46	46	
1304	0	T 126	257	40	40	
1305	1	T 128	256	40	40	P 138	253	46	46	
1306	1	T 130	255	40	40	P 138	253	46	46	
1307	1	T 132	254	40	40	P 138	253	46	46	
1308	1	T 134	253	40	40	P 138	253	46	46	
1309	0	T 136	252	40	40	
1310	1	T 138	251	40	40	P 138	253	46	46	
1311	1	T 140	250	40	40	P 138	253	46	46	
1312	1	T 142	249	40	40	P 138	253	46	46	
1313	0	T 144	248	40	40	
1314	0	T 146	247	40	40	
1315	0	T 148	246	40	40	
1316	0	T 150	245	40	40	
1317	0	T 152	244	40	40	
1318	0	T 154	243	40	40	
1319	0	T 156	242	40	40	
1320	0	T 158	241	40	40	
1321	0	T 160	240	40	40	
1322	1	T 162	239	40	40	P 161	230	46	46	
1323	0	T 164	238	40	40	
1324	1	T 166	237	40	40	P 161	230	46	46	
1325	1	T 168	236	40	40	P 161	230	46	46	
1326	1	T 170	235	40	40	P 161	230	69	46	
1327	0	T 172	234	40	40	
1328	0	T 174	233	40	40	
1329	0	T 176	232	40	40	
1330	0	T 178	231	40	40	
1331	0	T 180	230	40	40	
1332	1	T 182	229	40	40	P 184	230	46	46	
1333	1	T 184	228	40	40	P 184	230	46	46	
1334	1	T 186	227	40	40	P 184	230	46	46	
1335	0	T 188	226	40	40	
1336	0	T 190	225	40	40	
1337	0	T 192	224	40	40	
1338	0	T 194	223	40	40	
1339	0	T 196	222	40	40	
1340	0	T 198	221	40	40	
1341	0	T 200	220	40	40	
1342	0	T 202	219	40	40	
1343	0	T 204	218	40	40	
1344	0	T 206	217	40	40	
1345	1	T 208	216	40	40	P 207	207	46	46	
1346	1	T 210	215	40	40	P 207	207	46	46	
1347	1	T 212	214	40	40	P 207	207	46	46	
1348	1	T 214	213	40	40	P 207	207	46	46	
1349	0	T 216	212	40	40	
1350	0	T 218	211	40	40	
1351	0	T 220	210	40	40	
1352	0	T 222	209	40	40	
1353	0	T 224	208	40	40	
1354	0	T 226	207	40	40	
1355	0	T 228	206	40	40	
1356	0	T 230	205	40	40	
1357	0	T 232	204	40	40	
1358	0	T 234	203	40	40	
1359	0	T 236	202	40	40	
1360	0	T 238	201	40	40	
1361	0	T 240	200	40	40	
1362	0	T 242	199	40	40	
1363	0	T 244	198	40	40	
1364	0	T 246	197	40	40	
1365	0	T 248	196	40	40	
1366	0	T 250	195	40	40	
1367	0	T 252	194	40	40	
1368	0	T 254	193	40	40	
1369	0	T 256	192	40	40	
1370	1	T 258	191	40	40	P 253	184	46	46	
1371	0	T 260	190	40	40	
1372	1	T 262	189	40	40	P 253	184	46	46	
1373	0	T 264	188	40	40	
1374	0	T 266	187	40	40	
1375	0	T 268	186	40	40	
1376	1	T 270	185	40	40	P 276	184	46	46	
1377	0	T 272	184	40	40	
1378	0	T 274	183	40	40	
1379	0	T 276	182	40	40	
1380	0	T 278	181	40	40	
1381	0	T 280	180	40	40	
1382	0	T 282	179	40	40	
1383	0	T 284	178	40	40	
1384	0	T 286	177	40	40	
1385	0	T 288	176	40	40	
1386	0	T 290	175	40	40	
1387	0	T 292	174	40	40	
1388	0	T 294	173	40	40	
1389	0	T 296	172	40	40	
1390	0	T 298	171	40	40	
1391	1	T 300	170	40	40	P 299	161	46	46	
1392	1	T 302	169	40	40	P 299	161	46	46	
1393	1	T 304	168	40	40	P 299	161	46	46	
1394	0	T 306	167	40	40	
1395	1	T 308	166	40	40	P 322	161	46	46	
1396	1	T 310	165	40	40	P 299	161	46	46	
1397	0	T 312	164	40	40	
1398	0	T 314	163	40	40	
1399	1	T 316	162	40	40	P 322	161	46	46	
1400	0	T 318	161	40	40	
1401	1	T 320	160	40	40	P 322	161	46	46	
1402	1	T 322	159	40	40	P 322	161	46	46	
1403	0	T 324	158	40	40	
1404	0	T 326	157	40	40	
1405	0	T 328	156	40	40	
1406	0	T 330	155	40	40	
1407	0	T 332	154	40	40	
1408	0	T 334	153	40	40	
1409	0	T 336	152	40	40	
1410	0	T 338	151	40	40	
1411	0	T 340	150	40	40	
1412	0	T 342	149	40	40	
1413	1	T 344	148	40	40	P 345	138	46	46	
1414	0	T 346	147	40	40	
1415	1	T 348	146	40	40	P 345	138	46	46	
1416	1	T 350	145	40	40	P 345	138	46	46	
1417	0	T 352	144	40	40	
1418	0	T 354	143	40	40	
1419	1	T 356	142	40	40	P 368	138	46	46	
1420	0	T 358	141	40	40	
1421	1	T 360	140	40	40	P 368	138	46	46	
1422	1	T 362	139	40	40	P 368	138	46	46	
1423	1	T 364	138	40	40	P 368	138	46	46	
1424	1	T 366	137	40	40	P 368	138	46	46	
1425	1	T 368	136	40	40	P 368	138	46	46	
1426	1	T 370	135	40	40	P 368	138	46	46	
1427	1	T 372	134	40	40	P 368	138	46	46	
1428	0	T 374	133	40	40	
1429	0	T 376	132	40	40	
1430	0	T 378	131	40	40	
1431	0	T 380	130	40	40	
1432	0	T 382	129	40	40	
1433	0	T 384	128	40	40	
1434	0	T 386	127	40	40	
1435	0	T 388	126	40	40	
1436	0	T 390	125	40	40	
1437	0	T 392	124	40	40	
1438	0	T 394	123	40	40	
1439	1	T 396	122	40	40	P 391	115	46	46	
1440	0	T 398	121	40	40	
1441	0	T 400	120	40	40	
1442	0	T 402	119	40	40	
1443	0	T 404	118	40	40	
1444	0	T 406	117	40	40	
1445	0	T 408	116	40	40	
1446	0	T 410	115	40	40	
1447	0	T 412	114	40	40	
1448	1	T 414	113	40	40	P 414	115	46	46	
1449	0	T 416	112	40	40	
1450	0	T 418	111	40	40	
1451	0	T 420	110	40	40	
1452	0	T 422	109	40	40	
1453	0	T 424	108	40	40	
1454	0	T 426	107	40	40	
1455	0	T 428	106	40	40	
1456	0	T 430	105	40	40	
1457	0	T 432	104	40	40	
1458	0	T 434	103	40	40	
1459	0	T 436	102	40	40	
1460	1	T 438	101	40	40	P 437	92	46	46	
1461	1	T 440	100	40	40	P 437	92	46	46	
1462	0	T 442	99	40	40	
1463	0	T 444	98	40	40	
1464	0	T 446	97	40	40	
1465	0	T 448	96	40	40	
1466	0	T 450	95	40	40	
1467	0	T 452	94	40	40	
1468	1	T 454	93	40	40	P 460	92	46	46	
1469	0	T 456	92	40	40	
1470	0	T 458	91	40	40	
1471	0	T 460	90	40	40	
1472	0	T 462	89	40	40	
1473	0	T 464	88	40	40	
1474	0	T 466	87	40	40	
1475	0	T 468	86	40	40	
1476	0	T 470	85	40	40	
1477	0	T 472	84	40	40	
1478	0	T 474	83	40	40	
1479	0	T 476	82	40	40	
1480	0	T 478	81	40	40	
1481	0	T 480	80	40	40	
1482	0	T 482	79	40	40	
1483	1	T 484	78	40	40	P 483	69	46	46	
1484	0	T 486	77	40	40	
1485	1	T 488	76	40	40	P 483	69	46	46	
1486	0	T 490	75	40	40	
1487	0	T 492	74	40	40	
1488	0	T 494	73	40	40	
1489	1	T 496	72	40	40	P 506	69	46	46	
1490	1	T 498	71	40	40	P 506	69	46	46	
1491	0	T 500	70	40	40	
1492	1	T 502	69	40	40	P 506	69	46	46	
1493	0	T 504	68	40	40	
1494	0	T 506	67	40	40	
1495	1	T 508	66	40	40	P 506	69	46	46	
1496	0	T 510	65	40	40	
1497	0	T 512	64	40	40	
1498	0	T 514	63	40	40	
1499	1	T 516	62	40	40	P 529	69	46	46	
1500	0	T 518	61	40	40	
1501	0	T 520	60	40	40	
1502	0	T 522	59	40	40	
1503	0	T 524	58	40	40	
1504	0	T 526	57	40	40	
1505	1	T 528	56	40	40	P 529	46	46	46	
1506	0	T 530	55	40	40	
1507	1	T 532	54	40	40	P 529	46	46	46	
1508	1	T 534	53	40	40	P 529	23	46	69	
1509	1	T 536	52	40	40	P 529	46	46	46	
1510	0	T 538	51	40	40	
1511	1	T 540	50	40	40	P 552	46	46	46	
1512	0	T 542	49	40	40	
1513	1	T 544	48	40	40	P 552	46	46	46	
1514	0	T 546	47	40	40	
1515	0	T 548	46	40	40	
1516	1	T 550	45	40	40	P 552	46	46	46	
1517	1	T 552	44	40	40	P 552	46	46	46	
1518	1	T 554	43	40	40	P 552	46	46	46	
1519	0	T 556	42	40	40	
1520	0	T 558	41	40	40	
1521	0	T 560	40	40	40	
1522	0	T 562	39	40	40	
1523	0	T 564	38	40	40	
1524	0	T 566	37	40	40	
1525	0	T 568	36	40	40	
1526	0	T 570	35	40	40	
1527	0	T 572	34	40	40	
1528	0	T 574	33	40	40	
1529	0	T 576	32	40	40	
1530	1	T 578	31	40	40	P 575	23	46	46	
1531	1	T 580	30	40	40	P 575	23	46	46	
1532	1	T 582	29	40	40	P 575	23	46	46	
1533	0	T 584	28	40	40	
1534	0	T 586	27	40	40	
1535	1	T 588	26	40	40	P 575	23	69	46	
1536	1	T 590	25	40	40	P 598	23	46	46	
1537	1	T 592	24	40	40	P 598	23	46	46	
1538	1	T 594	23	40	40	P 598	23	46	46	
1539	0	T 596	22	40	40	
1540	1	T 598	21	40	40	P 598	23	46	46	
1541	1	T 600	20	40	40	P 598	23	46	46	
1542	1	T 602	21	40	40	P 598	23	46	46	
1543	0	T 604	22	40	40	
1544	0	T 606	23	40	40	
1545	1	T 608	24	40	40	P 621	23	46	46	
1546	0	T 610	25	40	40	
1547	0	T 612	26	40	40	
1548	1	T 614	27	40	40	P 621	23	46	46	
1549	0	T 616	28	40	40	
1550	0	T 618	29	40	40	
1551	0	T 620	30	40	40	
1552	1	T 622	31	40	40	P 621	23	46	69	
1553	0	T 624	32	40	40	
1554	0	T 626	33	40	40	
1555	0	T 628	34	40	40	
1556	0	T 630	35	40	40	
1557	0	T 632	36	40	40	
1558	0	T 634	37	40	40	
1559	0	T 636	38	40	40	
1560	0	T 638	39	40	40	
1561	0	T 640	40	40	40	
1562	0	T 642	41	40	40	
1563	1	T 644	42	40	40	P 644	46	46	46	
1564	0	T 646	43	40	40	
1565	1	T 648	44	40	40	P 644	46	46	46	
1566	0	T 650	45	40	40	
1567	1	T 652	46	40	40	P 644	46	46	46	
1568	1	T 654	47	40	40	P 667	46	46	46	
1569	0	T 656	48	40	40	
1570	0	T 658	49	40	40	
1571	0	T 660	50	40	40	
1572	0	T 658	51	40	40	
1573	0	T 656	52	40	40	
1574	0	T 654	53	40	40	
1575	0	T 652	54	40	40	
1576	1	T 650	55	40	40	P 644	69	46	46	
1577	0	T 648	56	40	40	
1578	0	T 646	57	40	40	
1579	0	T 644	58	40	40	
1580	0	T 642	59	40	40	
1581	0	T 640	60	40	40	
1582	0	T 638	61	40	40	
1583	0	T 636	62	40	40	
1584	0	T 634	63	40	40	
1585	0	T 632	64	40	40	
1586	1	T 630	65	40	40	P 621	69	46	46	
1587	1	T 628	66	40	40	P 621	69	46	46	
1588	1	T 626	67	40	40	P 621	69	46	46	
1589	0	T 624	68	40	40	
1590	1	T 622	69	40	40	P 598	69	69	46	
1591	0	T 620	70	40	40	
1592	0	T 618	71	40	40	
1593	0	T 616	72	40	40	
1594	0	T 614	73	40	40	
1595	0	T 612	74	40	40	
1596	1	T 610	75	40	40	P 598	69	46	69	
1597	0	T 608	76	40	40	
1598	0	T 606	77	40	40	
1599	0	T 604	78	40	40	
1600	0	T 602	79	40	40	
1601	0	T 600	80	40	40	
1602	0	T 598	81	40	40	
1603	0	T 596	82	40	40	
1604	0	T 594	83	40	40	
1605	0	T 592	84	40	40	
1606	0	T 590	85	40	40	
1607	0	T 588	86	40	40	
1608	0	T 586	87	40	40	
1609	1	T 584	88	40	40	P 575	92	46	46	
1610	1	T 582	89	40	40	P 575	92	46	46	
1611	0	T 580	90	40	40	
1612	1	T 578	91	40	40	P 575	92	46	46	
1613	1	T 576	92	40	40	P 575	92	46	46	
1614	1	T 574	93	40	40	P 575	92	46	46	
1615	1	T 572	94	40	40	P 552	92	69	46	
1616	0	T 570	95	40	40	
1617	1	T 568	96	40	40	P 575	92	46	46	
1618	0	T 566	97	40	40	
1619	1	T 564	98	40	40	P 552	92	46	46	
1620	0	T 562	99	40	40	
1621	0	T 560	100	40	40	
1622	0	T 558	101	40	40	
1623	1	T 556	102	40	40	P 552	92	46	46	
1624	0	T 554	103	40	40	
1625	0	T 552	104	40	40	
1626	0	T 550	105	40	40	
1627	0	T 548	106	40	40	
1628	0	T 546	107	40	40	
1629	0	T 544	108	40	40	
1630	0	T 542	109	40	40	
1631	0	T 540	110	40	40	
1632	0	T 538	111	40	40	
1633	0	T 536	112	40	40	
1634	1	T 534	113	40	40	P 529	115	46	46	
1635	1	T 532	114	40	40	P 529	115	46	46	
1636	0	T 530	115	40	40	
1637	1	T 528	116	40	40	P 529	115	46	46	
1638	0	T 526	117	40	40	
1639	1	T 524	118	40	40	P 529	115	46	46	
1640	0	T 522	119	40	40	
1641	0	T 520	120	40	40	
1642	0	T 518	121	40	40	
1643	0	T 516	122	40	40	
1644	0	T 514	123	40	40	
1645	0	T 512	124	40	40	
1646	0	T 510	125	40	40	
1647	0	T 508	126	40	40	
1648	0	T 506	127	40	40	
1649	0	T 504	128	40	40	
1650	0	T 502	129	40	40	
1651	0	T 500	130	40	40	
1652	0	T 498	131	40	40	
1653	0	T 496	132	40	40	
1654	0	T 494	133	40	40	
1655	0	T 492	134	40	40	
1656	0	T 490	135	40	40	
1657	0	T 488	136	40	40	
1658	1	T 486	137	40	40	P 483	138	46	46	
1659	0	T 484	138	40	40	
1660	0	T 482	139	40	40	
1661	0	T 480	140	40	40	
1662	0	T 478	141	40	40	
1663	0	T 476	142	40	40	
1664	0	T 474	143	40	40	
1665	0	T 472	144	40	40	
1666	0	T 470	145	40	40	
1667	1	T 468	146	40	40	P 460	138	46	46	
1668	0	T 466	147	40	40	
1669	0	T 464	148	40	40	
1670	0	T 462	149	40	40	
1671	0	T 460	150	40	40	
1672	0	T 458	151	40	40	
1673	0	T 456	152	40	40	
1674	0	T 454	153	40	40	
1675	0	T 452	154	40	40	
1676	0	T 450	155	40	40	
1677	1	T 448	156	40	40	P 437	161	46	46	
1678	0	T 446	157	40	40	
1679	1	T 444	158	40	40	P 437	161	46	46	
1680	1	T 442	159	40	40	P 437	161	46	46	
1681	1	T 440	160	40	40	P 437	161	46	46	
1682	1	T 438	161	40	40	P 437	161	46	46	
1683	1	T 436	162	40	40	P 437	161	46	46	
1684	1	T 434	163	40	40	P 414	161	46	46	
1685	0	T 432	164	40	40	
1686	1	T 430	165	40	40	P 414	161	69	46	
1687	1	T 428	166	40	40	P 414	161	46	46	
1688	1	T 426	167	40	40	P 414	161	46	46	
1689	0	T 424	168	40	40	
1690	0	T 422	169	40	40	
1691	0	T 420	170	40	40	
1692	0	T 418	171	40	40	
1693	0	T 416	172	40	40	
1694	1	T 414	173	40	40	P 414	161	46	69	
1695	0	T 412	174	40	40	
1696	0	T 410	175	40	40	
1697	0	T 408	176	40	40	
1698	0	T 406	177	40	40	
1699	0	T 404	178	40	40	
1700	0	T 402	179	40	40	
1701	0	T 400	180	40	40	
1702	0	T 398	181	40	40	
1703	1	T 396	182	40	40	P 391	184	46	46	
1704	1	T 394	183	40	40	P 391	184	46	46	
1705	1	T 392	184	40	40	P 391	184	46	46	
1706	1	T 390	185	40	40	P 391	184	46	46	
1707	1	T 388	186	40	40	P 391	184	46	46	
1708	1	T 386	187	40	40	P 368	184	69	46	
1709	0	T 384	188	40	40	
1710	0	T 382	189	40	40	
1711	0	T 380	190	40	40	
1712	1	T 378	191	40	40	P 368	184	46	46	
1713	0	T 376	192	40	40	
1714	0	T 374	193	40	40	
1715	0	T 372	194	40	40	
1716	0	T 370	195	40	40	
1717	0	T 368	196	40	40	
1718	0	T 366	197	40	40	
1719	0	T 364	198	40	40	
1720	0	T 362	199	40	40	
1721	0	T 360	200	40	40	
1722	0	T 358	201	40	40	
1723	0	T 356	202	40	40	
1724	0	T 354	203	40	40	
1725	0	T 352	204	40	40	
1726	1	T 350	205	40	40	P 345	207	46	46	
1727	0	T 348	206	40	40	
1728	0	T 346	207	40	40	
1729	1	T 344	208	40	40	P 345	207	46	46	
1730	0	T 342	209	40	40	
1731	0	T 340	210	40	40	
1732	0	T 338	211	40	40	
1733	0	T 336	212	40	40	
1734	0	T 334	213	40	40	
1735	0	T 332	214	40	40	
1736	0	T 330	215	40	40	
1737	1	T 328	216	40	40	P 322	207	46	46	
1738	0	T 326	217	40	40	
1739	1	T 324	218	40	40	P 322	207	46	69	
1740	0	T 322	219	40	40	
1741	0	T 320	220	40	40	
1742	0	T 318	221	40	40	
1743	0	T 316	222	40	40	
1744	0	T 314	223	40	40	
1745	0	T 312	224	40	40	
1746	0	T 310	225	40	40	
1747	0	T 308	226	40	40	
1748	1	T 306	227	40	40	P 299	230	46	46	
1749	0	T 304	228	40	40	
1750	1	T 302	229	40	40	P 299	230	46	46	
1751	1	T 300	230	40	40	P 299	230	46	46	
1752	1	T 298	231	40	40	P 299	230	46	46	
1753	1	T 296	232	40	40	P 276	230	69	46	
1754	0	T 294	233	40	40	
1755	0	T 292	234	40	40	
1756	0	T 290	235	40	40	
1757	1	T 288	236	40	40	P 276	230	46	46	
1758	0	T 286	237	40	40	
1759	1	T 284	238	40	40	P 276	230	46	46	
1760	1	T 282	239	40	40	P 276	230	46	46	
1761	0	T 280	240	40	40	
1762	1	T 278	241	40	40	P 276	230	46	46	
1763	1	T 276	242	40	40	P 276	253	46	46	
1764	0	T 274	243	40	40	
1765	0	T 272	244	40	40	
1766	0	T 270	245	40	40	
1767	0	T 268	246	40	40	
1768	0	T 266	247	40	40	
1769	0	T 264	248	40	40	
1770	0	T 262	249	40	40	
1771	1	T 260	250	40	40	P 253	253	46	46	
1772	1	T 258	251	40	40	P 253	253	46	46	
1773	1	T 256	252	40	40	P 253	253	46	46	
1774	0	T 254	253	40	40	
1775	1	T 252	254	40	40	P 253	253	46	46	
1776	0	T 250	255	40	40	
1777	0	T 248	256	40	40	
1778	0	T 246	257	40	40	
1779	0	T 244	258	40	40	
1780	0	T 242	259	40	40	
1781	0	T 240	260	40	40	
1782	0	T 238	261	40	40	
1783	0	T 236	262	40	40	
1784	0	T 234	263	40	40	
1785	0	T 232	264	40	40	
1786	0	T 230	265	40	40	
1787	0	T 228	266	40	40	
1788	0	T 226	267	40	40	
1789	0	T 224	268	40	40	
1790	0	T 222	269	40	40	
1791	0	T 220	270	40	40	
1792	0	T 218	271	40	40	
1793	0	T 216	272	40	40	
1794	1	T 214	273	40	40	P 207	276	46	46	
1795	1	T 212	274	40	40	P 207	276	46	46	
1796	1	T 210	275	40	40	P 207	276	46	46	
1797	1	T 208	276	40	40	P 207	276	46	46	
1798	1	T 206	277	40	40	P 207	276	46	46	
1799	1	T 204	278	40	40	P 207	276	46	46	
1800	1	T 202	279	40	40	P 184	276	46	46	
1801	0	T 200	280	40	40	
1802	0	T 198	281	40	40	
1803	1	T 196	282	40	40	P 184	276	46	46	
1804	0	T 194	283	40	40	
1805	0	T 192	284	40	40	
1806	0	T 190	285	40	40	
1807	1	T 188	286	40	40	P 184	276	46	46	
1808	0	T 186	287	40	40	
1809	1	T 184	288	40	40	P 184	299	46	46	
1810	0	T 182	289	40	40	
1811	0	T 180	290	40	40	
1812	0	T 178	291	40	40	
1813	0	T 176	292	40	40	
1814	0	T 174	293	40	40	
1815	0	T 172	294	40	40	
1816	0	T 170	295	40	40	
1817	1	T 168	296	40	40	P 161	299	46	46	
1818	1	T 166	297	40	40	P 161	299	46	46	
1819	1	T 164	298	40	40	P 161	299	46	46	
1820	1	T 162	299	40	40	P 161	299	46	46	
1821	1	T 160	300	40	40	P 161	299	46	46	
1822	1	T 158	301	40	40	P 161	299	46	46	
1823	1	T 156	302	40	40	P 138	299	46	46	
1824	0	T 154	303	40	40	
1825	0	T 152	304	40	40	
1826	0	T 150	305	40	40	
1827	0	T 148	306	40	40	
1828	0	T 146	307	40	40	
1829	1	T 144	308	40	40	P 138	299	46	69	
1830	0	T 142	309	40	40	
1831	0	T 140	310	40	40	
1832	0	T 138	311	40	40	
1833	0	T 136	312	40	40	
1834	0	T 134	313	40	40	
1835	0	T 132	314	40	40	
1836	0	T 130	315	40	40	
1837	0	T 128	316	40	40	
1838	0	T 126	317	40	40	
1839	0	T 124	318	40	40	
1840	1	T 122	319	40	40	P 115	322	46	46	
1841	0	T 120	320	40	40	
1842	1	T 118	321	40	40	P 115	322	46	46	
1843	1	T 116	322	40	40	P 115	322	46	46	
1844	1	T 114	323	40	40	P 115	322	46	46	
1845	0	T 112	324	40	40	
1846	0	T 110	325	40	40	
1847	1	T 108	326	40	40	P 115	322	46	46	
1848	0	T 106	327	40	40	
1849	0	T 104	328	40	40	
1850	0	T 102	329	40	40	
1851	0	T 100	330	40	40	
1852	0	T 98	331	40	40	
1853	0	T 96	332	40	40	
1854	0	T 94	333	40	40	
1855	0	T 92	334	40	40	
1856	0	T 90	335	40	40	
1857	0	T 88	336	40	40	
1858	0	T 86	337	40	40	
1859	0	T 84	338	40	40	
1860	0	T 82	339	40	40	
1861	0	T 80	340	40	40	
1862	0	T 78	341	40	40	
1863	0	T 76	342	40	40	
1864	0	T 74	343	40	40	
1865	0	T 72	344	40	40	
1866	1	T 70	345	40	40	P 69	345	46	46	
1867	0	T 68	346	40	40	
1868	0	T 66	347	40	40	
1869	0	T 64	348	40	40	
1870	0	T 62	349	40	40	
1871	0	T 60	350	40	40	
1872	0	T 58	351	40	40	
1873	0	T 56	352	40	40	
1874	0	T 54	353	40	40	
1875	1	T 52	354	40	40	P 46	368	46	46	
1876	0	T 50	355	40	40	
1877	0	T 48	356	40	40	
1878	0	T 46	357	40	40	
1879	0	T 44	358	40	40	
1880	0	T 42	359	40	40	
1881	0	T 40	360	40	40	
1882	0	T 38	361	40	40	
1883	0	T 36	362	40	40	
1884	0	T 34	363	40	40	
1885	0	T 32	364	40	40	
1886	0	T 30	365	40	40	
1887	1	T 28	366	40	40	P 23	368	46	46	
1888	1	T 26	367	40	40	P 23	368	46	46	
1889	1	T 24	368	40	40	P 23	368	46	46	
1890	0	T 22	369	40	40	
1891	0	T 20	370	40	40	
1892	1	T 22	371	40	40	P 23	368	46	46	
1893	1	T 24	372	40	40	P 23	368	46	46	
1894	1	T 26	373	40	40	P 23	368	46	46	
1895	1	T 28	374	40	40	P 23	368	46	46	
1896	0	T 30	375	40	40	
1897	0	T 32	376	40	40	
1898	0	T 34	377	40	40	
1899	0	T 36	378	40	40	
1900	0	T 38	379	40	40	
1901	0	T 40	380	40	40	
1902	0	T 42	381	40	40	
1903	0	T 44	382	40	40	
1904	0	T 46	383	40	40	
1905	0	T 48	384	40	40	
1906	1	T 50	385	40	40	P 46	391	46	46	
1907	0	T 52	386	40	40	
1908	0	T 54	387	40	40	
1909	1	T 56	388	40	40	P 46	391	46	46	
1910	1	T 58	389	40	40	P 69	391	46	46	
1911	0	T 60	390	40	40	
1912	0	T 62	391	40	40	
1913	1	T 64	392	40	40	P 69	391	46	46	
1914	0	T 66	393	40	40	
1915	0	T 68	394	40	40	
1916	0	T 70	395	40	40	
1917	1	T 72	396	40	40	P 69	391	46	46	
1918	1	T 74	397	40	40	P 69	391	46	46	
1919	0	T 76	398	40	40	
1920	0	T 78	399	40	40	
1921	0	T 80	400	40	40	
1922	0	T 82	401	40	40	
1923	0	T 84	402	40	40	
1924	0	T 86	403	40	40	
1925	0	T 88	404	40	40	
1926	0	T 90	405	40	40	
1927	0	T 92	406	40	40	
1928	1	T 94	407	40	40	P 92	414	46	46	
1929	0	T 96	408	40	40	
1930	0	T 98	409	40	40	
1931	0	T 100	410	40	40	
1932	0	T 102	411	40	40	
1933	0	T 104	412	40	40	
1934	1	T 106	413	40	40	P 115	414	46	46	
1935	1	T 108	414	40	40	P 115	414	69	46	
1936	1	T 110	415	40	40	P 115	414	46	46	
1937	1	T 112	416	40	40	P 115	414	46	46	
1938	1	T 114	417	40	40	P 115	414	46	46	
1939	1	T 116	418	40	40	P 115	414	46	46	
1940	1	T 118	419	40	40	P 115	414	46	46	
1941	1	T 120	420	40	40	P 115	414	46	46	
1942	0	T 122	419	40	40	
1943	1	T 124	418	40	40	P 115	414	69	46	
1944	1	T 126	417	40	40	P 138	414	46	46	
1945	1	T 128	416	40	40	P 138	414	46	46	
1946	0	T 130	415	40	40	
1947	0	T 132	414	40	40	
1948	1	T 134	413	40	40	P 138	414	46	46	
1949	0	T 136	412	40	40	
1950	0	T 138	411	40	40	
1951	0	T 140	410	40	40	
1952	0	T 142	409	40	40	
1953	0	T 144	408	40	40	
1954	0	T 146	407	40	40	
1955	0	T 148	406	40	40	
1956	0	T 150	405	40	40	
1957	0	T 152	404	40	40	
1958	0	T 154	403	40	40	
1959	0	T 156	402	40	40	
1960	0	T 158	401	40	40	
1961	0	T 160	400	40	40	
1962	0	T 162	399	40	40	
1963	0	T 164	398	40	40	
1964	1	T 166	397	40	40	P 161	391	46	46	
1965	1	T 168	396	40	40	P 161	391	46	46	
1966	0	T 170	395	40	40	
1967	1	T 172	394	40	40	P 161	391	69	46	
1968	0	T 174	393	40	40	
1969	0	T 176	392	40	40	
1970	0	T 178	391	40	40	
1971	0	T 180	390	40	40	
1972	0	T 182	389	40	40	
1973	0	T 184	388	40	40	
1974	0	T 186	387	40	40	
1975	1	T 188	386	40	40	P 184	391	46	46	
1976	0	T 190	385	40	40	
1977	0	T 192	384	40	40	
1978	0	T 194	383	40	40	
1979	0	T 196	382	40	40	
1980	0	T 198	381	40	40	
1981	0	T 200	380	40	40	
1982	0	T 202	379	40	40	
1983	0	T 204	378	40	40	
1984	0	T 206	377	40	40	
1985	0	T 208	376	40	40	
1986	1	T 210	375	40	40	P 207	368	46	46	
1987	1	T 212	374	40	40	P 207	368	46	46	
1988	0	T 214	373	40	40	
1989	0	T 216	372	40	40	
1990	0	T 218	371	40	40	
1991	0	T 220	370	40	40	
1992	1	T 222	369	40	40	P 230	368	46	46	
1993	1	T 224	368	40	40	P 230	368	46	46	
1994	0	T 226	367	40	40	
1995	1	T 228	366	40	40	P 230	368	46	46	
1996	0	T 230	365	40	40	
1997	0	T 232	364	40	40	
1998	0	T 234	363	40	40	
1999	0	T 236	362	40	40	
2000	0	T 238	361	40	40	
