1	0	T 80	80	40	40	
2	4	T 82	81	40	40	P 83	74	22	12	P 83	74	6	10	P 75	78	6	10	P 76	74	44	15	
3	6	T 84	82	40	40	P 99	92	31	36	P 107	74	16	12	P 105	76	24	12	P 76	74	44	15	P 92	114	28	10	P 103	112	21	12	
4	9	T 86	83	40	40	P 92	114	28	10	P 80	115	30	13	P 117	76	12	14	P 83	78	49	13	P 92	114	28	10	P 103	112	21	12	P 92	114	28	10	P 84	76	18	18	P 84	76	18	18	
5	10	T 88	84	40	40	P 85	78	47	18	P 80	115	30	13	P 82	102	15	26	P 83	78	41	10	P 101	120	3	10	P 109	116	18	10	P 92	114	28	10	P 84	76	18	18	P 84	76	18	18	P 82	102	15	26	
6	7	T 90	85	40	40	P 85	78	47	18	P 82	102	15	26	P 86	80	33	12	P 121	78	14	12	P 120	115	16	15	P 85	120	19	10	P 82	102	15	26	
7	9	T 92	86	40	40	P 87	80	49	14	P 86	80	33	12	P 121	78	14	12	P 120	115	16	15	P 89	118	36	10	P 86	81	12	7	P 86	81	12	7	P 127	120	2	8	P 132	118	3	12	
8	8	T 94	87	40	40	P 87	82	45	12	P 104	116	29	16	P 90	120	22	11	P 86	81	12	7	P 86	81	12	7	P 127	120	2	8	P 132	118	3	12	P 135	124	3	6	
9	11	T 96	88	40	40	P 97	80	24	14	P 104	116	29	16	P 93	120	41	12	P 126	82	14	14	P 126	82	9	14	P 135	124	3	6	P 106	122	12	4	P 136	86	3	4	P 106	122	12	4	P 136	86	3	4	P 137	88	3	8	
10	11	T 98	89	40	40	P 92	86	20	6	P 113	120	31	14	P 93	120	41	12	P 93	114	15	20	P 126	82	9	14	P 122	84	20	20	P 136	86	3	4	P 106	122	12	4	P 136	86	3	4	P 137	88	3	8	P 94	94	10	4	
11	8	T 100	90	40	40	P 92	86	20	6	P 113	120	31	14	P 99	122	9	14	P 93	114	15	20	P 133	84	12	12	P 122	84	20	20	P 134	122	12	9	P 96	84	13	10	
12	7	T 102	91	40	40	P 98	122	34	14	P 99	122	9	14	P 99	84	16	14	P 137	120	1	8	P 99	84	10	10	P 99	84	10	10	P 132	86	11	14	
13	10	T 104	92	40	40	P 101	120	40	16	P 130	88	18	25	P 100	86	11	14	P 134	124	14	10	P 99	84	10	10	P 99	84	10	10	P 136	90	10	1	P 92	84	3	4	P 134	124	14	10	P 98	102	3	10	
14	9	T 106	93	40	40	P 114	126	36	10	P 130	88	18	25	P 100	86	11	14	P 134	124	14	10	P 104	88	26	10	P 134	88	13	10	P 92	84	3	4	P 134	124	14	10	P 98	102	3	10	
15	8	T 108	94	40	40	P 114	126	36	10	P 133	88	19	14	P 107	88	24	12	P 104	88	26	10	P 134	88	13	10	P 105	126	14	14	P 103	128	9	10	P 103	128	9	10	
16	7	T 110	95	40	40	P 128	126	27	16	P 113	88	34	12	P 107	92	4	10	P 104	124	21	16	P 103	128	9	10	P 103	128	9	10	P 128	128	23	12	
17	7	T 112	96	40	40	P 128	128	23	12	P 113	88	34	12	P 133	128	19	14	P 104	124	21	16	P 106	90	24	18	P 128	128	23	12	P 128	128	23	12	
18	6	T 114	97	40	40	P 138	130	17	10	P 134	90	23	14	P 133	128	19	14	P 108	90	22	15	P 128	128	23	12	P 111	128	13	12	
19	6	T 116	98	40	40	P 110	92	27	21	P 142	92	17	12	P 142	130	17	14	P 108	90	22	15	P 111	128	13	12	P 111	128	13	12	
20	6	T 118	99	40	40	P 113	94	32	10	P 116	130	19	14	P 139	132	24	12	P 112	132	12	9	P 111	128	13	12	P 112	132	12	9	
21	5	T 120	100	40	40	P 122	126	37	18	P 116	130	19	14	P 139	132	24	12	P 117	94	16	12	P 115	134	5	8	
22	7	T 122	101	40	40	P 118	92	44	19	P 118	92	44	16	P 127	134	22	14	P 151	126	17	20	P 151	94	13	12	P 118	128	7	18	P 144	126	24	22	
23	9	T 124	102	40	40	P 118	92	44	19	P 118	92	44	16	P 123	136	19	12	P 151	126	17	20	P 153	96	15	12	P 118	128	7	18	P 144	126	24	22	P 134	137	4	2	P 134	137	4	2	
24	7	T 126	103	40	40	P 121	128	50	20	P 121	117	50	31	P 158	96	9	14	P 134	137	4	2	P 134	137	4	2	P 129	96	16	12	P 129	96	16	12	
25	9	T 128	104	40	40	P 121	128	50	20	P 121	117	50	31	P 122	98	16	17	P 141	96	11	10	P 123	96	11	12	P 121	96	6	12	P 123	96	11	12	P 120	135	12	12	P 146	98	24	12	
26	7	T 130	105	40	40	P 122	98	16	17	P 125	132	12	14	P 124	132	16	16	P 121	96	6	12	P 146	136	29	14	P 129	138	10	14	P 128	100	45	10	
27	8	T 132	106	40	40	P 127	130	32	22	P 158	100	20	15	P 127	128	49	24	P 121	96	6	12	P 146	136	29	14	P 126	143	10	7	P 132	102	12	10	P 141	138	18	10	
28	9	T 134	107	40	40	P 127	130	32	22	P 134	100	46	15	P 127	128	49	24	P 134	100	45	14	P 134	140	24	12	P 141	138	18	10	P 128	103	10	3	P 141	138	18	10	P 141	138	18	10	
29	7	T 136	108	40	40	P 130	120	49	34	P 134	100	45	14	P 134	140	24	12	P 141	138	18	10	P 170	130	12	19	P 141	138	18	10	P 171	140	6	12	
30	7	T 138	109	40	40	P 130	120	49	34	P 136	102	29	14	P 133	136	24	18	P 170	142	13	12	P 171	140	6	12	P 171	140	6	12	P 132	104	10	11	
31	8	T 140	110	40	40	P 137	104	28	12	P 143	140	6	16	P 134	140	15	16	P 167	102	8	14	P 168	144	16	12	P 132	104	10	11	P 132	104	10	11	P 168	104	17	12	
32	9	T 142	111	40	40	P 139	104	41	14	P 172	136	16	21	P 136	142	19	14	P 167	102	8	14	P 168	144	16	12	P 132	104	10	11	P 132	104	10	11	P 164	102	10	10	P 164	102	10	10	
33	7	T 144	112	40	40	P 142	111	48	47	P 176	136	14	21	P 136	106	42	17	P 138	130	14	22	P 164	102	10	10	P 164	102	10	10	P 132	145	12	8	
34	8	T 146	113	40	40	P 142	111	48	47	P 176	136	14	21	P 136	106	42	17	P 132	145	12	8	P 140	111	12	13	P 140	138	17	20	P 132	145	12	8	P 132	145	12	8	
35	6	T 148	114	40	40	P 142	144	52	16	P 142	108	26	13	P 140	111	12	13	P 140	138	17	20	P 132	145	12	8	P 171	108	22	14	
36	3	T 150	115	40	40	P 145	146	49	16	P 145	108	48	22	P 171	108	22	14	
37	4	T 152	116	40	40	P 164	148	31	14	P 147	108	39	14	P 134	140	7	12	P 146	147	16	15	
38	8	T 154	117	40	40	P 153	140	35	24	P 147	108	39	14	P 148	110	30	23	P 146	147	16	15	P 134	140	7	12	P 144	115	16	10	P 144	115	16	10	P 180	110	14	16	
39	12	T 156	118	40	40	P 153	140	35	24	P 150	112	17	14	P 148	110	30	23	P 156	150	20	14	P 173	112	27	14	P 144	115	16	10	P 144	115	16	10	P 180	110	14	16	P 134	140	7	12	P 188	112	9	10	P 190	148	8	14	P 148	141	12	19	
40	11	T 158	119	40	40	P 150	112	17	14	P 160	114	25	10	P 153	152	13	12	P 173	112	27	14	P 188	112	14	22	P 134	140	7	12	P 179	150	16	14	P 148	141	12	19	P 148	141	12	19	P 148	141	12	19	P 155	120	3	4	
41	11	T 160	120	40	40	P 156	114	48	12	P 160	114	25	10	P 156	152	16	14	P 188	112	14	22	P 187	146	13	18	P 148	141	12	19	P 148	141	12	19	P 155	120	3	4	P 187	146	13	18	P 174	163	4	3	P 174	163	4	3	
42	7	T 162	121	40	40	P 157	114	46	18	P 157	146	29	22	P 156	152	16	14	P 191	150	16	18	P 187	146	13	18	P 174	163	4	3	P 174	163	4	3	
43	3	T 164	122	40	40	P 161	116	47	24	P 160	150	39	18	P 191	150	16	18	
44	4	T 166	123	40	40	P 161	116	48	16	P 161	148	51	20	P 198	150	14	14	P 205	120	3	10	
45	4	T 168	124	40	40	P 163	116	51	18	P 165	146	47	24	P 198	150	14	14	P 205	120	3	10	
46	4	T 170	125	40	40	P 164	118	51	22	P 167	156	47	14	P 165	118	50	20	P 162	160	3	6	
47	4	T 172	126	40	40	P 164	118	51	22	P 166	146	51	26	P 165	118	50	20	P 197	118	18	16	
48	3	T 174	127	40	40	P 169	120	51	16	P 171	156	48	16	P 197	118	18	16	
49	4	T 176	128	40	40	P 167	120	28	16	P 171	152	49	22	P 171	120	50	16	P 318	96	4	4	
50	4	T 178	129	40	40	P 174	122	48	22	P 173	156	51	18	P 170	123	26	13	P 318	96	4	4	
51	5	T 180	130	40	40	P 174	122	48	20	P 173	156	51	18	P 176	124	44	14	P 174	122	48	20	P 578	0	6	2	
52	5	T 182	131	40	40	P 179	124	40	16	P 176	124	44	14	P 174	122	48	20	P 578	0	6	2	P 221	128	4	8	
53	4	T 184	132	40	40	P 179	146	49	32	P 180	126	49	14	P 176	152	15	26	P 348	140	4	4	
54	4	T 186	133	40	40	P 181	160	50	20	P 215	128	15	12	P 176	152	15	26	P 348	140	4	4	
55	4	T 188	134	40	40	P 185	158	46	22	P 180	126	33	18	P 194	164	28	12	P 180	126	33	18	
56	4	T 190	135	40	40	P 185	162	50	18	P 185	126	48	16	P 194	164	28	12	P 185	128	51	18	
57	5	T 192	136	40	40	P 187	168	50	14	P 207	130	30	14	P 185	128	51	18	P 306	476	4	3	P 306	476	4	3	
58	7	T 194	137	40	40	P 191	168	13	16	P 191	130	41	14	P 306	476	4	3	P 306	476	4	3	P 188	130	16	12	P 188	130	16	12	P 207	170	9	14	
59	8	T 196	138	40	40	P 192	168	26	16	P 191	130	49	16	P 188	130	16	12	P 188	130	16	12	P 207	170	9	14	P 235	150	3	16	P 219	170	21	10	P 235	150	3	16	
60	5	T 198	139	40	40	P 193	166	51	20	P 194	132	45	14	P 235	150	3	16	P 219	170	21	10	P 235	150	3	16	
61	5	T 200	140	40	40	P 195	170	49	16	P 229	132	16	16	P 195	132	32	16	P 220	170	19	14	P 716	306	2	3	
62	6	T 202	141	40	40	P 220	170	19	14	P 196	170	49	18	P 198	134	47	14	P 220	170	19	14	P 716	306	2	3	P 220	170	19	14	
63	5	T 204	142	40	40	P 199	134	35	16	P 198	166	16	20	P 198	134	47	14	P 218	174	32	14	P 220	170	19	14	
64	7	T 206	143	40	40	P 199	134	35	16	P 198	166	16	20	P 201	174	49	16	P 202	136	42	20	P 236	134	13	16	P 236	134	13	16	P 694	370	4	4	
65	6	T 208	144	40	40	P 204	138	50	14	P 204	176	50	14	P 202	136	42	20	P 236	134	13	16	P 236	134	13	16	P 694	370	4	4	
66	4	T 210	145	40	40	P 204	176	52	18	P 204	176	50	14	P 204	138	50	16	P 214	192	16	1	
67	4	T 212	146	40	40	P 207	178	48	14	P 211	140	46	22	P 214	192	16	1	P 432	16	7	3	
68	7	T 214	147	40	40	P 209	180	20	12	P 211	140	48	16	P 235	174	24	18	P 432	16	7	3	P 248	141	6	2	P 248	141	6	2	P 700	458	6	8	
69	7	T 216	148	40	40	P 211	170	47	24	P 236	140	23	14	P 235	174	24	18	P 248	141	6	2	P 248	141	6	2	P 700	458	6	8	P 210	142	24	16	
70	5	T 218	149	40	40	P 214	174	33	22	P 215	142	48	22	P 249	182	14	12	P 210	142	24	16	P 207	144	2	8	
71	5	T 220	150	40	40	P 214	174	33	22	P 216	142	48	20	P 217	182	49	14	P 207	144	2	8	P 254	180	12	10	
72	6	T 222	151	40	40	P 216	175	52	23	P 216	176	52	22	P 217	182	49	14	P 219	142	49	16	P 216	144	6	2	P 216	144	6	2	
73	5	T 224	152	40	40	P 221	180	47	18	P 221	177	49	21	P 221	144	15	14	P 239	146	29	12	P 216	144	6	2	
74	5	T 226	153	40	40	P 221	144	50	30	P 221	144	51	54	P 221	184	50	16	P 258	155	14	11	P 248	148	8	2	
75	7	T 228	154	40	40	P 221	168	53	34	P 220	168	54	34	P 221	184	50	16	P 238	148	34	12	P 222	146	14	20	P 260	150	10	3	P 260	150	10	3	
76	7	T 230	155	40	40	P 221	168	53	34	P 220	168	54	34	P 227	148	47	22	P 224	150	12	13	P 260	150	10	3	P 260	150	10	3	P 226	180	4	16	
77	5	T 232	156	40	40	P 229	184	48	18	P 227	148	45	16	P 224	150	12	13	P 226	180	4	16	P 264	150	8	6	
78	5	T 234	157	40	40	P 229	188	32	16	P 229	150	48	14	P 266	188	11	16	P 276	0	4	6	P 228	194	14	9	
79	5	T 236	158	40	40	P 231	150	51	20	P 229	150	48	14	P 233	188	48	16	P 276	0	4	6	P 228	194	14	9	
80	2	T 238	159	40	40	P 233	150	51	20	P 233	190	51	14	
81	3	T 240	160	40	40	P 232	150	53	19	P 236	186	48	20	P 234	150	51	18	
82	3	T 242	161	40	40	P 238	154	45	14	P 236	178	51	30	P 234	150	51	18	
83	4	T 244	162	40	40	P 236	154	53	54	P 276	177	14	30	P 274	157	16	18	P 274	156	2	8	
84	4	T 246	163	40	40	P 248	156	43	14	P 276	177	14	30	P 274	157	16	18	P 274	156	2	8	
85	5	T 248	164	40	40	P 241	194	49	16	P 241	194	49	16	P 0	92	2	4	P 242	204	4	4	P 244	196	49	14	
86	6	T 250	165	40	40	P 246	194	12	18	P 241	194	49	16	P 0	92	2	4	P 242	204	4	4	P 244	196	49	14	P 714	220	5	8	
87	6	T 252	166	40	40	P 260	190	34	22	P 247	190	50	22	P 714	220	5	8	P 244	156	4	3	P 260	190	34	22	P 244	156	4	3	
88	6	T 254	167	40	40	P 260	190	34	22	P 247	198	51	14	P 244	156	4	3	P 260	190	34	22	P 244	156	4	3	P 708	146	3	2	
89	4	T 256	168	40	40	P 251	194	51	20	P 247	198	51	14	P 708	146	3	2	P 250	160	50	24	
90	6	T 258	169	40	40	P 251	194	51	20	P 252	162	53	18	P 249	158	48	16	P 249	158	48	16	P 296	190	4	5	P 296	190	4	5	
91	6	T 260	170	40	40	P 256	192	48	24	P 250	160	50	22	P 254	164	25	16	P 284	162	21	16	P 296	190	4	5	P 296	190	4	5	
92	6	T 262	171	40	40	P 256	192	48	24	P 258	164	48	20	P 254	164	25	16	P 284	200	22	18	P 258	204	24	14	P 280	198	18	16	
93	7	T 264	172	40	40	P 260	198	47	20	P 256	196	51	22	P 260	164	48	16	P 280	198	18	16	P 258	204	24	14	P 280	198	18	16	P 280	198	18	16	
94	6	T 266	173	40	40	P 263	202	50	18	P 256	196	51	22	P 287	166	23	14	P 280	198	18	16	P 280	198	18	16	P 186	476	4	3	
95	6	T 268	174	40	40	P 265	198	46	24	P 260	200	14	18	P 264	166	49	20	P 186	476	4	3	P 263	168	3	12	P 268	166	17	14	
96	6	T 270	175	40	40	P 266	194	50	28	P 266	198	50	24	P 266	168	49	16	P 186	476	4	3	P 268	166	17	14	P 268	166	17	14	
97	5	T 272	176	40	40	P 268	202	49	20	P 266	198	50	24	P 268	170	49	14	P 268	166	17	14	P 716	94	3	6	
98	3	T 274	177	40	40	P 268	202	49	20	P 270	170	47	18	P 716	94	3	6	
99	4	T 276	178	40	40	P 271	206	49	20	P 273	170	48	20	P 271	208	17	16	P 271	208	17	16	
100	4	T 278	179	40	40	P 273	210	49	16	P 274	172	49	18	P 271	208	17	16	P 271	208	17	16	
101	2	T 280	180	40	40	P 273	210	49	16	P 302	172	21	16	
102	4	T 282	181	40	40	P 278	210	49	18	P 276	174	50	16	P 275	174	17	14	P 275	174	17	14	
103	5	T 284	182	40	40	P 281	214	48	14	P 277	174	49	16	P 278	174	45	16	P 275	174	17	14	P 277	174	49	16	
104	5	T 286	183	40	40	P 282	176	49	22	P 277	174	49	16	P 278	174	45	16	P 277	174	49	16	P 282	183	12	10	
105	5	T 288	184	40	40	P 284	176	48	16	P 281	212	52	18	P 282	183	12	10	P 306	216	25	12	P 306	216	25	12	
106	6	T 290	185	40	40	P 285	178	43	18	P 286	214	19	18	P 307	214	26	16	P 306	216	25	12	P 306	216	25	12	P 284	180	12	11	
107	7	T 292	186	40	40	P 290	178	46	16	P 289	216	48	16	P 307	214	26	16	P 284	180	12	11	P 330	180	6	16	P 330	180	6	16	P 312	229	8	2	
108	7	T 294	187	40	40	P 289	206	50	28	P 289	182	51	20	P 289	206	51	28	P 328	184	12	13	P 330	180	6	16	P 312	229	8	2	P 716	314	3	6	
109	6	T 296	188	40	40	P 291	218	50	16	P 291	182	50	14	P 289	206	51	28	P 328	184	12	13	P 716	314	3	6	P 330	200	8	6	
110	4	T 298	189	40	40	P 293	218	52	18	P 293	180	48	16	P 330	200	8	6	P 330	200	8	6	
111	5	T 300	190	40	40	P 297	210	48	26	P 294	182	50	16	P 330	200	8	6	P 330	200	8	6	P 674	0	6	2	
112	3	T 302	191	40	40	P 298	218	49	18	P 296	182	50	18	P 674	0	6	2	
113	2	T 304	192	40	40	P 298	186	51	26	P 296	182	50	18	
114	2	T 306	193	40	40	P 301	188	50	14	P 306	188	4	3	
115	5	T 308	194	40	40	P 303	188	39	12	P 306	188	4	3	P 300	220	48	18	P 301	220	48	20	P 524	40	2	4	
116	5	T 310	195	40	40	P 300	220	48	18	P 301	220	48	20	P 304	226	51	14	P 524	40	2	4	P 300	220	48	18	
117	8	T 312	196	40	40	P 306	226	49	16	P 307	188	49	22	P 304	226	51	14	P 300	220	48	18	P 347	208	2	4	P 347	208	2	4	P 310	192	6	1	P 180	0	8	4	
118	7	T 314	197	40	40	P 309	224	51	18	P 309	190	50	18	P 340	226	20	12	P 347	208	2	4	P 347	208	2	4	P 310	192	6	1	P 180	0	8	4	
119	3	T 316	198	40	40	P 312	226	49	18	P 311	190	22	16	P 335	190	26	18	
120	5	T 318	199	40	40	P 311	212	53	34	P 313	192	50	14	P 335	190	26	18	P 354	240	6	4	P 354	240	6	4	
121	6	T 320	200	40	40	P 317	228	48	18	P 317	192	49	16	P 354	240	6	4	P 354	240	6	4	P 116	0	3	2	P 116	0	3	2	
122	6	T 322	201	40	40	P 318	234	48	14	P 317	194	47	16	P 116	0	3	2	P 116	0	3	2	P 322	189	8	1	P 316	199	10	5	
123	8	T 324	202	40	40	P 319	194	50	16	P 317	194	47	16	P 322	189	8	1	P 326	230	43	18	P 318	242	6	3	P 318	242	6	3	P 322	236	2	8	P 320	239	12	9	
124	6	T 326	203	40	40	P 350	199	22	18	P 358	222	14	20	P 320	200	12	21	P 320	224	14	22	P 322	236	2	8	P 320	239	12	9	
125	5	T 328	204	40	40	P 323	198	50	24	P 323	232	49	18	P 320	200	12	21	P 320	224	14	22	P 362	243	10	6	
126	4	T 330	205	40	40	P 325	198	50	14	P 327	234	48	18	P 362	243	10	6	P 314	406	6	6	
127	4	T 332	206	40	40	P 324	206	16	14	P 327	232	50	20	P 353	200	24	14	P 314	406	6	6	
128	4	T 334	207	40	40	P 336	200	44	18	P 331	230	47	24	P 353	200	24	14	P 328	208	6	12	
129	4	T 336	208	40	40	P 332	200	50	22	P 366	230	15	24	P 331	240	30	14	P 368	202	10	3	
130	6	T 338	209	40	40	P 334	202	48	16	P 333	226	45	28	P 331	240	30	14	P 368	202	10	3	P 336	202	6	1	P 370	205	12	4	
131	8	T 340	210	40	40	P 337	202	46	14	P 334	240	44	16	P 336	202	6	1	P 370	205	12	4	P 380	234	2	14	P 352	201	6	2	P 332	239	8	1	P 380	234	2	14	
132	7	T 342	211	40	40	P 339	202	48	22	P 336	238	32	18	P 372	242	15	14	P 352	201	6	2	P 332	239	8	1	P 380	234	2	14	P 368	205	20	7	
133	7	T 344	212	40	40	P 338	206	49	14	P 341	240	44	18	P 338	206	49	16	P 352	201	6	2	P 368	205	20	7	P 344	202	4	3	P 344	202	4	3	
134	7	T 346	213	40	40	P 341	230	50	30	P 341	240	44	18	P 348	206	43	14	P 344	202	4	3	P 344	202	4	3	P 339	232	4	6	P 342	212	3	6	
135	5	T 348	214	40	40	P 343	244	49	18	P 342	206	49	16	P 339	232	4	6	P 342	212	3	6	P 368	207	6	3	
136	4	T 350	215	40	40	P 345	238	52	24	P 345	206	51	20	P 342	246	14	15	P 368	207	6	3	
137	4	T 352	216	40	40	P 348	248	49	14	P 347	210	48	12	P 342	246	14	15	P 716	416	2	6	
138	5	T 354	217	40	40	P 350	244	48	20	P 381	210	14	14	P 716	416	2	6	P 398	230	3	12	P 349	210	28	14	
139	4	T 356	218	40	40	P 350	250	50	14	P 351	210	51	20	P 398	230	3	12	P 349	210	28	14	
140	5	T 358	219	40	40	P 353	252	40	14	P 355	214	45	12	P 350	250	43	16	P 400	218	4	20	P 395	252	8	10	
141	9	T 360	220	40	40	P 354	212	53	30	P 355	214	45	12	P 355	246	43	20	P 400	218	4	20	P 352	215	16	16	P 392	263	6	2	P 392	263	6	2	P 400	252	6	10	P 354	236	10	3	
142	10	T 362	221	40	40	P 357	212	43	16	P 360	250	46	18	P 355	246	43	20	P 352	215	16	16	P 392	263	6	2	P 392	263	6	2	P 400	252	6	10	P 354	236	10	3	P 398	215	9	9	P 402	216	5	8	
143	11	T 364	222	40	40	P 359	246	50	22	P 360	250	46	18	P 357	214	24	16	P 387	214	22	16	P 398	215	9	9	P 402	216	5	8	P 420	236	4	3	P 374	264	8	2	P 420	236	4	3	P 374	264	8	2	P 448	160	4	4	
144	9	T 366	223	40	40	P 363	254	49	16	P 361	214	43	16	P 387	214	22	16	P 406	218	5	12	P 420	236	4	3	P 374	264	8	2	P 420	236	4	3	P 374	264	8	2	P 448	160	4	4	
145	8	T 368	224	40	40	P 363	252	22	18	P 363	218	49	18	P 406	218	5	12	P 82	476	4	3	P 422	224	4	2	P 82	476	4	3	P 154	60	5	6	P 387	256	26	12	
146	9	T 370	225	40	40	P 363	252	22	18	P 366	218	49	14	P 367	256	48	14	P 82	476	4	3	P 422	224	4	2	P 82	476	4	3	P 154	60	5	6	P 387	256	26	12	P 284	0	5	2	
147	4	T 372	226	40	40	P 367	220	53	22	P 367	220	51	22	P 367	258	51	14	P 284	0	5	2	
148	4	T 374	227	40	40	P 368	218	50	16	P 367	220	51	22	P 369	248	50	24	P 394	215	4	2	
149	6	T 376	228	40	40	P 373	222	6	16	P 372	260	45	14	P 394	215	4	2	P 415	238	2	4	P 415	238	2	4	P 381	222	6	12	
150	7	T 378	229	40	40	P 374	244	51	30	P 372	260	45	14	P 415	238	2	4	P 415	238	2	4	P 373	222	50	14	P 389	220	30	14	P 389	220	30	14	
151	6	T 380	230	40	40	P 378	254	47	20	P 377	224	46	22	P 373	222	50	14	P 389	220	30	14	P 389	220	30	14	P 348	474	6	5	
152	3	T 382	231	40	40	P 378	262	47	14	P 378	224	49	14	P 348	474	6	5	
153	4	T 384	232	40	40	P 380	264	36	14	P 379	224	48	14	P 464	476	4	3	P 464	476	4	3	
154	5	T 386	233	40	40	P 382	260	48	20	P 382	226	49	18	P 464	476	4	3	P 464	476	4	3	P 429	232	1	8	
155	3	T 388	234	40	40	P 382	260	48	20	P 383	226	48	22	P 429	232	1	8	
156	6	T 390	235	40	40	P 381	228	53	24	P 386	266	33	14	P 382	258	4	3	P 381	252	32	28	P 419	264	2	4	P 176	182	6	6	
157	8	T 392	236	40	40	P 388	228	49	16	P 381	252	32	28	P 382	258	4	3	P 381	252	32	28	P 419	264	2	4	P 176	182	6	6	P 382	258	4	3	P 381	252	32	28	
158	6	T 394	237	40	40	P 391	230	47	28	P 381	252	32	28	P 502	0	6	6	P 382	258	4	3	P 381	252	32	28	P 502	0	6	6	
159	7	T 396	238	40	40	P 391	254	51	30	P 502	0	6	6	P 502	0	6	6	P 524	0	4	4	P 391	268	48	16	P 524	0	4	4	P 391	268	48	16	
160	6	T 398	239	40	40	P 391	254	51	30	P 524	0	4	4	P 411	270	32	16	P 524	0	4	4	P 391	268	48	16	P 393	232	50	16	
161	4	T 400	240	40	40	P 395	272	50	14	P 411	270	32	16	P 393	232	50	16	P 393	232	50	16	
162	5	T 402	241	40	40	P 394	234	53	54	P 395	234	53	54	P 394	232	50	16	P 393	232	50	16	P 394	232	50	16	
163	6	T 404	242	40	40	P 397	272	50	16	P 404	234	47	20	P 394	232	50	16	P 394	232	50	16	P 52	476	4	3	P 52	476	4	3	
164	7	T 406	243	40	40	P 403	274	47	14	P 403	234	48	20	P 398	238	14	15	P 52	476	4	3	P 52	476	4	3	P 406	118	6	4	P 436	283	10	6	
165	5	T 408	244	40	40	P 403	238	49	20	P 403	234	48	20	P 403	270	43	18	P 406	118	6	4	P 436	283	10	6	
166	2	T 410	245	40	40	P 404	238	52	16	P 406	274	48	20	
167	2	T 412	246	40	40	P 409	238	49	16	P 410	276	47	16	
168	3	T 414	247	40	40	P 408	238	51	16	P 409	278	46	14	P 514	0	6	4	
169	5	T 416	248	40	40	P 416	240	47	18	P 411	272	51	22	P 514	0	6	4	P 458	276	2	6	P 458	276	2	6	
170	4	T 418	249	40	40	P 413	276	50	20	P 411	272	51	22	P 458	276	2	6	P 458	276	2	6	
171	7	T 420	250	40	40	P 414	242	52	54	P 412	266	14	26	P 414	246	24	17	P 413	276	3	4	P 414	242	47	18	P 413	276	3	4	P 414	242	47	18	
172	7	T 422	251	40	40	P 417	266	48	32	P 412	266	14	26	P 418	244	48	14	P 413	276	3	4	P 414	242	47	18	P 413	276	3	4	P 414	242	47	18	
173	2	T 424	252	40	40	P 420	278	47	20	P 420	246	50	22	
174	4	T 426	253	40	40	P 419	274	51	26	P 425	246	46	14	P 478	240	4	2	P 122	380	6	6	
175	6	T 428	254	40	40	P 422	280	50	20	P 423	246	29	14	P 478	240	4	2	P 122	380	6	6	P 462	298	8	2	P 456	248	16	12	
176	5	T 430	255	40	40	P 426	284	50	16	P 427	248	48	16	P 463	214	7	8	P 462	298	8	2	P 456	248	16	12	
177	3	T 432	256	40	40	P 427	288	51	14	P 428	248	47	16	P 463	214	7	8	
178	5	T 434	257	40	40	P 431	282	49	20	P 428	250	50	18	P 256	476	3	2	P 256	476	3	2	P 430	250	48	16	
179	7	T 436	258	40	40	P 433	288	47	16	P 428	250	50	18	P 256	476	3	2	P 256	476	3	2	P 461	252	20	14	P 314	26	5	6	P 430	250	29	14	
180	5	T 438	259	40	40	P 433	288	27	18	P 435	252	47	20	P 461	252	20	14	P 314	26	5	6	P 430	250	29	14	
181	5	T 440	260	40	40	P 442	288	41	18	P 435	252	50	16	P 434	252	51	18	P 442	288	42	18	P 465	284	18	22	
182	7	T 442	261	40	40	P 437	292	24	16	P 441	254	45	14	P 434	252	51	18	P 442	288	42	18	P 465	284	18	22	P 465	284	18	22	P 463	294	25	10	
183	5	T 444	262	40	40	P 438	254	52	54	P 436	254	53	54	P 465	284	18	22	P 465	284	18	22	P 463	294	25	10	
184	4	T 446	263	40	40	P 438	256	53	21	P 441	294	50	14	P 443	256	48	20	P 654	408	6	4	
185	6	T 448	264	40	40	P 443	256	51	16	P 445	296	30	14	P 443	256	48	20	P 654	408	6	4	P 188	0	3	478	P 462	258	8	1	
186	7	T 450	265	40	40	P 445	258	46	14	P 443	294	17	16	P 188	0	3	478	P 462	258	8	1	P 478	292	14	18	P 478	292	14	18	P 493	262	2	4	
187	8	T 452	266	40	40	P 447	258	50	18	P 448	290	47	22	P 466	296	30	14	P 478	292	14	18	P 478	292	14	18	P 493	262	2	4	P 466	296	30	14	P 436	0	5	2	
188	6	T 454	267	40	40	P 449	260	50	26	P 475	290	24	22	P 448	298	25	16	P 466	296	30	14	P 436	0	5	2	P 614	0	8	2	
189	6	T 456	268	40	40	P 452	260	47	14	P 475	290	24	22	P 452	300	49	14	P 614	0	8	2	P 454	262	6	4	P 470	307	6	1	
190	6	T 458	269	40	40	P 455	260	51	56	P 452	300	49	14	P 450	262	20	16	P 452	280	14	35	P 716	158	3	4	P 716	158	3	4	
191	7	T 460	270	40	40	P 456	264	47	18	P 455	300	49	18	P 450	262	20	16	P 452	280	14	35	P 716	158	3	4	P 716	158	3	4	P 494	309	10	5	
192	3	T 462	271	40	40	P 456	292	51	24	P 455	300	49	18	P 457	262	49	20	
193	4	T 464	272	40	40	P 458	302	49	18	P 461	266	49	18	P 498	314	4	3	P 476	315	6	3	
194	5	T 466	273	40	40	P 458	302	49	18	P 465	266	46	14	P 498	314	4	3	P 458	304	14	14	P 458	304	14	14	
195	7	T 468	274	40	40	P 461	266	52	22	P 465	266	46	14	P 466	300	46	20	P 460	292	13	28	P 486	328	6	4	P 475	306	35	14	P 475	306	35	14	
196	8	T 470	275	40	40	P 461	266	52	22	P 465	304	49	18	P 466	300	46	20	P 460	292	13	28	P 486	328	6	4	P 475	306	35	14	P 475	306	35	14	P 0	110	6	8	
197	5	T 472	276	40	40	P 468	270	49	14	P 471	304	46	18	P 0	110	6	8	P 472	268	41	16	P 466	270	4	8	
198	5	T 474	277	40	40	P 469	270	51	32	P 470	308	48	16	P 472	268	41	16	P 470	273	12	20	P 472	268	41	16	
199	6	T 476	278	40	40	P 471	270	50	22	P 470	304	46	20	P 472	268	41	16	P 470	273	12	20	P 472	268	41	16	P 470	296	12	25	
200	4	T 478	279	40	40	P 474	272	51	14	P 473	310	50	16	P 470	296	12	25	P 470	296	12	25	
201	4	T 480	280	40	40	P 474	274	49	14	P 476	308	47	18	P 470	296	12	25	P 470	296	12	25	
202	2	T 482	281	40	40	P 477	274	49	14	P 478	312	25	16	
203	3	T 484	282	40	40	P 477	302	53	26	P 496	274	31	18	P 508	314	17	14	
204	4	T 486	283	40	40	P 485	276	44	32	P 496	274	31	18	P 481	314	51	16	P 508	314	17	14	
205	4	T 488	284	40	40	P 489	278	43	14	P 508	314	17	14	P 483	316	50	14	P 508	314	17	14	
206	4	T 490	285	40	40	P 487	278	47	16	P 484	314	50	18	P 484	314	16	14	P 508	314	17	14	
207	3	T 492	286	40	40	P 488	280	49	22	P 487	312	46	20	P 484	314	16	14	
208	4	T 494	287	40	40	P 489	280	49	24	P 489	310	45	24	P 479	274	15	18	P 4	0	4	2	
209	5	T 496	288	40	40	P 490	280	52	16	P 491	314	46	20	P 479	274	15	18	P 4	0	4	2	P 479	274	15	18	
210	5	T 498	289	40	40	P 494	282	47	18	P 503	318	38	18	P 479	274	15	18	P 479	274	15	18	P 493	320	8	14	
211	6	T 500	290	40	40	P 494	282	47	18	P 503	318	38	18	P 494	284	24	34	P 496	322	47	14	P 488	329	4	2	P 545	322	2	8	
212	11	T 502	291	40	40	P 496	284	52	18	P 497	322	15	16	P 494	284	24	34	P 524	322	23	14	P 488	329	4	2	P 545	322	2	8	P 521	284	24	12	P 112	0	4	2	P 112	0	4	2	P 521	284	24	12	P 436	476	4	3	
213	12	T 504	292	40	40	P 500	284	24	18	P 500	324	42	14	P 524	322	23	14	P 544	326	5	10	P 526	286	21	12	P 521	284	24	12	P 114	0	2	2	P 112	0	4	2	P 521	284	24	12	P 436	476	4	3	P 496	286	12	12	P 0	32	4	4	
214	7	T 506	293	40	40	P 500	286	45	20	P 500	316	50	24	P 534	318	18	18	P 526	286	21	12	P 547	292	3	12	P 496	286	12	12	P 0	32	4	4	
215	5	T 508	294	40	40	P 504	286	49	26	P 505	318	47	20	P 534	318	18	18	P 547	292	3	12	P 496	286	12	12	
216	3	T 510	295	40	40	P 504	288	50	16	P 505	324	50	18	P 520	290	4	4	
217	4	T 512	296	40	40	P 508	288	50	16	P 508	324	50	18	P 520	290	4	4	P 548	290	4	2	
218	6	T 514	297	40	40	P 511	290	47	18	P 511	324	49	20	P 546	290	6	2	P 546	290	6	2	P 532	291	4	2	P 532	291	10	3	
219	8	T 516	298	40	40	P 512	290	48	16	P 520	326	34	18	P 548	324	14	11	P 546	318	16	26	P 556	318	6	24	P 532	291	10	3	P 514	290	4	2	P 512	322	6	20	
220	8	T 518	299	40	40	P 511	290	51	20	P 520	326	34	18	P 513	330	45	14	P 546	318	16	26	P 556	318	6	24	P 514	290	4	2	P 512	322	6	20	P 550	339	10	3	
221	7	T 520	300	40	40	P 516	292	28	20	P 516	322	42	24	P 513	330	45	14	P 560	332	6	10	P 550	339	10	3	P 507	306	1	6	P 548	292	15	22	
222	7	T 522	301	40	40	P 516	292	28	20	P 518	332	49	16	P 517	292	49	16	P 507	306	1	6	P 548	292	15	22	P 572	348	2	4	P 572	348	2	4	
223	6	T 524	302	40	40	P 521	328	48	20	P 523	294	45	14	P 572	348	2	4	P 572	348	2	4	P 510	340	6	1	P 516	294	52	16	
224	5	T 526	303	40	40	P 521	334	48	16	P 522	294	49	16	P 510	340	6	1	P 516	294	52	16	P 520	298	14	8	
225	4	T 528	304	40	40	P 523	334	50	18	P 524	298	48	18	P 520	298	14	8	P 628	414	4	6	
226	4	T 530	305	40	40	P 526	336	50	14	P 525	298	49	20	P 628	414	4	6	P 0	174	2	4	
227	5	T 532	306	40	40	P 528	338	49	14	P 529	298	49	32	P 0	174	2	4	P 716	342	3	4	P 526	340	6	2	
228	5	T 534	307	40	40	P 528	338	51	16	P 530	300	49	14	P 716	342	3	4	P 526	340	6	2	P 562	299	6	1	
229	7	T 536	308	40	40	P 532	340	48	14	P 531	300	50	16	P 530	341	12	6	P 532	349	8	5	P 562	299	6	1	P 538	344	4	2	P 538	344	4	2	
230	6	T 538	309	40	40	P 532	302	52	18	P 531	300	50	16	P 534	334	49	20	P 532	333	51	21	P 538	344	4	2	P 538	344	4	2	
231	9	T 540	310	40	40	P 536	304	50	16	P 534	336	44	20	P 532	333	51	21	P 574	346	10	7	P 534	344	16	10	P 0	470	2	4	P 591	330	3	4	P 0	470	2	4	P 581	346	3	6	
232	8	T 542	311	40	40	P 539	304	46	14	P 539	334	48	24	P 574	346	10	7	P 534	344	16	10	P 0	470	2	4	P 591	330	3	4	P 0	470	2	4	P 581	346	3	6	
233	4	T 544	312	40	40	P 538	330	52	28	P 539	334	48	24	P 539	304	50	16	P 591	330	3	4	
234	3	T 546	313	40	40	P 544	344	46	16	P 541	306	43	14	P 586	314	6	8	
235	6	T 548	314	40	40	P 544	342	49	18	P 543	306	51	14	P 586	314	6	8	P 541	328	3	10	P 580	346	14	4	P 580	352	14	5	
236	5	T 550	315	40	40	P 544	338	50	22	P 545	308	48	20	P 541	328	3	10	P 580	346	14	4	P 580	352	14	5	
237	3	T 552	316	40	40	P 548	348	49	14	P 547	308	32	22	P 582	310	16	24	
238	7	T 554	317	40	40	P 548	348	50	16	P 547	308	32	22	P 582	310	16	24	P 540	348	2	4	P 556	306	4	2	P 582	312	8	1	P 550	310	50	14	
239	5	T 556	318	40	40	P 553	350	22	14	P 540	348	2	4	P 556	306	4	2	P 582	312	8	1	P 551	310	48	16	
240	5	T 558	319	40	40	P 554	312	50	20	P 574	410	4	6	P 553	344	51	22	P 579	344	22	20	P 284	436	4	6	
241	7	T 560	320	40	40	P 554	312	50	20	P 574	410	4	6	P 579	344	22	20	P 579	344	22	20	P 284	436	4	6	P 579	344	22	20	P 568	312	36	16	
242	9	T 562	321	40	40	P 557	316	50	14	P 575	342	29	24	P 582	348	25	20	P 579	344	22	20	P 568	312	36	16	P 575	342	29	24	P 612	342	4	2	P 612	342	4	2	P 716	434	3	6	
243	7	T 564	322	40	40	P 561	316	51	52	P 575	342	29	24	P 582	348	25	20	P 575	342	29	24	P 612	342	4	2	P 612	342	4	2	P 716	434	3	6	
244	4	T 566	323	40	40	P 561	316	49	16	P 562	356	29	14	P 556	317	16	29	P 556	317	16	29	
245	5	T 568	324	40	40	P 563	316	50	18	P 570	350	39	20	P 556	317	16	29	P 556	317	16	29	P 563	358	5	10	
246	6	T 570	325	40	40	P 566	318	48	14	P 570	350	39	20	P 562	358	14	12	P 578	321	12	4	P 578	321	12	4	P 566	356	49	16	
247	9	T 572	326	40	40	P 567	318	50	18	P 566	352	44	20	P 562	358	14	12	P 578	321	12	4	P 578	321	12	4	P 566	356	49	16	P 606	322	10	4	P 612	360	4	10	P 568	346	2	4	
248	9	T 574	327	40	40	P 569	320	42	22	P 569	354	51	18	P 566	324	14	13	P 606	322	10	4	P 612	360	4	10	P 568	346	2	4	P 710	0	4	2	P 710	0	4	2	P 613	324	6	8	
249	6	T 576	328	40	40	P 569	320	42	22	P 573	360	46	16	P 570	322	51	14	P 710	0	4	2	P 710	0	4	2	P 613	324	6	8	
250	3	T 578	329	40	40	P 572	322	51	22	P 572	360	52	14	P 572	324	12	13	
251	5	T 580	330	40	40	P 575	322	51	16	P 596	360	29	16	P 578	362	14	14	P 570	339	6	2	P 714	364	5	18	
252	6	T 582	331	40	40	P 581	324	46	14	P 611	362	15	14	P 577	358	14	18	P 570	339	6	2	P 714	364	5	18	P 594	368	10	2	
253	6	T 584	332	40	40	P 589	326	40	14	P 579	364	49	14	P 577	358	14	18	P 594	368	10	2	P 578	350	1	8	P 579	328	8	14	
254	9	T 586	333	40	40	P 581	360	50	20	P 579	364	49	14	P 580	370	16	8	P 583	324	47	16	P 578	350	1	8	P 579	328	8	14	P 332	474	4	5	P 332	474	4	5	P 580	361	20	7	
255	7	T 588	334	40	40	P 584	350	48	30	P 583	326	49	16	P 583	324	47	16	P 332	474	4	5	P 332	474	4	5	P 580	361	20	7	P 62	0	6	4	
256	5	T 590	335	40	40	P 584	350	48	30	P 585	328	50	22	P 584	366	31	16	P 62	0	6	4	P 618	366	17	16	
257	5	T 592	336	40	40	P 586	364	50	18	P 587	328	50	16	P 582	366	33	16	P 618	366	17	16	P 582	366	33	16	
258	5	T 594	337	40	40	P 615	366	26	16	P 591	330	47	18	P 590	368	22	16	P 626	377	14	5	P 582	366	33	16	
259	7	T 596	338	40	40	P 591	330	50	18	P 593	360	49	24	P 590	368	22	16	P 626	377	14	5	P 416	132	4	3	P 416	132	4	3	P 612	332	8	2	
260	7	T 598	339	40	40	P 591	330	50	18	P 593	360	49	24	P 593	356	30	30	P 595	332	28	14	P 416	132	4	3	P 416	132	4	3	P 612	332	8	2	
261	6	T 600	340	40	40	P 593	332	51	24	P 595	366	50	20	P 593	356	30	30	P 595	332	28	14	P 625	332	17	14	P 625	332	17	14	
262	7	T 602	341	40	40	P 597	334	15	22	P 596	370	52	18	P 614	334	34	14	P 625	332	17	14	P 625	332	17	14	P 116	472	3	2	P 116	472	3	2	
263	5	T 604	342	40	40	P 598	334	50	20	P 600	372	48	16	P 614	334	34	14	P 116	472	3	2	P 116	472	3	2	
264	4	T 606	343	40	40	P 598	365	51	25	P 600	366	49	24	P 601	336	49	20	P 418	384	4	6	
265	5	T 608	344	40	40	P 604	376	44	16	P 600	366	49	24	P 604	336	48	16	P 418	384	4	6	P 601	364	2	10	
266	8	T 610	345	40	40	P 609	338	46	18	P 605	376	50	16	P 609	338	47	20	P 601	364	2	10	P 650	364	3	22	P 650	364	3	22	P 204	0	5	2	P 322	474	6	5	
267	9	T 612	346	40	40	P 606	338	49	22	P 608	378	49	14	P 609	338	47	20	P 650	364	3	22	P 650	364	3	22	P 204	0	5	2	P 322	474	6	5	P 660	384	6	2	P 660	384	6	2	
268	5	T 614	347	40	40	P 606	338	49	22	P 609	378	18	14	P 608	340	17	28	P 633	340	25	14	P 630	378	27	16	
269	5	T 616	348	40	40	P 610	376	47	18	P 612	342	15	16	P 633	340	25	14	P 630	378	27	16	P 384	146	4	4	
270	3	T 618	349	40	40	P 613	376	35	20	P 613	340	49	26	P 384	146	4	4	
271	2	T 620	350	40	40	P 614	370	51	26	P 617	344	47	14	
272	3	T 622	351	40	40	P 617	382	50	14	P 617	344	51	14	P 54	476	6	3	
273	3	T 624	352	40	40	P 618	366	52	32	P 619	344	50	16	P 54	476	6	3	
274	3	T 626	353	40	40	P 622	378	48	22	P 628	346	42	16	P 623	354	3	6	
275	3	T 628	354	40	40	P 622	378	48	22	P 623	348	45	14	P 623	354	3	6	
276	4	T 630	355	40	40	P 624	384	16	18	P 632	348	39	14	P 643	386	31	14	P 624	350	6	12	
277	5	T 632	356	40	40	P 626	384	50	20	P 629	350	46	14	P 643	386	31	14	P 624	350	6	12	P 662	351	12	2	
278	3	T 634	357	40	40	P 629	384	50	18	P 630	350	50	20	P 662	351	12	2	
279	6	T 636	358	40	40	P 631	388	47	16	P 630	350	50	20	P 662	352	20	26	P 10	476	8	3	P 10	476	8	3	P 631	350	35	16	
280	8	T 638	359	40	40	P 633	390	50	16	P 633	352	48	14	P 668	354	13	24	P 10	476	8	3	P 10	476	8	3	P 631	350	35	16	P 668	354	13	24	P 632	354	20	8	
281	6	T 640	360	40	40	P 635	392	50	14	P 637	352	48	26	P 668	354	13	24	P 668	354	13	24	P 632	354	20	8	P 716	168	2	8	
282	4	T 642	361	40	40	P 636	392	26	14	P 637	352	48	26	P 664	386	23	22	P 716	168	2	8	
283	3	T 644	362	40	40	P 639	392	50	16	P 639	354	51	28	P 664	386	23	22	
284	3	T 646	363	40	40	P 641	390	51	20	P 640	356	52	16	P 664	354	23	18	
285	7	T 648	364	40	40	P 642	356	51	54	P 664	354	23	18	P 643	356	51	54	P 652	420	4	2	P 652	420	4	2	P 716	268	3	6	P 714	268	5	6	
286	9	T 650	365	40	40	P 645	358	42	14	P 664	354	23	18	P 646	396	48	16	P 652	420	4	2	P 652	420	4	2	P 716	268	3	6	P 714	268	5	6	P 0	453	4	3	P 638	354	21	20	
287	5	T 652	366	40	40	P 648	386	48	26	P 648	358	50	18	P 678	396	20	16	P 0	453	4	3	P 638	354	21	20	
288	7	T 654	367	40	40	P 651	396	48	18	P 649	362	48	12	P 678	396	20	16	P 0	453	4	3	P 638	354	21	20	P 662	364	6	2	P 662	364	6	2	
289	4	T 656	368	40	40	P 651	396	51	20	P 651	360	49	16	P 662	364	6	2	P 662	364	6	2	
290	4	T 658	369	40	40	P 651	396	51	20	P 654	362	48	14	P 653	390	35	24	P 694	368	8	4	
291	6	T 660	370	40	40	P 655	394	43	22	P 656	364	33	16	P 653	390	35	24	P 691	362	13	16	P 656	362	10	1	P 700	392	5	20	
292	6	T 658	371	40	40	P 655	364	47	26	P 653	398	51	18	P 691	362	13	16	P 656	362	10	1	P 700	392	5	20	P 652	382	1	10	
293	3	T 656	372	40	40	P 651	364	50	18	P 649	390	52	26	P 652	382	1	10	
294	4	T 654	373	40	40	P 650	366	50	22	P 649	390	52	26	P 656	367	6	2	P 681	404	19	14	
295	5	T 652	374	40	40	P 648	366	46	16	P 656	367	6	2	P 681	404	19	14	P 650	413	4	4	P 650	413	4	4	
296	4	T 650	375	40	40	P 645	368	49	14	P 650	408	45	12	P 650	413	4	4	P 650	413	4	4	
297	3	T 648	376	40	40	P 642	368	52	16	P 643	402	49	20	P 660	384	1	6	
298	8	T 646	377	40	40	P 642	370	50	14	P 672	402	24	18	P 660	384	1	6	P 672	402	24	18	P 645	408	3	6	P 645	408	3	6	P 182	360	4	5	P 642	408	48	16	
299	8	T 644	378	40	40	P 639	370	49	16	P 672	402	24	18	P 657	410	32	14	P 672	402	24	18	P 640	410	15	14	P 645	408	3	6	P 182	360	4	5	P 647	400	22	18	
300	5	T 642	379	40	40	P 637	372	46	14	P 657	410	32	14	P 638	406	23	18	P 647	400	22	18	P 716	18	3	2	
301	8	T 640	380	40	40	P 634	398	53	28	P 638	406	23	18	P 650	372	37	22	P 716	18	3	2	P 685	376	2	6	P 650	376	12	1	P 635	372	13	16	P 678	423	4	2	
302	7	T 638	381	40	40	P 633	412	45	14	P 650	372	37	22	P 674	376	6	3	P 685	376	2	6	P 633	374	47	14	P 635	372	13	16	P 678	423	4	2	
303	5	T 636	382	40	40	P 641	414	41	14	P 665	378	17	12	P 631	376	21	14	P 672	370	6	1	P 632	416	7	12	
304	8	T 634	383	40	40	P 629	414	47	16	P 630	376	46	14	P 631	376	21	14	P 672	370	6	1	P 632	416	7	12	P 680	414	2	6	P 680	414	2	6	P 532	114	3	4	
305	7	T 632	384	40	40	P 628	402	48	30	P 629	376	48	18	P 680	414	2	6	P 680	414	2	6	P 532	114	3	4	P 620	380	4	2	P 625	400	2	8	
306	5	T 630	385	40	40	P 626	404	50	28	P 625	378	50	14	P 620	380	4	2	P 625	400	2	8	P 396	0	5	4	
307	5	T 628	386	40	40	P 627	408	11	24	P 623	378	49	16	P 640	416	33	16	P 396	0	5	4	P 72	112	5	5	
308	6	T 626	387	40	40	P 627	408	11	24	P 625	380	45	14	P 622	418	33	14	P 72	112	5	5	P 630	429	6	2	P 630	429	6	2	
309	8	T 624	388	40	40	P 620	425	10	8	P 625	382	43	14	P 619	420	51	14	P 630	429	6	2	P 630	429	6	2	P 646	476	6	3	P 646	476	6	3	P 620	384	3	8	
310	7	T 622	389	40	40	P 619	384	14	10	P 617	420	49	16	P 619	420	51	14	P 646	476	6	3	P 646	476	6	3	P 620	384	3	8	P 635	382	32	18	
311	3	T 620	390	40	40	P 615	382	49	20	P 614	422	52	16	P 635	382	32	18	
312	2	T 618	391	40	40	P 612	384	52	26	P 616	422	46	16	
313	3	T 616	392	40	40	P 614	384	50	26	P 612	384	49	22	P 614	384	50	26	
314	6	T 614	393	40	40	P 609	386	50	14	P 612	384	49	22	P 614	384	50	26	P 602	424	4	5	P 486	302	8	8	P 613	422	46	18	
315	6	T 612	394	40	40	P 609	386	49	16	P 602	424	4	5	P 486	302	8	8	P 606	412	49	28	P 644	432	14	7	P 644	432	14	7	
316	5	T 610	395	40	40	P 605	388	49	14	P 640	426	12	14	P 606	412	49	28	P 604	422	34	20	P 644	432	14	7	
317	3	T 608	396	40	40	P 600	388	53	32	P 605	428	43	14	P 604	422	34	20	
318	5	T 606	397	40	40	P 601	388	49	22	P 636	430	15	12	P 600	424	33	20	P 624	420	1	8	P 622	442	8	2	
319	7	T 604	398	40	40	P 599	390	49	18	P 598	420	35	24	P 603	424	43	20	P 624	420	1	8	P 622	442	8	2	P 598	420	35	24	P 632	400	1	8	
320	7	T 602	399	40	40	P 596	428	51	20	P 598	420	35	24	P 603	424	43	20	P 597	392	48	14	P 598	420	35	24	P 632	400	1	8	P 626	380	1	8	
321	3	T 600	400	40	40	P 596	428	47	18	P 595	392	50	16	P 626	380	1	8	
322	4	T 598	401	40	40	P 594	394	50	24	P 592	397	14	16	P 593	428	49	20	P 482	338	4	4	
323	4	T 596	402	40	40	P 594	394	50	24	P 591	394	31	16	P 593	434	48	14	P 482	338	4	4	
324	6	T 594	403	40	40	P 626	402	14	21	P 589	422	49	28	P 593	434	48	14	P 122	476	3	2	P 122	476	3	2	P 590	396	47	16	
325	8	T 592	404	40	40	P 589	426	49	26	P 584	424	54	28	P 588	398	50	16	P 122	476	3	2	P 122	476	3	2	P 624	394	16	16	P 74	474	2	4	P 74	474	2	4	
326	7	T 590	405	40	40	P 585	434	50	18	P 584	424	54	28	P 586	398	48	14	P 624	394	16	16	P 74	474	2	4	P 74	474	2	4	P 622	433	16	17	
327	4	T 588	406	40	40	P 622	433	16	17	P 585	432	48	20	P 584	398	47	18	P 622	433	16	17	
328	4	T 586	407	40	40	P 583	438	48	14	P 585	432	48	20	P 582	400	47	14	P 152	206	4	4	
329	4	T 584	408	40	40	P 579	440	50	14	P 578	440	51	14	P 580	402	47	16	P 152	206	4	4	
330	4	T 582	409	40	40	P 577	440	48	14	P 578	440	51	14	P 578	402	48	14	P 164	68	6	7	
331	7	T 580	410	40	40	P 575	402	50	16	P 575	442	49	14	P 578	402	48	14	P 164	68	6	7	P 618	452	6	2	P 618	452	6	2	P 598	407	10	4	
332	9	T 578	411	40	40	P 577	404	46	14	P 573	438	48	20	P 618	452	6	2	P 618	452	6	2	P 598	407	10	4	P 621	428	2	8	P 616	406	8	7	P 621	428	2	8	P 616	406	8	7	
333	9	T 576	412	40	40	P 568	408	20	15	P 573	438	48	20	P 608	414	14	43	P 621	428	2	8	P 568	427	16	30	P 621	428	2	8	P 616	406	8	7	P 116	0	3	4	P 116	0	3	4	
334	9	T 574	413	40	40	P 570	436	32	22	P 604	408	16	52	P 570	406	30	14	P 600	426	20	34	P 568	443	12	16	P 116	0	3	4	P 116	0	3	4	P 608	407	12	5	P 608	407	12	5	
335	7	T 572	414	40	40	P 567	436	50	24	P 604	408	16	52	P 569	408	48	12	P 600	426	20	34	P 568	443	12	16	P 608	407	12	5	P 608	407	12	5	
336	3	T 570	415	40	40	P 565	446	48	16	P 564	408	53	16	P 564	408	53	18	
337	3	T 568	416	40	40	P 564	444	49	18	P 565	408	47	28	P 564	408	53	18	
338	2	T 566	417	40	40	P 562	434	51	30	P 562	410	47	20	
339	3	T 564	418	40	40	P 559	450	48	14	P 556	410	52	20	P 516	424	6	4	
340	7	T 562	419	40	40	P 559	410	49	18	P 556	410	52	20	P 516	424	6	4	P 559	410	49	18	P 0	372	3	2	P 0	372	3	2	P 6	88	2	4	
341	6	T 560	420	40	40	P 556	412	50	26	P 559	410	49	18	P 0	372	3	2	P 0	372	3	2	P 6	88	2	4	P 572	411	6	1	
342	5	T 558	419	40	40	P 551	412	52	30	P 572	411	6	1	P 555	446	50	20	P 602	461	6	1	P 274	218	3	3	
343	7	T 556	418	40	40	P 552	410	49	16	P 555	446	50	20	P 602	461	6	1	P 274	218	3	3	P 538	426	4	4	P 538	426	4	4	P 551	436	51	28	
344	6	T 554	417	40	40	P 549	410	49	14	P 549	444	23	20	P 538	426	4	4	P 538	426	4	4	P 551	436	51	28	P 128	476	4	3	
345	4	T 552	416	40	40	P 548	408	48	16	P 551	446	44	18	P 128	476	4	3	P 574	450	25	14	
346	4	T 550	415	40	40	P 544	442	50	20	P 551	446	44	18	P 574	450	25	14	P 574	450	25	14	
347	6	T 548	414	40	40	P 544	444	49	16	P 545	404	32	16	P 574	450	25	14	P 356	0	2	4	P 547	408	48	14	P 356	0	2	4	
348	7	T 546	413	40	40	P 540	406	50	51	P 547	408	48	14	P 541	406	49	28	P 356	0	2	4	P 579	406	13	14	P 356	0	2	4	P 540	409	14	17	
349	6	T 544	412	40	40	P 540	444	42	14	P 540	406	44	14	P 541	406	49	28	P 541	444	32	16	P 540	409	14	17	P 541	444	32	16	
350	6	T 542	411	40	40	P 537	444	16	12	P 537	404	48	14	P 541	444	32	16	P 541	444	32	16	P 540	396	5	5	P 540	396	5	5	
351	4	T 540	410	40	40	P 536	442	50	14	P 537	400	47	20	P 540	396	5	5	P 540	396	5	5	
352	3	T 538	409	40	40	P 533	434	50	18	P 534	402	48	20	P 218	476	8	3	
353	4	T 536	408	40	40	P 531	438	50	18	P 531	400	50	20	P 218	476	8	3	P 560	405	20	15	
354	4	T 534	407	40	40	P 529	400	51	20	P 529	400	50	14	P 560	405	20	15	P 529	438	14	16	
355	6	T 532	406	40	40	P 529	400	51	20	P 529	400	50	14	P 527	398	22	28	P 527	438	46	14	P 545	438	34	14	P 545	438	34	14	
356	10	T 530	405	40	40	P 525	398	51	52	P 522	402	14	29	P 524	433	14	15	P 545	438	34	14	P 545	438	34	14	P 412	66	2	4	P 558	406	4	2	P 583	432	3	2	P 412	66	2	4	P 583	432	3	2	
357	10	T 528	404	40	40	P 523	398	51	16	P 522	402	14	29	P 525	432	50	18	P 412	66	2	4	P 558	406	4	2	P 583	432	3	2	P 412	66	2	4	P 583	432	3	2	P 560	445	10	6	P 560	445	10	6	
358	5	T 526	403	40	40	P 523	396	46	14	P 523	430	49	18	P 558	406	4	2	P 560	445	10	6	P 560	445	10	6	
359	5	T 524	402	40	40	P 520	430	49	20	P 523	430	49	18	P 684	78	6	6	P 520	394	17	16	P 539	394	30	16	
360	4	T 522	401	40	40	P 518	432	49	14	P 684	78	6	6	P 519	394	48	14	P 539	394	30	16	
361	2	T 520	400	40	40	P 513	394	52	16	P 519	394	48	14	
362	1	T 518	399	40	40	P 514	392	48	22	
363	1	T 516	398	40	40	P 510	390	50	18	
364	2	T 514	397	40	40	P 508	390	50	14	P 511	424	49	20	
365	5	T 512	396	40	40	P 508	388	49	16	P 517	430	48	18	P 500	396	4	3	P 517	430	48	18	P 500	396	4	3	
366	7	T 510	395	40	40	P 506	420	50	22	P 511	424	49	20	P 500	396	4	3	P 507	422	49	20	P 500	396	4	3	P 511	424	49	20	P 38	338	5	6	
367	6	T 508	394	40	40	P 508	420	45	20	P 511	424	49	20	P 507	422	49	20	P 511	424	49	20	P 38	338	5	6	P 506	388	23	22	
368	6	T 506	393	40	40	P 508	420	45	20	P 506	388	23	22	P 506	388	23	22	P 504	386	49	16	P 534	391	4	2	P 534	391	4	2	
369	6	T 504	392	40	40	P 499	424	44	14	P 499	384	50	18	P 506	388	23	22	P 504	386	49	16	P 534	391	4	2	P 534	391	4	2	
370	4	T 502	391	40	40	P 496	384	50	24	P 499	384	50	18	P 504	386	49	16	P 523	424	29	16	
371	3	T 500	390	40	40	P 497	382	47	16	P 523	424	29	16	P 543	414	2	4	
372	4	T 498	389	40	40	P 492	380	52	26	P 493	416	50	20	P 543	414	2	4	P 498	424	48	14	
373	5	T 496	388	40	40	P 493	378	48	18	P 498	424	48	14	P 497	422	33	14	P 498	424	48	14	P 716	356	2	4	
374	6	T 494	387	40	40	P 490	378	48	16	P 488	416	49	16	P 491	420	43	14	P 498	424	48	14	P 716	356	2	4	P 532	418	13	18	
375	5	T 492	386	40	40	P 488	380	49	22	P 489	416	48	16	P 491	420	43	14	P 532	418	13	18	P 532	418	13	18	
376	5	T 490	385	40	40	P 513	378	20	18	P 520	416	13	14	P 485	416	33	16	P 532	418	13	18	P 532	418	13	18	
377	4	T 488	384	40	40	P 488	376	45	16	P 488	412	46	18	P 485	416	33	16	P 487	378	24	14	
378	9	T 486	383	40	40	P 481	376	49	22	P 481	410	20	20	P 506	414	25	14	P 487	378	24	14	P 530	100	3	3	P 501	406	2	4	P 487	378	24	14	P 530	100	3	3	P 501	406	2	4	
379	10	T 484	382	40	40	P 481	374	49	16	P 481	410	48	20	P 506	414	25	14	P 480	377	16	14	P 530	100	3	3	P 501	406	2	4	P 487	378	24	14	P 530	100	3	3	P 501	406	2	4	P 480	377	16	14	
380	5	T 482	381	40	40	P 474	374	54	52	P 475	374	53	52	P 480	377	16	14	P 480	377	16	14	P 622	278	8	6	
381	4	T 480	380	40	40	P 474	372	52	24	P 477	406	48	20	P 622	278	8	6	P 104	22	6	4	
382	5	T 478	379	40	40	P 474	372	49	18	P 474	408	44	18	P 104	22	6	4	P 474	407	14	15	P 474	407	14	15	
383	6	T 476	378	40	40	P 471	396	50	28	P 474	408	44	18	P 474	370	46	16	P 474	407	14	15	P 514	422	4	2	P 514	422	4	2	
384	6	T 474	377	40	40	P 469	400	51	24	P 470	370	48	14	P 514	422	4	2	P 514	422	4	2	P 494	382	4	2	P 0	323	2	4	
385	6	T 472	376	40	40	P 469	408	47	14	P 467	368	50	14	P 494	382	4	2	P 0	323	2	4	P 716	380	3	4	P 716	380	3	4	
386	5	T 470	375	40	40	P 467	368	49	28	P 467	368	50	14	P 494	382	4	2	P 716	380	3	4	P 716	380	3	4	
387	4	T 468	374	40	40	P 467	368	49	28	P 463	368	17	14	P 462	371	18	19	P 462	376	3	14	
388	6	T 466	373	40	40	P 462	364	48	16	P 462	371	18	19	P 462	371	18	19	P 464	404	48	16	P 462	371	18	19	P 466	408	48	14	
389	5	T 464	372	40	40	P 487	366	21	14	P 457	364	28	32	P 466	408	48	14	P 462	371	18	19	P 463	404	48	14	
390	4	T 462	371	40	40	P 482	368	32	22	P 456	364	51	28	P 460	404	47	14	P 456	404	25	16	
391	4	T 460	370	40	40	P 455	364	48	20	P 456	364	51	28	P 454	400	51	14	P 456	404	25	16	
392	3	T 458	369	40	40	P 453	394	50	22	P 453	362	46	16	P 454	400	51	14	
393	2	T 456	368	40	40	P 453	396	47	18	P 451	362	50	18	
394	3	T 454	367	40	40	P 453	396	47	18	P 449	360	49	14	P 451	400	13	10	
395	6	T 452	366	40	40	P 448	384	49	30	P 447	360	36	12	P 451	400	13	10	P 396	428	4	3	P 396	428	4	3	P 485	358	8	16	
396	6	T 450	365	40	40	P 444	396	51	16	P 449	358	46	26	P 396	428	4	3	P 396	428	4	3	P 485	358	8	16	P 473	398	26	14	
397	4	T 448	364	40	40	P 473	398	26	14	P 443	356	49	18	P 473	398	26	14	P 473	398	26	14	
398	3	T 446	363	40	40	P 440	356	49	28	P 443	356	49	18	P 473	398	26	14	
399	3	T 444	362	40	40	P 438	356	50	16	P 441	388	48	22	P 438	378	6	24	
400	3	T 442	361	40	40	P 437	354	51	16	P 441	388	48	22	P 438	384	49	24	
401	4	T 440	360	40	40	P 434	354	49	16	P 441	388	48	22	P 438	384	49	24	P 417	38	5	4	
402	5	T 438	359	40	40	P 433	352	51	14	P 433	390	51	16	P 417	38	5	4	P 454	392	27	14	P 435	394	15	10	
403	7	T 436	358	40	40	P 432	348	47	22	P 454	392	27	14	P 431	388	51	16	P 435	394	15	10	P 454	392	27	14	P 120	30	2	4	P 654	248	4	4	
404	7	T 434	357	40	40	P 431	350	47	14	P 431	384	48	18	P 431	388	51	16	P 454	392	27	14	P 120	30	2	4	P 654	248	4	4	P 480	364	6	16	
405	4	T 432	356	40	40	P 426	384	52	18	P 431	384	48	18	P 444	348	29	18	P 480	364	6	16	
406	4	T 430	355	40	40	P 426	388	45	14	P 425	348	49	18	P 480	364	6	16	P 480	364	6	16	
407	5	T 428	354	40	40	P 422	346	52	16	P 423	366	50	34	P 480	364	6	16	P 480	364	6	16	P 428	348	14	16	
408	4	T 426	353	40	40	P 422	346	49	14	P 422	384	49	14	P 422	351	14	12	P 420	382	51	16	
409	4	T 424	352	40	40	P 418	346	54	52	P 419	346	53	52	P 422	351	14	12	P 420	382	51	16	
410	5	T 422	351	40	40	P 419	344	48	14	P 418	384	46	12	P 444	355	4	2	P 444	355	4	2	P 244	48	6	6	
411	5	T 420	350	40	40	P 414	342	51	26	P 444	382	22	14	P 444	355	4	2	P 444	355	4	2	P 244	48	6	6	
412	3	T 418	349	40	40	P 413	342	49	18	P 417	376	25	22	P 417	376	25	22	
413	6	T 416	348	40	40	P 412	340	48	16	P 417	376	25	22	P 417	376	25	22	P 414	382	48	14	P 464	350	4	2	P 464	350	4	2	
414	5	T 414	347	40	40	P 410	340	50	20	P 410	368	48	24	P 414	382	48	14	P 464	350	4	2	P 464	350	4	2	
415	3	T 412	346	40	40	P 409	338	47	16	P 408	376	49	16	P 414	382	48	14	
416	3	T 410	345	40	40	P 405	338	43	14	P 405	376	49	14	P 40	340	6	4	
417	5	T 408	344	40	40	P 404	338	48	18	P 403	370	50	20	P 40	340	6	4	P 450	342	5	8	P 450	342	5	8	
418	5	T 406	343	40	40	P 402	370	51	20	P 403	370	50	20	P 400	372	16	15	P 450	342	5	8	P 403	334	48	26	
419	4	T 404	342	40	40	P 401	374	46	16	P 400	372	16	15	P 401	334	31	14	P 403	334	48	26	
420	3	T 402	341	40	40	P 396	368	50	20	P 397	334	48	14	P 716	22	3	2	
421	4	T 400	340	40	40	P 396	368	50	20	P 395	332	49	16	P 716	22	3	2	P 392	336	32	50	
422	5	T 398	339	40	40	P 393	366	50	20	P 434	334	14	16	P 392	336	32	50	P 572	0	3	2	P 572	0	3	2	
423	5	T 396	338	40	40	P 392	370	49	14	P 393	332	50	14	P 572	0	3	2	P 572	0	3	2	P 418	320	4	2	
424	6	T 394	337	40	40	P 390	360	49	26	P 391	332	51	14	P 418	320	4	2	P 354	476	4	3	P 391	332	51	14	P 354	476	4	3	
425	6	T 392	336	40	40	P 387	368	43	14	P 391	332	51	14	P 354	476	4	3	P 391	332	51	14	P 354	476	4	3	P 397	328	40	20	
426	5	T 390	335	40	40	P 384	328	49	16	P 397	328	40	20	P 410	330	26	20	P 410	330	26	20	P 142	180	5	4	
427	8	T 388	334	40	40	P 381	328	51	14	P 382	354	52	26	P 410	330	26	20	P 410	330	26	20	P 142	180	5	4	P 432	333	4	3	P 387	364	46	16	P 426	377	6	3	
428	5	T 386	333	40	40	P 382	326	48	14	P 387	364	46	16	P 432	333	4	3	P 382	364	48	16	P 426	377	6	3	
429	4	T 384	332	40	40	P 378	362	50	16	P 380	324	50	22	P 432	333	4	3	P 382	364	48	16	
430	2	T 382	331	40	40	P 377	362	49	16	P 377	326	48	18	
431	3	T 380	330	40	40	P 376	362	50	14	P 407	320	9	18	P 418	324	6	12	
432	6	T 378	329	40	40	P 376	354	44	20	P 373	320	45	16	P 418	324	6	12	P 374	322	25	14	P 374	322	25	14	P 376	340	2	14	
433	9	T 376	328	40	40	P 371	320	53	54	P 373	320	45	16	P 370	334	20	38	P 374	322	25	14	P 374	322	25	14	P 376	340	2	14	P 384	346	2	4	P 384	346	2	4	P 370	324	12	8	
434	7	T 374	327	40	40	P 371	352	48	20	P 378	320	34	18	P 370	334	20	38	P 384	346	2	4	P 384	346	2	4	P 370	324	12	8	P 414	322	5	10	
435	6	T 372	326	40	40	P 369	358	48	16	P 367	318	50	18	P 414	322	5	10	P 419	330	3	10	P 369	322	7	12	P 369	322	7	12	
436	6	T 370	325	40	40	P 365	352	51	28	P 366	318	50	14	P 364	346	12	22	P 419	330	3	10	P 369	322	7	12	P 369	322	7	12	
437	5	T 368	324	40	40	P 365	344	46	26	P 364	316	48	16	P 364	346	12	22	P 378	318	14	3	P 404	366	8	4	
438	5	T 366	323	40	40	P 361	356	49	14	P 360	316	46	18	P 378	318	14	3	P 404	366	8	4	P 144	300	4	5	
439	4	T 364	322	40	40	P 360	348	49	20	P 359	316	50	14	P 358	351	14	15	P 144	300	4	5	
440	4	T 362	321	40	40	P 357	352	51	14	P 357	312	49	16	P 358	351	14	15	P 42	476	4	2	
441	5	T 360	320	40	40	P 355	340	50	26	P 356	314	47	18	P 354	351	14	13	P 42	476	4	2	P 338	476	5	2	
442	7	T 358	319	40	40	P 354	350	48	16	P 354	310	49	16	P 354	351	14	13	P 338	476	5	2	P 354	304	3	5	P 354	304	3	5	P 390	359	12	5	
443	8	T 356	318	40	40	P 351	310	50	18	P 354	310	49	16	P 351	348	49	16	P 354	304	3	5	P 354	304	3	5	P 390	359	12	5	P 368	362	10	5	P 368	362	10	5	
444	5	T 354	317	40	40	P 349	308	43	18	P 348	338	51	26	P 351	348	49	16	P 368	362	10	5	P 368	362	10	5	
445	3	T 352	316	40	40	P 361	308	35	16	P 348	344	47	18	P 347	308	12	26	
446	5	T 350	315	40	40	P 345	308	46	24	P 345	346	44	14	P 347	308	12	26	P 394	312	5	14	P 394	312	5	14	
447	4	T 348	314	40	40	P 345	308	46	24	P 344	338	49	22	P 394	312	5	14	P 394	312	5	14	
448	4	T 346	313	40	40	P 340	306	51	14	P 339	340	52	18	P 342	306	19	16	P 342	306	19	16	
449	6	T 344	312	40	40	P 363	306	30	14	P 341	344	44	14	P 342	306	19	16	P 342	306	19	16	P 363	306	30	14	P 280	136	4	3	
450	7	T 342	311	40	40	P 336	340	51	16	P 341	304	47	20	P 340	306	30	12	P 280	136	4	3	P 414	476	5	3	P 340	306	30	12	P 414	0	3	4	
451	7	T 340	310	40	40	P 343	342	34	14	P 374	306	14	20	P 335	302	48	16	P 414	476	5	3	P 340	306	30	12	P 414	0	3	4	P 374	306	14	20	
452	5	T 338	309	40	40	P 335	340	46	16	P 374	306	14	20	P 333	302	47	14	P 374	306	14	20	P 624	360	4	6	
453	4	T 336	308	40	40	P 331	340	19	14	P 331	300	50	16	P 624	360	4	6	P 172	176	4	6	
454	3	T 334	307	40	40	P 353	334	26	20	P 329	300	50	22	P 172	176	4	6	
455	8	T 332	306	40	40	P 330	338	31	16	P 327	300	50	14	P 650	2	3	4	P 134	476	2	3	P 330	338	31	16	P 650	2	3	4	P 327	326	46	26	P 375	328	3	4	
456	10	T 330	305	40	40	P 324	298	51	20	P 327	300	50	14	P 650	2	3	4	P 134	476	2	3	P 327	334	47	16	P 650	2	3	4	P 363	330	16	22	P 375	328	3	4	P 363	330	16	22	P 716	0	3	4	
457	9	T 328	304	40	40	P 324	296	48	18	P 323	336	52	16	P 134	476	2	3	P 327	334	47	16	P 363	330	16	22	P 363	330	16	22	P 716	0	3	4	P 348	476	4	3	P 348	476	4	3	
458	5	T 326	303	40	40	P 320	296	52	30	P 320	334	37	16	P 358	325	14	15	P 348	476	4	3	P 348	476	4	3	
459	5	T 324	302	40	40	P 319	294	49	18	P 319	322	32	26	P 353	332	17	16	P 359	336	12	12	P 359	336	12	12	
460	6	T 322	301	40	40	P 318	294	48	22	P 319	332	28	16	P 349	334	18	14	P 359	336	12	12	P 359	336	12	12	P 359	322	2	6	
461	4	T 320	300	40	40	P 314	318	51	30	P 314	292	50	22	P 312	292	52	22	P 359	322	2	6	
462	3	T 318	299	40	40	P 315	330	47	14	P 314	292	44	14	P 312	292	52	22	
463	2	T 316	298	40	40	P 313	292	49	52	P 308	292	54	52	
464	3	T 314	297	40	40	P 309	328	48	16	P 310	288	45	16	P 536	230	4	4	
465	6	T 312	296	40	40	P 307	322	50	20	P 308	288	43	14	P 536	230	4	4	P 716	37	2	3	P 716	37	2	3	P 357	294	2	4	
466	5	T 310	295	40	40	P 304	316	51	24	P 305	288	49	20	P 716	37	2	3	P 716	37	2	3	P 357	294	2	4	
467	4	T 308	294	40	40	P 303	318	48	22	P 304	286	48	18	P 357	310	3	2	P 357	310	3	2	
468	5	T 306	293	40	40	P 302	324	50	16	P 301	286	42	14	P 357	310	3	2	P 357	310	3	2	P 345	288	4	16	
469	3	T 304	292	40	40	P 298	318	50	20	P 301	282	48	20	P 338	288	12	16	
470	3	T 302	291	40	40	P 297	316	48	20	P 297	284	49	14	P 338	288	12	16	
471	5	T 300	290	40	40	P 295	318	49	18	P 294	282	47	24	P 340	292	18	12	P 351	292	1	16	P 670	384	4	3	
472	7	T 298	289	40	40	P 295	318	49	18	P 294	282	47	24	P 340	292	18	12	P 351	292	1	16	P 670	384	4	3	P 340	292	18	12	P 294	282	30	14	
473	6	T 296	288	40	40	P 293	318	47	16	P 292	280	48	26	P 340	292	18	12	P 340	292	18	12	P 294	282	30	14	P 294	322	16	13	
474	4	T 294	287	40	40	P 292	314	48	20	P 296	280	41	14	P 294	322	16	13	P 294	322	16	13	
475	6	T 292	286	40	40	P 287	306	51	28	P 288	278	48	18	P 294	322	16	13	P 294	322	16	13	P 291	282	3	14	P 291	282	3	14	
476	7	T 290	285	40	40	P 285	278	53	30	P 288	278	48	18	P 282	311	19	19	P 291	282	3	14	P 291	282	3	14	P 329	282	12	14	P 284	281	12	7	
477	4	T 288	284	40	40	P 284	276	50	22	P 283	306	52	24	P 329	282	12	14	P 284	281	12	7	
478	3	T 286	283	40	40	P 283	276	48	14	P 282	306	49	24	P 329	282	12	14	
479	2	T 284	282	40	40	P 280	276	49	18	P 280	312	46	16	
480	2	T 282	281	40	40	P 276	272	49	16	P 278	312	29	16	
481	3	T 280	280	40	40	P 272	274	53	16	P 277	312	43	14	P 311	314	17	12	
482	4	T 278	279	40	40	P 279	274	46	14	P 275	272	46	18	P 311	314	17	12	P 311	314	17	12	
483	4	T 276	278	40	40	P 271	270	23	16	P 275	272	46	18	P 273	310	50	14	P 272	310	49	14	
484	5	T 274	277	40	40	P 270	306	49	18	P 270	270	47	20	P 266	270	51	21	P 272	310	49	14	P 0	148	2	6	
485	5	T 272	276	40	40	P 267	304	46	18	P 267	268	50	18	P 266	270	51	21	P 0	148	2	6	P 306	271	12	11	
486	6	T 270	275	40	40	P 265	304	50	18	P 266	268	49	14	P 306	271	12	11	P 0	460	2	3	P 0	460	2	3	P 0	456	2	4	
487	6	T 268	274	40	40	P 265	304	50	18	P 263	266	47	24	P 262	306	27	14	P 0	460	2	3	P 0	460	2	3	P 0	456	2	4	
488	3	T 266	273	40	40	P 263	266	48	28	P 260	302	34	14	P 296	306	17	14	
489	4	T 264	272	40	40	P 259	264	49	16	P 261	298	48	20	P 296	306	17	14	P 296	306	17	14	
490	5	T 262	271	40	40	P 258	264	45	14	P 261	298	48	20	P 296	306	13	14	P 288	302	15	14	P 296	306	13	14	
491	8	T 260	270	40	40	P 255	262	45	16	P 260	300	44	14	P 296	306	13	14	P 288	302	15	14	P 296	306	13	14	P 256	302	28	14	P 256	266	4	2	P 255	306	3	4	
492	5	T 258	269	40	40	P 253	260	49	16	P 253	300	50	16	P 256	302	28	14	P 256	266	4	2	P 255	306	3	4	
493	5	T 256	268	40	40	P 250	292	51	22	P 253	300	50	16	P 251	260	48	16	P 246	118	4	4	P 286	262	12	7	
494	5	T 254	267	40	40	P 250	294	49	20	P 251	260	48	20	P 246	118	4	4	P 286	262	12	7	P 268	265	6	3	
495	3	T 252	266	40	40	P 248	292	50	20	P 247	258	48	14	P 268	265	6	3	
496	7	T 250	265	40	40	P 248	292	50	20	P 245	258	49	16	P 246	294	14	16	P 716	268	3	4	P 716	268	3	4	P 268	264	10	2	P 264	296	32	14	
497	7	T 248	264	40	40	P 243	256	51	54	P 240	256	54	54	P 246	294	14	16	P 716	268	3	4	P 716	268	3	4	P 268	264	10	2	P 264	296	32	14	
498	4	T 246	263	40	40	P 241	292	50	18	P 242	256	49	14	P 248	268	1	6	P 276	296	16	11	
499	5	T 244	262	40	40	P 238	274	51	34	P 269	256	20	12	P 248	268	1	6	P 276	296	16	11	P 288	0	6	2	
500	7	T 242	261	40	40	P 238	274	51	34	P 239	256	28	14	P 238	254	41	22	P 288	0	6	2	P 239	256	28	14	P 238	292	27	16	P 510	328	2	4	
501	7	T 240	260	40	40	P 237	288	48	18	P 237	254	47	16	P 238	254	41	22	P 239	256	28	14	P 238	292	27	16	P 510	328	2	4	P 422	228	2	4	
502	5	T 238	259	40	40	P 231	292	52	12	P 233	252	51	14	P 422	228	2	4	P 268	255	4	2	P 268	255	4	2	
503	6	T 236	258	40	40	P 269	292	18	14	P 233	250	47	18	P 268	255	4	2	P 268	255	4	2	P 72	0	4	2	P 232	286	49	18	
504	4	T 234	257	40	40	P 231	286	48	18	P 230	250	48	14	P 72	0	4	2	P 232	286	49	18	
505	3	T 232	256	40	40	P 227	276	50	26	P 229	248	46	20	P 52	46	6	6	
506	3	T 230	255	40	40	P 227	276	50	26	P 225	248	49	22	P 52	46	6	6	
507	3	T 228	254	40	40	P 223	282	50	18	P 223	246	50	16	P 212	258	4	2	
508	4	T 226	253	40	40	P 225	272	47	26	P 222	246	50	14	P 212	258	4	2	P 227	288	16	12	
509	5	T 224	252	40	40	P 220	284	48	16	P 220	244	49	26	P 227	288	16	12	P 227	288	16	12	P 4	56	4	2	
510	7	T 222	251	40	40	P 217	282	48	18	P 218	246	48	20	P 227	288	16	12	P 227	288	16	12	P 4	56	4	2	P 218	276	2	4	P 218	276	2	4	
511	6	T 220	250	40	40	P 215	276	50	20	P 225	244	40	14	P 218	276	2	4	P 218	276	2	4	P 214	268	3	8	P 214	246	9	10	
512	5	T 218	249	40	40	P 211	280	51	16	P 223	242	39	18	P 214	268	3	8	P 213	246	8	8	P 206	260	3	3	
513	6	T 216	248	40	40	P 210	270	50	24	P 223	242	39	18	P 211	240	49	14	P 213	246	8	8	P 206	260	3	3	P 258	293	6	2	
514	7	T 214	247	40	40	P 209	280	42	14	P 209	240	43	20	P 211	240	49	14	P 208	278	43	16	P 254	242	5	10	P 248	280	11	12	P 253	280	6	10	
515	6	T 212	246	40	40	P 207	272	49	20	P 206	240	50	14	P 208	278	43	16	P 254	242	5	10	P 248	280	11	12	P 253	280	6	10	
516	5	T 210	245	40	40	P 204	270	52	22	P 207	238	46	16	P 410	239	6	1	P 418	232	7	6	P 230	287	8	3	
517	5	T 208	244	40	40	P 202	274	52	16	P 203	238	48	28	P 410	239	6	1	P 418	232	7	6	P 230	287	8	3	
518	5	T 206	243	40	40	P 200	268	50	22	P 203	238	48	28	P 630	168	4	4	P 630	168	4	4	P 635	112	5	8	
519	6	T 204	242	40	40	P 199	274	50	14	P 200	234	48	16	P 630	168	4	4	P 630	168	4	4	P 635	112	5	8	P 200	236	32	14	
520	3	T 202	241	40	40	P 197	234	51	54	P 196	234	51	54	P 200	236	32	14	
521	4	T 200	240	40	40	P 195	270	49	16	P 196	234	51	54	P 216	232	28	16	P 194	232	20	32	
522	6	T 198	239	40	40	P 194	260	48	26	P 195	232	46	16	P 236	236	15	14	P 194	232	20	32	P 98	472	6	7	P 236	236	15	14	
523	6	T 196	238	40	40	P 194	260	48	26	P 190	232	45	18	P 236	236	15	14	P 98	472	6	7	P 236	236	15	14	P 237	234	4	6	
524	4	T 194	237	40	40	P 190	230	49	14	P 206	266	34	18	P 217	270	25	14	P 190	268	25	14	
525	5	T 192	236	40	40	P 214	230	23	14	P 187	262	49	20	P 217	270	25	14	P 190	268	25	14	P 190	268	25	14	
526	6	T 190	235	40	40	P 185	228	50	16	P 191	266	13	18	P 185	266	15	14	P 190	268	25	14	P 233	254	2	4	P 482	426	4	4	
527	6	T 188	234	40	40	P 183	226	49	16	P 191	266	13	18	P 183	266	43	14	P 233	254	2	4	P 482	426	4	4	P 229	266	3	8	
528	6	T 186	233	40	40	P 180	224	51	38	P 204	226	28	19	P 180	224	54	54	P 229	266	3	8	P 220	228	12	6	P 220	228	12	6	
529	8	T 184	232	40	40	P 180	224	51	38	P 179	226	36	16	P 180	224	54	54	P 198	258	31	20	P 217	224	12	16	P 220	228	12	6	P 0	328	3	4	P 0	328	3	4	
530	7	T 182	231	40	40	P 175	250	52	26	P 207	224	18	18	P 198	258	31	20	P 217	224	12	16	P 180	262	14	16	P 0	328	3	3	P 0	328	3	4	
531	5	T 180	230	40	40	P 175	262	43	14	P 177	224	46	16	P 180	262	14	16	P 220	264	5	8	P 178	226	24	12	
532	6	T 178	229	40	40	P 173	222	51	24	P 177	224	46	16	P 172	258	34	16	P 220	264	5	8	P 178	226	24	12	P 178	226	24	12	
533	11	T 176	228	40	40	P 170	220	49	16	P 172	256	48	18	P 172	258	34	16	P 208	260	15	16	P 178	226	24	12	P 178	226	24	12	P 170	260	2	3	P 208	260	15	16	P 202	210	3	2	P 202	210	3	2	P 170	260	2	3	
534	8	T 174	227	40	40	P 171	220	44	14	P 170	258	48	14	P 208	260	15	16	P 170	260	2	3	P 208	260	15	16	P 202	210	3	2	P 202	210	3	2	P 170	260	2	3	
535	4	T 172	226	40	40	P 166	256	51	16	P 170	258	48	14	P 314	138	6	6	P 173	218	43	16	
536	6	T 170	225	40	40	P 166	246	49	24	P 314	138	6	6	P 165	218	52	14	P 168	222	3	8	P 166	258	12	11	P 166	258	12	11	
537	5	T 168	224	40	40	P 163	250	47	20	P 167	216	46	20	P 168	222	3	8	P 166	258	12	11	P 166	258	12	11	
538	2	T 166	223	40	40	P 162	254	48	16	P 161	216	49	16	
539	3	T 164	222	40	40	P 161	238	44	30	P 159	216	48	14	P 160	263	10	5	
540	5	T 162	221	40	40	P 161	238	44	30	P 154	214	52	16	P 157	214	49	14	P 178	252	27	16	P 158	261	8	4	
541	6	T 160	220	40	40	P 155	246	50	20	P 157	212	27	16	P 189	212	14	14	P 178	252	27	16	P 157	248	19	20	P 157	248	19	20	
542	5	T 158	219	40	40	P 175	242	29	22	P 155	212	31	14	P 152	244	16	22	P 157	248	19	20	P 157	248	19	20	
543	4	T 156	218	40	40	P 175	242	29	22	P 152	248	48	16	P 152	244	16	22	P 143	260	3	4	
544	4	T 154	217	40	40	P 148	248	51	16	P 143	260	3	4	P 143	260	3	4	P 188	212	15	14	
545	6	T 152	216	40	40	P 147	238	51	26	P 174	210	22	8	P 146	211	22	9	P 149	210	48	16	P 188	212	15	14	P 149	210	48	16	
546	7	T 150	215	40	40	P 145	246	51	16	P 147	208	49	18	P 146	211	22	9	P 150	212	49	14	P 142	245	54	17	P 149	208	45	16	P 150	212	49	14	
547	6	T 148	214	40	40	P 140	206	53	22	P 143	206	50	20	P 150	212	49	14	P 142	245	54	17	P 149	208	45	16	P 150	212	49	14	
548	6	T 146	213	40	40	P 143	206	47	14	P 143	206	50	20	P 138	242	54	20	P 142	244	50	18	P 143	246	27	12	P 143	246	27	12	
549	5	T 144	212	40	40	P 137	204	57	56	P 138	242	54	20	P 142	244	50	18	P 143	246	27	12	P 143	246	27	12	
550	5	T 142	211	40	40	P 138	234	48	24	P 173	232	20	28	P 136	207	14	13	P 136	226	16	29	P 456	460	4	4	
551	7	T 140	210	40	40	P 173	232	20	28	P 173	232	20	28	P 136	204	17	20	P 136	226	16	29	P 456	460	4	4	P 160	203	4	2	P 133	202	31	26	
552	6	T 138	209	40	40	P 132	222	52	34	P 136	204	17	20	P 160	203	4	2	P 133	202	31	26	P 134	242	50	14	P 62	448	4	4	
553	5	T 136	208	40	40	P 132	242	52	14	P 132	232	42	22	P 134	242	50	14	P 62	448	4	4	P 163	204	22	14	
554	4	T 134	207	40	40	P 129	238	20	16	P 151	230	27	24	P 163	204	22	14	P 163	204	22	14	
555	9	T 132	206	40	40	P 130	198	50	18	P 151	230	27	24	P 131	200	50	16	P 126	234	50	18	P 80	476	3	3	P 166	202	20	20	P 135	202	48	14	P 130	198	50	18	P 80	476	3	3	
556	8	T 130	205	40	40	P 166	202	20	20	P 135	202	48	14	P 160	234	15	18	P 80	476	3	3	P 166	202	20	20	P 127	198	48	16	P 130	198	50	18	P 80	476	3	3	
557	4	T 128	204	40	40	P 166	202	20	20	P 122	196	51	14	P 160	234	15	18	P 127	198	48	16	
558	6	T 126	203	40	40	P 126	196	44	20	P 122	196	51	14	P 120	232	51	18	P 122	194	2	3	P 125	238	30	14	P 125	238	30	14	
559	5	T 124	202	40	40	P 121	194	47	14	P 119	230	43	18	P 122	194	2	3	P 123	236	30	14	P 125	238	30	14	
560	4	T 122	201	40	40	P 119	194	41	26	P 118	232	49	14	P 162	196	3	10	P 123	236	30	14	
561	5	T 120	200	40	40	P 119	194	41	26	P 115	222	49	24	P 116	192	32	14	P 716	164	3	10	P 714	164	5	10	
562	9	T 118	199	40	40	P 113	190	48	22	P 112	230	51	16	P 116	192	32	14	P 716	164	3	10	P 714	164	5	10	P 716	26	3	4	P 150	194	15	14	P 152	239	12	7	P 150	194	15	14	
563	7	T 116	198	40	40	P 112	190	49	16	P 112	224	49	20	P 716	26	3	4	P 150	194	15	14	P 152	239	12	7	P 150	194	15	14	P 640	0	4	2	
564	6	T 114	197	40	40	P 109	220	50	24	P 112	224	49	20	P 116	190	44	16	P 640	0	4	2	P 112	194	10	4	P 112	194	10	4	
565	6	T 112	196	40	40	P 108	224	52	18	P 108	188	49	22	P 112	194	10	4	P 112	194	10	4	P 111	192	3	12	P 111	192	3	12	
566	4	T 110	195	40	40	P 105	226	23	16	P 107	186	47	16	P 111	192	3	12	P 111	192	3	12	
567	3	T 108	194	40	40	P 104	186	49	20	P 104	224	49	18	P 140	191	16	12	
568	4	T 106	193	40	40	P 100	186	51	22	P 102	222	48	18	P 140	191	16	12	P 100	212	2	4	
569	4	T 104	192	40	40	P 98	214	53	24	P 102	222	48	18	P 99	184	50	16	P 100	212	2	4	
570	3	T 102	191	40	40	P 96	216	49	20	P 104	184	39	14	P 100	224	14	13	
571	3	T 100	190	40	40	P 96	220	48	18	P 94	182	52	20	P 100	224	14	13	
572	5	T 98	189	40	40	P 91	182	53	54	P 90	182	53	54	P 100	224	14	13	P 168	0	4	2	P 168	0	4	2	
573	6	T 96	188	40	40	P 91	182	53	54	P 90	182	53	54	P 93	220	30	14	P 168	0	4	2	P 168	0	4	2	P 0	180	2	6	
574	5	T 94	187	40	40	P 89	180	50	16	P 89	206	51	28	P 93	220	30	14	P 0	180	2	6	P 94	182	12	14	
575	4	T 92	186	40	40	P 94	182	12	14	P 88	218	47	16	P 87	180	49	14	P 94	182	12	14	
576	5	T 90	185	40	40	P 85	178	50	26	P 125	220	17	14	P 108	180	31	14	P 94	182	12	14	P 86	218	49	14	
577	8	T 88	184	40	40	P 113	178	20	22	P 84	216	49	14	P 108	180	31	14	P 84	178	27	12	P 86	218	49	14	P 132	230	4	2	P 132	230	4	2	P 382	318	4	4	
578	7	T 86	183	40	40	P 100	206	33	24	P 84	216	49	14	P 83	176	48	14	P 84	178	27	12	P 132	230	4	2	P 132	230	4	2	P 382	318	4	4	
579	5	T 84	182	40	40	P 100	206	33	24	P 79	212	50	18	P 78	176	22	16	P 103	174	28	28	P 122	182	14	19	
580	5	T 82	181	40	40	P 83	210	14	20	P 78	174	18	20	P 102	176	24	12	P 122	182	14	19	P 324	0	4	2	
581	6	T 80	180	40	40	P 75	172	49	24	P 80	174	14	20	P 77	212	50	16	P 122	182	14	19	P 324	0	4	2	P 516	88	4	4	
582	6	T 78	179	40	40	P 75	172	48	20	P 80	174	14	20	P 75	208	50	18	P 516	88	4	4	P 75	208	50	18	P 74	220	6	2	
583	4	T 76	178	40	40	P 71	170	50	16	P 73	208	40	18	P 70	204	50	20	P 74	220	6	2	
584	3	T 74	177	40	40	P 71	170	48	14	P 69	208	49	16	P 70	204	50	20	
585	2	T 72	176	40	40	P 67	168	50	20	P 68	206	48	18	
586	2	T 70	175	40	40	P 66	168	49	16	P 65	204	50	16	
587	4	T 68	174	40	40	P 64	166	49	16	P 71	200	42	20	P 64	208	5	10	P 98	169	10	3	
588	4	T 66	173	40	40	P 60	166	49	18	P 62	202	48	16	P 64	208	5	10	P 98	169	10	3	
589	3	T 64	172	40	40	P 60	164	47	16	P 59	200	49	18	P 564	108	6	6	
590	3	T 62	171	40	40	P 57	188	50	30	P 59	200	49	18	P 564	108	6	6	
591	2	T 60	170	40	40	P 55	202	49	14	P 54	162	51	24	
592	4	T 58	169	40	40	P 53	196	48	20	P 59	164	49	18	P 622	166	5	4	P 622	166	5	4	
593	6	T 56	168	40	40	P 51	200	50	14	P 54	164	19	18	P 622	166	5	4	P 622	166	5	4	P 76	162	28	26	P 76	162	28	26	
594	6	T 54	167	40	40	P 47	185	53	29	P 47	188	30	26	P 76	162	28	26	P 76	162	28	26	P 52	162	47	16	P 568	182	4	5	
595	7	T 52	166	40	40	P 45	190	48	22	P 47	188	30	26	P 64	160	31	12	P 52	162	47	16	P 568	182	4	5	P 50	160	50	18	P 50	160	50	18	
596	7	T 50	165	40	40	P 46	187	14	18	P 69	198	26	12	P 50	160	49	16	P 47	158	48	14	P 50	160	50	18	P 50	160	50	18	P 50	160	49	16	
597	5	T 48	164	40	40	P 42	160	24	50	P 44	156	48	16	P 50	160	49	16	P 47	158	48	14	P 50	160	49	16	
598	5	T 46	163	40	40	P 42	160	24	50	P 40	190	52	20	P 40	156	47	24	P 45	196	48	14	P 45	196	48	14	
599	5	T 44	162	40	40	P 40	194	49	14	P 41	156	48	22	P 45	196	48	14	P 45	196	48	14	P 38	157	16	18	
600	5	T 42	161	40	40	P 38	183	50	23	P 38	157	16	18	P 38	186	49	20	P 38	157	16	18	P 38	157	16	18	
601	8	T 40	160	40	40	P 34	178	50	28	P 39	154	47	22	P 38	186	49	20	P 35	154	16	12	P 38	157	16	18	P 89	160	2	4	P 39	154	47	22	P 89	160	2	4	
602	6	T 38	159	40	40	P 34	186	49	20	P 33	152	50	30	P 35	154	16	12	P 89	160	2	4	P 39	154	47	22	P 89	160	2	4	
603	5	T 36	158	40	40	P 30	182	50	24	P 33	152	50	30	P 29	150	30	22	P 61	154	17	12	P 80	158	2	12	
604	10	T 34	157	40	40	P 34	180	46	24	P 29	150	50	14	P 29	150	30	22	P 61	154	17	12	P 80	158	2	12	P 44	181	4	3	P 77	174	2	6	P 44	181	4	3	P 77	174	2	6	P 29	192	3	6	
605	9	T 32	156	40	40	P 27	170	44	32	P 28	148	20	14	P 50	148	26	14	P 44	181	4	3	P 77	174	2	6	P 44	181	4	3	P 77	174	2	6	P 29	192	3	6	P 712	408	7	4	
606	6	T 30	155	40	40	P 27	170	44	32	P 25	148	50	14	P 50	148	26	14	P 24	186	13	14	P 712	408	7	4	P 40	188	33	12	
607	5	T 28	154	40	40	P 25	178	48	22	P 24	146	49	16	P 25	177	49	23	P 22	186	14	13	P 40	188	33	12	
608	5	T 26	153	40	40	P 22	182	49	18	P 21	146	46	14	P 25	177	49	23	P 22	186	14	13	P 60	193	6	4	
609	3	T 24	152	40	40	P 19	170	50	28	P 21	144	47	18	P 60	193	6	4	
610	6	T 22	151	40	40	P 16	180	51	18	P 21	144	47	18	P 22	144	24	14	P 10	144	3	4	P 10	144	3	4	P 17	148	3	6	
611	9	T 20	150	40	40	P 22	182	42	14	P 15	144	48	18	P 22	144	24	14	P 10	144	3	4	P 10	144	3	4	P 17	148	3	6	P 49	144	18	22	P 48	199	6	1	P 636	476	6	3	
612	10	T 22	149	40	40	P 50	180	17	14	P 15	144	48	18	P 25	142	33	14	P 60	144	5	12	P 49	144	18	22	P 48	199	6	1	P 636	476	6	3	P 26	140	2	3	P 49	144	18	22	P 19	148	4	6	
613	9	T 24	148	40	40	P 14	174	21	20	P 21	140	46	16	P 19	176	46	20	P 60	144	5	12	P 49	144	18	22	P 26	140	2	3	P 49	144	18	22	P 19	148	4	6	P 14	174	21	20	
614	5	T 26	147	40	40	P 21	178	17	14	P 23	140	47	14	P 19	176	46	20	P 26	140	2	3	P 14	174	21	20	
615	3	T 28	146	40	40	P 25	176	47	16	P 24	138	20	14	P 26	188	8	3	
616	4	T 30	145	40	40	P 26	174	48	18	P 47	138	27	16	P 27	138	48	18	P 22	138	53	19	
617	4	T 32	144	40	40	P 56	172	22	18	P 27	136	48	16	P 27	138	48	18	P 22	138	53	19	
618	5	T 34	143	40	40	P 27	170	25	20	P 28	164	49	26	P 30	136	48	18	P 52	151	4	2	P 52	151	4	2	
619	7	T 36	142	40	40	P 32	170	49	18	P 28	164	49	26	P 32	134	49	22	P 52	151	4	2	P 52	151	4	2	P 526	0	4	3	P 526	0	4	3	
620	5	T 38	141	40	40	P 33	134	50	20	P 33	172	51	14	P 32	134	49	22	P 526	0	4	3	P 526	0	4	3	
621	2	T 40	140	40	40	P 37	132	48	22	P 36	172	45	14	
622	5	T 42	139	40	40	P 37	132	48	14	P 39	172	28	12	P 56	137	4	2	P 56	137	4	2	P 70	172	16	12	
623	5	T 44	138	40	40	P 40	128	49	18	P 41	170	46	14	P 56	137	4	2	P 56	137	4	2	P 70	172	16	12	
624	5	T 46	137	40	40	P 45	128	41	16	P 59	168	30	16	P 716	394	2	4	P 716	394	2	4	P 40	168	17	14	
625	8	T 48	136	40	40	P 43	130	50	18	P 44	160	45	22	P 716	394	2	4	P 716	394	2	4	P 40	168	17	14	P 88	134	2	6	P 88	134	2	6	P 91	168	4	10	
626	6	T 50	135	40	40	P 46	128	49	14	P 45	166	49	16	P 88	134	2	6	P 88	134	2	6	P 91	168	4	10	P 75	160	1	6	
627	7	T 52	134	40	40	P 49	126	47	16	P 45	166	49	16	P 48	168	5	12	P 46	168	14	12	P 75	160	1	6	P 78	127	12	7	P 516	200	5	5	
628	7	T 54	133	40	40	P 49	126	51	18	P 49	164	50	16	P 48	168	5	12	P 46	168	14	12	P 78	127	12	7	P 516	200	5	5	P 52	128	6	3	
629	7	T 56	132	40	40	P 49	126	51	18	P 50	162	48	16	P 79	126	22	12	P 48	178	4	2	P 93	144	2	6	P 48	128	12	11	P 49	146	3	8	
630	10	T 58	131	40	40	P 57	124	44	14	P 51	162	47	16	P 88	127	16	11	P 48	178	4	2	P 93	144	2	6	P 48	128	12	11	P 49	146	3	8	P 100	168	2	4	P 53	130	2	6	P 656	316	4	6	
631	7	T 60	130	40	40	P 55	156	51	20	P 54	122	50	24	P 88	127	16	11	P 100	168	2	4	P 53	130	2	6	P 656	316	4	6	P 194	370	4	2	
632	6	T 62	129	40	40	P 57	150	48	26	P 57	122	51	16	P 194	370	4	2	P 104	136	1	10	P 234	0	4	6	P 62	308	6	5	
633	8	T 64	128	40	40	P 59	154	50	20	P 56	120	52	20	P 104	136	1	10	P 234	0	4	6	P 62	308	6	5	P 70	133	4	2	P 70	133	4	2	P 94	122	12	6	
634	8	T 66	127	40	40	P 61	152	50	20	P 61	120	49	22	P 70	133	4	2	P 70	133	4	2	P 94	122	12	6	P 96	130	14	14	P 96	130	14	14	P 36	0	4	4	
635	6	T 68	126	40	40	P 62	152	51	20	P 64	120	48	22	P 96	130	14	14	P 96	130	14	14	P 36	0	4	4	P 58	157	14	13	
636	4	T 70	125	40	40	P 70	156	43	16	P 66	118	48	14	P 58	157	14	13	P 716	122	3	4	
637	6	T 72	124	40	40	P 66	116	51	26	P 64	118	16	15	P 68	148	44	22	P 716	122	3	4	P 160	474	6	4	P 160	474	6	4	
638	9	T 74	123	40	40	P 70	116	47	18	P 70	148	45	22	P 68	148	44	22	P 160	474	6	5	P 160	474	6	4	P 108	119	8	3	P 108	119	8	3	P 67	138	1	12	P 117	156	3	12	
639	7	T 76	122	40	40	P 68	114	52	54	P 70	114	52	54	P 160	474	6	5	P 108	119	8	3	P 108	119	8	3	P 67	138	1	12	P 117	156	3	12	
640	4	T 78	121	40	40	P 72	146	51	22	P 73	114	48	18	P 66	160	2	4	P 66	160	2	4	
641	6	T 80	120	40	40	P 75	144	49	22	P 74	112	51	16	P 66	160	2	4	P 66	160	2	4	P 114	160	2	6	P 666	0	4	3	
642	4	T 82	119	40	40	P 77	148	51	18	P 76	110	51	18	P 114	160	2	6	P 666	0	4	3	
643	2	T 84	118	40	40	P 81	148	46	14	P 79	110	50	22	
644	5	T 86	117	40	40	P 82	110	47	18	P 79	110	50	22	P 116	116	6	2	P 104	111	8	2	P 80	144	49	20	
645	4	T 88	116	40	40	P 89	108	45	26	P 116	116	6	2	P 104	111	8	2	P 82	146	49	16	
646	5	T 90	115	40	40	P 85	127	51	35	P 85	140	51	22	P 86	108	51	28	P 84	112	3	10	P 84	112	3	10	
647	6	T 92	114	40	40	P 89	140	49	20	P 85	140	51	22	P 89	106	47	16	P 84	112	3	10	P 84	112	3	10	P 122	112	16	13	
648	9	T 94	113	40	40	P 90	142	49	16	P 122	112	16	13	P 94	106	45	14	P 122	112	16	13	P 122	112	16	13	P 226	476	2	3	P 226	476	2	3	P 122	147	14	12	P 622	54	4	4	
649	10	T 96	112	40	40	P 91	140	50	18	P 91	104	52	26	P 94	106	45	14	P 122	112	16	13	P 226	476	2	3	P 226	476	2	3	P 122	147	14	12	P 622	54	4	4	P 94	126	1	14	P 126	106	12	6	
650	6	T 98	111	40	40	P 92	138	51	20	P 92	104	47	14	P 94	126	1	14	P 126	106	12	6	P 94	126	3	8	P 578	176	4	4	
651	8	T 100	110	40	40	P 94	134	52	22	P 95	104	49	14	P 94	126	3	8	P 578	176	4	4	P 116	470	4	2	P 116	470	4	2	P 96	106	8	3	P 136	105	8	4	
652	6	T 102	109	40	40	P 97	140	46	16	P 98	102	47	14	P 116	470	4	2	P 116	470	4	2	P 96	106	8	3	P 136	105	8	1	
653	4	T 104	108	40	40	P 99	138	48	16	P 100	102	50	16	P 132	151	12	4	P 147	126	4	4	
654	6	T 106	107	40	40	P 102	134	51	20	P 104	100	42	16	P 132	151	12	4	P 147	126	4	4	P 148	104	2	6	P 99	106	3	4	
655	5	T 108	106	40	40	P 138	134	15	18	P 102	98	52	18	P 103	138	28	14	P 148	104	2	6	P 99	106	3	4	
656	4	T 110	105	40	40	P 105	130	50	22	P 106	98	50	14	P 102	130	53	22	P 136	134	17	18	
657	7	T 112	104	40	40	P 107	130	50	18	P 108	96	47	22	P 102	130	53	22	P 136	134	17	18	P 448	412	6	4	P 448	412	6	4	P 145	144	2	4	
658	5	T 114	103	40	40	P 108	130	51	20	P 109	96	50	14	P 448	412	6	4	P 448	412	6	4	P 145	144	2	4	
659	5	T 116	102	40	40	P 111	130	48	18	P 112	94	17	14	P 716	0	3	2	P 716	0	3	2	P 448	338	4	4	
660	7	T 118	101	40	40	P 114	132	49	16	P 118	94	45	14	P 716	0	3	2	P 716	0	3	2	P 448	338	4	4	P 114	98	2	6	P 0	390	5	8	
661	5	T 120	100	40	40	P 114	128	50	18	P 116	128	48	18	P 117	92	48	16	P 0	390	5	8	P 650	178	6	6	
662	4	T 122	99	40	40	P 119	122	49	24	P 117	92	51	24	P 117	92	48	16	P 650	178	6	6	
663	7	T 124	98	40	40	P 119	130	41	14	P 118	92	46	16	P 0	86	4	2	P 132	95	8	2	P 0	86	4	2	P 132	95	8	2	P 0	74	6	4	
664	10	T 126	97	40	40	P 122	124	36	20	P 122	90	49	14	P 0	86	4	2	P 132	95	8	2	P 0	86	4	2	P 132	95	8	2	P 0	74	6	4	P 166	96	5	16	P 162	130	7	12	P 166	96	5	16	
665	7	T 128	96	40	40	P 122	124	36	20	P 123	88	49	16	P 166	96	5	16	P 151	126	20	16	P 166	96	5	16	P 162	130	7	12	P 125	128	24	14	
666	6	T 130	95	40	40	P 127	120	47	22	P 124	88	44	16	P 151	126	20	16	P 162	130	7	12	P 122	125	20	15	P 162	130	7	12	
667	7	T 132	94	40	40	P 128	122	48	18	P 128	86	49	16	P 162	130	7	12	P 122	125	20	15	P 162	130	7	12	P 156	140	12	2	P 128	89	8	4	
668	6	T 134	93	40	40	P 131	118	49	22	P 131	86	44	16	P 156	140	12	2	P 128	89	8	4	P 166	93	8	7	P 166	93	8	7	
669	5	T 136	92	40	40	P 132	116	49	22	P 142	86	38	22	P 166	93	8	7	P 166	93	8	7	P 130	90	4	10	
670	7	T 138	91	40	40	P 132	116	49	22	P 134	84	47	18	P 133	124	36	14	P 130	90	4	10	P 136	88	4	12	P 136	88	4	12	P 174	86	4	2	
671	8	T 140	90	40	40	P 135	116	49	22	P 136	84	49	16	P 133	124	36	14	P 136	88	4	12	P 136	88	4	12	P 174	86	4	2	P 134	86	12	3	P 134	86	12	3	
672	5	T 142	89	40	40	P 139	114	50	22	P 138	82	47	16	P 134	86	12	3	P 134	86	12	3	P 270	54	3	2	
673	5	T 144	88	40	40	P 138	114	14	20	P 138	80	29	16	P 169	80	16	16	P 270	54	3	2	P 86	472	4	7	
674	8	T 146	87	40	40	P 141	110	51	22	P 142	80	50	14	P 169	80	16	16	P 86	472	4	7	P 574	476	6	3	P 86	472	4	7	P 574	476	6	3	P 82	476	7	3	
675	8	T 148	86	40	40	P 146	112	49	20	P 142	111	53	21	P 142	78	50	18	P 86	472	4	7	P 574	476	6	3	P 86	472	4	7	P 574	476	6	3	P 82	476	7	3	
676	4	T 150	85	40	40	P 172	112	21	20	P 142	111	53	21	P 144	78	51	20	P 147	118	23	14	
677	3	T 152	84	40	40	P 172	112	21	20	P 148	74	48	18	P 147	118	23	14	
678	2	T 154	83	40	40	P 149	110	51	18	P 150	76	19	18	
679	4	T 156	82	40	40	P 151	112	49	16	P 153	74	45	16	P 186	77	10	7	P 173	76	23	14	
680	4	T 158	81	40	40	P 154	98	50	30	P 155	74	49	18	P 173	76	23	14	P 173	76	23	14	
681	5	T 160	80	40	40	P 154	98	50	30	P 155	74	50	18	P 173	76	23	14	P 204	476	3	2	P 204	476	3	2	
682	8	T 162	79	40	40	P 157	102	50	24	P 154	102	53	24	P 161	72	45	16	P 204	476	3	2	P 204	476	3	2	P 187	112	17	14	P 187	112	17	14	P 156	72	50	19	
683	7	T 164	78	40	40	P 159	110	50	14	P 154	102	53	24	P 159	72	48	14	P 187	112	17	14	P 187	112	17	14	P 156	72	50	19	P 156	112	29	14	
684	4	T 166	77	40	40	P 156	112	29	14	P 161	70	48	14	P 188	106	23	14	P 161	108	22	16	
685	4	T 168	76	40	40	P 162	98	50	24	P 163	68	16	16	P 188	106	23	14	P 161	108	22	16	
686	2	T 170	75	40	40	P 166	106	48	16	P 163	68	51	26	
687	2	T 172	74	40	40	P 168	106	47	14	P 163	68	51	26	
688	4	T 174	73	40	40	P 170	100	49	18	P 170	66	48	16	P 228	68	4	5	P 185	68	26	14	
689	6	T 176	72	40	40	P 170	92	52	26	P 185	68	26	14	P 228	68	4	5	P 193	68	24	12	P 185	68	26	14	P 172	66	44	14	
690	7	T 178	71	40	40	P 170	92	52	26	P 174	100	30	18	P 169	66	22	14	P 174	64	42	14	P 185	68	26	14	P 172	66	44	14	P 169	66	22	14	
691	7	T 180	70	40	40	P 175	98	51	16	P 174	100	30	18	P 176	64	50	16	P 174	64	42	14	P 169	66	22	14	P 206	102	17	14	P 716	182	3	2	
692	6	T 182	69	40	40	P 206	102	17	14	P 177	98	52	16	P 177	62	48	14	P 206	102	17	14	P 716	182	3	2	P 206	102	17	14	
693	4	T 184	68	40	40	P 180	60	49	28	P 180	100	50	14	P 177	62	48	14	P 206	102	17	14	
694	3	T 186	67	40	40	P 180	58	49	18	P 180	98	20	16	P 210	98	19	14	
695	4	T 188	66	40	40	P 183	58	49	16	P 184	94	47	18	P 210	98	19	14	P 224	61	6	3	
696	4	T 190	65	40	40	P 192	58	41	14	P 184	92	47	20	P 224	61	6	3	P 180	96	16	14	
697	4	T 192	64	40	40	P 187	94	50	16	P 184	92	47	20	P 188	56	47	20	P 180	96	16	14	
698	4	T 194	63	40	40	P 212	92	28	18	P 189	56	50	16	P 180	96	16	14	P 189	94	21	16	
699	4	T 196	62	40	40	P 191	88	49	20	P 192	56	49	14	P 180	96	16	14	P 189	94	21	16	
700	6	T 198	61	40	40	P 193	88	48	20	P 194	54	48	20	P 220	42	3	3	P 716	0	3	2	P 220	42	3	3	P 716	0	3	2	
701	6	T 200	60	40	40	P 195	86	50	20	P 194	54	48	20	P 220	42	3	3	P 716	0	3	2	P 220	42	3	3	P 716	0	3	2	
702	5	T 202	59	40	40	P 196	86	50	18	P 197	52	50	16	P 716	318	3	4	P 716	318	3	4	P 194	86	52	18	
703	6	T 204	58	40	40	P 203	90	44	14	P 211	54	34	14	P 716	318	3	4	P 716	318	3	4	P 194	86	52	18	P 197	52	12	24	
704	5	T 206	57	40	40	P 202	50	48	16	P 201	78	49	26	P 197	52	12	24	P 197	52	12	24	P 199	52	33	12	
705	6	T 208	56	40	40	P 234	50	14	14	P 201	80	52	22	P 197	52	12	24	P 197	52	12	24	P 199	52	33	12	P 203	48	49	18	
706	5	T 210	55	40	40	P 205	48	50	18	P 207	76	46	28	P 200	51	20	14	P 203	48	49	18	P 200	51	20	14	
707	6	T 212	54	40	40	P 209	46	41	22	P 209	86	47	14	P 200	51	20	14	P 200	51	20	14	P 202	55	4	2	P 252	48	5	10	
708	4	T 214	53	40	40	P 209	46	49	20	P 209	86	47	14	P 202	55	4	2	P 252	48	5	10	
709	4	T 216	52	40	40	P 212	72	50	26	P 212	46	50	14	P 205	82	2	12	P 205	82	2	12	
710	6	T 218	51	40	40	P 212	72	50	26	P 213	42	51	23	P 205	82	2	12	P 205	82	2	12	P 254	46	8	3	P 213	42	48	16	
711	5	T 220	50	40	40	P 216	82	49	14	P 216	44	48	16	P 254	46	8	3	P 213	42	48	16	P 264	64	2	12	
712	4	T 222	49	40	40	P 215	74	50	22	P 217	42	49	14	P 264	64	2	12	P 706	8	4	6	
713	3	T 224	48	40	40	P 219	80	51	14	P 218	40	51	16	P 706	8	4	6	
714	3	T 226	47	40	40	P 254	80	17	12	P 220	40	51	14	P 220	74	32	18	
715	3	T 228	46	40	40	P 224	38	49	16	P 220	40	51	14	P 224	74	48	18	
716	2	T 230	45	40	40	P 227	38	47	14	P 225	68	50	22	
717	4	T 232	44	40	40	P 226	76	51	16	P 225	68	50	22	P 246	38	29	18	P 226	38	16	26	
718	5	T 234	43	40	40	P 229	76	48	14	P 246	38	29	18	P 226	38	16	26	P 230	36	49	14	P 618	196	8	4	
719	5	T 236	42	40	40	P 238	70	43	18	P 230	36	29	22	P 230	36	49	14	P 618	196	8	4	P 231	70	5	14	
720	6	T 238	41	40	40	P 230	70	22	16	P 230	36	29	22	P 233	34	49	14	P 262	34	17	22	P 262	34	17	22	P 235	62	16	26	
721	6	T 240	40	40	40	P 260	70	23	18	P 240	36	45	10	P 262	34	17	22	P 262	34	17	22	P 235	62	16	26	P 235	68	48	18	
722	5	T 242	39	40	40	P 260	70	23	18	P 234	32	45	20	P 237	32	42	18	P 238	66	26	18	P 281	34	5	10	
723	6	T 244	38	40	40	P 238	68	51	18	P 238	32	49	14	P 237	32	42	18	P 238	66	26	18	P 281	34	5	10	P 378	0	3	2	
724	3	T 246	37	40	40	P 241	66	22	16	P 242	30	48	18	P 378	0	3	2	
725	3	T 248	36	40	40	P 243	62	49	20	P 242	30	51	15	P 378	0	3	2	
726	4	T 250	35	40	40	P 243	62	49	20	P 245	28	48	14	P 694	300	4	4	P 292	82	2	4	
727	4	T 252	34	40	40	P 244	26	56	54	P 246	26	54	54	P 694	300	4	4	P 292	82	2	4	
728	2	T 254	33	40	40	P 249	26	48	14	P 250	64	49	16	
729	3	T 256	32	40	40	P 251	58	49	20	P 277	66	18	16	P 298	20	2	4	
730	6	T 258	31	40	40	P 272	56	31	20	P 277	66	18	16	P 298	20	2	4	P 245	66	14	16	P 285	26	15	24	P 252	24	51	14	
731	8	T 260	30	40	40	P 272	56	31	20	P 255	62	50	14	P 253	62	13	14	P 285	26	15	24	P 251	26	16	14	P 257	22	48	16	P 297	42	2	4	P 256	378	4	4	
732	11	T 262	29	40	40	P 258	50	49	26	P 256	48	51	28	P 259	20	46	20	P 285	26	15	24	P 251	26	16	14	P 257	22	48	16	P 297	42	2	4	P 256	378	4	4	P 716	12	3	4	P 716	12	3	4	P 298	71	4	4	
733	7	T 264	28	40	40	P 258	60	50	14	P 256	48	51	28	P 258	20	51	16	P 716	12	3	4	P 716	12	3	4	P 256	23	12	9	P 248	32	4	2	
734	4	T 266	27	40	40	P 258	60	50	14	P 261	20	46	14	P 287	54	24	20	P 248	32	4	2	
735	5	T 268	26	40	40	P 262	18	51	24	P 261	20	46	14	P 273	54	43	18	P 260	52	18	22	P 309	24	2	4	
736	5	T 270	25	40	40	P 264	16	50	20	P 273	54	43	18	P 260	52	18	22	P 309	24	2	4	P 514	0	5	2	
737	5	T 272	24	40	40	P 271	16	45	18	P 272	52	43	18	P 264	58	16	12	P 514	0	5	2	P 282	58	32	14	
738	4	T 274	23	40	40	P 270	16	45	14	P 270	50	50	18	P 282	58	32	14	P 282	58	32	14	
739	3	T 276	22	40	40	P 270	38	52	30	P 270	17	52	51	P 282	58	32	14	
740	3	T 278	21	40	40	P 275	14	49	31	P 275	14	48	28	P 274	50	48	16	
741	5	T 280	20	40	40	P 275	12	50	28	P 275	14	48	28	P 304	49	18	19	P 620	50	3	2	P 275	56	3	6	
742	6	T 282	21	40	40	P 275	14	52	22	P 271	14	25	20	P 620	50	3	2	P 281	52	44	14	P 271	14	25	20	P 281	52	44	14	
743	7	T 284	22	40	40	P 280	14	50	18	P 278	44	51	26	P 278	42	52	28	P 271	14	25	20	P 281	52	44	14	P 334	16	4	2	P 334	16	4	2	
744	5	T 286	23	40	40	P 281	16	49	16	P 283	52	48	16	P 278	42	52	28	P 334	16	4	2	P 334	16	4	2	
745	4	T 288	24	40	40	P 285	18	30	14	P 286	42	46	28	P 708	212	4	3	P 708	212	4	3	
746	5	T 290	25	40	40	P 280	18	54	54	P 286	42	46	28	P 708	212	4	3	P 708	212	4	3	P 276	18	20	12	
747	4	T 292	26	40	40	P 289	46	44	28	P 276	18	20	12	P 322	27	14	42	P 289	18	46	16	
748	5	T 294	27	40	40	P 289	24	51	50	P 289	48	51	26	P 322	27	14	42	P 317	16	16	14	P 317	16	16	14	
749	6	T 296	28	40	40	P 290	20	44	18	P 291	20	53	54	P 288	20	53	54	P 317	16	16	14	P 317	16	16	14	P 290	20	44	18	
750	6	T 298	29	40	40	P 292	52	48	22	P 291	20	53	54	P 288	20	53	54	P 314	22	31	26	P 290	20	44	18	P 332	71	8	3	
751	6	T 300	30	40	40	P 295	60	49	16	P 297	22	48	32	P 314	22	31	26	P 295	22	17	14	P 458	364	4	8	P 295	22	17	14	
752	7	T 302	31	40	40	P 296	60	51	18	P 298	24	48	14	P 295	22	17	14	P 458	364	4	8	P 295	22	17	14	P 106	474	6	4	P 106	474	6	4	
753	4	T 304	32	40	40	P 299	64	49	14	P 297	22	53	32	P 106	474	6	4	P 106	474	6	4	
754	2	T 306	33	40	40	P 299	64	49	14	P 303	26	48	26	
755	6	T 308	34	40	40	P 304	26	50	26	P 303	26	48	26	P 716	384	3	2	P 325	58	27	22	P 716	384	3	2	P 344	29	6	3	
756	5	T 310	35	40	40	P 303	26	52	28	P 716	384	3	2	P 325	58	27	22	P 716	384	3	2	P 306	66	49	14	
757	7	T 312	36	40	40	P 306	28	52	54	P 310	62	42	18	P 306	66	49	14	P 301	56	21	24	P 326	70	4	2	P 326	70	4	2	P 304	33	14	34	
758	8	T 314	37	40	40	P 309	30	48	22	P 306	64	51	20	P 301	56	21	24	P 326	70	4	2	P 326	70	4	2	P 304	33	14	34	P 300	36	1	6	P 90	0	4	4	
759	6	T 316	38	40	40	P 311	30	50	20	P 310	62	49	22	P 298	56	24	24	P 300	36	1	6	P 90	0	4	4	P 298	56	24	24	
760	6	T 318	39	40	40	P 315	32	27	22	P 310	62	49	22	P 315	58	14	28	P 298	56	24	24	P 335	70	26	14	P 328	298	6	3	
761	7	T 320	40	40	40	P 315	32	27	22	P 314	66	50	20	P 315	58	14	28	P 335	70	26	14	P 328	298	6	3	P 314	40	1	6	P 317	32	48	16	
762	3	T 322	41	40	40	P 319	72	48	16	P 314	40	1	6	P 317	34	46	16	
763	6	T 324	42	40	40	P 316	54	52	34	P 319	36	50	12	P 321	68	47	20	P 372	80	4	3	P 598	0	5	6	P 316	75	24	13	
764	9	T 326	43	40	40	P 321	64	50	26	P 321	34	48	18	P 321	68	47	20	P 372	80	4	3	P 598	0	5	6	P 316	75	24	13	P 372	80	4	3	P 16	164	5	6	P 16	164	5	6	
765	6	T 328	44	40	40	P 330	76	41	14	P 323	36	49	18	P 322	74	6	10	P 372	80	4	3	P 16	164	5	6	P 16	164	5	6	
766	3	T 330	45	40	40	P 325	38	50	22	P 323	36	49	18	P 361	74	12	18	
767	5	T 332	46	40	40	P 325	38	50	22	P 352	38	25	16	P 361	74	12	18	P 326	74	33	18	P 327	78	49	14	
768	5	T 334	47	40	40	P 333	40	48	22	P 326	74	33	18	P 326	74	33	18	P 330	72	50	22	P 326	74	33	18	
769	5	T 336	48	40	40	P 330	71	50	23	P 326	74	33	18	P 327	70	49	24	P 326	74	33	18	P 330	71	50	23	
770	4	T 338	49	40	40	P 333	80	49	14	P 327	70	49	24	P 330	71	50	23	P 562	0	5	3	
771	5	T 340	50	40	40	P 330	42	53	18	P 337	68	48	30	P 337	44	42	12	P 334	42	49	18	P 343	70	3	6	
772	7	T 342	51	40	40	P 334	42	49	18	P 336	44	52	54	P 337	44	42	12	P 334	42	49	18	P 334	46	14	34	P 656	0	3	3	P 334	42	49	18	
773	8	T 344	52	40	40	P 334	42	49	18	P 340	78	49	22	P 341	46	20	14	P 334	46	14	34	P 656	0	3	3	P 334	42	49	18	P 363	46	24	14	P 264	260	4	5	
774	7	T 346	53	40	40	P 343	44	47	20	P 341	84	45	16	P 341	46	20	14	P 388	0	6	4	P 363	46	24	14	P 264	260	4	5	P 388	0	6	4	
775	7	T 348	54	40	40	P 343	44	47	20	P 344	82	48	18	P 343	48	29	12	P 388	0	6	4	P 388	0	6	4	P 358	46	8	1	P 375	48	19	26	
776	7	T 350	55	40	40	P 345	48	53	52	P 342	48	53	53	P 343	48	29	12	P 358	46	8	1	P 375	48	19	26	P 716	172	3	4	P 716	172	3	4	
777	7	T 352	56	40	40	P 350	74	46	28	P 348	50	50	20	P 716	172	3	4	P 716	172	3	4	P 364	48	6	2	P 158	348	2	4	P 390	216	4	2	
778	6	T 354	57	40	40	P 348	76	51	28	P 351	50	47	18	P 364	48	6	2	P 158	348	2	4	P 390	216	4	2	P 0	92	3	3	
779	5	T 356	58	40	40	P 348	76	51	28	P 352	50	48	16	P 352	88	8	16	P 158	348	2	4	P 0	92	3	3	
780	4	T 358	59	40	40	P 353	90	50	14	P 352	50	48	16	P 357	52	24	20	P 353	58	2	10	
781	3	T 360	60	40	40	P 355	52	51	16	P 357	52	24	20	P 357	92	46	14	
782	5	T 362	61	40	40	P 356	55	14	16	P 356	52	51	24	P 356	92	24	16	P 385	82	21	24	P 48	180	4	4	
783	6	T 364	62	40	40	P 361	86	49	22	P 359	52	51	20	P 356	86	54	22	P 385	82	21	24	P 48	180	4	4	P 384	54	19	12	
784	5	T 366	63	40	40	P 359	88	51	22	P 360	56	49	20	P 356	86	54	22	P 384	54	19	12	P 384	54	19	12	
785	5	T 368	64	40	40	P 362	92	52	18	P 363	56	51	23	P 363	56	51	18	P 384	54	19	12	P 714	422	5	10	
786	5	T 370	65	40	40	P 365	96	49	16	P 367	58	47	14	P 363	56	51	18	P 365	90	51	22	P 714	422	5	10	
787	5	T 372	66	40	40	P 367	58	50	20	P 367	58	47	14	P 367	98	43	14	P 176	90	3	4	P 412	100	5	6	
788	5	T 374	67	40	40	P 371	60	48	22	P 370	94	49	20	P 367	98	43	14	P 176	90	3	4	P 412	100	5	6	
789	5	T 376	68	40	40	P 370	60	50	16	P 402	94	19	20	P 375	100	4	14	P 381	100	19	16	P 372	100	7	14	
790	7	T 378	69	40	40	P 374	62	49	18	P 406	98	17	16	P 373	98	31	18	P 381	100	19	16	P 372	111	6	1	P 388	110	12	5	P 388	110	12	5	
791	6	T 380	70	40	40	P 391	62	34	16	P 376	98	34	18	P 373	98	31	18	P 377	62	12	22	P 388	110	12	5	P 388	110	12	5	
792	5	T 382	71	40	40	P 376	64	51	20	P 376	102	50	16	P 377	62	12	22	P 252	390	5	5	P 252	390	5	5	
793	7	T 384	72	40	40	P 379	66	50	14	P 387	92	41	26	P 252	390	5	5	P 252	390	5	5	P 716	288	2	3	P 716	288	2	3	P 382	100	3	14	
794	5	T 386	73	40	40	P 382	66	47	20	P 387	92	41	26	P 716	288	2	3	P 716	288	2	3	P 381	104	28	16	
795	4	T 388	74	40	40	P 385	68	48	18	P 384	106	47	14	P 381	104	28	16	P 417	100	14	20	
796	5	T 390	75	40	40	P 389	68	45	14	P 417	106	18	14	P 387	106	24	16	P 417	100	14	20	P 417	100	14	20	
797	5	T 392	76	40	40	P 388	68	50	54	P 384	68	53	54	P 387	106	24	16	P 417	100	14	20	P 417	100	14	20	
798	3	T 394	77	40	40	P 389	70	51	20	P 390	108	49	16	P 502	444	6	4	
799	5	T 396	78	40	40	P 393	70	49	16	P 392	108	49	16	P 502	444	6	4	P 400	128	2	3	P 400	128	2	3	
800	7	T 398	79	40	40	P 395	70	44	22	P 394	110	13	14	P 400	128	2	3	P 400	128	2	3	P 406	76	6	1	P 441	76	2	6	P 413	110	30	16	
801	7	T 400	80	40	40	P 395	72	48	14	P 394	110	18	15	P 406	76	6	1	P 441	76	2	6	P 396	110	49	18	P 394	110	18	15	P 412	125	4	3	
802	8	T 402	81	40	40	P 396	98	51	30	P 395	74	52	20	P 394	104	14	22	P 394	78	53	50	P 394	110	18	15	P 412	125	4	3	P 411	106	2	4	P 411	106	2	4	
803	9	T 404	82	40	40	P 396	98	51	30	P 400	76	47	16	P 394	104	14	22	P 398	76	49	18	P 401	112	10	16	P 411	106	2	4	P 411	106	2	4	P 404	78	6	1	P 716	466	3	3	
804	6	T 406	83	40	40	P 403	76	47	18	P 398	76	49	18	P 402	114	26	16	P 404	78	6	1	P 716	466	3	3	P 34	0	4	2	
805	4	T 408	84	40	40	P 404	78	50	16	P 402	114	26	16	P 34	0	4	2	P 426	108	26	22	
806	4	T 410	85	40	40	P 408	78	43	14	P 405	112	50	18	P 426	108	26	22	P 431	112	20	16	
807	4	T 412	86	40	40	P 408	106	48	26	P 431	112	20	16	P 431	112	20	16	P 674	476	4	2	
808	5	T 414	87	40	40	P 406	117	52	17	P 409	118	49	16	P 674	476	4	2	P 406	110	18	20	P 716	218	3	4	
809	5	T 416	88	40	40	P 406	110	18	20	P 409	118	49	16	P 412	110	26	22	P 716	218	3	4	P 408	82	24	12	
810	5	T 418	89	40	40	P 412	118	52	18	P 412	110	26	22	P 408	82	24	12	P 408	82	24	12	P 413	84	43	20	
811	5	T 420	90	40	40	P 440	120	23	16	P 415	122	23	14	P 416	80	42	14	P 411	82	44	14	P 416	82	47	18	
812	5	T 422	91	40	40	P 418	120	48	18	P 415	122	23	14	P 434	78	23	16	P 418	84	50	14	P 416	82	47	18	
813	4	T 424	92	40	40	P 420	120	47	18	P 440	84	28	14	P 418	84	50	14	P 418	84	16	20	
814	6	T 426	93	40	40	P 421	114	50	26	P 422	86	47	20	P 418	84	16	20	P 716	144	3	4	P 716	144	3	4	P 714	144	4	6	
815	11	T 428	94	40	40	P 424	126	48	14	P 421	86	52	20	P 716	144	3	4	P 716	144	3	4	P 716	144	2	6	P 484	100	4	5	P 418	121	18	16	P 0	320	2	4	P 484	100	4	5	P 0	320	2	4	P 418	121	18	16	
816	9	T 430	95	40	40	P 425	124	50	18	P 425	88	48	20	P 716	144	2	6	P 484	100	4	5	P 418	121	18	16	P 0	320	2	4	P 484	100	4	5	P 0	320	2	4	P 418	121	18	16	
817	2	T 432	96	40	40	P 426	124	50	18	P 426	88	52	20	
818	3	T 434	97	40	40	P 431	128	47	14	P 433	88	45	22	P 430	138	6	1	
819	3	T 436	98	40	40	P 432	92	49	24	P 433	88	45	22	P 430	138	6	1	
820	2	T 438	99	40	40	P 435	92	44	14	P 434	130	48	16	
821	3	T 440	100	40	40	P 432	122	48	22	P 437	132	22	14	P 436	94	47	14	
822	5	T 442	101	40	40	P 464	122	22	24	P 438	130	48	18	P 437	94	50	14	P 474	95	4	3	P 474	95	4	3	
823	8	T 444	102	40	40	P 440	130	48	20	P 438	130	48	18	P 468	94	18	14	P 474	95	4	3	P 474	95	4	3	P 441	96	24	12	P 640	312	6	6	P 0	474	2	5	
824	7	T 446	103	40	40	P 438	96	53	52	P 468	94	18	14	P 441	96	24	12	P 640	312	6	6	P 0	474	2	5	P 474	97	14	6	P 480	143	12	4	
825	8	T 448	104	40	40	P 443	134	51	16	P 440	98	24	26	P 474	97	14	6	P 480	143	12	4	P 490	156	4	4	P 478	105	14	36	P 490	156	4	4	P 478	105	14	36	
826	9	T 450	105	40	40	P 444	128	51	24	P 440	98	24	26	P 445	96	48	18	P 490	156	4	4	P 478	105	14	36	P 490	156	4	4	P 478	105	14	36	P 482	130	2	4	P 482	130	2	4	
827	6	T 452	106	40	40	P 447	138	50	14	P 449	98	48	22	P 445	96	48	18	P 482	130	2	4	P 482	130	2	4	P 492	102	2	4	
828	3	T 454	107	40	40	P 451	138	42	14	P 450	100	47	14	P 492	102	2	4	
829	3	T 456	108	40	40	P 451	100	51	16	P 451	138	50	16	P 488	102	2	4	
830	3	T 458	109	40	40	P 452	102	51	20	P 453	140	49	16	P 488	102	2	4	
831	3	T 460	110	40	40	P 455	102	49	24	P 454	138	53	18	P 450	105	16	15	
832	4	T 462	111	40	40	P 459	104	46	14	P 456	138	51	18	P 450	105	16	15	P 450	105	16	15	
833	7	T 464	112	40	40	P 456	108	49	50	P 459	122	46	36	P 450	105	16	15	P 450	105	16	15	P 0	252	2	4	P 509	146	1	6	P 568	204	2	5	
834	8	T 466	113	40	40	P 466	106	44	14	P 461	144	50	16	P 0	252	2	4	P 509	146	1	6	P 568	204	2	5	P 458	141	14	14	P 460	124	3	2	P 422	450	4	2	
835	6	T 468	114	40	40	P 463	106	50	16	P 458	141	14	14	P 460	134	46	28	P 460	124	3	2	P 422	450	4	2	P 462	110	30	11	
836	11	T 470	115	40	40	P 467	106	48	20	P 465	144	50	18	P 460	134	46	28	P 462	110	30	11	P 336	476	3	3	P 714	476	4	3	P 500	139	14	19	P 340	476	2	3	P 336	476	3	3	P 714	476	4	3	P 500	139	14	19	
837	11	T 472	116	40	40	P 466	108	52	54	P 465	144	50	18	P 466	113	12	33	P 336	476	3	3	P 714	476	4	3	P 500	139	14	19	P 340	476	2	3	P 336	476	3	3	P 714	476	4	3	P 500	139	14	19	P 18	254	6	3	
838	3	T 474	117	40	40	P 471	110	47	14	P 466	113	12	33	P 18	254	6	3	
839	3	T 476	118	40	40	P 474	110	46	14	P 473	150	48	14	P 0	206	4	4	
840	4	T 478	119	40	40	P 475	110	48	20	P 464	148	20	12	P 0	206	4	4	P 496	142	28	24	
841	3	T 480	120	40	40	P 475	112	50	18	P 474	142	50	24	P 496	142	28	24	
842	3	T 482	121	40	40	P 476	112	49	16	P 474	142	50	24	P 500	148	26	18	
843	5	T 484	122	40	40	P 479	114	49	14	P 479	150	49	18	P 500	148	26	18	P 475	150	19	14	P 475	150	19	14	
844	5	T 486	123	40	40	P 480	148	51	22	P 477	148	14	18	P 485	116	41	18	P 480	155	20	13	P 477	148	14	18	
845	7	T 488	124	40	40	P 483	154	44	16	P 480	114	51	36	P 485	116	41	18	P 480	155	20	13	P 477	148	14	18	P 480	114	4	2	P 529	160	4	6	
846	5	T 490	125	40	40	P 487	118	47	24	P 480	114	51	36	P 486	156	49	14	P 480	114	4	2	P 529	160	4	6	
847	7	T 492	126	40	40	P 487	120	53	52	P 486	120	52	52	P 486	156	49	14	P 536	158	3	2	P 402	474	4	4	P 402	474	4	4	P 526	166	10	5	
848	8	T 494	127	40	40	P 488	154	51	18	P 490	122	42	12	P 536	158	3	2	P 402	474	4	4	P 402	474	4	4	P 526	166	10	5	P 534	122	4	12	P 526	158	14	10	
849	6	T 496	128	40	40	P 488	154	51	18	P 491	122	49	14	P 534	122	4	12	P 526	158	14	10	P 0	384	3	4	P 493	158	6	14	
850	6	T 498	129	40	40	P 491	122	55	54	P 490	122	54	54	P 0	384	3	4	P 493	158	6	14	P 533	150	2	8	P 533	150	2	8	
851	5	T 500	130	40	40	P 495	124	48	16	P 490	122	54	54	P 596	10	4	6	P 533	150	2	8	P 533	150	2	8	
852	6	T 502	131	40	40	P 499	124	47	14	P 498	162	48	16	P 596	10	4	6	P 716	334	3	6	P 716	334	3	6	P 534	169	12	7	
853	5	T 504	132	40	40	P 499	150	51	28	P 498	162	48	16	P 716	334	3	6	P 716	334	3	6	P 500	126	49	16	
854	5	T 506	133	40	40	P 501	156	46	22	P 500	160	12	16	P 534	126	16	14	P 500	129	16	3	P 503	126	29	18	
855	5	T 508	134	40	40	P 504	158	51	22	P 502	126	51	22	P 534	126	16	14	P 500	129	16	3	P 503	126	29	18	
856	4	T 510	135	40	40	P 505	164	50	16	P 506	128	49	22	P 502	131	18	12	P 504	145	8	3	
857	6	T 512	136	40	40	P 507	156	50	26	P 508	128	47	20	P 502	131	18	12	P 504	145	8	3	P 716	46	3	4	P 540	130	14	6	
858	4	T 514	137	40	40	P 509	166	51	18	P 510	130	49	14	P 716	46	3	4	P 540	130	14	6	
859	5	T 516	138	40	40	P 510	130	52	54	P 510	130	49	14	P 716	46	3	4	P 508	133	24	36	P 510	171	24	13	
860	4	T 518	139	40	40	P 516	132	46	16	P 508	133	24	36	P 510	171	24	13	P 515	166	17	20	
861	6	T 520	140	40	40	P 515	132	49	16	P 516	172	49	14	P 515	166	17	20	P 536	170	27	16	P 536	170	27	16	P 154	82	4	4	
862	5	T 522	141	40	40	P 516	168	51	20	P 516	172	49	14	P 536	170	27	16	P 536	170	27	16	P 154	82	4	4	
863	5	T 524	142	40	40	P 519	170	50	18	P 518	172	14	13	P 517	134	17	16	P 517	134	17	16	P 520	134	47	16	
864	6	T 526	143	40	40	P 523	174	43	14	P 536	134	29	14	P 528	136	43	18	P 517	134	17	16	P 520	134	47	16	P 536	134	29	14	
865	6	T 528	144	40	40	P 524	170	49	20	P 523	136	49	14	P 528	136	43	18	P 536	134	29	14	P 450	350	4	4	P 450	350	4	4	
866	7	T 530	145	40	40	P 531	176	44	16	P 542	138	32	14	P 526	138	13	16	P 450	350	4	4	P 450	350	4	4	P 525	180	4	8	P 418	312	7	8	
867	5	T 532	146	40	40	P 528	138	48	22	P 527	176	51	16	P 526	138	13	16	P 525	180	4	8	P 418	312	7	8	
868	4	T 534	147	40	40	P 526	140	54	20	P 531	176	49	18	P 530	140	50	20	P 527	174	2	14	
869	5	T 536	148	40	40	P 531	140	49	24	P 532	172	50	22	P 530	140	50	20	P 527	174	2	14	P 530	143	14	8	
870	7	T 538	149	40	40	P 532	142	51	14	P 532	172	50	22	P 534	180	21	16	P 530	143	14	8	P 529	160	3	4	P 529	160	3	4	P 561	182	5	14	
871	7	T 540	150	40	40	P 538	142	20	16	P 535	182	50	14	P 534	180	21	16	P 530	160	1	4	P 529	160	3	4	P 561	182	5	14	P 568	182	13	14	
872	6	T 542	151	40	40	P 538	144	24	14	P 568	182	13	14	P 537	182	50	14	P 716	150	3	6	P 568	182	13	14	P 566	144	21	14	
873	6	T 544	152	40	40	P 540	144	44	16	P 560	142	19	16	P 541	180	47	18	P 716	150	3	6	P 566	144	21	14	P 560	142	19	16	
874	6	T 546	153	40	40	P 540	178	52	22	P 543	146	47	14	P 538	183	14	15	P 560	142	19	16	P 338	74	4	6	P 502	146	5	4	
875	5	T 548	154	40	40	P 541	180	53	20	P 548	146	45	16	P 548	146	46	18	P 338	74	4	6	P 502	146	5	4	
876	5	T 550	155	40	40	P 541	180	53	20	P 543	148	50	22	P 548	146	46	18	P 602	190	3	4	P 602	190	3	4	
877	6	T 552	156	40	40	P 548	182	46	20	P 547	148	48	16	P 602	190	3	4	P 602	190	3	4	P 563	186	32	16	P 563	186	32	16	
878	4	T 554	157	40	40	P 549	186	44	18	P 549	150	49	16	P 563	186	32	16	P 563	186	32	16	
879	2	T 556	158	40	40	P 553	190	41	16	P 551	150	48	16	
880	5	T 558	159	40	40	P 553	152	51	54	P 551	150	48	16	P 575	350	2	4	P 575	350	2	4	P 552	155	12	31	
881	8	T 560	160	40	40	P 560	150	43	16	P 575	350	2	4	P 575	350	2	4	P 552	155	12	31	P 0	38	3	6	P 550	188	16	15	P 550	188	16	15	P 596	203	4	3	
882	6	T 562	161	40	40	P 556	186	48	20	P 0	38	3	6	P 558	154	47	16	P 557	192	17	14	P 596	203	4	3	P 556	186	48	20	
883	4	T 564	162	40	40	P 561	188	47	20	P 556	156	18	14	P 560	154	50	30	P 556	186	48	20	
884	3	T 566	163	40	40	P 561	188	51	22	P 562	156	47	26	P 560	154	50	30	
885	3	T 568	164	40	40	P 562	194	51	16	P 562	156	49	26	P 260	476	4	3	
886	4	T 570	165	40	40	P 565	196	50	14	P 566	158	50	17	P 260	476	4	3	P 566	158	49	14	
887	4	T 572	166	40	40	P 566	198	51	14	P 567	160	49	14	P 566	158	49	14	P 606	205	12	4	
888	4	T 574	167	40	40	P 568	196	50	18	P 569	160	48	18	P 606	205	12	4	P 402	474	6	5	
889	5	T 576	168	40	40	P 571	160	51	34	P 569	160	48	18	P 571	200	50	14	P 402	474	6	5	P 688	178	6	4	
890	3	T 578	169	40	40	P 574	162	48	20	P 575	196	48	20	P 688	178	6	4	
891	6	T 580	170	40	40	P 576	162	48	16	P 576	202	49	16	P 612	224	4	3	P 612	224	4	3	P 300	0	10	2	P 614	213	6	3	
892	7	T 582	171	40	40	P 577	164	49	18	P 576	202	49	16	P 612	224	4	3	P 612	224	4	3	P 300	0	10	2	P 576	168	14	13	P 578	206	5	10	
893	6	T 584	172	40	40	P 577	164	51	22	P 577	202	53	18	P 576	168	14	13	P 578	206	5	10	P 0	310	2	4	P 618	210	10	7	
894	4	T 586	173	40	40	P 580	166	50	16	P 581	202	50	18	P 0	310	2	4	P 618	210	10	7	
895	6	T 588	174	40	40	P 608	168	24	16	P 586	206	47	14	P 0	310	2	4	P 582	166	24	16	P 618	202	14	12	P 618	202	14	12	
896	5	T 590	175	40	40	P 587	168	48	24	P 585	202	48	18	P 582	171	14	14	P 618	202	14	12	P 618	202	14	12	
897	5	T 592	176	40	40	P 586	168	50	26	P 588	200	49	22	P 582	171	14	14	P 0	344	4	4	P 0	344	4	4	
898	6	T 594	177	40	40	P 589	170	42	26	P 591	206	46	16	P 586	171	16	18	P 0	344	4	4	P 0	344	4	4	P 633	172	6	10	
899	5	T 596	178	40	40	P 592	170	47	16	P 591	210	28	14	P 586	171	16	18	P 633	172	6	10	P 623	212	18	10	
900	5	T 598	179	40	40	P 591	172	51	20	P 590	207	53	19	P 594	208	49	18	P 623	212	18	10	P 286	393	5	7	
901	4	T 600	180	40	40	P 595	172	48	22	P 594	206	47	20	P 594	208	49	18	P 286	393	5	7	
902	4	T 602	181	40	40	P 597	174	51	14	P 596	208	44	20	P 660	452	4	4	P 642	206	5	14	
903	6	T 604	182	40	40	P 599	176	49	14	P 600	214	49	14	P 660	452	4	4	P 642	206	5	14	P 636	176	8	2	P 636	176	8	2	
904	6	T 606	183	40	40	P 601	176	51	22	P 630	216	2	14	P 634	206	16	24	P 636	176	8	2	P 636	176	8	2	P 601	214	24	14	
905	5	T 608	184	40	40	P 604	174	25	18	P 635	176	16	16	P 634	206	16	24	P 601	214	24	14	P 603	202	7	28	
906	4	T 610	185	40	40	P 607	178	50	20	P 635	176	16	16	P 606	216	50	14	P 603	202	7	28	
907	4	T 612	186	40	40	P 613	176	43	16	P 608	214	48	18	P 606	216	50	14	P 608	182	3	8	
908	5	T 614	187	40	40	P 608	212	48	22	P 608	214	48	18	P 608	182	3	8	P 602	8	6	4	P 614	180	44	14	
