1	0	T 80	80	40	40	
2	0	T 82	81	40	40	
3	0	T 84	82	40	40	
4	0	T 86	83	40	40	
5	0	T 88	84	40	40	
6	0	T 90	85	40	40	
7	0	T 92	86	40	40	
8	1	T 94	87	40	40	P 63	84	63	63	
9	1	T 96	88	40	40	P 63	63	63	63	
10	1	T 98	89	40	40	P 63	63	63	63	
11	1	T 100	90	40	40	P 63	63	63	84	
12	1	T 102	91	40	40	P 63	63	63	84	
13	1	T 104	92	40	40	P 63	63	84	84	
14	1	T 106	93	40	40	P 63	63	63	84	
15	1	T 108	94	40	40	P 63	63	84	84	
16	1	T 110	95	40	40	P 63	63	84	84	
17	1	T 112	96	40	40	P 63	63	84	84	
18	1	T 114	97	40	40	P 63	63	84	84	
19	1	T 116	98	40	40	P 84	63	63	84	
20	1	T 118	99	40	40	P 84	63	63	84	
21	1	T 120	100	40	40	P 84	63	63	84	
22	1	T 122	101	40	40	P 84	63	63	84	
23	1	T 124	102	40	40	P 84	63	63	84	
24	1	T 126	103	40	40	P 84	63	63	84	
25	1	T 128	104	40	40	P 84	63	63	84	
26	1	T 130	105	40	40	P 84	63	63	84	
27	1	T 132	106	40	40	P 84	63	63	84	
28	1	T 134	107	40	40	P 84	63	63	84	
29	1	T 136	108	40	40	P 84	63	63	84	
30	1	T 138	109	40	40	P 84	63	63	84	
31	1	T 140	110	40	40	P 84	63	63	84	
32	1	T 142	111	40	40	P 84	84	63	63	
33	1	T 144	112	40	40	P 84	84	63	63	
34	1	T 146	113	40	40	P 84	84	63	63	
35	0	T 148	114	40	40	
36	1	T 150	115	40	40	P 84	63	63	84	
37	0	T 152	116	40	40	
38	1	T 154	117	40	40	P 84	84	63	63	
39	1	T 156	118	40	40	P 105	84	42	42	
40	1	T 158	119	40	40	P 84	84	63	42	
41	1	T 160	120	40	40	P 84	84	63	42	
42	0	T 162	121	40	40	
43	1	T 164	122	40	40	P 84	84	63	42	
44	0	T 166	123	40	40	
45	1	T 168	124	40	40	P 84	84	63	63	
46	0	T 170	125	40	40	
47	0	T 172	126	40	40	
48	0	T 174	127	40	40	
49	0	T 176	128	40	40	
50	1	T 178	129	40	40	P 105	84	42	42	
51	0	T 180	130	40	40	
52	0	T 182	131	40	40	
53	0	T 184	132	40	40	
54	0	T 186	133	40	40	
55	0	T 188	134	40	40	
56	0	T 190	135	40	40	
57	0	T 192	136	40	40	
58	0	T 194	137	40	40	
59	0	T 196	138	40	40	
60	0	T 198	139	40	40	
61	0	T 200	140	40	40	
62	1	T 202	141	40	40	P 84	84	42	42	
63	0	T 204	142	40	40	
64	0	T 206	143	40	40	
65	0	T 208	144	40	40	
66	0	T 210	145	40	40	
67	0	T 212	146	40	40	
68	0	T 214	147	40	40	
69	0	T 216	148	40	40	
70	0	T 218	149	40	40	
71	0	T 220	150	40	40	
72	0	T 222	151	40	40	
73	0	T 224	152	40	40	
74	0	T 226	153	40	40	
75	0	T 228	154	40	40	
76	0	T 230	155	40	40	
77	0	T 232	156	40	40	
78	0	T 234	157	40	40	
79	0	T 236	158	40	40	
80	0	T 238	159	40	40	
81	0	T 240	160	40	40	
82	0	T 242	161	40	40	
83	0	T 244	162	40	40	
84	0	T 246	163	40	40	
85	0	T 248	164	40	40	
86	0	T 250	165	40	40	
87	0	T 252	166	40	40	
88	0	T 254	167	40	40	
89	0	T 256	168	40	40	
90	0	T 258	169	40	40	
91	0	T 260	170	40	40	
92	0	T 262	171	40	40	
93	0	T 264	172	40	40	
94	0	T 266	173	40	40	
95	0	T 268	174	40	40	
96	0	T 270	175	40	40	
97	0	T 272	176	40	40	
98	0	T 274	177	40	40	
99	0	T 276	178	40	40	
100	0	T 278	179	40	40	
101	0	T 280	180	40	40	
102	0	T 282	181	40	40	
103	0	T 284	182	40	40	
104	0	T 286	183	40	40	
105	0	T 288	184	40	40	
106	0	T 290	185	40	40	
107	0	T 292	186	40	40	
108	0	T 294	187	40	40	
109	0	T 296	188	40	40	
110	0	T 298	189	40	40	
111	0	T 300	190	40	40	
112	0	T 302	191	40	40	
113	0	T 304	192	40	40	
114	0	T 306	193	40	40	
115	0	T 308	194	40	40	
116	0	T 310	195	40	40	
117	0	T 312	196	40	40	
118	0	T 314	197	40	40	
119	0	T 316	198	40	40	
120	0	T 318	199	40	40	
121	0	T 320	200	40	40	
122	0	T 322	201	40	40	
123	0	T 324	202	40	40	
124	6	T 326	203	40	40	P 42	336	42	42	P 126	315	42	63	P 294	252	42	63	P 399	147	42	42	P 462	315	42	63	P 483	84	42	42	
125	4	T 328	204	40	40	P 0	0	714	420	P 21	399	63	63	P 63	168	63	42	P 105	378	210	84	
126	1	T 330	205	40	40	P 0	0	714	462	
127	1	T 332	206	40	40	P 0	0	714	462	
128	1	T 334	207	40	40	P 0	0	714	462	
129	1	T 336	208	40	40	P 0	0	714	462	
130	1	T 338	209	40	40	P 0	0	714	462	
131	1	T 340	210	40	40	P 0	0	714	462	
132	1	T 342	211	40	40	P 0	0	714	462	
133	3	T 344	212	40	40	P 0	0	168	84	P 0	0	714	399	P 378	420	63	42	
134	7	T 346	213	40	40	P 0	0	714	420	P 0	210	105	63	P 0	357	63	63	P 84	336	84	42	P 189	357	42	42	P 336	420	42	42	P 399	378	126	84	
135	11	T 348	214	40	40	P 0	105	105	63	P 0	294	84	63	P 0	420	42	42	P 21	21	42	42	P 84	42	42	42	P 105	0	609	294	P 168	21	42	63	P 252	0	147	84	P 420	63	42	42	P 525	315	42	42	P 525	378	168	84	
136	4	T 350	215	40	40	P 0	0	714	462	P 21	273	126	105	P 63	420	63	42	P 168	336	105	63	
137	8	T 352	216	40	40	P 0	252	63	42	P 0	315	42	42	P 0	420	42	42	P 21	0	693	357	P 126	0	63	63	P 210	21	42	42	P 420	357	84	42	P 567	378	63	84	
138	10	T 354	217	40	40	P 0	21	42	63	P 0	189	126	126	P 21	336	42	63	P 84	0	42	42	P 105	126	42	42	P 126	399	63	42	P 168	0	546	462	P 189	231	63	42	P 189	147	357	315	P 210	168	42	42	
139	9	T 356	218	40	40	P 0	252	63	63	P 84	21	630	315	P 105	336	63	63	P 189	21	42	42	P 252	420	42	42	P 273	0	63	63	P 399	378	105	63	P 546	399	42	42	P 672	399	42	42	
140	9	T 358	219	40	40	P 0	0	105	105	P 0	126	168	168	P 42	357	42	63	P 126	378	42	63	P 189	0	525	357	P 210	378	63	63	P 273	0	42	42	P 441	420	42	42	P 504	378	105	63	
141	3	T 360	220	40	40	P 0	0	714	462	P 0	231	42	42	P 21	231	273	210	
142	6	T 362	221	40	40	P 21	0	693	420	P 42	420	42	42	P 84	210	84	84	P 105	420	63	42	P 126	336	105	84	P 273	336	147	84	
143	8	T 364	222	40	40	P 0	0	84	63	P 0	378	63	84	P 63	0	651	462	P 105	378	84	42	P 126	21	63	42	P 210	357	42	42	P 273	420	84	42	P 462	378	84	84	
144	11	T 366	223	40	40	P 0	0	84	84	P 21	378	63	63	P 42	105	63	84	P 63	84	462	189	P 147	105	42	63	P 168	420	63	42	P 315	0	147	105	P 336	357	84	63	P 483	0	63	63	P 546	126	63	63	P 546	210	147	168	
145	15	T 368	224	40	40	P 0	84	126	105	P 0	294	42	63	P 21	0	63	63	P 21	378	63	63	P 105	21	42	42	P 147	189	336	168	P 147	378	84	84	P 273	63	63	42	P 273	378	42	63	P 294	0	63	42	P 420	378	147	84	P 504	42	126	63	P 546	189	168	210	P 588	378	84	63	P 651	0	63	42	
146	6	T 370	225	40	40	P 42	273	63	42	P 84	0	630	357	P 84	189	63	63	P 105	420	42	42	P 168	378	105	63	P 462	399	105	63	
147	10	T 372	226	40	40	P 0	42	63	126	P 0	378	42	84	P 147	105	567	294	P 189	0	63	42	P 189	105	84	63	P 378	0	63	63	P 462	42	42	42	P 588	21	42	42	P 588	420	42	42	P 651	0	63	63	
148	8	T 374	227	40	40	P 0	21	126	126	P 0	210	504	231	P 63	168	42	42	P 210	0	231	210	P 462	105	126	126	P 546	0	63	63	P 546	252	168	147	P 630	63	84	42	
149	13	T 376	228	40	40	P 0	252	63	63	P 0	378	105	63	P 21	105	63	42	P 105	21	273	84	P 168	357	105	84	P 189	252	84	42	P 315	168	126	147	P 462	42	42	42	P 462	189	42	42	P 525	126	63	105	P 525	294	42	42	P 588	336	105	126	P 672	63	42	63	
150	5	T 378	229	40	40	P 0	315	315	126	P 0	420	63	42	P 63	0	105	105	P 189	0	525	441	P 336	315	105	63	
151	12	T 380	230	40	40	P 0	84	42	42	P 63	0	357	252	P 63	147	126	84	P 147	336	63	42	P 231	315	63	84	P 483	210	42	42	P 504	294	63	63	P 525	63	63	63	P 567	189	105	84	P 588	294	42	42	P 609	105	42	42	P 672	21	42	63	
152	10	T 382	231	40	40	P 0	210	231	147	P 84	21	189	105	P 273	168	126	105	P 378	378	42	42	P 441	210	84	105	P 462	63	189	105	P 462	378	105	84	P 609	189	63	126	P 630	378	63	84	P 672	126	42	42	
153	9	T 384	232	40	40	P 0	189	168	105	P 21	0	42	42	P 21	357	126	63	P 189	147	42	63	P 231	231	42	42	P 294	105	315	357	P 441	21	42	63	P 651	126	42	63	P 651	336	42	42	
154	15	T 386	233	40	40	P 0	420	42	42	P 21	42	63	42	P 105	126	42	42	P 147	252	42	42	P 168	378	42	63	P 189	42	63	42	P 189	63	441	252	P 210	294	63	42	P 336	420	42	42	P 378	0	63	63	P 378	315	42	42	P 525	336	63	63	P 546	0	63	42	P 630	378	42	42	P 651	0	63	42	
155	11	T 388	234	40	40	P 0	252	63	42	P 21	420	63	42	P 42	0	63	105	P 84	252	63	42	P 105	189	42	42	P 105	357	63	63	P 210	378	63	63	P 231	0	462	273	P 252	189	147	84	P 420	357	84	105	P 567	315	126	126	
156	5	T 390	235	40	40	P 0	0	714	420	P 0	336	63	42	P 231	378	42	63	P 357	399	42	42	P 420	357	42	42	
157	13	T 392	236	40	40	P 0	210	63	42	P 42	63	63	63	P 84	294	63	63	P 84	399	126	42	P 105	189	42	42	P 168	168	42	42	P 189	294	105	63	P 231	105	483	294	P 273	42	42	42	P 315	315	84	42	P 378	21	63	42	P 483	0	42	42	P 546	0	168	84	
158	11	T 394	237	40	40	P 21	0	63	42	P 21	63	42	42	P 21	378	63	63	P 42	210	105	126	P 105	420	63	42	P 168	336	84	42	P 189	63	42	42	P 189	105	210	147	P 420	0	252	168	P 483	210	126	84	P 588	357	126	105	
159	12	T 396	238	40	40	P 21	0	210	105	P 21	420	63	42	P 63	210	42	63	P 168	126	42	63	P 189	84	273	126	P 294	378	84	63	P 315	315	42	42	P 420	252	126	147	P 483	147	63	63	P 567	147	126	63	P 609	336	105	63	P 630	0	63	84	
160	10	T 398	239	40	40	P 63	147	105	63	P 84	0	63	63	P 105	252	105	105	P 126	147	546	273	P 168	0	63	42	P 231	126	42	42	P 420	105	63	63	P 441	0	42	42	P 546	42	63	63	P 651	63	63	42	
161	12	T 400	240	40	40	P 0	42	105	84	P 0	189	105	63	P 21	378	84	84	P 147	21	126	105	P 147	189	126	63	P 294	336	63	84	P 315	0	378	189	P 399	315	63	63	P 441	21	63	42	P 483	336	42	42	P 588	210	105	105	P 588	357	105	63	
162	15	T 402	241	40	40	P 0	126	84	84	P 0	294	105	63	P 63	231	42	42	P 84	0	105	63	P 84	399	42	42	P 126	126	63	42	P 126	210	42	42	P 147	315	42	42	P 231	315	84	42	P 252	105	42	42	P 315	168	84	105	P 336	294	63	63	P 462	294	168	168	P 525	21	189	210	P 651	420	63	42	
163	13	T 404	242	40	40	P 0	42	42	42	P 0	168	189	63	P 21	126	63	63	P 105	378	105	63	P 231	315	63	84	P 273	0	84	84	P 273	126	126	147	P 378	315	42	63	P 399	0	126	105	P 462	294	189	84	P 630	126	63	63	P 672	357	42	42	P 672	420	42	42	
164	10	T 406	243	40	40	P 42	21	42	42	P 42	0	231	126	P 105	189	294	126	P 168	189	42	42	P 294	0	168	126	P 483	42	42	42	P 504	189	105	105	P 504	399	42	42	P 609	378	42	63	P 630	126	42	42	
165	18	T 408	244	40	40	P 21	168	189	147	P 21	357	84	84	P 63	84	42	42	P 126	105	42	42	P 189	420	42	42	P 231	0	42	42	P 315	189	84	84	P 315	315	63	63	P 315	399	63	63	P 357	105	42	63	P 399	294	42	42	P 441	0	105	42	P 441	378	126	63	P 462	273	42	42	P 504	105	84	63	P 609	84	84	42	P 651	231	42	42	P 651	378	63	63	
166	17	T 410	245	40	40	P 0	336	42	42	P 21	105	42	42	P 63	168	42	63	P 84	0	63	63	P 126	231	42	63	P 147	336	126	84	P 210	147	42	42	P 294	42	42	42	P 294	84	168	168	P 336	420	42	42	P 399	357	63	63	P 483	252	63	63	P 525	0	63	42	P 567	126	63	63	P 609	273	84	42	P 630	0	63	105	P 672	189	42	63	
167	13	T 412	246	40	40	P 0	21	63	63	P 21	378	105	63	P 147	420	42	42	P 231	420	42	42	P 315	168	189	252	P 378	0	42	63	P 462	0	42	63	P 525	84	42	42	P 546	231	42	42	P 567	0	42	42	P 630	63	42	42	P 630	399	63	63	P 651	252	63	42	
168	16	T 414	247	40	40	P 0	0	84	84	P 0	315	105	105	P 126	231	42	63	P 147	399	63	42	P 189	147	42	42	P 252	42	63	63	P 315	189	126	84	P 357	294	42	42	P 420	0	42	42	P 483	84	42	42	P 483	315	63	42	P 525	252	42	42	P 588	315	63	63	P 630	105	63	42	P 672	21	42	63	P 672	336	42	42	
169	16	T 416	248	40	40	P 0	0	84	63	P 21	294	42	42	P 84	315	84	63	P 105	168	42	63	P 210	420	42	42	P 231	42	42	42	P 273	399	63	63	P 315	189	84	84	P 336	0	84	105	P 378	420	63	42	P 462	105	63	42	P 462	399	63	63	P 546	294	126	84	P 567	147	42	42	P 567	399	42	42	P 609	0	63	63	
170	13	T 418	249	40	40	P 21	21	63	42	P 21	294	147	84	P 63	420	42	42	P 105	84	42	42	P 168	105	84	84	P 189	399	42	42	P 252	357	168	105	P 273	168	126	105	P 294	105	42	42	P 378	0	63	63	P 483	21	231	231	P 525	420	42	42	P 651	315	63	63	
171	13	T 420	250	40	40	P 0	21	105	147	P 0	420	63	42	P 21	252	84	63	P 147	420	42	42	P 168	0	42	42	P 189	294	63	84	P 231	189	42	42	P 294	336	42	42	P 315	189	126	84	P 378	420	42	42	P 420	42	42	42	P 462	126	252	315	P 525	0	147	105	
172	16	T 422	251	40	40	P 0	273	84	42	P 42	105	63	63	P 42	420	63	42	P 105	336	63	63	P 126	168	105	147	P 252	168	42	42	P 252	294	42	63	P 294	0	84	84	P 315	189	126	189	P 336	105	63	63	P 420	399	63	42	P 525	189	63	63	P 567	42	42	42	P 630	42	63	63	P 630	294	63	63	P 651	168	63	63	
173	13	T 424	252	40	40	P 0	63	42	42	P 21	168	252	252	P 42	0	42	42	P 42	378	63	42	P 84	84	42	63	P 189	0	105	105	P 294	147	105	231	P 336	0	63	63	P 441	42	105	42	P 441	126	105	63	P 546	231	63	42	P 609	273	105	42	P 651	21	42	42	
174	13	T 426	253	40	40	P 0	84	147	63	P 0	315	42	42	P 0	420	42	42	P 84	21	105	63	P 231	21	42	42	P 231	84	63	63	P 231	294	105	63	P 252	399	105	42	P 315	189	84	84	P 420	42	294	189	P 504	189	42	42	P 567	273	42	42	P 609	378	63	63	
175	8	T 428	254	40	40	P 0	105	105	84	P 0	315	63	42	P 42	210	42	42	P 126	63	273	210	P 126	252	63	63	P 462	273	42	42	P 462	357	63	42	P 567	0	126	126	
176	12	T 430	255	40	40	P 0	42	63	63	P 21	231	42	42	P 42	420	63	42	P 84	294	84	63	P 147	0	63	42	P 147	168	42	42	P 168	84	42	42	P 252	189	399	273	P 294	84	42	42	P 378	0	42	42	P 399	84	105	63	P 546	0	42	42	
177	18	T 432	256	40	40	P 21	0	42	84	P 42	273	42	63	P 63	168	42	42	P 84	399	42	42	P 147	0	42	42	P 147	273	42	42	P 189	378	105	84	P 273	189	126	105	P 294	315	42	42	P 315	420	42	42	P 378	105	42	42	P 441	42	42	42	P 462	189	84	63	P 504	315	42	42	P 567	0	63	84	P 567	126	42	63	P 609	252	42	63	P 609	378	105	63	
178	10	T 434	257	40	40	P 0	210	84	126	P 84	63	84	126	P 210	231	63	63	P 231	105	210	168	P 315	336	84	42	P 378	21	42	42	P 441	399	105	63	P 567	0	63	63	P 609	126	42	42	P 630	294	63	84	
179	16	T 436	258	40	40	P 0	42	42	42	P 0	105	63	42	P 0	252	42	42	P 42	399	42	42	P 84	126	42	42	P 105	21	42	42	P 126	189	357	147	P 147	378	42	63	P 210	105	42	42	P 315	42	105	63	P 315	420	63	42	P 483	357	105	84	P 609	84	42	42	P 609	168	63	84	P 630	378	42	63	P 672	0	42	42	
180	6	T 438	259	40	40	P 42	0	126	84	P 42	273	42	42	P 231	126	315	126	P 336	336	147	63	P 420	42	42	42	P 546	21	63	63	
181	13	T 440	260	40	40	P 63	84	42	42	P 63	147	42	42	P 84	0	63	63	P 84	273	42	63	P 210	378	42	42	P 315	168	84	105	P 315	420	42	42	P 336	21	42	42	P 336	315	63	63	P 483	126	63	63	P 525	231	105	84	P 567	42	147	168	P 651	294	42	42	
182	12	T 442	261	40	40	P 0	252	147	147	P 168	210	42	42	P 231	315	126	63	P 273	0	63	63	P 294	84	42	42	P 315	168	105	84	P 420	399	105	63	P 462	231	42	42	P 525	147	105	63	P 525	315	42	42	P 588	273	105	105	P 672	420	42	42	
183	12	T 444	262	40	40	P 42	147	84	63	P 42	315	42	63	P 105	42	42	42	P 189	105	42	42	P 189	357	42	42	P 210	21	42	42	P 210	420	42	42	P 294	189	231	126	P 357	0	63	63	P 483	336	42	42	P 546	21	42	63	P 630	357	42	42	
184	15	T 446	263	40	40	P 21	231	42	42	P 63	378	42	84	P 126	273	63	63	P 189	189	42	42	P 294	84	84	63	P 294	420	42	42	P 315	189	84	84	P 336	21	42	42	P 357	294	105	63	P 441	0	42	42	P 483	105	42	42	P 525	357	84	84	P 567	21	126	84	P 567	210	42	42	P 630	378	42	42	
185	14	T 448	264	40	40	P 42	126	84	63	P 42	231	84	63	P 63	399	42	42	P 84	63	42	42	P 231	357	42	63	P 252	21	42	42	P 252	126	168	189	P 315	378	42	42	P 336	0	63	84	P 483	105	42	42	P 483	273	105	105	P 504	189	105	63	P 504	399	42	42	P 672	0	42	42	
186	9	T 450	265	40	40	P 0	105	42	42	P 0	231	168	147	P 147	0	42	42	P 189	189	210	126	P 462	399	42	42	P 567	0	42	42	P 567	231	63	42	P 609	378	84	42	P 672	189	42	63	
187	13	T 452	266	40	40	P 0	147	63	42	P 84	42	168	126	P 210	336	42	63	P 294	189	126	168	P 399	42	42	42	P 420	126	63	42	P 462	0	63	42	P 462	399	42	42	P 525	63	63	42	P 525	336	42	42	P 546	168	42	42	P 567	273	42	42	P 630	420	42	42	
188	13	T 454	267	40	40	P 42	0	63	42	P 84	63	105	63	P 147	0	42	42	P 189	336	42	42	P 252	420	42	42	P 273	0	42	63	P 315	105	168	147	P 399	399	84	63	P 504	210	63	63	P 504	315	42	42	P 567	84	63	42	P 588	210	63	42	P 651	42	63	42	
189	10	T 456	268	40	40	P 0	168	42	42	P 105	147	42	42	P 231	105	42	63	P 252	420	42	42	P 315	168	84	126	P 336	420	63	42	P 357	105	63	42	P 462	231	42	42	P 525	147	63	63	P 546	357	42	63	
190	11	T 458	269	40	40	P 0	126	42	42	P 21	0	42	42	P 21	210	63	63	P 84	420	42	42	P 105	168	84	63	P 210	189	231	84	P 252	420	42	42	P 483	189	42	42	P 504	105	42	42	P 630	378	42	42	P 651	189	63	42	
191	17	T 460	270	40	40	P 21	420	42	42	P 42	21	84	63	P 147	378	42	42	P 168	0	42	63	P 168	294	42	42	P 189	168	105	84	P 294	21	42	42	P 294	294	42	42	P 315	189	84	84	P 420	63	126	84	P 420	252	105	63	P 441	357	42	42	P 504	336	105	63	P 609	252	42	42	P 651	147	42	42	P 651	420	42	42	P 672	21	42	63	
192	11	T 462	271	40	40	P 0	126	63	84	P 147	252	84	42	P 294	63	42	42	P 315	189	84	84	P 357	336	63	84	P 399	105	42	63	P 420	273	42	42	P 483	399	42	42	P 525	63	84	63	P 609	147	42	42	P 672	168	42	42	
193	10	T 464	272	40	40	P 0	0	42	63	P 0	189	210	168	P 84	0	105	84	P 84	420	42	42	P 315	189	84	126	P 420	357	42	42	P 483	357	84	63	P 546	84	84	84	P 567	0	63	63	P 609	336	63	63	
194	10	T 466	273	40	40	P 42	147	105	105	P 105	273	63	42	P 210	231	42	42	P 231	126	210	189	P 252	0	84	63	P 294	294	42	42	P 462	42	42	42	P 504	147	84	63	P 588	231	42	42	P 672	336	42	42	
195	9	T 468	274	40	40	P 0	126	42	42	P 0	357	42	63	P 42	231	63	42	P 126	294	42	42	P 168	168	42	42	P 294	399	63	63	P 315	189	84	84	P 567	294	42	42	P 609	42	84	126	
196	13	T 470	275	40	40	P 0	42	42	63	P 105	189	42	42	P 168	378	84	63	P 252	147	42	42	P 315	105	42	63	P 315	189	84	84	P 420	399	42	63	P 441	210	42	42	P 462	147	42	42	P 546	42	63	42	P 567	336	42	42	P 609	399	63	63	P 630	189	63	63	
197	8	T 472	276	40	40	P 63	294	63	63	P 126	0	42	42	P 147	126	42	42	P 315	189	84	84	P 336	0	42	63	P 420	189	84	63	P 483	84	42	42	P 546	0	42	42	
198	13	T 474	277	40	40	P 84	105	63	63	P 147	21	42	42	P 189	252	63	42	P 189	315	42	63	P 231	63	42	63	P 315	147	84	126	P 357	315	42	42	P 504	252	42	42	P 525	42	42	42	P 567	378	42	42	P 588	126	63	63	P 588	315	63	42	P 672	378	42	84	
199	11	T 476	278	40	40	P 0	294	63	42	P 105	420	42	42	P 189	0	42	42	P 189	315	42	42	P 231	252	42	42	P 252	0	42	42	P 273	84	42	42	P 315	189	105	105	P 420	63	84	42	P 483	399	42	42	P 609	147	84	63	
200	8	T 478	279	40	40	P 0	126	42	42	P 189	105	63	63	P 210	336	42	42	P 231	273	42	42	P 252	399	42	42	P 315	189	84	105	P 315	357	42	63	P 462	231	42	42	
201	8	T 480	280	40	40	P 168	399	105	42	P 231	0	42	63	P 231	168	42	42	P 231	336	42	42	P 315	147	84	126	P 336	0	168	126	P 588	231	42	42	P 588	420	42	42	
202	9	T 482	281	40	40	P 0	231	42	42	P 231	84	126	63	P 294	0	147	105	P 315	189	84	84	P 315	336	42	63	P 399	357	42	42	P 441	231	42	42	P 567	252	105	63	P 630	126	84	63	
203	12	T 484	282	40	40	P 0	63	63	42	P 21	336	63	42	P 105	126	105	126	P 105	420	63	42	P 273	189	126	84	P 357	21	63	84	P 420	273	42	42	P 462	210	42	42	P 525	252	42	42	P 651	0	63	42	P 651	210	63	63	P 672	420	42	42	
204	11	T 486	283	40	40	P 63	252	42	42	P 126	420	42	42	P 168	42	42	42	P 294	357	42	42	P 315	126	42	42	P 315	189	84	105	P 504	84	84	63	P 504	231	42	42	P 567	189	42	42	P 651	63	42	63	P 672	231	42	63	
205	7	T 488	284	40	40	P 0	63	42	63	P 315	168	84	105	P 336	336	42	42	P 462	399	42	42	P 525	84	42	63	P 525	168	42	42	P 651	336	42	63	
206	9	T 490	285	40	40	P 21	231	63	42	P 21	336	63	42	P 42	126	42	63	P 105	336	42	42	P 147	168	63	42	P 189	336	42	42	P 315	189	84	84	P 420	105	42	42	P 546	294	42	63	
207	11	T 492	286	40	40	P 105	42	63	42	P 168	294	84	63	P 189	126	63	42	P 273	63	63	63	P 294	315	105	63	P 315	189	84	105	P 399	84	42	42	P 462	147	63	84	P 609	42	63	63	P 609	147	42	42	P 651	420	42	42	
208	14	T 494	287	40	40	P 21	210	42	42	P 42	63	63	63	P 126	231	105	63	P 147	336	63	63	P 252	84	63	63	P 315	189	84	84	P 315	357	42	42	P 336	42	63	63	P 441	378	63	42	P 525	84	63	42	P 525	210	63	42	P 567	0	42	42	P 609	189	42	42	P 651	105	42	63	
209	13	T 496	288	40	40	P 63	399	42	63	P 126	126	42	63	P 126	252	42	42	P 147	0	63	63	P 168	378	42	42	P 315	189	84	84	P 357	336	63	42	P 399	42	42	42	P 525	63	63	42	P 525	147	42	42	P 651	105	63	42	P 651	315	63	42	P 672	21	42	42	
210	12	T 498	289	40	40	P 21	21	63	63	P 63	105	84	126	P 168	147	63	63	P 189	399	84	63	P 252	189	147	84	P 336	105	42	42	P 441	105	42	42	P 462	0	42	42	P 504	357	84	42	P 525	63	84	42	P 567	273	105	42	P 651	21	42	42	
211	10	T 500	290	40	40	P 42	105	42	42	P 105	399	42	42	P 210	210	42	42	P 231	42	42	63	P 273	189	126	84	P 294	378	42	42	P 378	336	42	63	P 462	21	84	84	P 546	378	42	42	P 567	252	63	42	
212	10	T 502	291	40	40	P 0	0	105	42	P 63	63	42	42	P 315	189	84	84	P 315	315	84	63	P 399	0	42	42	P 441	378	63	42	P 483	21	63	63	P 504	126	42	42	P 630	84	42	42	P 630	147	63	63	
213	8	T 504	292	40	40	P 0	0	168	84	P 189	378	42	42	P 315	189	84	84	P 399	378	63	42	P 420	63	63	42	P 462	210	42	42	P 609	210	63	105	P 630	0	63	42	
214	8	T 506	293	40	40	P 0	231	63	42	P 147	357	42	42	P 210	273	42	63	P 315	189	84	84	P 357	378	42	42	P 420	294	63	63	P 567	42	126	63	P 567	294	63	63	
215	9	T 508	294	40	40	P 84	168	63	84	P 189	210	63	42	P 315	189	147	147	P 420	42	63	63	P 441	420	42	42	P 546	84	42	42	P 588	336	42	63	P 609	273	63	42	P 651	63	63	42	
216	8	T 510	295	40	40	P 0	84	84	42	P 126	378	42	63	P 168	42	84	126	P 273	336	42	42	P 315	42	84	84	P 315	147	147	126	P 441	0	105	63	P 567	126	42	42	
217	9	T 512	296	40	40	P 42	126	42	42	P 63	0	42	42	P 168	336	63	42	P 231	105	42	63	P 294	336	63	42	P 315	189	84	84	P 441	420	42	42	P 462	231	42	42	P 504	336	63	42	
218	13	T 514	297	40	40	P 0	189	42	42	P 0	273	63	147	P 84	0	42	42	P 126	399	63	63	P 147	147	42	42	P 189	210	84	105	P 273	378	42	42	P 315	189	84	84	P 336	399	42	42	P 441	105	63	63	P 483	357	42	42	P 672	189	42	63	P 672	357	42	42	
219	10	T 516	298	40	40	P 42	0	42	42	P 63	84	63	42	P 105	294	63	63	P 231	126	168	147	P 462	420	42	42	P 483	168	42	42	P 546	63	42	42	P 609	42	42	42	P 609	420	42	42	P 672	210	42	63	
220	7	T 518	299	40	40	P 84	252	63	63	P 84	378	84	84	P 315	147	105	126	P 378	84	42	42	P 378	399	42	42	P 483	168	126	126	P 504	105	42	42	
221	10	T 520	300	40	40	P 0	273	63	84	P 21	0	63	42	P 21	189	42	42	P 252	105	42	42	P 294	294	42	42	P 315	189	84	84	P 378	0	63	42	P 630	336	84	84	P 672	126	42	63	P 672	273	42	42	
222	6	T 522	301	40	40	P 42	21	63	42	P 63	315	63	42	P 315	189	84	147	P 441	84	42	42	P 483	21	63	42	P 546	252	84	63	
223	5	T 524	302	40	40	P 63	168	42	42	P 84	42	63	63	P 294	189	105	84	P 420	252	42	42	P 504	126	42	63	
224	10	T 526	303	40	40	P 42	294	42	42	P 63	189	105	63	P 105	420	42	42	P 168	399	42	42	P 273	105	63	42	P 315	189	126	84	P 315	399	42	42	P 483	168	105	105	P 588	105	63	42	P 651	273	42	42	
225	10	T 528	304	40	40	P 0	105	42	42	P 0	273	42	63	P 84	42	42	63	P 84	273	42	42	P 189	378	42	42	P 294	42	63	63	P 315	189	84	105	P 399	336	42	42	P 483	0	42	42	P 609	105	42	42	
226	7	T 530	305	40	40	P 84	126	63	63	P 84	399	63	42	P 210	168	42	42	P 315	189	84	84	P 546	210	42	42	P 546	336	42	42	P 609	399	42	42	
227	6	T 532	306	40	40	P 21	399	42	63	P 105	294	42	42	P 147	210	42	63	P 210	0	63	42	P 315	189	84	126	P 357	0	63	42	
228	9	T 534	307	40	40	P 0	336	63	63	P 84	210	42	42	P 105	378	63	84	P 126	21	42	42	P 147	126	63	63	P 315	147	84	126	P 315	420	42	42	P 399	21	42	42	P 630	336	42	42	
229	9	T 536	308	40	40	P 21	357	42	42	P 84	378	63	84	P 126	294	42	42	P 210	189	42	42	P 315	105	42	42	P 315	189	84	84	P 378	357	42	63	P 420	273	42	42	P 609	0	63	42	
230	8	T 538	309	40	40	P 84	336	84	63	P 210	252	42	42	P 231	357	126	63	P 315	189	84	147	P 483	126	42	42	P 504	21	42	63	P 609	0	105	105	P 630	399	63	42	
231	6	T 540	310	40	40	P 42	84	63	63	P 84	378	42	42	P 147	336	63	105	P 231	147	168	126	P 315	63	42	42	P 315	294	42	63	
232	8	T 542	311	40	40	P 252	42	63	42	P 315	189	84	84	P 441	84	105	63	P 483	399	42	42	P 567	42	42	63	P 567	189	42	42	P 567	252	42	42	P 651	126	42	42	
233	6	T 544	312	40	40	P 84	168	42	42	P 84	252	42	42	P 315	189	84	84	P 441	147	63	42	P 567	273	42	42	P 609	336	63	42	
234	10	T 546	313	40	40	P 0	210	42	42	P 84	357	63	63	P 126	42	42	42	P 126	189	42	42	P 252	231	42	42	P 315	189	84	84	P 336	336	42	42	P 420	21	42	42	P 588	315	105	63	P 651	210	42	42	
235	4	T 548	314	40	40	P 231	294	42	42	P 252	126	147	147	P 588	315	42	42	P 630	378	42	42	
236	6	T 550	315	40	40	P 105	378	63	42	P 147	21	63	42	P 210	231	42	63	P 315	189	84	84	P 462	0	42	42	P 504	168	42	42	
237	9	T 552	316	40	40	P 126	147	63	63	P 147	63	42	42	P 294	357	42	42	P 315	189	84	84	P 336	0	42	42	P 399	126	63	42	P 483	231	42	42	P 609	63	42	42	P 630	294	63	63	
238	5	T 554	317	40	40	P 21	147	63	42	P 84	273	42	42	P 189	210	42	42	P 273	147	126	126	P 630	420	42	42	
239	7	T 556	318	40	40	P 147	42	63	63	P 210	294	42	42	P 315	189	84	84	P 357	378	84	84	P 567	147	42	42	P 588	273	84	84	P 672	105	42	42	
240	8	T 558	319	40	40	P 63	21	42	63	P 147	336	42	42	P 231	231	42	42	P 315	63	63	42	P 315	189	84	126	P 441	0	42	42	P 651	147	63	63	P 672	357	42	63	
241	8	T 560	320	40	40	P 63	0	63	42	P 84	336	42	42	P 168	0	42	42	P 294	0	63	42	P 315	189	105	126	P 483	189	42	42	P 546	231	42	42	P 609	63	84	63	
242	4	T 562	321	40	40	P 21	126	126	147	P 273	168	126	105	P 294	63	42	42	P 567	399	42	42	
243	8	T 564	322	40	40	P 63	378	42	42	P 84	231	42	42	P 168	105	42	42	P 189	168	42	42	P 252	420	42	42	P 273	336	63	42	P 315	189	84	84	P 483	168	42	63	
244	7	T 566	323	40	40	P 42	42	42	42	P 105	126	63	63	P 315	189	84	84	P 336	63	42	42	P 504	168	42	42	P 546	42	42	42	P 630	21	84	63	
245	4	T 568	324	40	40	P 0	357	42	42	P 315	147	84	126	P 525	378	63	42	P 651	63	42	42	
246	9	T 570	325	40	40	P 21	189	105	42	P 105	357	63	42	P 147	105	42	42	P 147	168	42	42	P 315	126	84	147	P 315	378	84	63	P 357	294	42	42	P 651	378	63	84	P 672	0	42	42	
247	6	T 572	326	40	40	P 252	420	42	42	P 294	84	84	63	P 315	189	84	84	P 336	294	63	63	P 588	42	42	42	P 672	336	42	42	
248	11	T 574	327	40	40	P 21	147	63	63	P 147	0	42	42	P 168	315	42	42	P 210	21	42	42	P 273	105	42	42	P 315	189	84	84	P 420	0	42	42	P 420	357	84	84	P 441	294	42	42	P 546	42	42	42	P 609	168	42	42	
249	8	T 576	328	40	40	P 84	21	42	42	P 147	294	42	42	P 315	189	84	84	P 504	147	42	42	P 525	42	63	63	P 546	210	42	42	P 630	189	42	42	P 672	105	42	63	
250	6	T 578	329	40	40	P 147	273	42	42	P 252	189	42	42	P 315	147	84	126	P 462	84	42	42	P 525	147	42	42	P 609	0	42	42	
251	6	T 580	330	40	40	P 42	105	63	63	P 105	126	126	84	P 105	399	42	42	P 315	189	84	84	P 420	0	42	42	P 567	147	84	42	
252	5	T 582	331	40	40	P 0	0	84	42	P 231	231	42	42	P 315	189	84	84	P 546	231	42	42	P 630	126	42	42	
253	6	T 584	332	40	40	P 42	357	42	42	P 84	168	42	42	P 189	399	42	42	P 252	63	42	63	P 315	168	105	84	P 630	147	63	42	
254	11	T 586	333	40	40	P 0	168	42	42	P 21	63	42	63	P 126	63	42	42	P 315	189	84	84	P 336	0	84	42	P 420	252	42	42	P 420	315	42	42	P 504	231	42	42	P 546	0	105	63	P 609	420	42	42	P 630	189	42	42	
255	6	T 588	334	40	40	P 0	168	63	63	P 126	0	42	63	P 315	105	126	84	P 504	126	63	42	P 630	63	63	42	P 651	378	42	42	
256	10	T 590	335	40	40	P 21	21	42	42	P 21	378	42	42	P 42	189	63	105	P 147	126	42	63	P 168	315	84	63	P 315	189	84	84	P 378	126	42	42	P 420	252	42	63	P 462	21	42	42	P 462	126	84	63	
257	8	T 592	336	40	40	P 0	273	42	42	P 42	126	42	42	P 105	378	42	42	P 210	336	42	42	P 315	189	84	84	P 378	420	84	42	P 546	0	42	63	P 567	378	42	42	
258	4	T 594	337	40	40	P 21	231	63	42	P 84	336	42	42	P 189	336	63	42	P 315	189	84	84	
259	11	T 596	338	40	40	P 21	273	42	42	P 42	147	42	42	P 84	210	63	42	P 126	21	84	42	P 231	210	42	42	P 315	189	84	84	P 315	315	42	42	P 420	21	42	42	P 420	84	42	42	P 525	63	63	42	P 651	105	42	42	
260	8	T 598	339	40	40	P 0	210	42	42	P 63	252	63	63	P 105	399	42	42	P 189	0	42	42	P 189	252	42	42	P 273	378	42	42	P 315	189	84	63	P 546	84	42	42	
261	9	T 600	340	40	40	P 210	252	42	42	P 210	378	63	63	P 273	147	126	126	P 315	21	42	42	P 315	84	42	42	P 525	63	63	42	P 546	378	42	42	P 651	357	42	42	P 672	42	42	42	
262	7	T 602	341	40	40	P 42	168	42	42	P 105	105	42	42	P 168	126	42	42	P 273	189	126	84	P 336	63	63	63	P 441	126	105	63	P 672	42	42	42	
263	3	T 604	342	40	40	P 105	231	42	42	P 315	189	84	84	P 546	63	126	147	
264	7	T 606	343	40	40	P 63	315	63	63	P 210	273	42	42	P 315	189	84	84	P 399	63	84	84	P 462	189	42	42	P 630	420	42	42	P 651	294	42	42	
265	8	T 608	344	40	40	P 105	21	42	42	P 105	105	42	42	P 147	294	84	105	P 315	126	126	147	P 336	21	63	42	P 546	378	42	42	P 609	420	63	42	P 651	231	42	63	
266	3	T 610	345	40	40	P 0	420	42	42	P 231	168	168	105	P 483	105	42	63	
267	5	T 612	346	40	40	P 231	168	42	42	P 315	189	84	84	P 399	63	42	42	P 483	126	63	42	P 651	126	63	63	
268	5	T 614	347	40	40	P 0	126	42	42	P 147	210	42	42	P 168	294	63	42	P 336	189	63	84	P 546	126	42	42	
269	4	T 616	348	40	40	P 21	126	63	63	P 231	21	42	42	P 315	189	84	84	P 504	84	42	63	
270	8	T 618	349	40	40	P 63	147	63	42	P 147	0	63	84	P 189	189	42	42	P 252	378	63	63	P 315	189	84	63	P 441	63	42	42	P 588	84	63	63	P 630	399	42	42	
271	6	T 620	350	40	40	P 105	105	42	42	P 168	210	63	84	P 315	189	84	84	P 378	42	42	42	P 441	84	42	42	P 483	399	42	42	
272	7	T 622	351	40	40	P 42	231	63	42	P 63	378	42	63	P 84	105	42	42	P 84	315	63	42	P 147	147	42	84	P 315	189	84	84	P 504	21	42	63	
273	10	T 624	352	40	40	P 21	273	42	42	P 63	126	63	63	P 252	84	42	42	P 252	189	147	63	P 273	399	42	42	P 294	336	42	42	P 441	63	84	105	P 441	210	42	42	P 588	105	42	42	P 609	399	42	42	
274	5	T 626	353	40	40	P 63	294	63	42	P 252	105	42	42	P 315	63	42	42	P 315	189	84	84	P 483	210	63	42	
275	6	T 628	354	40	40	P 189	126	42	42	P 210	399	42	63	P 315	189	84	84	P 357	21	63	63	P 441	105	42	42	P 483	399	42	42	
276	6	T 630	355	40	40	P 63	84	42	63	P 168	231	63	42	P 210	378	42	42	P 315	189	84	84	P 441	315	63	42	P 525	63	63	63	
277	6	T 632	356	40	40	P 42	294	42	42	P 126	399	42	42	P 168	0	42	63	P 315	84	42	63	P 315	189	84	84	P 672	399	42	63	
278	4	T 634	357	40	40	P 147	378	42	63	P 315	189	168	126	P 441	126	42	42	P 504	252	42	42	
279	6	T 636	358	40	40	P 21	357	42	63	P 63	210	63	42	P 315	189	84	63	P 462	42	42	42	P 546	399	42	42	P 588	0	42	42	
280	4	T 638	359	40	40	P 168	210	63	63	P 315	189	84	84	P 483	105	42	63	P 588	315	42	42	
281	9	T 640	360	40	40	P 0	399	42	63	P 84	315	63	63	P 105	210	63	42	P 168	63	42	63	P 168	147	42	42	P 189	357	42	42	P 315	189	84	84	P 420	231	42	42	P 609	294	63	63	
282	4	T 642	361	40	40	P 105	420	42	42	P 168	0	63	42	P 168	147	42	63	P 315	189	84	84	
283	7	T 644	362	40	40	P 84	210	42	42	P 126	63	42	42	P 315	189	84	84	P 378	315	42	42	P 567	126	42	63	P 567	252	63	42	P 672	420	42	42	
284	3	T 646	363	40	40	P 294	294	42	42	P 315	189	84	84	P 336	84	42	42	
285	6	T 648	364	40	40	P 0	420	42	42	P 21	294	63	42	P 126	21	42	42	P 210	252	42	42	P 315	189	63	84	P 357	315	42	63	
286	9	T 650	365	40	40	P 0	168	42	63	P 21	294	42	42	P 84	357	42	42	P 147	252	42	42	P 252	84	42	42	P 252	147	210	84	P 462	357	63	42	P 504	252	63	63	P 651	84	42	63	
287	5	T 652	366	40	40	P 21	63	42	42	P 294	189	84	63	P 483	378	42	42	P 504	105	42	42	P 546	420	63	42	
288	6	T 654	367	40	40	P 21	336	42	42	P 105	399	42	42	P 126	105	42	42	P 231	0	42	42	P 294	189	105	63	P 546	0	42	42	
289	6	T 656	368	40	40	P 0	378	63	42	P 21	273	42	42	P 126	378	42	42	P 147	21	42	42	P 168	147	42	42	P 231	126	147	126	
290	4	T 658	369	40	40	P 126	399	42	42	P 315	189	84	105	P 546	84	42	63	P 672	315	42	42	
291	4	T 660	370	40	40	P 210	420	42	42	P 315	0	42	42	P 315	189	84	84	P 525	357	42	63	
292	3	T 658	371	40	40	P 315	189	84	84	P 399	42	84	63	P 588	294	42	42	
293	5	T 656	372	40	40	P 252	21	42	42	P 315	189	84	84	P 462	21	42	42	P 567	0	63	42	P 672	315	42	42	
294	4	T 654	373	40	40	P 189	420	42	42	P 315	189	84	63	P 483	357	42	42	P 567	210	42	42	
295	6	T 652	374	40	40	P 21	315	42	42	P 126	294	42	42	P 231	0	42	42	P 336	189	126	84	P 357	105	42	42	P 357	315	42	42	
296	3	T 650	375	40	40	P 0	231	84	126	P 336	189	84	105	P 441	189	42	42	
297	4	T 648	376	40	40	P 42	252	42	42	P 105	420	42	42	P 294	315	63	63	P 336	210	42	42	
298	5	T 646	377	40	40	P 105	21	63	42	P 252	147	63	42	P 252	210	126	63	P 483	0	42	42	P 588	63	42	42	
299	1	T 644	378	40	40	P 315	189	63	63	
300	6	T 642	379	40	40	P 84	0	42	42	P 147	357	42	42	P 189	189	42	42	P 336	210	42	63	P 357	42	63	42	P 546	168	42	42	
301	5	T 640	380	40	40	P 63	252	63	63	P 315	189	63	63	P 462	42	42	42	P 525	0	105	42	P 546	336	42	42	
302	3	T 638	381	40	40	P 84	168	42	42	P 147	357	63	42	P 315	189	84	84	
303	4	T 636	382	40	40	P 189	315	42	42	P 210	189	42	42	P 273	336	63	63	P 483	399	42	42	
304	6	T 634	383	40	40	P 0	0	42	42	P 210	210	42	63	P 441	84	42	42	P 441	357	42	42	P 567	168	84	63	P 630	420	42	42	
305	6	T 632	384	40	40	P 21	147	63	42	P 21	357	126	63	P 126	42	42	63	P 336	210	63	63	P 567	168	42	42	P 672	189	42	63	
306	4	T 630	385	40	40	P 315	189	63	63	P 357	294	42	42	P 525	168	42	42	P 672	420	42	42	
307	3	T 628	386	40	40	P 378	126	63	63	P 399	315	42	42	P 420	378	63	63	
308	5	T 626	387	40	40	P 210	252	42	42	P 231	0	42	63	P 294	420	42	42	P 336	189	63	63	P 357	357	84	84	
309	3	T 624	388	40	40	P 189	231	42	63	P 315	147	105	63	P 672	21	42	63	
310	7	T 622	389	40	40	P 0	420	42	42	P 105	294	63	42	P 231	126	42	42	P 273	252	42	42	P 336	210	63	63	P 483	252	42	63	P 672	294	42	42	
311	3	T 620	390	40	40	P 42	21	42	63	P 231	105	42	42	P 336	189	63	84	
312	3	T 618	391	40	40	P 42	273	84	105	P 336	210	42	42	P 609	147	63	42	
313	3	T 616	392	40	40	P 294	357	42	42	P 315	210	63	63	P 588	357	42	42	
314	2	T 614	393	40	40	P 105	21	42	42	P 546	189	84	42	
315	7	T 612	394	40	40	P 168	336	42	42	P 273	21	42	42	P 294	315	63	42	P 420	0	42	42	P 504	42	63	63	P 588	168	42	63	P 651	273	42	42	
316	0	T 610	395	40	40	
317	5	T 608	396	40	40	P 0	63	42	42	P 210	42	42	42	P 315	189	63	63	P 483	378	63	63	P 567	0	42	42	
318	6	T 606	397	40	40	P 63	63	42	42	P 189	168	84	42	P 357	210	42	42	P 462	84	42	42	P 525	378	42	42	P 651	168	42	42	
319	2	T 604	398	40	40	P 210	0	63	42	P 525	273	42	42	
320	2	T 602	399	40	40	P 168	105	42	42	P 336	210	42	42	
321	3	T 600	400	40	40	P 273	294	42	42	P 315	189	63	63	P 651	315	63	63	
322	7	T 598	401	40	40	P 0	63	42	63	P 84	21	42	42	P 147	21	42	42	P 336	210	63	42	P 462	63	42	42	P 462	231	84	63	P 609	21	42	42	
323	3	T 596	402	40	40	P 84	273	147	63	P 273	210	105	105	P 441	336	42	42	
324	6	T 594	403	40	40	P 0	315	42	42	P 126	315	42	63	P 231	0	42	42	P 294	126	42	42	P 315	189	63	84	P 504	21	42	42	
325	1	T 592	404	40	40	P 315	210	63	42	
326	3	T 590	405	40	40	P 189	336	42	42	P 315	189	63	84	P 588	357	42	42	
327	2	T 588	406	40	40	P 105	168	42	42	P 567	42	42	42	
328	4	T 586	407	40	40	P 0	357	42	42	P 21	0	84	63	P 567	84	42	42	P 651	420	63	42	
329	3	T 584	408	40	40	P 21	231	42	42	P 231	294	42	42	P 336	189	63	63	
330	2	T 582	409	40	40	P 105	63	42	42	P 273	42	42	63	
331	3	T 580	410	40	40	P 168	336	42	42	P 336	189	42	63	P 525	315	63	42	
332	2	T 578	411	40	40	P 210	84	42	42	P 336	210	42	42	
333	4	T 576	412	40	40	P 189	0	42	42	P 399	420	63	42	P 420	63	42	42	P 525	126	63	63	
334	2	T 574	413	40	40	P 210	105	63	42	P 315	189	63	63	
335	3	T 572	414	40	40	P 84	147	63	63	P 336	189	42	63	P 609	399	42	42	
336	5	T 570	415	40	40	P 21	63	42	42	P 189	273	42	42	P 336	210	63	63	P 420	189	42	42	P 546	21	63	42	
337	3	T 568	416	40	40	P 105	273	63	63	P 315	63	42	42	P 315	210	42	42	
338	3	T 566	417	40	40	P 231	210	42	42	P 357	420	63	42	P 504	105	42	42	
339	5	T 564	418	40	40	P 294	357	63	42	P 336	210	42	42	P 525	42	63	42	P 525	399	42	42	P 630	336	42	42	
340	1	T 562	419	40	40	P 315	399	42	42	
341	1	T 560	420	40	40	P 630	399	63	63	
342	4	T 558	419	40	40	P 21	336	42	42	P 84	147	42	42	P 336	189	63	84	P 357	315	63	42	
343	1	T 556	418	40	40	P 294	126	42	42	
344	6	T 554	417	40	40	P 42	336	42	42	P 63	126	63	42	P 210	378	42	42	P 336	189	63	63	P 336	378	42	42	P 525	126	42	42	
345	3	T 552	416	40	40	P 0	210	42	42	P 273	336	42	42	P 294	273	42	42	
346	1	T 550	415	40	40	P 336	210	63	63	
347	4	T 548	414	40	40	P 315	189	84	84	P 588	273	42	42	P 609	420	42	42	P 630	126	63	42	
348	1	T 546	413	40	40	P 315	210	42	42	
349	2	T 544	412	40	40	P 462	105	42	42	P 525	126	42	42	
350	2	T 542	411	40	40	P 126	273	42	42	P 336	210	42	42	
351	3	T 540	410	40	40	P 0	399	42	42	P 84	315	63	63	P 315	210	84	42	
352	3	T 538	409	40	40	P 63	420	42	42	P 147	210	42	42	P 525	21	63	42	
353	1	T 536	408	40	40	P 357	399	63	42	
354	0	T 534	407	40	40	
355	1	T 532	406	40	40	P 336	210	63	63	
356	1	T 530	405	40	40	P 42	357	42	42	
357	4	T 528	404	40	40	P 147	315	42	42	P 252	84	42	42	P 441	21	42	42	P 588	84	42	42	
358	4	T 526	403	40	40	P 105	273	42	42	P 336	189	63	63	P 441	42	42	63	P 672	84	42	63	
359	1	T 524	402	40	40	P 357	210	42	42	
360	2	T 522	401	40	40	P 189	84	63	63	P 336	210	42	42	
361	3	T 520	400	40	40	P 168	0	63	42	P 336	210	63	63	P 588	273	42	42	
362	4	T 518	399	40	40	P 63	336	42	42	P 105	42	42	42	P 315	210	63	63	P 588	231	42	42	
363	3	T 516	398	40	40	P 231	168	63	63	P 336	210	42	42	P 609	399	42	42	
364	4	T 514	397	40	40	P 21	21	42	42	P 336	210	63	63	P 420	210	42	42	P 672	252	42	42	
365	0	T 512	396	40	40	
366	2	T 510	395	40	40	P 210	378	42	42	P 315	168	42	42	
367	2	T 508	394	40	40	P 336	189	42	63	P 504	105	63	63	
368	3	T 506	393	40	40	P 168	273	42	42	P 336	210	42	42	P 441	126	42	42	
369	3	T 504	392	40	40	P 84	0	42	42	P 231	168	84	42	P 567	336	63	63	
370	3	T 502	391	40	40	P 168	273	42	42	P 336	210	84	105	P 525	42	42	63	
371	4	T 500	390	40	40	P 63	231	42	42	P 126	126	42	42	P 336	189	42	63	P 399	420	42	42	
372	1	T 498	389	40	40	P 315	189	63	63	
373	2	T 496	388	40	40	P 189	63	42	42	P 567	168	42	42	
374	1	T 494	387	40	40	P 315	210	63	63	
375	3	T 492	386	40	40	P 42	63	63	63	P 588	399	42	63	P 630	21	42	42	
376	2	T 490	385	40	40	P 315	210	63	42	P 336	357	42	42	
377	2	T 488	384	40	40	P 147	336	42	42	P 315	189	63	63	
378	0	T 486	383	40	40	
379	2	T 484	382	40	40	P 84	84	42	42	P 273	315	63	42	
380	1	T 482	381	40	40	P 336	210	63	42	
381	2	T 480	380	40	40	P 84	168	42	42	P 357	168	42	42	
382	3	T 478	379	40	40	P 168	378	42	42	P 336	210	42	42	P 504	21	42	42	
383	2	T 476	378	40	40	P 294	189	42	42	P 504	210	42	42	
384	3	T 474	377	40	40	P 0	315	42	42	P 315	210	63	63	P 378	399	63	42	
385	2	T 472	376	40	40	P 336	210	42	42	P 483	231	63	63	
386	1	T 470	375	40	40	P 357	378	63	63	
387	1	T 468	374	40	40	P 315	231	63	63	
388	2	T 466	373	40	40	P 336	210	42	42	P 672	21	42	42	
389	2	T 464	372	40	40	P 336	210	42	42	P 546	21	42	42	
390	1	T 462	371	40	40	P 630	42	63	63	
391	1	T 460	370	40	40	P 336	210	63	42	
392	1	T 458	369	40	40	P 567	21	42	42	
393	4	T 456	368	40	40	P 63	42	42	42	P 357	168	42	42	P 567	84	42	42	P 567	357	42	42	
394	0	T 454	367	40	40	
395	1	T 452	366	40	40	P 336	210	63	42	
396	3	T 450	365	40	40	P 315	210	63	63	P 525	399	42	42	P 609	357	42	42	
397	2	T 448	364	40	40	P 294	357	42	42	P 336	210	42	63	
398	1	T 446	363	40	40	P 336	210	42	63	
399	0	T 444	362	40	40	
400	1	T 442	361	40	40	P 84	399	42	63	
401	6	T 440	360	40	40	P 63	336	42	42	P 84	231	42	42	P 336	210	42	42	P 462	252	63	63	P 483	126	42	42	P 672	210	42	63	
402	0	T 438	359	40	40	
403	3	T 436	358	40	40	P 315	126	63	105	P 357	0	42	42	P 399	273	42	42	
404	1	T 434	357	40	40	P 42	294	42	42	
405	2	T 432	356	40	40	P 0	378	63	63	P 651	420	42	42	
406	1	T 430	355	40	40	P 399	273	42	63	
407	1	T 428	354	40	40	P 378	399	42	42	
408	1	T 426	353	40	40	P 630	252	42	42	
409	1	T 424	352	40	40	P 336	210	42	63	
410	1	T 422	351	40	40	P 336	210	42	42	
411	0	T 420	350	40	40	
412	0	T 418	349	40	40	
413	0	T 416	348	40	40	
414	0	T 414	347	40	40	
415	0	T 412	346	40	40	
416	2	T 410	345	40	40	P 294	147	84	105	P 546	126	42	42	
417	0	T 408	344	40	40	
418	0	T 406	343	40	40	
419	2	T 404	342	40	40	P 147	420	42	42	P 588	252	42	42	
420	3	T 402	341	40	40	P 231	210	42	42	P 252	147	42	42	P 336	210	42	42	
421	1	T 400	340	40	40	P 252	63	42	42	
422	1	T 398	339	40	40	P 525	126	42	42	
423	0	T 396	338	40	40	
424	1	T 394	337	40	40	P 336	210	63	42	
425	1	T 392	336	40	40	P 168	378	42	63	
426	0	T 390	335	40	40	
427	0	T 388	334	40	40	
428	0	T 386	333	40	40	
429	2	T 384	332	40	40	P 147	42	63	63	P 315	315	42	42	
430	0	T 382	331	40	40	
431	0	T 380	330	40	40	
432	2	T 378	329	40	40	P 273	0	42	42	P 315	189	63	63	
433	0	T 376	328	40	40	
434	4	T 374	327	40	40	P 336	42	42	42	P 336	210	42	42	P 567	168	42	42	P 672	252	42	42	
435	1	T 372	326	40	40	P 0	315	42	42	
436	0	T 370	325	40	40	
437	0	T 368	324	40	40	
438	0	T 366	323	40	40	
439	1	T 364	322	40	40	P 84	126	42	42	
440	0	T 362	321	40	40	
441	0	T 360	320	40	40	
442	0	T 358	319	40	40	
443	0	T 356	318	40	40	
444	1	T 354	317	40	40	P 525	84	42	63	
445	0	T 352	316	40	40	
446	1	T 350	315	40	40	P 252	210	42	42	
447	3	T 348	314	40	40	P 189	210	63	63	P 483	21	42	42	P 483	336	42	42	
448	1	T 346	313	40	40	P 378	147	42	63	
449	2	T 344	312	40	40	P 420	126	42	63	P 546	357	42	42	
450	0	T 342	311	40	40	
451	2	T 340	310	40	40	P 273	210	42	42	P 315	63	42	42	
452	0	T 338	309	40	40	
453	0	T 336	308	40	40	
454	0	T 334	307	40	40	
455	1	T 332	306	40	40	P 672	84	42	42	
456	0	T 330	305	40	40	
457	0	T 328	304	40	40	
458	0	T 326	303	40	40	
459	0	T 324	302	40	40	
460	1	T 322	301	40	40	P 63	0	42	42	
461	0	T 320	300	40	40	
462	1	T 318	299	40	40	P 315	336	42	42	
463	1	T 316	298	40	40	P 462	0	42	42	
464	0	T 314	297	40	40	
465	0	T 312	296	40	40	
466	0	T 310	295	40	40	
467	0	T 308	294	40	40	
468	1	T 306	293	40	40	P 546	147	42	42	
469	0	T 304	292	40	40	
470	0	T 302	291	40	40	
471	0	T 300	290	40	40	
472	1	T 298	289	40	40	P 546	84	42	42	
473	0	T 296	288	40	40	
474	0	T 294	287	40	40	
475	0	T 292	286	40	40	
476	0	T 290	285	40	40	
477	0	T 288	284	40	40	
478	0	T 286	283	40	40	
479	1	T 284	282	40	40	P 273	357	42	42	
480	0	T 282	281	40	40	
481	0	T 280	280	40	40	
482	0	T 278	279	40	40	
483	1	T 276	278	40	40	P 672	420	42	42	
484	0	T 274	277	40	40	
485	1	T 272	276	40	40	P 651	21	42	63	
486	0	T 270	275	40	40	
487	0	T 268	274	40	40	
488	0	T 266	273	40	40	
489	0	T 264	272	40	40	
490	0	T 262	271	40	40	
491	0	T 260	270	40	40	
492	0	T 258	269	40	40	
493	0	T 256	268	40	40	
494	0	T 254	267	40	40	
495	0	T 252	266	40	40	
496	0	T 250	265	40	40	
497	0	T 248	264	40	40	
498	0	T 246	263	40	40	
499	0	T 244	262	40	40	
500	0	T 242	261	40	40	
501	0	T 240	260	40	40	
502	1	T 238	259	40	40	P 315	231	63	42	
503	2	T 236	258	40	40	P 273	84	42	42	P 546	210	42	42	
504	0	T 234	257	40	40	
505	0	T 232	256	40	40	
506	0	T 230	255	40	40	
507	0	T 228	254	40	40	
508	0	T 226	253	40	40	
509	0	T 224	252	40	40	
510	0	T 222	251	40	40	
511	0	T 220	250	40	40	
512	0	T 218	249	40	40	
513	0	T 216	248	40	40	
514	0	T 214	247	40	40	
515	1	T 212	246	40	40	P 189	168	42	42	
516	0	T 210	245	40	40	
517	1	T 208	244	40	40	P 420	378	42	42	
518	0	T 206	243	40	40	
519	0	T 204	242	40	40	
520	0	T 202	241	40	40	
521	0	T 200	240	40	40	
522	0	T 198	239	40	40	
523	0	T 196	238	40	40	
524	2	T 194	237	40	40	P 252	0	42	42	P 399	42	42	42	
525	1	T 192	236	40	40	P 504	315	42	42	
526	0	T 190	235	40	40	
527	0	T 188	234	40	40	
528	0	T 186	233	40	40	
529	0	T 184	232	40	40	
530	0	T 182	231	40	40	
531	0	T 180	230	40	40	
532	0	T 178	229	40	40	
533	1	T 176	228	40	40	P 672	420	42	42	
534	0	T 174	227	40	40	
535	0	T 172	226	40	40	
536	0	T 170	225	40	40	
537	0	T 168	224	40	40	
538	0	T 166	223	40	40	
539	1	T 164	222	40	40	P 378	315	42	42	
540	1	T 162	221	40	40	P 294	399	42	42	
541	0	T 160	220	40	40	
542	0	T 158	219	40	40	
543	0	T 156	218	40	40	
544	0	T 154	217	40	40	
545	0	T 152	216	40	40	
546	0	T 150	215	40	40	
547	0	T 148	214	40	40	
548	0	T 146	213	40	40	
549	2	T 144	212	40	40	P 42	0	42	42	P 483	126	63	63	
550	0	T 142	211	40	40	
551	0	T 140	210	40	40	
552	0	T 138	209	40	40	
553	0	T 136	208	40	40	
554	0	T 134	207	40	40	
555	0	T 132	206	40	40	
556	0	T 130	205	40	40	
557	0	T 128	204	40	40	
558	0	T 126	203	40	40	
559	0	T 124	202	40	40	
560	0	T 122	201	40	40	
561	0	T 120	200	40	40	
562	0	T 118	199	40	40	
563	0	T 116	198	40	40	
564	0	T 114	197	40	40	
565	0	T 112	196	40	40	
566	0	T 110	195	40	40	
567	0	T 108	194	40	40	
568	0	T 106	193	40	40	
569	0	T 104	192	40	40	
570	0	T 102	191	40	40	
571	0	T 100	190	40	40	
572	0	T 98	189	40	40	
573	0	T 96	188	40	40	
574	0	T 94	187	40	40	
575	0	T 92	186	40	40	
576	0	T 90	185	40	40	
577	0	T 88	184	40	40	
578	0	T 86	183	40	40	
579	0	T 84	182	40	40	
580	0	T 82	181	40	40	
581	0	T 80	180	40	40	
582	0	T 78	179	40	40	
583	0	T 76	178	40	40	
584	0	T 74	177	40	40	
585	0	T 72	176	40	40	
586	0	T 70	175	40	40	
587	0	T 68	174	40	40	
588	0	T 66	173	40	40	
589	0	T 64	172	40	40	
590	0	T 62	171	40	40	
591	0	T 60	170	40	40	
592	0	T 58	169	40	40	
593	0	T 56	168	40	40	
594	0	T 54	167	40	40	
595	0	T 52	166	40	40	
596	0	T 50	165	40	40	
597	0	T 48	164	40	40	
598	0	T 46	163	40	40	
599	1	T 44	162	40	40	P 504	147	42	42	
600	0	T 42	161	40	40	
601	0	T 40	160	40	40	
602	0	T 38	159	40	40	
603	0	T 36	158	40	40	
604	1	T 34	157	40	40	P 189	147	42	42	
605	0	T 32	156	40	40	
606	0	T 30	155	40	40	
607	0	T 28	154	40	40	
608	0	T 26	153	40	40	
609	0	T 24	152	40	40	
610	0	T 22	151	40	40	
611	0	T 20	150	40	40	
612	0	T 22	149	40	40	
613	0	T 24	148	40	40	
614	0	T 26	147	40	40	
615	0	T 28	146	40	40	
616	0	T 30	145	40	40	
617	0	T 32	144	40	40	
618	0	T 34	143	40	40	
619	0	T 36	142	40	40	
620	0	T 38	141	40	40	
621	0	T 40	140	40	40	
622	0	T 42	139	40	40	
623	0	T 44	138	40	40	
624	0	T 46	137	40	40	
625	0	T 48	136	40	40	
626	0	T 50	135	40	40	
627	0	T 52	134	40	40	
628	0	T 54	133	40	40	
629	0	T 56	132	40	40	
630	0	T 58	131	40	40	
631	0	T 60	130	40	40	
632	0	T 62	129	40	40	
633	0	T 64	128	40	40	
634	0	T 66	127	40	40	
635	0	T 68	126	40	40	
636	0	T 70	125	40	40	
637	0	T 72	124	40	40	
638	0	T 74	123	40	40	
639	0	T 76	122	40	40	
640	0	T 78	121	40	40	
641	0	T 80	120	40	40	
642	0	T 82	119	40	40	
643	0	T 84	118	40	40	
644	0	T 86	117	40	40	
645	0	T 88	116	40	40	
646	0	T 90	115	40	40	
647	1	T 92	114	40	40	P 189	336	42	42	
648	0	T 94	113	40	40	
649	0	T 96	112	40	40	
650	0	T 98	111	40	40	
651	0	T 100	110	40	40	
652	0	T 102	109	40	40	
653	0	T 104	108	40	40	
654	0	T 106	107	40	40	
655	0	T 108	106	40	40	
656	0	T 110	105	40	40	
657	1	T 112	104	40	40	P 483	357	42	42	
658	0	T 114	103	40	40	
659	0	T 116	102	40	40	
660	0	T 118	101	40	40	
661	1	T 120	100	40	40	P 525	42	42	42	
662	0	T 122	99	40	40	
663	0	T 124	98	40	40	
664	0	T 126	97	40	40	
665	0	T 128	96	40	40	
666	1	T 130	95	40	40	P 609	252	42	42	
667	0	T 132	94	40	40	
668	0	T 134	93	40	40	
669	0	T 136	92	40	40	
670	0	T 138	91	40	40	
671	0	T 140	90	40	40	
672	0	T 142	89	40	40	
673	0	T 144	88	40	40	
674	0	T 146	87	40	40	
675	0	T 148	86	40	40	
676	0	T 150	85	40	40	
677	0	T 152	84	40	40	
678	0	T 154	83	40	40	
679	0	T 156	82	40	40	
680	0	T 158	81	40	40	
681	0	T 160	80	40	40	
682	0	T 162	79	40	40	
683	0	T 164	78	40	40	
684	0	T 166	77	40	40	
685	0	T 168	76	40	40	
686	0	T 170	75	40	40	
687	0	T 172	74	40	40	
688	0	T 174	73	40	40	
689	0	T 176	72	40	40	
690	0	T 178	71	40	40	
691	0	T 180	70	40	40	
692	0	T 182	69	40	40	
693	0	T 184	68	40	40	
694	0	T 186	67	40	40	
695	0	T 188	66	40	40	
696	0	T 190	65	40	40	
697	0	T 192	64	40	40	
698	1	T 194	63	40	40	P 546	84	42	42	
699	0	T 196	62	40	40	
700	0	T 198	61	40	40	
701	0	T 200	60	40	40	
702	0	T 202	59	40	40	
703	0	T 204	58	40	40	
704	0	T 206	57	40	40	
705	0	T 208	56	40	40	
706	0	T 210	55	40	40	
707	0	T 212	54	40	40	
708	0	T 214	53	40	40	
709	0	T 216	52	40	40	
710	0	T 218	51	40	40	
711	1	T 220	50	40	40	P 84	357	42	42	
712	0	T 222	49	40	40	
713	0	T 224	48	40	40	
714	0	T 226	47	40	40	
715	0	T 228	46	40	40	
716	0	T 230	45	40	40	
717	0	T 232	44	40	40	
718	0	T 234	43	40	40	
719	0	T 236	42	40	40	
720	0	T 238	41	40	40	
721	0	T 240	40	40	40	
722	0	T 242	39	40	40	
723	0	T 244	38	40	40	
724	1	T 246	37	40	40	P 483	294	42	42	
725	0	T 248	36	40	40	
726	0	T 250	35	40	40	
727	0	T 252	34	40	40	
728	0	T 254	33	40	40	
729	0	T 256	32	40	40	
730	0	T 258	31	40	40	
731	0	T 260	30	40	40	
732	0	T 262	29	40	40	
733	0	T 264	28	40	40	
734	0	T 266	27	40	40	
735	0	T 268	26	40	40	
736	0	T 270	25	40	40	
737	0	T 272	24	40	40	
738	0	T 274	23	40	40	
739	0	T 276	22	40	40	
740	0	T 278	21	40	40	
741	0	T 280	20	40	40	
742	0	T 282	21	40	40	
743	0	T 284	22	40	40	
744	0	T 286	23	40	40	
745	0	T 288	24	40	40	
746	0	T 290	25	40	40	
747	0	T 292	26	40	40	
748	0	T 294	27	40	40	
749	0	T 296	28	40	40	
750	0	T 298	29	40	40	
751	0	T 300	30	40	40	
752	0	T 302	31	40	40	
753	0	T 304	32	40	40	
754	0	T 306	33	40	40	
755	0	T 308	34	40	40	
756	0	T 310	35	40	40	
757	0	T 312	36	40	40	
758	0	T 314	37	40	40	
759	0	T 316	38	40	40	
760	0	T 318	39	40	40	
761	0	T 320	40	40	40	
762	0	T 322	41	40	40	
763	0	T 324	42	40	40	
764	0	T 326	43	40	40	
765	0	T 328	44	40	40	
766	0	T 330	45	40	40	
767	0	T 332	46	40	40	
768	0	T 334	47	40	40	
769	0	T 336	48	40	40	
770	0	T 338	49	40	40	
771	0	T 340	50	40	40	
772	0	T 342	51	40	40	
773	0	T 344	52	40	40	
774	0	T 346	53	40	40	
775	0	T 348	54	40	40	
776	0	T 350	55	40	40	
777	0	T 352	56	40	40	
778	0	T 354	57	40	40	
779	0	T 356	58	40	40	
780	0	T 358	59	40	40	
781	0	T 360	60	40	40	
782	0	T 362	61	40	40	
783	0	T 364	62	40	40	
784	0	T 366	63	40	40	
785	0	T 368	64	40	40	
786	0	T 370	65	40	40	
787	0	T 372	66	40	40	
788	0	T 374	67	40	40	
789	0	T 376	68	40	40	
790	0	T 378	69	40	40	
791	0	T 380	70	40	40	
792	0	T 382	71	40	40	
793	0	T 384	72	40	40	
794	0	T 386	73	40	40	
795	0	T 388	74	40	40	
796	1	T 390	75	40	40	P 420	336	42	42	
797	0	T 392	76	40	40	
798	0	T 394	77	40	40	
799	0	T 396	78	40	40	
800	0	T 398	79	40	40	
801	0	T 400	80	40	40	
802	0	T 402	81	40	40	
803	0	T 404	82	40	40	
804	0	T 406	83	40	40	
805	0	T 408	84	40	40	
806	0	T 410	85	40	40	
807	0	T 412	86	40	40	
808	0	T 414	87	40	40	
809	0	T 416	88	40	40	
810	0	T 418	89	40	40	
811	0	T 420	90	40	40	
812	0	T 422	91	40	40	
813	0	T 424	92	40	40	
814	0	T 426	93	40	40	
815	0	T 428	94	40	40	
816	0	T 430	95	40	40	
817	0	T 432	96	40	40	
818	0	T 434	97	40	40	
819	0	T 436	98	40	40	
820	0	T 438	99	40	40	
821	0	T 440	100	40	40	
822	0	T 442	101	40	40	
823	0	T 444	102	40	40	
824	0	T 446	103	40	40	
825	0	T 448	104	40	40	
826	0	T 450	105	40	40	
827	0	T 452	106	40	40	
828	0	T 454	107	40	40	
829	0	T 456	108	40	40	
830	0	T 458	109	40	40	
831	0	T 460	110	40	40	
832	0	T 462	111	40	40	
833	0	T 464	112	40	40	
834	0	T 466	113	40	40	
835	0	T 468	114	40	40	
836	0	T 470	115	40	40	
837	0	T 472	116	40	40	
838	0	T 474	117	40	40	
839	0	T 476	118	40	40	
840	0	T 478	119	40	40	
841	0	T 480	120	40	40	
842	0	T 482	121	40	40	
843	0	T 484	122	40	40	
844	0	T 486	123	40	40	
845	0	T 488	124	40	40	
846	0	T 490	125	40	40	
847	0	T 492	126	40	40	
848	0	T 494	127	40	40	
849	0	T 496	128	40	40	
850	0	T 498	129	40	40	
851	0	T 500	130	40	40	
852	0	T 502	131	40	40	
853	0	T 504	132	40	40	
854	0	T 506	133	40	40	
855	0	T 508	134	40	40	
856	0	T 510	135	40	40	
857	0	T 512	136	40	40	
858	0	T 514	137	40	40	
859	0	T 516	138	40	40	
860	0	T 518	139	40	40	
861	0	T 520	140	40	40	
862	0	T 522	141	40	40	
863	0	T 524	142	40	40	
864	0	T 526	143	40	40	
865	0	T 528	144	40	40	
866	0	T 530	145	40	40	
867	0	T 532	146	40	40	
868	0	T 534	147	40	40	
869	0	T 536	148	40	40	
870	0	T 538	149	40	40	
871	0	T 540	150	40	40	
872	0	T 542	151	40	40	
873	0	T 544	152	40	40	
874	0	T 546	153	40	40	
875	0	T 548	154	40	40	
876	0	T 550	155	40	40	
877	0	T 552	156	40	40	
878	0	T 554	157	40	40	
879	0	T 556	158	40	40	
880	0	T 558	159	40	40	
881	0	T 560	160	40	40	
882	0	T 562	161	40	40	
883	0	T 564	162	40	40	
884	0	T 566	163	40	40	
885	0	T 568	164	40	40	
886	0	T 570	165	40	40	
887	0	T 572	166	40	40	
888	0	T 574	167	40	40	
889	0	T 576	168	40	40	
890	0	T 578	169	40	40	
891	0	T 580	170	40	40	
892	0	T 582	171	40	40	
893	0	T 584	172	40	40	
894	0	T 586	173	40	40	
895	0	T 588	174	40	40	
896	0	T 590	175	40	40	
897	0	T 592	176	40	40	
898	0	T 594	177	40	40	
899	0	T 596	178	40	40	
900	0	T 598	179	40	40	
901	0	T 600	180	40	40	
902	0	T 602	181	40	40	
903	0	T 604	182	40	40	
904	0	T 606	183	40	40	
905	0	T 608	184	40	40	
906	0	T 610	185	40	40	
907	0	T 612	186	40	40	
908	0	T 614	187	40	40	
909	0	T 616	188	40	40	
910	0	T 618	189	40	40	
911	0	T 620	190	40	40	
912	0	T 622	191	40	40	
913	0	T 624	192	40	40	
914	0	T 626	193	40	40	
915	0	T 628	194	40	40	
916	0	T 630	195	40	40	
917	0	T 632	196	40	40	
918	0	T 634	197	40	40	
919	0	T 636	198	40	40	
920	0	T 638	199	40	40	
921	0	T 640	200	40	40	
922	0	T 642	201	40	40	
923	0	T 644	202	40	40	
924	0	T 646	203	40	40	
925	0	T 648	204	40	40	
926	0	T 650	205	40	40	
927	0	T 652	206	40	40	
928	0	T 654	207	40	40	
929	0	T 656	208	40	40	
930	0	T 658	209	40	40	
931	0	T 660	210	40	40	
932	0	T 658	211	40	40	
933	0	T 656	212	40	40	
934	0	T 654	213	40	40	
935	0	T 652	214	40	40	
936	0	T 650	215	40	40	
937	0	T 648	216	40	40	
938	0	T 646	217	40	40	
939	0	T 644	218	40	40	
940	0	T 642	219	40	40	
941	0	T 640	220	40	40	
942	0	T 638	221	40	40	
943	0	T 636	222	40	40	
944	0	T 634	223	40	40	
945	0	T 632	224	40	40	
946	0	T 630	225	40	40	
947	0	T 628	226	40	40	
948	0	T 626	227	40	40	
949	0	T 624	228	40	40	
950	0	T 622	229	40	40	
951	1	T 620	230	40	40	P 84	420	42	42	
952	0	T 618	231	40	40	
953	0	T 616	232	40	40	
954	0	T 614	233	40	40	
955	0	T 612	234	40	40	
956	0	T 610	235	40	40	
957	0	T 608	236	40	40	
958	0	T 606	237	40	40	
959	0	T 604	238	40	40	
960	0	T 602	239	40	40	
961	0	T 600	240	40	40	
962	0	T 598	241	40	40	
963	0	T 596	242	40	40	
964	0	T 594	243	40	40	
965	0	T 592	244	40	40	
966	0	T 590	245	40	40	
967	0	T 588	246	40	40	
968	1	T 586	247	40	40	P 525	378	63	42	
969	0	T 584	248	40	40	
970	0	T 582	249	40	40	
971	0	T 580	250	40	40	
972	0	T 578	251	40	40	
973	0	T 576	252	40	40	
974	0	T 574	253	40	40	
975	0	T 572	254	40	40	
976	0	T 570	255	40	40	
977	0	T 568	256	40	40	
978	0	T 566	257	40	40	
979	0	T 564	258	40	40	
980	0	T 562	259	40	40	
981	0	T 560	260	40	40	
982	0	T 558	261	40	40	
983	0	T 556	262	40	40	
984	0	T 554	263	40	40	
985	0	T 552	264	40	40	
986	0	T 550	265	40	40	
987	0	T 548	266	40	40	
988	0	T 546	267	40	40	
989	0	T 544	268	40	40	
990	0	T 542	269	40	40	
991	0	T 540	270	40	40	
992	0	T 538	271	40	40	
993	0	T 536	272	40	40	
994	0	T 534	273	40	40	
995	0	T 532	274	40	40	
996	0	T 530	275	40	40	
997	0	T 528	276	40	40	
998	0	T 526	277	40	40	
999	0	T 524	278	40	40	
1000	0	T 522	279	40	40	
1001	0	T 520	280	40	40	
1002	0	T 518	281	40	40	
1003	0	T 516	282	40	40	
1004	0	T 514	283	40	40	
1005	0	T 512	284	40	40	
1006	0	T 510	285	40	40	
1007	0	T 508	286	40	40	
1008	0	T 506	287	40	40	
1009	0	T 504	288	40	40	
1010	0	T 502	289	40	40	
1011	0	T 500	290	40	40	
1012	0	T 498	291	40	40	
1013	0	T 496	292	40	40	
1014	0	T 494	293	40	40	
1015	0	T 492	294	40	40	
1016	0	T 490	295	40	40	
1017	0	T 488	296	40	40	
1018	0	T 486	297	40	40	
1019	0	T 484	298	40	40	
1020	0	T 482	299	40	40	
1021	0	T 480	300	40	40	
1022	0	T 478	301	40	40	
1023	0	T 476	302	40	40	
1024	0	T 474	303	40	40	
1025	0	T 472	304	40	40	
1026	0	T 470	305	40	40	
1027	0	T 468	306	40	40	
1028	0	T 466	307	40	40	
1029	0	T 464	308	40	40	
1030	0	T 462	309	40	40	
1031	0	T 460	310	40	40	
1032	0	T 458	311	40	40	
1033	0	T 456	312	40	40	
1034	0	T 454	313	40	40	
1035	0	T 452	314	40	40	
1036	0	T 450	315	40	40	
1037	0	T 448	316	40	40	
1038	0	T 446	317	40	40	
1039	0	T 444	318	40	40	
1040	0	T 442	319	40	40	
1041	0	T 440	320	40	40	
1042	0	T 438	321	40	40	
1043	0	T 436	322	40	40	
1044	0	T 434	323	40	40	
1045	0	T 432	324	40	40	
1046	0	T 430	325	40	40	
1047	0	T 428	326	40	40	
1048	0	T 426	327	40	40	
1049	0	T 424	328	40	40	
1050	0	T 422	329	40	40	
1051	0	T 420	330	40	40	
1052	0	T 418	331	40	40	
1053	0	T 416	332	40	40	
1054	0	T 414	333	40	40	
1055	0	T 412	334	40	40	
1056	0	T 410	335	40	40	
1057	0	T 408	336	40	40	
1058	0	T 406	337	40	40	
1059	0	T 404	338	40	40	
1060	0	T 402	339	40	40	
1061	0	T 400	340	40	40	
1062	0	T 398	341	40	40	
1063	0	T 396	342	40	40	
1064	0	T 394	343	40	40	
1065	0	T 392	344	40	40	
1066	0	T 390	345	40	40	
1067	0	T 388	346	40	40	
1068	0	T 386	347	40	40	
1069	0	T 384	348	40	40	
1070	0	T 382	349	40	40	
1071	0	T 380	350	40	40	
1072	0	T 378	351	40	40	
1073	0	T 376	352	40	40	
1074	0	T 374	353	40	40	
1075	0	T 372	354	40	40	
1076	0	T 370	355	40	40	
1077	0	T 368	356	40	40	
1078	0	T 366	357	40	40	
1079	0	T 364	358	40	40	
1080	0	T 362	359	40	40	
1081	0	T 360	360	40	40	
1082	0	T 358	361	40	40	
1083	0	T 356	362	40	40	
1084	0	T 354	363	40	40	
1085	0	T 352	364	40	40	
1086	0	T 350	365	40	40	
1087	0	T 348	366	40	40	
1088	0	T 346	367	40	40	
1089	0	T 344	368	40	40	
1090	0	T 342	369	40	40	
1091	0	T 340	370	40	40	
1092	0	T 338	371	40	40	
1093	0	T 336	372	40	40	
1094	0	T 334	373	40	40	
1095	0	T 332	374	40	40	
1096	0	T 330	375	40	40	
1097	0	T 328	376	40	40	
1098	0	T 326	377	40	40	
1099	0	T 324	378	40	40	
1100	0	T 322	379	40	40	
1101	0	T 320	380	40	40	
1102	0	T 318	381	40	40	
1103	0	T 316	382	40	40	
1104	0	T 314	383	40	40	
1105	0	T 312	384	40	40	
1106	1	T 310	385	40	40	P 420	399	42	42	
1107	0	T 308	386	40	40	
1108	0	T 306	387	40	40	
1109	0	T 304	388	40	40	
1110	0	T 302	389	40	40	
1111	0	T 300	390	40	40	
1112	0	T 298	391	40	40	
1113	0	T 296	392	40	40	
1114	0	T 294	393	40	40	
1115	0	T 292	394	40	40	
1116	0	T 290	395	40	40	
1117	1	T 288	396	40	40	P 231	357	42	42	
1118	0	T 286	397	40	40	
1119	0	T 284	398	40	40	
1120	0	T 282	399	40	40	
1121	0	T 280	400	40	40	
1122	0	T 278	401	40	40	
1123	0	T 276	402	40	40	
1124	0	T 274	403	40	40	
1125	0	T 272	404	40	40	
1126	0	T 270	405	40	40	
1127	0	T 268	406	40	40	
1128	0	T 266	407	40	40	
1129	0	T 264	408	40	40	
1130	0	T 262	409	40	40	
1131	0	T 260	410	40	40	
1132	0	T 258	411	40	40	
1133	0	T 256	412	40	40	
1134	0	T 254	413	40	40	
1135	0	T 252	414	40	40	
1136	0	T 250	415	40	40	
1137	0	T 248	416	40	40	
1138	0	T 246	417	40	40	
1139	0	T 244	418	40	40	
1140	0	T 242	419	40	40	
1141	0	T 240	420	40	40	
1142	0	T 238	419	40	40	
1143	0	T 236	418	40	40	
1144	0	T 234	417	40	40	
1145	0	T 232	416	40	40	
1146	0	T 230	415	40	40	
1147	0	T 228	414	40	40	
1148	0	T 226	413	40	40	
1149	0	T 224	412	40	40	
1150	0	T 222	411	40	40	
1151	0	T 220	410	40	40	
1152	0	T 218	409	40	40	
1153	0	T 216	408	40	40	
1154	0	T 214	407	40	40	
1155	0	T 212	406	40	40	
1156	0	T 210	405	40	40	
1157	0	T 208	404	40	40	
1158	0	T 206	403	40	40	
1159	0	T 204	402	40	40	
1160	0	T 202	401	40	40	
1161	0	T 200	400	40	40	
1162	0	T 198	399	40	40	
1163	0	T 196	398	40	40	
1164	0	T 194	397	40	40	
1165	0	T 192	396	40	40	
1166	0	T 190	395	40	40	
1167	0	T 188	394	40	40	
1168	0	T 186	393	40	40	
1169	0	T 184	392	40	40	
1170	0	T 182	391	40	40	
1171	0	T 180	390	40	40	
1172	0	T 178	389	40	40	
1173	0	T 176	388	40	40	
1174	0	T 174	387	40	40	
1175	0	T 172	386	40	40	
1176	0	T 170	385	40	40	
1177	0	T 168	384	40	40	
1178	0	T 166	383	40	40	
1179	0	T 164	382	40	40	
1180	0	T 162	381	40	40	
1181	0	T 160	380	40	40	
1182	0	T 158	379	40	40	
1183	0	T 156	378	40	40	
1184	0	T 154	377	40	40	
1185	0	T 152	376	40	40	
1186	0	T 150	375	40	40	
1187	0	T 148	374	40	40	
1188	0	T 146	373	40	40	
1189	0	T 144	372	40	40	
1190	0	T 142	371	40	40	
1191	0	T 140	370	40	40	
1192	0	T 138	369	40	40	
1193	0	T 136	368	40	40	
1194	0	T 134	367	40	40	
1195	0	T 132	366	40	40	
1196	0	T 130	365	40	40	
1197	0	T 128	364	40	40	
1198	0	T 126	363	40	40	
1199	0	T 124	362	40	40	
1200	0	T 122	361	40	40	
1201	0	T 120	360	40	40	
1202	0	T 118	359	40	40	
1203	0	T 116	358	40	40	
1204	0	T 114	357	40	40	
1205	0	T 112	356	40	40	
1206	0	T 110	355	40	40	
1207	0	T 108	354	40	40	
1208	0	T 106	353	40	40	
1209	0	T 104	352	40	40	
1210	0	T 102	351	40	40	
1211	0	T 100	350	40	40	
1212	0	T 98	349	40	40	
1213	0	T 96	348	40	40	
1214	0	T 94	347	40	40	
1215	0	T 92	346	40	40	
1216	0	T 90	345	40	40	
1217	0	T 88	344	40	40	
1218	0	T 86	343	40	40	
1219	0	T 84	342	40	40	
1220	0	T 82	341	40	40	
1221	0	T 80	340	40	40	
1222	0	T 78	339	40	40	
1223	0	T 76	338	40	40	
1224	0	T 74	337	40	40	
1225	0	T 72	336	40	40	
1226	0	T 70	335	40	40	
1227	0	T 68	334	40	40	
1228	0	T 66	333	40	40	
1229	0	T 64	332	40	40	
1230	0	T 62	331	40	40	
1231	0	T 60	330	40	40	
1232	0	T 58	329	40	40	
1233	0	T 56	328	40	40	
1234	0	T 54	327	40	40	
1235	0	T 52	326	40	40	
1236	0	T 50	325	40	40	
1237	0	T 48	324	40	40	
1238	0	T 46	323	40	40	
1239	0	T 44	322	40	40	
1240	0	T 42	321	40	40	
1241	0	T 40	320	40	40	
1242	0	T 38	319	40	40	
1243	0	T 36	318	40	40	
1244	0	T 34	317	40	40	
1245	0	T 32	316	40	40	
1246	0	T 30	315	40	40	
1247	0	T 28	314	40	40	
1248	0	T 26	313	40	40	
1249	0	T 24	312	40	40	
1250	0	T 22	311	40	40	
1251	0	T 20	310	40	40	
1252	0	T 22	309	40	40	
1253	0	T 24	308	40	40	
1254	0	T 26	307	40	40	
1255	0	T 28	306	40	40	
1256	0	T 30	305	40	40	
1257	0	T 32	304	40	40	
1258	0	T 34	303	40	40	
1259	0	T 36	302	40	40	
1260	0	T 38	301	40	40	
1261	0	T 40	300	40	40	
1262	0	T 42	299	40	40	
1263	0	T 44	298	40	40	
1264	0	T 46	297	40	40	
1265	0	T 48	296	40	40	
1266	0	T 50	295	40	40	
1267	0	T 52	294	40	40	
1268	0	T 54	293	40	40	
1269	0	T 56	292	40	40	
1270	0	T 58	291	40	40	
1271	0	T 60	290	40	40	
1272	0	T 62	289	40	40	
1273	0	T 64	288	40	40	
1274	0	T 66	287	40	40	
1275	0	T 68	286	40	40	
1276	0	T 70	285	40	40	
1277	0	T 72	284	40	40	
1278	0	T 74	283	40	40	
1279	0	T 76	282	40	40	
1280	0	T 78	281	40	40	
1281	0	T 80	280	40	40	
1282	0	T 82	279	40	40	
1283	0	T 84	278	40	40	
1284	0	T 86	277	40	40	
1285	0	T 88	276	40	40	
1286	0	T 90	275	40	40	
1287	0	T 92	274	40	40	
1288	0	T 94	273	40	40	
1289	0	T 96	272	40	40	
1290	0	T 98	271	40	40	
1291	0	T 100	270	40	40	
1292	0	T 102	269	40	40	
1293	0	T 104	268	40	40	
1294	0	T 106	267	40	40	
1295	0	T 108	266	40	40	
1296	0	T 110	265	40	40	
1297	0	T 112	264	40	40	
1298	0	T 114	263	40	40	
1299	0	T 116	262	40	40	
1300	0	T 118	261	40	40	
1301	0	T 120	260	40	40	
1302	0	T 122	259	40	40	
1303	0	T 124	258	40	40	
1304	0	T 126	257	40	40	
1305	0	T 128	256	40	40	
1306	0	T 130	255	40	40	
1307	0	T 132	254	40	40	
1308	0	T 134	253	40	40	
1309	0	T 136	252	40	40	
1310	0	T 138	251	40	40	
1311	0	T 140	250	40	40	
1312	0	T 142	249	40	40	
1313	0	T 144	248	40	40	
1314	0	T 146	247	40	40	
1315	0	T 148	246	40	40	
1316	0	T 150	245	40	40	
1317	0	T 152	244	40	40	
1318	0	T 154	243	40	40	
1319	0	T 156	242	40	40	
1320	0	T 158	241	40	40	
1321	0	T 160	240	40	40	
1322	0	T 162	239	40	40	
1323	0	T 164	238	40	40	
1324	0	T 166	237	40	40	
1325	0	T 168	236	40	40	
1326	0	T 170	235	40	40	
1327	0	T 172	234	40	40	
1328	0	T 174	233	40	40	
1329	0	T 176	232	40	40	
1330	0	T 178	231	40	40	
1331	0	T 180	230	40	40	
1332	0	T 182	229	40	40	
1333	0	T 184	228	40	40	
1334	0	T 186	227	40	40	
1335	0	T 188	226	40	40	
1336	0	T 190	225	40	40	
1337	1	T 192	224	40	40	P 525	126	42	42	
1338	0	T 194	223	40	40	
1339	0	T 196	222	40	40	
1340	0	T 198	221	40	40	
1341	0	T 200	220	40	40	
1342	0	T 202	219	40	40	
1343	0	T 204	218	40	40	
1344	0	T 206	217	40	40	
1345	0	T 208	216	40	40	
1346	0	T 210	215	40	40	
1347	0	T 212	214	40	40	
1348	0	T 214	213	40	40	
1349	0	T 216	212	40	40	
1350	0	T 218	211	40	40	
1351	0	T 220	210	40	40	
1352	0	T 222	209	40	40	
1353	0	T 224	208	40	40	
1354	0	T 226	207	40	40	
1355	0	T 228	206	40	40	
1356	0	T 230	205	40	40	
1357	0	T 232	204	40	40	
1358	0	T 234	203	40	40	
1359	0	T 236	202	40	40	
1360	0	T 238	201	40	40	
1361	0	T 240	200	40	40	
1362	0	T 242	199	40	40	
1363	0	T 244	198	40	40	
1364	0	T 246	197	40	40	
1365	0	T 248	196	40	40	
1366	0	T 250	195	40	40	
1367	0	T 252	194	40	40	
1368	0	T 254	193	40	40	
1369	0	T 256	192	40	40	
1370	0	T 258	191	40	40	
1371	0	T 260	190	40	40	
1372	0	T 262	189	40	40	
1373	0	T 264	188	40	40	
1374	0	T 266	187	40	40	
1375	0	T 268	186	40	40	
1376	0	T 270	185	40	40	
1377	0	T 272	184	40	40	
1378	0	T 274	183	40	40	
1379	0	T 276	182	40	40	
1380	0	T 278	181	40	40	
1381	0	T 280	180	40	40	
1382	0	T 282	179	40	40	
1383	0	T 284	178	40	40	
1384	0	T 286	177	40	40	
1385	0	T 288	176	40	40	
1386	0	T 290	175	40	40	
1387	0	T 292	174	40	40	
1388	0	T 294	173	40	40	
1389	0	T 296	172	40	40	
1390	0	T 298	171	40	40	
1391	0	T 300	170	40	40	
1392	0	T 302	169	40	40	
1393	0	T 304	168	40	40	
1394	0	T 306	167	40	40	
1395	0	T 308	166	40	40	
1396	0	T 310	165	40	40	
1397	0	T 312	164	40	40	
1398	0	T 314	163	40	40	
1399	0	T 316	162	40	40	
1400	0	T 318	161	40	40	
1401	0	T 320	160	40	40	
1402	0	T 322	159	40	40	
1403	0	T 324	158	40	40	
1404	0	T 326	157	40	40	
1405	0	T 328	156	40	40	
1406	0	T 330	155	40	40	
1407	0	T 332	154	40	40	
1408	0	T 334	153	40	40	
1409	0	T 336	152	40	40	
1410	0	T 338	151	40	40	
1411	0	T 340	150	40	40	
1412	0	T 342	149	40	40	
1413	0	T 344	148	40	40	
1414	0	T 346	147	40	40	
1415	0	T 348	146	40	40	
1416	0	T 350	145	40	40	
1417	0	T 352	144	40	40	
1418	0	T 354	143	40	40	
1419	0	T 356	142	40	40	
1420	0	T 358	141	40	40	
1421	0	T 360	140	40	40	
1422	0	T 362	139	40	40	
1423	0	T 364	138	40	40	
1424	0	T 366	137	40	40	
1425	0	T 368	136	40	40	
1426	0	T 370	135	40	40	
1427	0	T 372	134	40	40	
1428	0	T 374	133	40	40	
1429	0	T 376	132	40	40	
1430	0	T 378	131	40	40	
1431	0	T 380	130	40	40	
1432	0	T 382	129	40	40	
1433	0	T 384	128	40	40	
1434	0	T 386	127	40	40	
1435	0	T 388	126	40	40	
1436	0	T 390	125	40	40	
1437	0	T 392	124	40	40	
1438	0	T 394	123	40	40	
1439	0	T 396	122	40	40	
1440	0	T 398	121	40	40	
1441	0	T 400	120	40	40	
1442	0	T 402	119	40	40	
1443	0	T 404	118	40	40	
1444	0	T 406	117	40	40	
1445	0	T 408	116	40	40	
1446	0	T 410	115	40	40	
1447	0	T 412	114	40	40	
1448	0	T 414	113	40	40	
1449	0	T 416	112	40	40	
1450	0	T 418	111	40	40	
1451	0	T 420	110	40	40	
1452	0	T 422	109	40	40	
1453	0	T 424	108	40	40	
1454	0	T 426	107	40	40	
1455	0	T 428	106	40	40	
1456	0	T 430	105	40	40	
1457	0	T 432	104	40	40	
1458	0	T 434	103	40	40	
1459	0	T 436	102	40	40	
1460	0	T 438	101	40	40	
1461	0	T 440	100	40	40	
1462	0	T 442	99	40	40	
1463	0	T 444	98	40	40	
1464	0	T 446	97	40	40	
1465	0	T 448	96	40	40	
1466	0	T 450	95	40	40	
1467	0	T 452	94	40	40	
1468	0	T 454	93	40	40	
1469	0	T 456	92	40	40	
1470	0	T 458	91	40	40	
1471	0	T 460	90	40	40	
1472	0	T 462	89	40	40	
1473	0	T 464	88	40	40	
1474	0	T 466	87	40	40	
1475	0	T 468	86	40	40	
1476	0	T 470	85	40	40	
1477	0	T 472	84	40	40	
1478	0	T 474	83	40	40	
1479	0	T 476	82	40	40	
1480	0	T 478	81	40	40	
1481	0	T 480	80	40	40	
1482	0	T 482	79	40	40	
1483	0	T 484	78	40	40	
1484	0	T 486	77	40	40	
1485	0	T 488	76	40	40	
1486	0	T 490	75	40	40	
1487	0	T 492	74	40	40	
1488	0	T 494	73	40	40	
1489	0	T 496	72	40	40	
1490	0	T 498	71	40	40	
1491	0	T 500	70	40	40	
1492	0	T 502	69	40	40	
1493	0	T 504	68	40	40	
1494	0	T 506	67	40	40	
1495	0	T 508	66	40	40	
1496	0	T 510	65	40	40	
1497	0	T 512	64	40	40	
1498	0	T 514	63	40	40	
1499	0	T 516	62	40	40	
1500	0	T 518	61	40	40	
1501	0	T 520	60	40	40	
1502	0	T 522	59	40	40	
1503	0	T 524	58	40	40	
1504	0	T 526	57	40	40	
1505	0	T 528	56	40	40	
1506	0	T 530	55	40	40	
1507	0	T 532	54	40	40	
1508	0	T 534	53	40	40	
1509	0	T 536	52	40	40	
1510	0	T 538	51	40	40	
1511	0	T 540	50	40	40	
1512	0	T 542	49	40	40	
1513	0	T 544	48	40	40	
1514	0	T 546	47	40	40	
1515	0	T 548	46	40	40	
1516	0	T 550	45	40	40	
1517	0	T 552	44	40	40	
1518	0	T 554	43	40	40	
1519	0	T 556	42	40	40	
1520	0	T 558	41	40	40	
1521	0	T 560	40	40	40	
1522	0	T 562	39	40	40	
1523	0	T 564	38	40	40	
1524	0	T 566	37	40	40	
1525	0	T 568	36	40	40	
1526	0	T 570	35	40	40	
1527	0	T 572	34	40	40	
1528	0	T 574	33	40	40	
1529	0	T 576	32	40	40	
1530	0	T 578	31	40	40	
1531	0	T 580	30	40	40	
1532	0	T 582	29	40	40	
1533	0	T 584	28	40	40	
1534	0	T 586	27	40	40	
1535	0	T 588	26	40	40	
1536	0	T 590	25	40	40	
1537	0	T 592	24	40	40	
1538	0	T 594	23	40	40	
1539	0	T 596	22	40	40	
1540	0	T 598	21	40	40	
1541	0	T 600	20	40	40	
1542	0	T 602	21	40	40	
1543	0	T 604	22	40	40	
1544	0	T 606	23	40	40	
1545	0	T 608	24	40	40	
1546	0	T 610	25	40	40	
1547	0	T 612	26	40	40	
1548	0	T 614	27	40	40	
1549	0	T 616	28	40	40	
1550	0	T 618	29	40	40	
1551	0	T 620	30	40	40	
1552	0	T 622	31	40	40	
1553	0	T 624	32	40	40	
1554	0	T 626	33	40	40	
1555	0	T 628	34	40	40	
1556	0	T 630	35	40	40	
1557	0	T 632	36	40	40	
1558	0	T 634	37	40	40	
1559	0	T 636	38	40	40	
1560	0	T 638	39	40	40	
1561	0	T 640	40	40	40	
1562	0	T 642	41	40	40	
1563	0	T 644	42	40	40	
1564	0	T 646	43	40	40	
1565	0	T 648	44	40	40	
1566	0	T 650	45	40	40	
1567	0	T 652	46	40	40	
1568	0	T 654	47	40	40	
1569	0	T 656	48	40	40	
1570	0	T 658	49	40	40	
1571	0	T 660	50	40	40	
1572	0	T 658	51	40	40	
1573	0	T 656	52	40	40	
1574	0	T 654	53	40	40	
1575	0	T 652	54	40	40	
1576	0	T 650	55	40	40	
1577	0	T 648	56	40	40	
1578	0	T 646	57	40	40	
1579	0	T 644	58	40	40	
1580	0	T 642	59	40	40	
1581	0	T 640	60	40	40	
1582	0	T 638	61	40	40	
1583	0	T 636	62	40	40	
1584	0	T 634	63	40	40	
1585	0	T 632	64	40	40	
1586	0	T 630	65	40	40	
1587	0	T 628	66	40	40	
1588	0	T 626	67	40	40	
1589	0	T 624	68	40	40	
1590	0	T 622	69	40	40	
1591	0	T 620	70	40	40	
1592	0	T 618	71	40	40	
1593	0	T 616	72	40	40	
1594	0	T 614	73	40	40	
1595	0	T 612	74	40	40	
1596	0	T 610	75	40	40	
1597	0	T 608	76	40	40	
1598	0	T 606	77	40	40	
1599	0	T 604	78	40	40	
1600	0	T 602	79	40	40	
1601	0	T 600	80	40	40	
1602	0	T 598	81	40	40	
1603	0	T 596	82	40	40	
1604	0	T 594	83	40	40	
1605	0	T 592	84	40	40	
1606	0	T 590	85	40	40	
1607	0	T 588	86	40	40	
1608	0	T 586	87	40	40	
1609	0	T 584	88	40	40	
1610	0	T 582	89	40	40	
1611	0	T 580	90	40	40	
1612	0	T 578	91	40	40	
1613	0	T 576	92	40	40	
1614	0	T 574	93	40	40	
1615	0	T 572	94	40	40	
1616	0	T 570	95	40	40	
1617	0	T 568	96	40	40	
1618	0	T 566	97	40	40	
1619	0	T 564	98	40	40	
1620	0	T 562	99	40	40	
1621	0	T 560	100	40	40	
1622	0	T 558	101	40	40	
1623	0	T 556	102	40	40	
1624	0	T 554	103	40	40	
1625	0	T 552	104	40	40	
1626	0	T 550	105	40	40	
1627	0	T 548	106	40	40	
1628	0	T 546	107	40	40	
1629	0	T 544	108	40	40	
1630	0	T 542	109	40	40	
1631	0	T 540	110	40	40	
1632	0	T 538	111	40	40	
1633	0	T 536	112	40	40	
1634	0	T 534	113	40	40	
1635	0	T 532	114	40	40	
1636	0	T 530	115	40	40	
1637	0	T 528	116	40	40	
1638	0	T 526	117	40	40	
1639	0	T 524	118	40	40	
1640	0	T 522	119	40	40	
1641	0	T 520	120	40	40	
1642	0	T 518	121	40	40	
1643	0	T 516	122	40	40	
1644	0	T 514	123	40	40	
1645	0	T 512	124	40	40	
1646	0	T 510	125	40	40	
1647	0	T 508	126	40	40	
1648	0	T 506	127	40	40	
1649	0	T 504	128	40	40	
1650	0	T 502	129	40	40	
1651	0	T 500	130	40	40	
1652	0	T 498	131	40	40	
1653	0	T 496	132	40	40	
1654	0	T 494	133	40	40	
1655	0	T 492	134	40	40	
1656	0	T 490	135	40	40	
1657	0	T 488	136	40	40	
1658	0	T 486	137	40	40	
1659	0	T 484	138	40	40	
1660	0	T 482	139	40	40	
1661	0	T 480	140	40	40	
1662	0	T 478	141	40	40	
1663	0	T 476	142	40	40	
1664	0	T 474	143	40	40	
1665	0	T 472	144	40	40	
1666	0	T 470	145	40	40	
1667	0	T 468	146	40	40	
1668	0	T 466	147	40	40	
1669	0	T 464	148	40	40	
1670	0	T 462	149	40	40	
1671	0	T 460	150	40	40	
1672	0	T 458	151	40	40	
1673	0	T 456	152	40	40	
1674	0	T 454	153	40	40	
1675	0	T 452	154	40	40	
1676	0	T 450	155	40	40	
1677	0	T 448	156	40	40	
1678	0	T 446	157	40	40	
1679	0	T 444	158	40	40	
1680	0	T 442	159	40	40	
1681	0	T 440	160	40	40	
1682	0	T 438	161	40	40	
1683	0	T 436	162	40	40	
1684	0	T 434	163	40	40	
1685	0	T 432	164	40	40	
1686	0	T 430	165	40	40	
1687	0	T 428	166	40	40	
1688	0	T 426	167	40	40	
1689	0	T 424	168	40	40	
1690	0	T 422	169	40	40	
1691	0	T 420	170	40	40	
1692	0	T 418	171	40	40	
1693	0	T 416	172	40	40	
1694	0	T 414	173	40	40	
1695	0	T 412	174	40	40	
1696	0	T 410	175	40	40	
1697	0	T 408	176	40	40	
1698	0	T 406	177	40	40	
1699	0	T 404	178	40	40	
1700	0	T 402	179	40	40	
1701	0	T 400	180	40	40	
1702	0	T 398	181	40	40	
1703	0	T 396	182	40	40	
1704	0	T 394	183	40	40	
1705	0	T 392	184	40	40	
1706	0	T 390	185	40	40	
1707	0	T 388	186	40	40	
1708	0	T 386	187	40	40	
1709	0	T 384	188	40	40	
1710	0	T 382	189	40	40	
1711	0	T 380	190	40	40	
1712	0	T 378	191	40	40	
1713	0	T 376	192	40	40	
1714	0	T 374	193	40	40	
1715	0	T 372	194	40	40	
1716	0	T 370	195	40	40	
1717	0	T 368	196	40	40	
1718	0	T 366	197	40	40	
1719	0	T 364	198	40	40	
1720	0	T 362	199	40	40	
1721	0	T 360	200	40	40	
1722	0	T 358	201	40	40	
1723	0	T 356	202	40	40	
1724	0	T 354	203	40	40	
1725	0	T 352	204	40	40	
1726	0	T 350	205	40	40	
1727	0	T 348	206	40	40	
1728	0	T 346	207	40	40	
1729	0	T 344	208	40	40	
1730	0	T 342	209	40	40	
1731	0	T 340	210	40	40	
1732	0	T 338	211	40	40	
1733	0	T 336	212	40	40	
1734	0	T 334	213	40	40	
1735	0	T 332	214	40	40	
1736	0	T 330	215	40	40	
1737	0	T 328	216	40	40	
1738	0	T 326	217	40	40	
1739	0	T 324	218	40	40	
1740	0	T 322	219	40	40	
1741	0	T 320	220	40	40	
1742	0	T 318	221	40	40	
1743	0	T 316	222	40	40	
1744	0	T 314	223	40	40	
1745	0	T 312	224	40	40	
1746	0	T 310	225	40	40	
1747	0	T 308	226	40	40	
1748	0	T 306	227	40	40	
1749	0	T 304	228	40	40	
1750	0	T 302	229	40	40	
1751	0	T 300	230	40	40	
1752	0	T 298	231	40	40	
1753	0	T 296	232	40	40	
1754	0	T 294	233	40	40	
1755	0	T 292	234	40	40	
1756	0	T 290	235	40	40	
1757	0	T 288	236	40	40	
1758	0	T 286	237	40	40	
1759	0	T 284	238	40	40	
1760	0	T 282	239	40	40	
1761	0	T 280	240	40	40	
1762	0	T 278	241	40	40	
1763	0	T 276	242	40	40	
1764	0	T 274	243	40	40	
1765	0	T 272	244	40	40	
1766	0	T 270	245	40	40	
1767	0	T 268	246	40	40	
1768	0	T 266	247	40	40	
1769	0	T 264	248	40	40	
1770	0	T 262	249	40	40	
1771	0	T 260	250	40	40	
1772	0	T 258	251	40	40	
1773	0	T 256	252	40	40	
1774	0	T 254	253	40	40	
1775	0	T 252	254	40	40	
1776	0	T 250	255	40	40	
1777	0	T 248	256	40	40	
1778	0	T 246	257	40	40	
1779	0	T 244	258	40	40	
1780	0	T 242	259	40	40	
1781	0	T 240	260	40	40	
1782	0	T 238	261	40	40	
1783	0	T 236	262	40	40	
1784	0	T 234	263	40	40	
1785	0	T 232	264	40	40	
1786	0	T 230	265	40	40	
1787	0	T 228	266	40	40	
1788	0	T 226	267	40	40	
1789	0	T 224	268	40	40	
1790	0	T 222	269	40	40	
1791	0	T 220	270	40	40	
1792	0	T 218	271	40	40	
1793	0	T 216	272	40	40	
1794	0	T 214	273	40	40	
1795	0	T 212	274	40	40	
1796	0	T 210	275	40	40	
1797	0	T 208	276	40	40	
1798	0	T 206	277	40	40	
1799	0	T 204	278	40	40	
1800	0	T 202	279	40	40	
1801	0	T 200	280	40	40	
1802	0	T 198	281	40	40	
1803	0	T 196	282	40	40	
1804	0	T 194	283	40	40	
1805	0	T 192	284	40	40	
1806	0	T 190	285	40	40	
1807	0	T 188	286	40	40	
1808	0	T 186	287	40	40	
1809	0	T 184	288	40	40	
1810	0	T 182	289	40	40	
1811	0	T 180	290	40	40	
1812	0	T 178	291	40	40	
1813	0	T 176	292	40	40	
1814	0	T 174	293	40	40	
1815	0	T 172	294	40	40	
1816	0	T 170	295	40	40	
1817	0	T 168	296	40	40	
1818	0	T 166	297	40	40	
1819	0	T 164	298	40	40	
1820	0	T 162	299	40	40	
1821	0	T 160	300	40	40	
1822	0	T 158	301	40	40	
1823	0	T 156	302	40	40	
1824	0	T 154	303	40	40	
1825	0	T 152	304	40	40	
1826	0	T 150	305	40	40	
1827	0	T 148	306	40	40	
1828	0	T 146	307	40	40	
1829	0	T 144	308	40	40	
1830	0	T 142	309	40	40	
1831	0	T 140	310	40	40	
1832	0	T 138	311	40	40	
1833	0	T 136	312	40	40	
1834	0	T 134	313	40	40	
1835	0	T 132	314	40	40	
1836	0	T 130	315	40	40	
1837	0	T 128	316	40	40	
1838	0	T 126	317	40	40	
1839	0	T 124	318	40	40	
1840	0	T 122	319	40	40	
1841	0	T 120	320	40	40	
1842	0	T 118	321	40	40	
1843	0	T 116	322	40	40	
1844	0	T 114	323	40	40	
1845	0	T 112	324	40	40	
1846	0	T 110	325	40	40	
1847	0	T 108	326	40	40	
1848	0	T 106	327	40	40	
1849	0	T 104	328	40	40	
1850	0	T 102	329	40	40	
1851	0	T 100	330	40	40	
1852	0	T 98	331	40	40	
1853	0	T 96	332	40	40	
1854	0	T 94	333	40	40	
1855	0	T 92	334	40	40	
1856	0	T 90	335	40	40	
1857	0	T 88	336	40	40	
1858	0	T 86	337	40	40	
1859	0	T 84	338	40	40	
1860	0	T 82	339	40	40	
1861	0	T 80	340	40	40	
1862	0	T 78	341	40	40	
1863	0	T 76	342	40	40	
1864	0	T 74	343	40	40	
1865	0	T 72	344	40	40	
1866	0	T 70	345	40	40	
1867	0	T 68	346	40	40	
1868	0	T 66	347	40	40	
1869	0	T 64	348	40	40	
1870	0	T 62	349	40	40	
1871	0	T 60	350	40	40	
1872	0	T 58	351	40	40	
1873	0	T 56	352	40	40	
1874	0	T 54	353	40	40	
1875	0	T 52	354	40	40	
1876	0	T 50	355	40	40	
1877	0	T 48	356	40	40	
1878	0	T 46	357	40	40	
1879	0	T 44	358	40	40	
1880	0	T 42	359	40	40	
1881	0	T 40	360	40	40	
1882	0	T 38	361	40	40	
1883	0	T 36	362	40	40	
1884	0	T 34	363	40	40	
1885	0	T 32	364	40	40	
1886	0	T 30	365	40	40	
1887	0	T 28	366	40	40	
1888	0	T 26	367	40	40	
1889	0	T 24	368	40	40	
1890	0	T 22	369	40	40	
1891	0	T 20	370	40	40	
1892	0	T 22	371	40	40	
1893	0	T 24	372	40	40	
1894	0	T 26	373	40	40	
1895	0	T 28	374	40	40	
1896	0	T 30	375	40	40	
1897	0	T 32	376	40	40	
1898	0	T 34	377	40	40	
1899	0	T 36	378	40	40	
1900	0	T 38	379	40	40	
1901	0	T 40	380	40	40	
1902	0	T 42	381	40	40	
1903	0	T 44	382	40	40	
1904	0	T 46	383	40	40	
1905	0	T 48	384	40	40	
1906	0	T 50	385	40	40	
1907	1	T 52	386	40	40	P 588	420	42	42	
1908	0	T 54	387	40	40	
1909	0	T 56	388	40	40	
1910	0	T 58	389	40	40	
1911	0	T 60	390	40	40	
1912	0	T 62	391	40	40	
1913	0	T 64	392	40	40	
1914	0	T 66	393	40	40	
1915	0	T 68	394	40	40	
1916	0	T 70	395	40	40	
1917	0	T 72	396	40	40	
1918	0	T 74	397	40	40	
1919	0	T 76	398	40	40	
1920	0	T 78	399	40	40	
1921	0	T 80	400	40	40	
1922	0	T 82	401	40	40	
1923	0	T 84	402	40	40	
1924	0	T 86	403	40	40	
1925	0	T 88	404	40	40	
1926	0	T 90	405	40	40	
1927	0	T 92	406	40	40	
1928	0	T 94	407	40	40	
1929	0	T 96	408	40	40	
1930	0	T 98	409	40	40	
1931	0	T 100	410	40	40	
1932	0	T 102	411	40	40	
1933	0	T 104	412	40	40	
1934	0	T 106	413	40	40	
1935	0	T 108	414	40	40	
1936	0	T 110	415	40	40	
1937	0	T 112	416	40	40	
1938	0	T 114	417	40	40	
1939	0	T 116	418	40	40	
1940	0	T 118	419	40	40	
1941	0	T 120	420	40	40	
1942	0	T 122	419	40	40	
1943	0	T 124	418	40	40	
1944	0	T 126	417	40	40	
1945	0	T 128	416	40	40	
1946	0	T 130	415	40	40	
1947	0	T 132	414	40	40	
1948	0	T 134	413	40	40	
1949	0	T 136	412	40	40	
1950	0	T 138	411	40	40	
1951	0	T 140	410	40	40	
1952	0	T 142	409	40	40	
1953	0	T 144	408	40	40	
1954	0	T 146	407	40	40	
1955	0	T 148	406	40	40	
1956	0	T 150	405	40	40	
1957	0	T 152	404	40	40	
1958	0	T 154	403	40	40	
1959	0	T 156	402	40	40	
1960	0	T 158	401	40	40	
1961	0	T 160	400	40	40	
1962	0	T 162	399	40	40	
1963	0	T 164	398	40	40	
1964	0	T 166	397	40	40	
1965	0	T 168	396	40	40	
1966	0	T 170	395	40	40	
1967	0	T 172	394	40	40	
1968	0	T 174	393	40	40	
1969	0	T 176	392	40	40	
1970	0	T 178	391	40	40	
1971	0	T 180	390	40	40	
1972	0	T 182	389	40	40	
1973	0	T 184	388	40	40	
1974	0	T 186	387	40	40	
1975	0	T 188	386	40	40	
1976	0	T 190	385	40	40	
1977	0	T 192	384	40	40	
1978	0	T 194	383	40	40	
1979	0	T 196	382	40	40	
1980	0	T 198	381	40	40	
1981	0	T 200	380	40	40	
1982	0	T 202	379	40	40	
1983	0	T 204	378	40	40	
1984	0	T 206	377	40	40	
1985	0	T 208	376	40	40	
1986	0	T 210	375	40	40	
1987	0	T 212	374	40	40	
1988	0	T 214	373	40	40	
1989	0	T 216	372	40	40	
1990	0	T 218	371	40	40	
1991	0	T 220	370	40	40	
1992	0	T 222	369	40	40	
1993	0	T 224	368	40	40	
1994	0	T 226	367	40	40	
1995	0	T 228	366	40	40	
1996	0	T 230	365	40	40	
1997	0	T 232	364	40	40	
1998	0	T 234	363	40	40	
1999	0	T 236	362	40	40	
2000	0	T 238	361	40	40	
