1	0	T 80	80	40	40	
2	0	T 82	81	40	40	
3	1	T 84	82	40	40	P 64	64	81	65	
4	1	T 86	83	40	40	P 64	64	81	81	
5	1	T 88	84	40	40	P 64	64	81	81	
6	1	T 90	85	40	40	P 64	80	81	49	
7	1	T 92	86	40	40	P 80	80	65	65	
8	1	T 94	87	40	40	P 80	64	65	81	
9	1	T 96	88	40	40	P 80	80	81	65	
10	1	T 98	89	40	40	P 80	64	81	81	
11	1	T 100	90	40	40	P 96	80	65	65	
12	1	T 102	91	40	40	P 96	80	65	65	
13	1	T 104	92	40	40	P 80	80	81	65	
14	1	T 106	93	40	40	P 96	80	65	65	
15	1	T 108	94	40	40	P 96	80	81	65	
16	1	T 110	95	40	40	P 96	80	81	81	
17	1	T 112	96	40	40	P 96	96	81	65	
18	1	T 114	97	40	40	P 96	80	81	65	
19	1	T 116	98	40	40	P 96	80	81	81	
20	1	T 118	99	40	40	P 96	80	81	81	
21	1	T 120	100	40	40	P 96	80	81	65	
22	1	T 122	101	40	40	P 96	80	81	81	
23	1	T 124	102	40	40	P 112	80	65	81	
24	1	T 126	103	40	40	P 112	96	65	65	
25	1	T 128	104	40	40	P 112	96	65	65	
26	1	T 130	105	40	40	P 112	96	81	65	
27	1	T 132	106	40	40	P 112	96	81	65	
28	1	T 134	107	40	40	P 112	96	81	65	
29	1	T 136	108	40	40	P 128	96	65	49	
30	1	T 138	109	40	40	P 112	96	81	65	
31	1	T 140	110	40	40	P 128	96	81	81	
32	1	T 142	111	40	40	P 128	96	65	65	
33	1	T 144	112	40	40	P 128	96	81	81	
34	1	T 146	113	40	40	P 128	96	81	65	
35	1	T 148	114	40	40	P 128	96	65	65	
36	1	T 150	115	40	40	P 128	112	81	65	
37	1	T 152	116	40	40	P 128	96	81	81	
38	1	T 154	117	40	40	P 128	96	81	81	
39	1	T 156	118	40	40	P 144	96	65	81	
40	1	T 158	119	40	40	P 144	112	81	65	
41	1	T 160	120	40	40	P 144	112	65	65	
42	1	T 162	121	40	40	P 144	112	81	65	
43	1	T 164	122	40	40	P 144	112	81	65	
44	1	T 166	123	40	40	P 144	112	81	49	
45	1	T 168	124	40	40	P 160	112	65	65	
46	1	T 170	125	40	40	P 144	112	81	65	
47	1	T 172	126	40	40	P 160	112	65	65	
48	1	T 174	127	40	40	P 160	112	65	65	
49	1	T 176	128	40	40	P 160	112	81	65	
50	1	T 178	129	40	40	P 160	112	81	65	
51	1	T 180	130	40	40	P 160	112	81	65	
52	1	T 182	131	40	40	P 208	112	33	65	
53	1	T 184	132	40	40	P 160	112	81	81	
54	1	T 186	133	40	40	P 176	112	65	81	
55	1	T 188	134	40	40	P 176	112	65	81	
56	1	T 190	135	40	40	P 176	128	65	65	
57	1	T 192	136	40	40	P 176	128	65	65	
58	1	T 194	137	40	40	P 176	128	81	65	
59	1	T 196	138	40	40	P 176	128	65	65	
60	1	T 198	139	40	40	P 176	128	81	65	
61	1	T 200	140	40	40	P 192	128	65	65	
62	1	T 202	141	40	40	P 176	128	81	65	
63	1	T 204	142	40	40	P 192	128	65	65	
64	1	T 206	143	40	40	P 192	128	81	65	
65	1	T 208	144	40	40	P 208	128	65	49	
66	1	T 210	145	40	40	P 192	128	81	65	
67	1	T 212	146	40	40	P 192	128	81	81	
68	1	T 214	147	40	40	P 192	128	81	65	
69	1	T 216	148	40	40	P 192	128	81	81	
70	1	T 218	149	40	40	P 208	128	65	65	
71	1	T 220	150	40	40	P 208	128	65	81	
72	1	T 222	151	40	40	P 208	144	81	65	
73	1	T 224	152	40	40	P 208	144	81	65	
74	1	T 226	153	40	40	P 208	128	81	81	
75	1	T 228	154	40	40	P 208	144	81	65	
76	1	T 230	155	40	40	P 208	144	81	65	
77	1	T 232	156	40	40	P 208	144	81	65	
78	1	T 234	157	40	40	P 208	144	81	65	
79	1	T 236	158	40	40	P 224	144	65	65	
80	1	T 238	159	40	40	P 224	144	65	65	
81	1	T 240	160	40	40	P 224	160	81	49	
82	1	T 242	161	40	40	P 240	144	49	49	
83	1	T 244	162	40	40	P 224	144	81	65	
84	1	T 246	163	40	40	P 240	144	65	65	
85	1	T 248	164	40	40	P 240	144	65	81	
86	1	T 250	165	40	40	P 224	144	81	81	
87	1	T 252	166	40	40	P 240	144	65	81	
88	1	T 254	167	40	40	P 240	160	81	65	
89	1	T 256	168	40	40	P 240	160	65	65	
90	1	T 258	169	40	40	P 240	144	81	81	
91	1	T 260	170	40	40	P 240	144	81	81	
92	1	T 262	171	40	40	P 240	160	81	65	
93	1	T 264	172	40	40	P 240	144	81	81	
94	1	T 266	173	40	40	P 256	160	65	65	
95	1	T 268	174	40	40	P 256	160	65	65	
96	1	T 270	175	40	40	P 256	160	65	65	
97	1	T 272	176	40	40	P 256	160	81	65	
98	1	T 274	177	40	40	P 256	160	81	81	
99	1	T 276	178	40	40	P 256	160	81	81	
100	1	T 278	179	40	40	P 256	160	81	65	
101	1	T 280	180	40	40	P 272	160	65	81	
102	1	T 282	181	40	40	P 272	160	65	65	
103	1	T 284	182	40	40	P 272	176	65	65	
104	1	T 286	183	40	40	P 272	160	81	81	
105	1	T 288	184	40	40	P 272	176	81	65	
106	1	T 290	185	40	40	P 272	176	81	65	
107	1	T 292	186	40	40	P 272	176	81	65	
108	1	T 294	187	40	40	P 288	176	65	65	
109	1	T 296	188	40	40	P 288	176	65	65	
110	1	T 298	189	40	40	P 288	176	65	65	
111	1	T 300	190	40	40	P 288	176	65	65	
112	1	T 302	191	40	40	P 288	176	65	65	
113	1	T 304	192	40	40	P 320	176	49	65	
114	1	T 306	193	40	40	P 288	176	81	81	
115	1	T 308	194	40	40	P 288	176	81	49	
116	1	T 310	195	40	40	P 288	192	81	65	
117	1	T 312	196	40	40	P 288	176	81	81	
118	1	T 314	197	40	40	P 320	176	49	65	
119	1	T 316	198	40	40	P 304	176	65	81	
120	1	T 318	199	40	40	P 304	192	81	65	
121	1	T 320	200	40	40	P 304	192	65	65	
122	1	T 322	201	40	40	P 304	192	81	65	
123	1	T 324	202	40	40	P 304	192	81	65	
124	1	T 326	203	40	40	P 320	192	65	49	
125	1	T 328	204	40	40	P 304	192	81	65	
126	1	T 330	205	40	40	P 320	192	65	65	
127	1	T 332	206	40	40	P 304	192	81	65	
128	1	T 334	207	40	40	P 320	192	65	65	
129	1	T 336	208	40	40	P 320	192	81	65	
130	1	T 338	209	40	40	P 320	192	81	65	
131	1	T 340	210	40	40	P 320	192	81	65	
132	1	T 342	211	40	40	P 336	208	65	49	
133	1	T 344	212	40	40	P 368	208	33	65	
134	1	T 346	213	40	40	P 320	192	81	81	
135	1	T 348	214	40	40	P 336	192	65	81	
136	1	T 350	215	40	40	P 336	208	81	65	
137	1	T 352	216	40	40	P 336	192	65	81	
138	1	T 354	217	40	40	P 336	208	65	49	
139	1	T 356	218	40	40	P 336	192	81	81	
140	1	T 358	219	40	40	P 336	208	81	65	
141	1	T 360	220	40	40	P 352	208	65	65	
142	1	T 362	221	40	40	P 352	208	65	65	
143	1	T 364	222	40	40	P 352	208	65	65	
144	1	T 366	223	40	40	P 352	208	65	81	
145	1	T 368	224	40	40	P 352	208	65	65	
146	1	T 370	225	40	40	P 352	208	81	65	
147	1	T 372	226	40	40	P 352	208	81	65	
148	1	T 374	227	40	40	P 352	224	33	49	
149	1	T 376	228	40	40	P 352	208	81	81	
150	1	T 378	229	40	40	P 368	224	65	65	
151	1	T 380	230	40	40	P 368	208	65	81	
152	1	T 382	231	40	40	P 368	208	65	81	
153	1	T 384	232	40	40	P 368	224	81	65	
154	1	T 386	233	40	40	P 384	208	65	81	
155	1	T 388	234	40	40	P 368	224	81	65	
156	1	T 390	235	40	40	P 368	224	81	65	
157	1	T 392	236	40	40	P 384	224	65	49	
158	1	T 394	237	40	40	P 384	224	65	65	
159	1	T 396	238	40	40	P 368	224	81	65	
160	1	T 398	239	40	40	P 384	224	65	81	
161	1	T 400	240	40	40	P 384	224	65	65	
162	1	T 402	241	40	40	P 384	224	65	65	
163	1	T 404	242	40	40	P 384	224	81	65	
164	1	T 406	243	40	40	P 416	256	49	33	
165	1	T 408	244	40	40	P 400	240	65	65	
166	1	T 410	245	40	40	P 400	224	65	65	
167	1	T 412	246	40	40	P 400	240	65	65	
168	1	T 414	247	40	40	P 400	224	81	81	
169	1	T 416	248	40	40	P 400	240	81	65	
170	1	T 418	249	40	40	P 400	240	81	49	
171	1	T 420	250	40	40	P 400	240	81	65	
172	1	T 422	251	40	40	P 400	224	81	65	
173	1	T 424	252	40	40	P 416	240	65	65	
174	1	T 426	253	40	40	P 416	240	65	65	
175	1	T 428	254	40	40	P 400	240	81	81	
176	1	T 430	255	40	40	P 416	240	65	65	
177	1	T 432	256	40	40	P 416	240	81	65	
178	1	T 434	257	40	40	P 416	240	65	65	
179	1	T 436	258	40	40	P 416	240	81	65	
180	1	T 438	259	40	40	P 416	256	81	49	
181	1	T 440	260	40	40	P 432	240	65	65	
182	1	T 442	261	40	40	P 432	240	65	81	
183	1	T 444	262	40	40	P 432	240	65	81	
184	1	T 446	263	40	40	P 432	256	81	65	
185	1	T 448	264	40	40	P 432	240	81	81	
186	1	T 450	265	40	40	P 432	240	81	81	
187	1	T 452	266	40	40	P 432	256	81	65	
188	1	T 454	267	40	40	P 432	256	81	65	
189	1	T 456	268	40	40	P 448	256	65	65	
190	1	T 458	269	40	40	P 432	256	81	65	
191	1	T 460	270	40	40	P 432	256	97	65	
192	1	T 462	271	40	40	P 448	256	65	81	
193	1	T 464	272	40	40	P 448	256	65	65	
194	1	T 466	273	40	40	P 448	256	65	65	
195	1	T 468	274	40	40	P 448	256	81	65	
196	1	T 470	275	40	40	P 496	288	33	33	
197	1	T 472	276	40	40	P 464	256	65	81	
198	1	T 474	277	40	40	P 464	256	65	81	
199	1	T 476	278	40	40	P 464	256	81	81	
200	1	T 478	279	40	40	P 464	256	81	81	
201	1	T 480	280	40	40	P 464	272	65	65	
202	1	T 482	281	40	40	P 464	272	81	65	
203	1	T 484	282	40	40	P 464	272	81	65	
204	1	T 486	283	40	40	P 464	272	81	65	
205	1	T 488	284	40	40	P 464	272	81	65	
206	1	T 490	285	40	40	P 480	272	65	65	
207	1	T 492	286	40	40	P 480	272	65	65	
208	1	T 494	287	40	40	P 480	272	65	65	
209	1	T 496	288	40	40	P 480	272	65	65	
210	1	T 498	289	40	40	P 480	272	81	81	
211	1	T 500	290	40	40	P 496	272	65	65	
212	1	T 502	291	40	40	P 480	272	81	81	
213	1	T 504	292	40	40	P 480	272	81	81	
214	1	T 506	293	40	40	P 480	272	81	81	
215	1	T 508	294	40	40	P 496	288	65	65	
216	1	T 510	295	40	40	P 496	288	65	65	
217	1	T 512	296	40	40	P 496	288	81	65	
218	1	T 514	297	40	40	P 496	272	81	81	
219	1	T 516	298	40	40	P 496	288	81	65	
220	1	T 518	299	40	40	P 496	288	81	65	
221	1	T 520	300	40	40	P 512	288	65	65	
222	1	T 522	301	40	40	P 512	288	65	65	
223	1	T 524	302	40	40	P 496	288	81	65	
224	1	T 526	303	40	40	P 512	288	81	81	
225	1	T 528	304	40	40	P 512	288	65	65	
226	1	T 530	305	40	40	P 512	304	65	65	
227	1	T 532	306	40	40	P 512	288	81	65	
228	1	T 534	307	40	40	P 512	288	81	81	
229	1	T 536	308	40	40	P 512	288	81	65	
230	1	T 538	309	40	40	P 544	288	49	81	
231	1	T 540	310	40	40	P 528	288	65	65	
232	1	T 542	311	40	40	P 528	304	81	65	
233	1	T 544	312	40	40	P 528	304	81	65	
234	1	T 546	313	40	40	P 528	304	81	65	
235	1	T 548	314	40	40	P 528	304	81	65	
236	1	T 550	315	40	40	P 528	304	81	65	
237	1	T 552	316	40	40	P 544	304	65	65	
238	1	T 554	317	40	40	P 528	304	81	65	
239	1	T 556	318	40	40	P 544	304	65	65	
240	1	T 558	319	40	40	P 544	304	65	65	
241	1	T 560	320	40	40	P 544	320	81	65	
242	1	T 562	321	40	40	P 544	304	81	65	
243	1	T 564	322	40	40	P 560	304	65	49	
244	1	T 566	323	40	40	P 544	320	81	65	
245	1	T 568	324	40	40	P 544	304	81	81	
246	1	T 570	325	40	40	P 544	304	81	81	
247	1	T 572	326	40	40	P 560	304	65	81	
248	1	T 574	327	40	40	P 576	320	65	65	
249	1	T 576	328	40	40	P 560	320	65	65	
250	1	T 578	329	40	40	P 560	304	81	81	
251	1	T 580	330	40	40	P 560	320	81	65	
252	1	T 582	331	40	40	P 560	320	81	65	
253	1	T 584	332	40	40	P 560	320	65	65	
254	1	T 586	333	40	40	P 576	320	65	65	
255	1	T 588	334	40	40	P 576	320	65	81	
256	1	T 590	335	40	40	P 576	320	65	65	
257	1	T 592	336	40	40	P 576	320	81	65	
258	1	T 594	337	40	40	P 576	320	81	65	
259	1	T 596	338	40	40	P 576	320	81	65	
260	1	T 598	339	40	40	P 576	320	81	81	
261	1	T 600	340	40	40	P 576	320	81	81	
262	1	T 602	341	40	40	P 576	320	81	65	
263	1	T 604	342	40	40	P 592	336	65	65	
264	1	T 606	343	40	40	P 592	320	65	81	
265	1	T 608	344	40	40	P 592	320	65	81	
266	1	T 610	345	40	40	P 592	336	65	65	
267	1	T 612	346	40	40	P 592	336	81	65	
268	1	T 614	347	40	40	P 592	336	81	65	
269	1	T 616	348	40	40	P 592	336	81	65	
270	1	T 618	349	40	40	P 592	336	81	65	
271	1	T 620	350	40	40	P 608	336	65	65	
272	1	T 622	351	40	40	P 608	336	81	81	
273	1	T 624	352	40	40	P 608	336	81	65	
274	1	T 626	353	40	40	P 608	336	81	65	
275	1	T 628	354	40	40	P 608	336	65	49	
276	1	T 630	355	40	40	P 608	336	81	65	
277	1	T 632	356	40	40	P 624	336	65	81	
278	1	T 634	357	40	40	P 624	336	65	81	
279	1	T 636	358	40	40	P 624	352	65	65	
280	1	T 638	359	40	40	P 624	352	65	65	
281	1	T 640	360	40	40	P 624	336	65	65	
282	1	T 642	361	40	40	P 624	336	81	65	
283	1	T 644	362	40	40	P 624	352	81	65	
284	1	T 646	363	40	40	P 624	352	81	49	
285	1	T 648	364	40	40	P 624	352	81	65	
286	1	T 650	365	40	40	P 624	352	81	65	
287	1	T 652	366	40	40	P 640	352	65	81	
288	1	T 654	367	40	40	P 640	352	65	65	
289	1	T 656	368	40	40	P 640	352	65	65	
290	1	T 658	369	40	40	P 640	352	65	81	
291	1	T 660	370	40	40	P 656	352	49	81	
292	0	T 658	371	40	40	
293	1	T 656	372	40	40	P 640	352	65	65	
294	1	T 654	373	40	40	P 640	352	65	81	
295	1	T 652	374	40	40	P 640	352	65	65	
296	1	T 650	375	40	40	P 624	368	81	65	
297	1	T 648	376	40	40	P 624	368	81	65	
298	1	T 646	377	40	40	P 624	352	81	65	
299	1	T 644	378	40	40	P 624	368	81	65	
300	1	T 642	379	40	40	P 624	368	65	65	
301	1	T 640	380	40	40	P 624	368	81	65	
302	1	T 638	381	40	40	P 624	368	65	65	
303	1	T 636	382	40	40	P 624	368	65	65	
304	1	T 634	383	40	40	P 624	368	65	65	
305	1	T 632	384	40	40	P 608	368	81	65	
306	1	T 630	385	40	40	P 608	368	81	81	
307	1	T 628	386	40	40	P 624	368	65	65	
308	1	T 626	387	40	40	P 608	368	81	81	
309	1	T 624	388	40	40	P 608	384	81	49	
310	1	T 622	389	40	40	P 608	368	81	81	
311	1	T 620	390	40	40	P 608	368	65	81	
312	1	T 618	391	40	40	P 592	384	81	65	
313	1	T 616	392	40	40	P 592	368	81	81	
314	1	T 614	393	40	40	P 592	384	81	65	
315	1	T 612	394	40	40	P 592	384	81	65	
316	1	T 610	395	40	40	P 592	384	81	65	
317	1	T 608	396	40	40	P 592	384	65	65	
318	1	T 606	397	40	40	P 592	384	65	65	
319	1	T 604	398	40	40	P 592	400	65	49	
320	1	T 602	399	40	40	P 576	384	81	65	
321	1	T 600	400	40	40	P 592	384	65	65	
322	1	T 598	401	40	40	P 576	384	81	81	
323	1	T 596	402	40	40	P 576	384	81	65	
324	1	T 594	403	40	40	P 576	384	81	65	
325	1	T 592	404	40	40	P 576	384	81	65	
326	1	T 590	405	40	40	P 576	400	65	65	
327	1	T 588	406	40	40	P 576	384	65	81	
328	1	T 586	407	40	40	P 576	400	65	65	
329	1	T 584	408	40	40	P 576	400	65	65	
330	1	T 582	409	40	40	P 560	400	81	65	
331	1	T 580	410	40	40	P 560	400	81	65	
332	1	T 578	411	40	40	P 560	400	81	65	
333	1	T 576	412	40	40	P 560	400	65	65	
334	1	T 574	413	40	40	P 560	400	81	65	
335	1	T 572	414	40	40	P 560	400	65	65	
336	1	T 570	415	40	40	P 544	400	81	65	
337	1	T 568	416	40	40	P 544	400	81	65	
338	1	T 566	417	40	40	P 544	416	81	49	
339	1	T 564	418	40	40	P 544	400	81	65	
340	1	T 562	419	40	40	P 544	400	81	65	
341	1	T 560	420	40	40	P 544	400	81	65	
342	1	T 558	419	40	40	P 544	416	65	49	
343	1	T 556	418	40	40	P 544	400	81	65	
344	1	T 554	417	40	40	P 544	400	65	65	
345	1	T 552	416	40	40	P 528	400	81	65	
346	1	T 550	415	40	40	P 528	400	81	65	
347	1	T 548	414	40	40	P 528	400	81	65	
348	1	T 546	413	40	40	P 528	400	65	65	
349	1	T 544	412	40	40	P 528	400	81	65	
350	1	T 542	411	40	40	P 528	400	65	65	
351	1	T 540	410	40	40	P 528	400	65	65	
352	1	T 538	409	40	40	P 512	400	81	65	
353	1	T 536	408	40	40	P 512	400	81	65	
354	1	T 534	407	40	40	P 512	400	81	65	
355	1	T 532	406	40	40	P 512	400	65	65	
356	1	T 530	405	40	40	P 512	400	65	65	
357	1	T 528	404	40	40	P 512	384	81	81	
358	1	T 526	403	40	40	P 512	384	65	81	
359	1	T 524	402	40	40	P 512	400	65	65	
360	1	T 522	401	40	40	P 496	384	81	65	
361	1	T 520	400	40	40	P 496	384	81	81	
362	1	T 518	399	40	40	P 496	384	81	65	
363	1	T 516	398	40	40	P 496	384	81	65	
364	1	T 514	397	40	40	P 496	384	81	65	
365	1	T 512	396	40	40	P 496	384	65	65	
366	1	T 510	395	40	40	P 496	400	81	49	
367	1	T 508	394	40	40	P 496	384	65	65	
368	1	T 506	393	40	40	P 480	368	81	81	
369	1	T 504	392	40	40	P 480	384	81	65	
370	1	T 502	391	40	40	P 480	368	81	81	
371	1	T 500	390	40	40	P 480	384	65	65	
372	1	T 498	389	40	40	P 480	384	81	65	
373	1	T 496	388	40	40	P 480	368	81	81	
374	1	T 494	387	40	40	P 480	368	65	81	
375	1	T 492	386	40	40	P 480	368	65	81	
376	1	T 490	385	40	40	P 480	384	65	65	
377	1	T 488	384	40	40	P 464	368	81	81	
378	1	T 486	383	40	40	P 464	368	81	81	
379	1	T 484	382	40	40	P 464	368	81	65	
380	1	T 482	381	40	40	P 464	368	81	65	
381	1	T 480	380	40	40	P 464	368	65	65	
382	1	T 478	379	40	40	P 464	368	65	65	
383	1	T 476	378	40	40	P 464	368	65	65	
384	1	T 474	377	40	40	P 464	368	65	65	
385	1	T 472	376	40	40	P 464	368	65	49	
386	1	T 470	375	40	40	P 448	368	81	49	
387	1	T 468	374	40	40	P 448	368	81	65	
388	1	T 466	373	40	40	P 480	400	33	33	
389	1	T 464	372	40	40	P 448	352	65	81	
390	1	T 462	371	40	40	P 448	352	81	81	
391	1	T 460	370	40	40	P 448	352	65	81	
392	1	T 458	369	40	40	P 448	352	65	81	
393	1	T 456	368	40	40	P 432	352	81	81	
394	1	T 454	367	40	40	P 432	352	81	65	
395	1	T 452	366	40	40	P 432	352	81	65	
396	1	T 450	365	40	40	P 432	352	81	65	
397	1	T 448	364	40	40	P 432	352	81	65	
398	1	T 446	363	40	40	P 432	352	65	65	
399	1	T 444	362	40	40	P 432	352	81	65	
400	1	T 442	361	40	40	P 432	352	65	65	
401	1	T 440	360	40	40	P 432	352	65	49	
402	1	T 438	359	40	40	P 432	352	65	65	
403	1	T 436	358	40	40	P 416	352	81	65	
404	1	T 434	357	40	40	P 448	368	33	33	
405	1	T 432	356	40	40	P 416	336	81	65	
406	1	T 430	355	40	40	P 416	336	81	81	
407	1	T 428	354	40	40	P 416	336	65	81	
408	1	T 426	353	40	40	P 416	336	65	65	
409	1	T 424	352	40	40	P 400	336	81	81	
410	1	T 422	351	40	40	P 416	336	65	65	
411	1	T 420	350	40	40	P 400	336	81	65	
412	1	T 418	349	40	40	P 400	336	81	65	
413	1	T 416	348	40	40	P 400	336	65	65	
414	1	T 414	347	40	40	P 400	336	65	65	
415	1	T 412	346	40	40	P 400	336	65	65	
416	1	T 410	345	40	40	P 400	336	65	65	
417	1	T 408	344	40	40	P 384	320	81	81	
418	1	T 406	343	40	40	P 400	336	65	65	
419	1	T 404	342	40	40	P 384	336	81	65	
420	1	T 402	341	40	40	P 384	320	81	81	
421	1	T 400	340	40	40	P 384	336	65	65	
422	1	T 398	339	40	40	P 384	320	65	65	
423	1	T 396	338	40	40	P 384	320	65	81	
424	1	T 394	337	40	40	P 384	320	49	65	
425	1	T 392	336	40	40	P 384	320	65	65	
426	1	T 390	335	40	40	P 368	320	81	81	
427	1	T 388	334	40	40	P 368	352	65	33	
428	1	T 386	333	40	40	P 368	320	81	65	
429	1	T 384	332	40	40	P 368	320	65	65	
430	1	T 382	331	40	40	P 368	336	65	49	
431	1	T 380	330	40	40	P 368	320	65	65	
432	1	T 378	329	40	40	P 368	320	65	65	
433	1	T 376	328	40	40	P 352	320	81	65	
434	1	T 374	327	40	40	P 352	320	81	65	
435	1	T 372	326	40	40	P 352	304	81	81	
436	1	T 370	325	40	40	P 352	304	81	81	
437	1	T 368	324	40	40	P 352	320	49	65	
438	1	T 366	323	40	40	P 352	304	65	81	
439	1	T 364	322	40	40	P 352	304	65	81	
440	1	T 362	321	40	40	P 352	304	65	65	
441	1	T 360	320	40	40	P 336	304	81	81	
442	1	T 358	319	40	40	P 336	304	81	65	
443	1	T 356	318	40	40	P 352	304	65	65	
444	1	T 354	317	40	40	P 336	304	65	65	
445	1	T 352	316	40	40	P 336	304	81	81	
446	1	T 350	315	40	40	P 336	304	65	65	
447	1	T 348	314	40	40	P 336	304	65	65	
448	1	T 346	313	40	40	P 320	304	81	65	
449	1	T 344	312	40	40	P 336	304	65	65	
450	1	T 342	311	40	40	P 320	304	81	65	
451	1	T 340	310	40	40	P 320	304	81	65	
452	1	T 338	309	40	40	P 368	304	33	33	
453	1	T 336	308	40	40	P 320	288	65	81	
454	1	T 334	307	40	40	P 320	288	65	65	
455	1	T 332	306	40	40	P 320	288	65	81	
456	1	T 330	305	40	40	P 320	288	65	65	
457	1	T 328	304	40	40	P 304	288	81	65	
458	1	T 326	303	40	40	P 304	288	81	65	
459	1	T 324	302	40	40	P 304	288	81	81	
460	1	T 322	301	40	40	P 304	288	81	65	
461	1	T 320	300	40	40	P 304	288	81	65	
462	1	T 318	299	40	40	P 304	288	65	65	
463	1	T 316	298	40	40	P 304	288	65	65	
464	1	T 314	297	40	40	P 288	272	81	81	
465	1	T 312	296	40	40	P 288	288	81	65	
466	1	T 310	295	40	40	P 288	288	81	65	
467	1	T 308	294	40	40	P 288	272	81	81	
468	1	T 306	293	40	40	P 288	272	65	65	
469	1	T 304	292	40	40	P 288	272	65	81	
470	1	T 302	291	40	40	P 288	272	81	81	
471	1	T 300	290	40	40	P 288	272	65	65	
472	1	T 298	289	40	40	P 288	272	65	81	
473	1	T 296	288	40	40	P 272	272	81	65	
474	1	T 294	287	40	40	P 272	272	81	81	
475	1	T 292	286	40	40	P 288	272	65	65	
476	1	T 290	285	40	40	P 272	272	81	65	
477	1	T 288	284	40	40	P 272	272	81	65	
478	1	T 286	283	40	40	P 272	272	65	65	
479	1	T 284	282	40	40	P 272	272	65	65	
480	1	T 282	281	40	40	P 272	272	65	65	
481	1	T 280	280	40	40	P 256	272	81	65	
482	1	T 278	279	40	40	P 256	256	81	81	
483	1	T 276	278	40	40	P 256	272	81	65	
484	1	T 274	277	40	40	P 256	272	65	65	
485	1	T 272	276	40	40	P 256	288	81	49	
486	1	T 270	275	40	40	P 256	256	81	81	
487	1	T 268	274	40	40	P 256	256	65	65	
488	1	T 266	273	40	40	P 256	272	65	65	
489	1	T 264	272	40	40	P 256	256	65	65	
490	1	T 262	271	40	40	P 240	256	81	81	
491	1	T 260	270	40	40	P 240	256	81	65	
492	1	T 258	269	40	40	P 240	256	81	65	
493	1	T 256	268	40	40	P 240	256	65	65	
494	1	T 254	267	40	40	P 240	256	65	65	
495	1	T 252	266	40	40	P 240	256	81	65	
496	1	T 250	265	40	40	P 224	256	81	65	
497	1	T 248	264	40	40	P 224	256	81	65	
498	1	T 246	263	40	40	P 224	256	81	65	
499	1	T 244	262	40	40	P 240	256	65	49	
500	1	T 242	261	40	40	P 224	240	81	81	
501	1	T 240	260	40	40	P 224	240	65	81	
502	1	T 238	259	40	40	P 224	240	65	81	
503	1	T 236	258	40	40	P 208	240	97	81	
504	1	T 234	257	40	40	P 208	240	81	65	
505	1	T 232	256	40	40	P 208	240	81	65	
506	1	T 230	255	40	40	P 208	240	81	65	
507	1	T 228	254	40	40	P 208	240	65	65	
508	1	T 226	253	40	40	P 208	256	65	49	
509	1	T 224	252	40	40	P 208	240	81	65	
510	1	T 222	251	40	40	P 208	240	65	65	
511	1	T 220	250	40	40	P 208	240	65	65	
512	1	T 218	249	40	40	P 208	240	65	65	
513	1	T 216	248	40	40	P 192	240	81	65	
514	1	T 214	247	40	40	P 192	240	81	49	
515	1	T 212	246	40	40	P 192	240	81	65	
516	1	T 210	245	40	40	P 192	240	81	65	
517	1	T 208	244	40	40	P 192	240	81	65	
518	1	T 206	243	40	40	P 192	224	65	81	
519	1	T 204	242	40	40	P 192	240	65	65	
520	1	T 202	241	40	40	P 192	224	65	81	
521	1	T 200	240	40	40	P 192	224	65	65	
522	1	T 198	239	40	40	P 192	224	65	65	
523	1	T 196	238	40	40	P 176	224	65	65	
524	1	T 194	237	40	40	P 192	240	65	33	
525	1	T 192	236	40	40	P 176	224	81	65	
526	1	T 190	235	40	40	P 176	208	65	81	
527	1	T 188	234	40	40	P 176	224	65	81	
528	1	T 186	233	40	40	P 176	224	65	65	
529	1	T 184	232	40	40	P 176	224	65	65	
530	1	T 182	231	40	40	P 160	208	81	65	
531	1	T 180	230	40	40	P 160	224	81	65	
532	1	T 178	229	40	40	P 160	208	81	81	
533	1	T 176	228	40	40	P 160	208	81	81	
534	1	T 174	227	40	40	P 160	208	65	81	
535	1	T 172	226	40	40	P 160	208	65	81	
536	1	T 170	225	40	40	P 160	208	65	65	
537	1	T 168	224	40	40	P 160	208	65	65	
538	1	T 166	223	40	40	P 144	208	81	65	
539	1	T 164	222	40	40	P 144	208	65	65	
540	1	T 162	221	40	40	P 144	208	81	65	
541	1	T 160	220	40	40	P 144	208	65	65	
542	1	T 158	219	40	40	P 144	208	65	65	
543	1	T 156	218	40	40	P 144	208	65	65	
544	1	T 154	217	40	40	P 144	208	65	65	
545	1	T 152	216	40	40	P 128	208	81	65	
546	1	T 150	215	40	40	P 128	208	81	65	
547	1	T 148	214	40	40	P 128	208	81	65	
548	1	T 146	213	40	40	P 128	208	33	49	
549	1	T 144	212	40	40	P 128	208	65	65	
550	1	T 142	211	40	40	P 128	192	81	65	
551	1	T 140	210	40	40	P 128	192	81	81	
552	1	T 138	209	40	40	P 112	192	81	81	
553	1	T 136	208	40	40	P 128	192	65	65	
554	1	T 134	207	40	40	P 112	192	81	81	
555	1	T 132	206	40	40	P 112	192	65	65	
556	1	T 130	205	40	40	P 112	192	81	65	
557	1	T 128	204	40	40	P 112	192	81	65	
558	1	T 126	203	40	40	P 112	192	65	65	
559	1	T 124	202	40	40	P 112	192	65	65	
560	1	T 122	201	40	40	P 112	192	65	65	
561	1	T 120	200	40	40	P 112	192	65	65	
562	1	T 118	199	40	40	P 96	192	81	65	
563	1	T 116	198	40	40	P 96	192	81	65	
564	1	T 114	197	40	40	P 96	176	81	81	
565	1	T 112	196	40	40	P 96	176	33	65	
566	1	T 110	195	40	40	P 96	176	65	81	
567	1	T 108	194	40	40	P 96	176	65	65	
568	1	T 106	193	40	40	P 96	176	65	81	
569	1	T 104	192	40	40	P 80	176	81	65	
570	1	T 102	191	40	40	P 96	192	65	65	
571	1	T 100	190	40	40	P 80	176	81	65	
572	1	T 98	189	40	40	P 80	176	81	65	
573	1	T 96	188	40	40	P 80	176	81	65	
574	1	T 94	187	40	40	P 80	176	65	65	
575	1	T 92	186	40	40	P 80	176	65	65	
576	1	T 90	185	40	40	P 64	176	81	65	
577	1	T 88	184	40	40	P 64	176	81	65	
578	1	T 86	183	40	40	P 64	176	81	65	
579	1	T 84	182	40	40	P 64	176	65	65	
580	1	T 82	181	40	40	P 64	176	81	65	
581	1	T 80	180	40	40	P 64	160	81	65	
582	1	T 78	179	40	40	P 64	160	81	81	
583	1	T 76	178	40	40	P 64	160	65	65	
584	1	T 74	177	40	40	P 64	160	65	81	
585	1	T 72	176	40	40	P 48	160	81	65	
586	1	T 70	175	40	40	P 48	160	81	65	
587	1	T 68	174	40	40	P 48	160	81	65	
588	1	T 66	173	40	40	P 48	192	65	33	
589	1	T 64	172	40	40	P 48	160	81	65	
590	1	T 62	171	40	40	P 48	160	65	65	
591	1	T 60	170	40	40	P 48	160	65	65	
592	1	T 58	169	40	40	P 48	160	65	65	
593	1	T 56	168	40	40	P 48	144	65	81	
594	1	T 54	167	40	40	P 32	160	81	65	
595	1	T 52	166	40	40	P 32	144	81	65	
596	1	T 50	165	40	40	P 32	160	65	65	
597	1	T 48	164	40	40	P 32	144	81	81	
598	1	T 46	163	40	40	P 32	160	81	65	
599	1	T 44	162	40	40	P 32	144	65	81	
600	1	T 42	161	40	40	P 32	144	65	65	
601	1	T 40	160	40	40	P 16	144	65	65	
602	1	T 38	159	40	40	P 16	144	81	81	
603	1	T 36	158	40	40	P 32	144	65	65	
604	1	T 34	157	40	40	P 16	144	81	65	
605	1	T 32	156	40	40	P 16	144	81	65	
606	1	T 30	155	40	40	P 16	144	65	65	
607	1	T 28	154	40	40	P 16	144	81	65	
608	1	T 26	153	40	40	P 16	144	65	65	
609	1	T 24	152	40	40	P 16	144	65	65	
610	1	T 22	151	40	40	P 32	144	49	65	
611	1	T 20	150	40	40	P 0	128	81	81	
612	1	T 22	149	40	40	P 0	176	65	33	
613	1	T 24	148	40	40	P 16	128	49	49	
614	1	T 26	147	40	40	P 16	128	65	65	
615	1	T 28	146	40	40	P 16	160	65	49	
616	1	T 30	145	40	40	P 16	128	65	81	
617	1	T 32	144	40	40	P 16	128	65	65	
618	1	T 34	143	40	40	P 16	128	81	65	
619	1	T 36	142	40	40	P 16	128	81	65	
620	1	T 38	141	40	40	P 16	128	81	65	
621	1	T 40	140	40	40	P 32	128	65	65	
622	1	T 42	139	40	40	P 16	128	81	65	
623	1	T 44	138	40	40	P 32	128	65	65	
624	1	T 46	137	40	40	P 32	128	81	65	
625	1	T 48	136	40	40	P 32	128	65	65	
626	1	T 50	135	40	40	P 32	128	81	65	
627	1	T 52	134	40	40	P 48	128	65	65	
628	1	T 54	133	40	40	P 32	128	81	65	
629	1	T 56	132	40	40	P 48	112	65	65	
630	1	T 58	131	40	40	P 48	128	65	65	
631	1	T 60	130	40	40	P 48	112	65	65	
632	1	T 62	129	40	40	P 48	112	81	65	
633	1	T 64	128	40	40	P 48	112	81	81	
634	1	T 66	127	40	40	P 48	112	65	65	
635	1	T 68	126	40	40	P 48	112	81	65	
636	1	T 70	125	40	40	P 64	112	65	65	
637	1	T 72	124	40	40	P 48	112	81	65	
638	1	T 74	123	40	40	P 48	112	81	65	
639	1	T 76	122	40	40	P 64	112	65	49	
640	1	T 78	121	40	40	P 64	112	65	65	
641	1	T 80	120	40	40	P 64	112	81	65	
642	1	T 82	119	40	40	P 64	112	81	65	
643	1	T 84	118	40	40	P 64	112	81	65	
644	1	T 86	117	40	40	P 80	112	65	49	
645	1	T 88	116	40	40	P 80	96	65	81	
646	1	T 90	115	40	40	P 80	96	65	81	
647	1	T 92	114	40	40	P 80	96	65	65	
648	1	T 94	113	40	40	P 80	112	65	65	
649	1	T 96	112	40	40	P 80	96	81	65	
650	1	T 98	111	40	40	P 80	96	81	65	
651	1	T 100	110	40	40	P 80	96	81	65	
652	1	T 102	109	40	40	P 80	96	81	65	
653	1	T 104	108	40	40	P 80	96	81	65	
654	1	T 106	107	40	40	P 96	96	65	65	
655	1	T 108	106	40	40	P 96	96	65	65	
656	1	T 110	105	40	40	P 96	96	81	65	
657	1	T 112	104	40	40	P 96	96	65	65	
658	1	T 114	103	40	40	P 96	80	81	65	
659	1	T 116	102	40	40	P 96	96	81	49	
660	1	T 118	101	40	40	P 112	80	65	81	
661	1	T 120	100	40	40	P 112	96	65	49	
662	1	T 122	99	40	40	P 112	80	65	81	
663	1	T 124	98	40	40	P 96	96	97	65	
664	1	T 126	97	40	40	P 112	80	65	81	
665	1	T 128	96	40	40	P 112	80	81	81	
666	1	T 130	95	40	40	P 112	80	81	65	
667	1	T 132	94	40	40	P 112	80	81	65	
668	1	T 134	93	40	40	P 112	80	81	65	
669	1	T 136	92	40	40	P 112	80	81	65	
670	1	T 138	91	40	40	P 112	64	81	81	
671	1	T 140	90	40	40	P 112	80	81	65	
672	1	T 142	89	40	40	P 128	80	65	65	
673	1	T 144	88	40	40	P 128	80	81	65	
674	1	T 146	87	40	40	P 128	80	81	65	
675	1	T 148	86	40	40	P 128	64	81	65	
676	1	T 150	85	40	40	P 144	80	65	65	
677	1	T 152	84	40	40	P 128	80	81	65	
678	1	T 154	83	40	40	P 128	64	81	81	
679	1	T 156	82	40	40	P 144	64	65	65	
680	1	T 158	81	40	40	P 144	64	65	65	
681	1	T 160	80	40	40	P 144	64	81	65	
682	1	T 162	79	40	40	P 144	64	81	65	
683	1	T 164	78	40	40	P 144	64	81	65	
684	1	T 166	77	40	40	P 144	64	81	65	
685	1	T 168	76	40	40	P 144	64	81	65	
686	1	T 170	75	40	40	P 144	64	81	65	
687	1	T 172	74	40	40	P 160	64	65	65	
688	1	T 174	73	40	40	P 160	64	81	65	
689	1	T 176	72	40	40	P 160	64	65	65	
690	1	T 178	71	40	40	P 160	64	33	49	
691	1	T 180	70	40	40	P 160	64	81	65	
692	1	T 182	69	40	40	P 160	48	65	81	
693	1	T 184	68	40	40	P 176	64	33	33	
694	1	T 186	67	40	40	P 160	48	81	81	
695	1	T 188	66	40	40	P 176	48	65	81	
696	1	T 190	65	40	40	P 176	48	81	65	
697	1	T 192	64	40	40	P 176	48	81	81	
698	1	T 194	63	40	40	P 176	48	81	65	
699	1	T 196	62	40	40	P 176	48	81	65	
700	1	T 198	61	40	40	P 176	48	81	65	
701	1	T 200	60	40	40	P 192	48	65	65	
702	1	T 202	59	40	40	P 192	48	65	65	
703	1	T 204	58	40	40	P 192	48	65	65	
704	1	T 206	57	40	40	P 192	48	65	65	
705	1	T 208	56	40	40	P 192	48	65	65	
706	1	T 210	55	40	40	P 192	48	65	65	
707	1	T 212	54	40	40	P 208	32	65	81	
708	1	T 214	53	40	40	P 192	32	81	65	
709	1	T 216	52	40	40	P 192	32	81	81	
710	1	T 218	51	40	40	P 208	32	65	81	
711	1	T 220	50	40	40	P 208	32	65	81	
712	1	T 222	49	40	40	P 208	32	65	65	
713	1	T 224	48	40	40	P 208	32	81	65	
714	1	T 226	47	40	40	P 208	64	49	33	
715	1	T 228	46	40	40	P 208	32	81	81	
716	1	T 230	45	40	40	P 208	32	81	65	
717	1	T 232	44	40	40	P 208	32	81	65	
718	1	T 234	43	40	40	P 224	32	65	65	
719	1	T 236	42	40	40	P 224	32	65	65	
720	1	T 238	41	40	40	P 224	32	65	65	
721	1	T 240	40	40	40	P 224	32	65	65	
722	1	T 242	39	40	40	P 224	16	81	81	
723	1	T 244	38	40	40	P 224	32	81	65	
724	1	T 246	37	40	40	P 240	16	65	81	
725	1	T 248	36	40	40	P 224	16	81	65	
726	1	T 250	35	40	40	P 224	16	81	65	
727	1	T 252	34	40	40	P 240	16	65	81	
728	1	T 254	33	40	40	P 240	32	81	65	
729	1	T 256	32	40	40	P 240	16	81	65	
730	1	T 258	31	40	40	P 240	16	81	49	
731	1	T 260	30	40	40	P 240	16	81	65	
732	1	T 262	29	40	40	P 240	16	81	65	
733	1	T 264	28	40	40	P 240	16	81	65	
734	1	T 266	27	40	40	P 240	16	81	65	
735	1	T 268	26	40	40	P 256	16	65	65	
736	1	T 270	25	40	40	P 256	16	81	65	
737	1	T 272	24	40	40	P 256	16	81	65	
738	1	T 274	23	40	40	P 256	16	81	65	
739	1	T 276	22	40	40	P 256	16	81	65	
740	1	T 278	21	40	40	P 256	0	81	81	
741	1	T 280	20	40	40	P 256	0	81	81	
742	1	T 282	21	40	40	P 256	16	81	65	
743	1	T 284	22	40	40	P 272	0	65	81	
744	1	T 286	23	40	40	P 272	0	65	65	
745	1	T 288	24	40	40	P 272	16	81	49	
746	1	T 290	25	40	40	P 272	16	81	65	
747	1	T 292	26	40	40	P 272	16	81	65	
748	1	T 294	27	40	40	P 272	32	65	49	
749	1	T 296	28	40	40	P 272	16	81	65	
750	1	T 298	29	40	40	P 272	0	81	81	
751	1	T 300	30	40	40	P 288	16	65	65	
752	1	T 302	31	40	40	P 288	32	81	49	
753	1	T 304	32	40	40	P 288	16	81	65	
754	1	T 306	33	40	40	P 288	16	65	65	
755	1	T 308	34	40	40	P 288	16	81	65	
756	1	T 310	35	40	40	P 288	16	81	81	
757	1	T 312	36	40	40	P 288	16	81	81	
758	1	T 314	37	40	40	P 304	32	65	65	
759	1	T 316	38	40	40	P 304	16	65	81	
760	1	T 318	39	40	40	P 304	32	81	65	
761	1	T 320	40	40	40	P 304	32	81	65	
762	1	T 322	41	40	40	P 304	32	81	65	
763	1	T 324	42	40	40	P 304	16	65	81	
764	1	T 326	43	40	40	P 320	32	65	65	
765	1	T 328	44	40	40	P 304	32	81	65	
766	1	T 330	45	40	40	P 320	32	65	65	
767	1	T 332	46	40	40	P 320	32	65	81	
768	1	T 334	47	40	40	P 320	32	65	65	
769	1	T 336	48	40	40	P 320	48	81	65	
770	1	T 338	49	40	40	P 320	32	65	65	
771	1	T 340	50	40	40	P 320	32	81	65	
772	1	T 342	51	40	40	P 320	48	81	49	
773	1	T 344	52	40	40	P 336	32	65	65	
774	1	T 346	53	40	40	P 336	32	65	81	
775	1	T 348	54	40	40	P 336	32	65	65	
776	1	T 350	55	40	40	P 336	48	81	65	
777	1	T 352	56	40	40	P 336	32	81	81	
778	1	T 354	57	40	40	P 336	48	65	65	
779	1	T 356	58	40	40	P 336	48	81	65	
780	1	T 358	59	40	40	P 336	48	81	65	
781	1	T 360	60	40	40	P 352	48	65	65	
782	1	T 362	61	40	40	P 352	48	65	65	
783	1	T 364	62	40	40	P 352	48	65	65	
784	1	T 366	63	40	40	P 352	64	81	49	
785	1	T 368	64	40	40	P 352	48	81	65	
786	1	T 370	65	40	40	P 352	64	81	65	
787	1	T 372	66	40	40	P 368	48	65	65	
788	1	T 374	67	40	40	P 352	64	81	49	
789	1	T 376	68	40	40	P 352	48	81	81	
790	1	T 378	69	40	40	P 352	48	81	81	
791	1	T 380	70	40	40	P 368	64	65	65	
792	1	T 382	71	40	40	P 368	48	65	81	
793	1	T 384	72	40	40	P 368	64	65	65	
794	1	T 386	73	40	40	P 368	48	81	81	
795	1	T 388	74	40	40	P 368	64	81	65	
796	1	T 390	75	40	40	P 384	64	65	65	
797	1	T 392	76	40	40	P 368	64	81	65	
798	1	T 394	77	40	40	P 384	64	65	65	
799	1	T 396	78	40	40	P 368	64	81	65	
800	1	T 398	79	40	40	P 384	64	81	65	
801	1	T 400	80	40	40	P 384	64	81	65	
802	1	T 402	81	40	40	P 384	64	81	81	
803	1	T 404	82	40	40	P 384	64	81	65	
804	1	T 406	83	40	40	P 384	64	81	65	
805	1	T 408	84	40	40	P 384	80	81	65	
806	1	T 410	85	40	40	P 384	64	81	81	
807	1	T 412	86	40	40	P 400	80	65	65	
808	1	T 414	87	40	40	P 400	64	65	65	
809	1	T 416	88	40	40	P 400	80	65	65	
810	1	T 418	89	40	40	P 400	64	81	81	
811	1	T 420	90	40	40	P 400	80	81	65	
812	1	T 422	91	40	40	P 400	80	81	65	
813	1	T 424	92	40	40	P 400	80	81	65	
814	1	T 426	93	40	40	P 400	80	81	65	
815	1	T 428	94	40	40	P 416	80	65	65	
816	1	T 430	95	40	40	P 416	80	81	65	
817	1	T 432	96	40	40	P 416	80	81	65	
818	1	T 434	97	40	40	P 416	80	81	65	
819	1	T 436	98	40	40	P 416	80	81	65	
820	1	T 438	99	40	40	P 416	80	81	65	
821	1	T 440	100	40	40	P 416	80	81	65	
822	1	T 442	101	40	40	P 432	96	65	65	
823	1	T 444	102	40	40	P 432	80	65	81	
824	1	T 446	103	40	40	P 432	80	81	81	
825	1	T 448	104	40	40	P 432	80	65	81	
826	1	T 450	105	40	40	P 448	96	49	49	
827	1	T 452	106	40	40	P 432	96	81	65	
828	1	T 454	107	40	40	P 432	96	81	65	
829	1	T 456	108	40	40	P 432	80	81	81	
830	1	T 458	109	40	40	P 432	96	81	65	
831	1	T 460	110	40	40	P 448	96	65	65	
832	1	T 462	111	40	40	P 448	96	81	81	
833	1	T 464	112	40	40	P 448	96	81	65	
834	1	T 466	113	40	40	P 448	96	81	65	
835	1	T 468	114	40	40	P 464	96	65	65	
836	1	T 470	115	40	40	P 448	96	81	65	
837	1	T 472	116	40	40	P 448	96	81	81	
838	1	T 474	117	40	40	P 464	96	65	65	
839	1	T 476	118	40	40	P 464	112	65	65	
840	1	T 478	119	40	40	P 464	112	65	65	
841	1	T 480	120	40	40	P 464	96	81	81	
842	1	T 482	121	40	40	P 464	112	81	49	
843	1	T 484	122	40	40	P 464	112	81	65	
844	1	T 486	123	40	40	P 464	112	81	65	
845	1	T 488	124	40	40	P 464	112	81	65	
846	1	T 490	125	40	40	P 464	112	81	81	
847	1	T 492	126	40	40	P 480	112	65	65	
848	1	T 494	127	40	40	P 480	112	81	65	
849	1	T 496	128	40	40	P 496	112	65	65	
850	1	T 498	129	40	40	P 480	112	81	65	
851	1	T 500	130	40	40	P 480	112	81	81	
852	1	T 502	131	40	40	P 480	112	81	81	
853	1	T 504	132	40	40	P 496	128	65	65	
854	1	T 506	133	40	40	P 480	112	81	65	
855	1	T 508	134	40	40	P 496	112	65	81	
856	1	T 510	135	40	40	P 496	112	65	81	
857	1	T 512	136	40	40	P 496	128	81	65	
858	1	T 514	137	40	40	P 496	112	81	81	
859	1	T 516	138	40	40	P 496	112	81	81	
860	1	T 518	139	40	40	P 496	128	81	65	
861	1	T 520	140	40	40	P 512	128	65	65	
862	1	T 522	141	40	40	P 512	128	65	65	
863	1	T 524	142	40	40	P 512	128	65	65	
864	1	T 526	143	40	40	P 512	128	65	65	
865	1	T 528	144	40	40	P 528	128	49	65	
866	1	T 530	145	40	40	P 512	128	81	65	
867	1	T 532	146	40	40	P 528	128	65	81	
868	1	T 534	147	40	40	P 512	128	81	65	
869	1	T 536	148	40	40	P 528	128	65	81	
870	1	T 538	149	40	40	P 544	128	49	65	
871	1	T 540	150	40	40	P 512	128	97	81	
872	1	T 542	151	40	40	P 528	128	65	81	
873	1	T 544	152	40	40	P 528	144	81	65	
874	1	T 546	153	40	40	P 544	144	65	65	
875	1	T 548	154	40	40	P 528	128	81	81	
876	1	T 550	155	40	40	P 528	144	81	65	
877	1	T 552	156	40	40	P 528	144	81	65	
878	1	T 554	157	40	40	P 528	144	81	65	
879	1	T 556	158	40	40	P 544	144	65	65	
880	1	T 558	159	40	40	P 544	144	65	65	
881	1	T 560	160	40	40	P 544	144	81	81	
882	1	T 562	161	40	40	P 544	144	81	81	
883	1	T 564	162	40	40	P 560	144	65	81	
884	1	T 566	163	40	40	P 544	160	81	65	
885	1	T 568	164	40	40	P 560	144	65	81	
886	1	T 570	165	40	40	P 560	144	65	81	
887	1	T 572	166	40	40	P 576	160	49	65	
888	1	T 574	167	40	40	P 560	144	65	81	
889	1	T 576	168	40	40	P 560	160	81	65	
890	1	T 578	169	40	40	P 560	160	65	65	
891	1	T 580	170	40	40	P 560	160	81	65	
892	1	T 582	171	40	40	P 560	160	81	65	
893	1	T 584	172	40	40	P 576	160	65	65	
894	1	T 586	173	40	40	P 560	160	81	65	
895	1	T 588	174	40	40	P 576	160	65	65	
896	1	T 590	175	40	40	P 560	160	81	65	
897	1	T 592	176	40	40	P 576	160	81	65	
898	1	T 594	177	40	40	P 576	176	81	49	
899	1	T 596	178	40	40	P 576	160	81	65	
900	1	T 598	179	40	40	P 592	160	65	49	
901	1	T 600	180	40	40	P 592	160	65	81	
902	1	T 602	181	40	40	P 576	160	81	81	
903	1	T 604	182	40	40	P 592	176	65	65	
904	1	T 606	183	40	40	P 592	176	65	65	
905	1	T 608	184	40	40	P 592	160	81	81	
906	1	T 610	185	40	40	P 592	176	49	65	
907	1	T 612	186	40	40	P 592	176	81	65	
908	1	T 614	187	40	40	P 592	176	81	65	
909	1	T 616	188	40	40	P 592	176	81	65	
910	1	T 618	189	40	40	P 608	176	65	65	
911	1	T 620	190	40	40	P 608	176	65	65	
912	1	T 622	191	40	40	P 608	176	81	65	
913	1	T 624	192	40	40	P 608	176	81	81	
914	1	T 626	193	40	40	P 608	176	81	65	
915	1	T 628	194	40	40	P 608	176	81	49	
916	1	T 630	195	40	40	P 608	176	65	65	
917	1	T 632	196	40	40	P 608	176	81	81	
918	1	T 634	197	40	40	P 608	176	81	81	
919	1	T 636	198	40	40	P 624	176	65	81	
920	1	T 638	199	40	40	P 624	192	65	65	
921	1	T 640	200	40	40	P 624	192	81	65	
922	1	T 642	201	40	40	P 624	192	81	49	
923	1	T 644	202	40	40	P 640	176	65	81	
924	1	T 646	203	40	40	P 624	192	81	65	
925	1	T 648	204	40	40	P 624	192	81	65	
926	1	T 650	205	40	40	P 640	192	65	65	
927	1	T 652	206	40	40	P 640	192	65	65	
928	1	T 654	207	40	40	P 640	192	65	81	
929	1	T 656	208	40	40	P 640	192	65	65	
930	1	T 658	209	40	40	P 640	192	65	81	
931	1	T 660	210	40	40	P 640	192	65	65	
932	1	T 658	211	40	40	P 656	192	49	49	
933	1	T 656	212	40	40	P 640	192	65	49	
934	1	T 654	213	40	40	P 640	192	65	81	
935	1	T 652	214	40	40	P 640	208	65	65	
936	1	T 650	215	40	40	P 624	208	81	65	
937	1	T 648	216	40	40	P 640	192	65	81	
938	1	T 646	217	40	40	P 640	208	65	65	
939	1	T 644	218	40	40	P 624	208	81	65	
940	1	T 642	219	40	40	P 624	208	81	65	
941	1	T 640	220	40	40	P 624	224	81	49	
942	1	T 638	221	40	40	P 624	208	65	65	
943	1	T 636	222	40	40	P 624	208	65	65	
944	1	T 634	223	40	40	P 608	208	81	65	
945	1	T 632	224	40	40	P 608	208	81	65	
946	1	T 630	225	40	40	P 608	208	81	81	
947	1	T 628	226	40	40	P 608	208	81	65	
948	1	T 626	227	40	40	P 608	208	81	65	
949	1	T 624	228	40	40	P 608	208	65	81	
950	1	T 622	229	40	40	P 608	224	65	65	
951	1	T 620	230	40	40	P 608	208	65	81	
952	1	T 618	231	40	40	P 608	208	65	81	
953	1	T 616	232	40	40	P 592	208	81	81	
954	1	T 614	233	40	40	P 592	224	81	65	
955	1	T 612	234	40	40	P 592	224	81	65	
956	1	T 610	235	40	40	P 592	224	65	65	
957	1	T 608	236	40	40	P 592	224	81	65	
958	1	T 606	237	40	40	P 592	224	81	81	
959	1	T 604	238	40	40	P 592	224	65	81	
960	1	T 602	239	40	40	P 576	224	65	65	
961	1	T 600	240	40	40	P 576	224	81	65	
962	1	T 598	241	40	40	P 576	224	81	65	
963	1	T 596	242	40	40	P 576	240	81	49	
964	1	T 594	243	40	40	P 576	240	81	49	
965	1	T 592	244	40	40	P 576	224	65	49	
966	1	T 590	245	40	40	P 576	240	81	65	
967	1	T 588	246	40	40	P 576	240	65	49	
968	1	T 586	247	40	40	P 560	224	81	81	
969	1	T 584	248	40	40	P 576	240	65	33	
970	1	T 582	249	40	40	P 576	240	65	49	
971	1	T 580	250	40	40	P 560	240	81	49	
972	1	T 578	251	40	40	P 560	240	81	65	
973	1	T 576	252	40	40	P 560	240	81	65	
974	1	T 574	253	40	40	P 560	240	81	65	
975	1	T 572	254	40	40	P 560	240	65	65	
976	1	T 570	255	40	40	P 560	240	65	65	
977	1	T 568	256	40	40	P 544	240	81	65	
978	1	T 566	257	40	40	P 544	240	81	65	
979	1	T 564	258	40	40	P 544	240	81	65	
980	1	T 562	259	40	40	P 544	240	81	65	
981	1	T 560	260	40	40	P 544	240	81	65	
982	1	T 558	261	40	40	P 544	240	81	81	
983	1	T 556	262	40	40	P 544	240	65	81	
984	1	T 554	263	40	40	P 528	256	81	65	
985	1	T 552	264	40	40	P 528	256	81	65	
986	1	T 550	265	40	40	P 528	256	81	65	
987	1	T 548	266	40	40	P 528	256	81	33	
988	1	T 546	267	40	40	P 528	240	81	81	
989	1	T 544	268	40	40	P 528	256	81	49	
990	1	T 542	269	40	40	P 528	256	81	65	
991	1	T 540	270	40	40	P 528	256	81	65	
992	1	T 538	271	40	40	P 528	256	65	65	
993	1	T 536	272	40	40	P 512	256	81	65	
994	1	T 534	273	40	40	P 512	256	81	81	
995	1	T 532	274	40	40	P 528	256	65	65	
996	1	T 530	275	40	40	P 512	256	81	81	
997	1	T 528	276	40	40	P 512	272	81	49	
998	1	T 526	277	40	40	P 512	256	81	81	
999	1	T 524	278	40	40	P 512	256	65	81	
1000	1	T 522	279	40	40	P 496	272	81	65	
1001	1	T 520	280	40	40	P 496	272	81	65	
1002	1	T 518	281	40	40	P 496	272	81	65	
1003	1	T 516	282	40	40	P 512	272	65	65	
1004	1	T 514	283	40	40	P 496	272	81	65	
1005	1	T 512	284	40	40	P 496	272	81	65	
1006	1	T 510	285	40	40	P 496	272	65	65	
1007	1	T 508	286	40	40	P 496	272	65	65	
1008	1	T 506	287	40	40	P 480	272	81	65	
1009	1	T 504	288	40	40	P 496	272	65	65	
1010	1	T 502	289	40	40	P 480	272	81	65	
1011	1	T 500	290	40	40	P 480	272	81	65	
1012	1	T 498	291	40	40	P 480	272	81	65	
1013	1	T 496	292	40	40	P 480	272	65	65	
1014	1	T 494	293	40	40	P 480	272	65	65	
1015	1	T 492	294	40	40	P 480	272	81	81	
1016	1	T 490	295	40	40	P 464	272	81	65	
1017	1	T 488	296	40	40	P 464	272	81	81	
1018	1	T 486	297	40	40	P 480	272	65	65	
1019	1	T 484	298	40	40	P 464	272	81	81	
1020	1	T 482	299	40	40	P 464	288	81	65	
1021	1	T 480	300	40	40	P 464	288	81	65	
1022	1	T 478	301	40	40	P 464	288	65	65	
1023	1	T 476	302	40	40	P 464	288	65	65	
1024	1	T 474	303	40	40	P 464	288	65	81	
1025	1	T 472	304	40	40	P 448	288	81	65	
1026	1	T 470	305	40	40	P 480	288	49	65	
1027	1	T 468	306	40	40	P 448	288	81	81	
1028	1	T 466	307	40	40	P 464	288	49	49	
1029	1	T 464	308	40	40	P 448	288	81	81	
1030	1	T 462	309	40	40	P 448	304	65	49	
1031	1	T 460	310	40	40	P 448	288	65	81	
1032	1	T 458	311	40	40	P 432	304	81	65	
1033	1	T 456	312	40	40	P 432	304	81	65	
1034	1	T 454	313	40	40	P 448	288	65	81	
1035	1	T 452	314	40	40	P 432	304	81	65	
1036	1	T 450	315	40	40	P 432	288	65	81	
1037	1	T 448	316	40	40	P 432	304	81	65	
1038	1	T 446	317	40	40	P 432	304	81	65	
1039	1	T 444	318	40	40	P 432	304	65	65	
1040	1	T 442	319	40	40	P 416	304	81	65	
1041	1	T 440	320	40	40	P 432	304	33	49	
1042	1	T 438	321	40	40	P 416	304	81	65	
1043	1	T 436	322	40	40	P 432	304	65	81	
1044	1	T 434	323	40	40	P 416	304	65	65	
1045	1	T 432	324	40	40	P 416	304	81	81	
1046	1	T 430	325	40	40	P 416	304	65	65	
1047	1	T 428	326	40	40	P 416	304	65	65	
1048	1	T 426	327	40	40	P 416	320	65	65	
1049	1	T 424	328	40	40	P 400	304	81	81	
1050	1	T 422	329	40	40	P 400	320	81	65	
1051	1	T 420	330	40	40	P 400	320	81	65	
1052	1	T 418	331	40	40	P 400	320	81	65	
1053	1	T 416	332	40	40	P 400	320	65	65	
1054	1	T 414	333	40	40	P 400	320	81	65	
1055	1	T 412	334	40	40	P 400	320	65	65	
1056	1	T 410	335	40	40	P 400	320	49	65	
1057	1	T 408	336	40	40	P 384	320	81	65	
1058	1	T 406	337	40	40	P 384	320	65	65	
1059	1	T 404	338	40	40	P 400	320	65	65	
1060	1	T 402	339	40	40	P 384	336	81	49	
1061	1	T 400	340	40	40	P 384	336	65	65	
1062	1	T 398	341	40	40	P 384	320	81	65	
1063	1	T 396	342	40	40	P 384	320	81	81	
1064	1	T 394	343	40	40	P 384	336	65	49	
1065	1	T 392	344	40	40	P 368	320	81	81	
1066	1	T 390	345	40	40	P 368	320	81	81	
1067	1	T 388	346	40	40	P 368	336	81	65	
1068	1	T 386	347	40	40	P 368	336	81	65	
1069	1	T 384	348	40	40	P 368	336	81	65	
1070	1	T 382	349	40	40	P 368	336	81	65	
1071	1	T 380	350	40	40	P 368	336	65	65	
1072	1	T 378	351	40	40	P 368	336	65	65	
1073	1	T 376	352	40	40	P 352	336	81	81	
1074	1	T 374	353	40	40	P 352	336	81	65	
1075	1	T 372	354	40	40	P 352	336	81	65	
1076	1	T 370	355	40	40	P 352	336	65	65	
1077	1	T 368	356	40	40	P 352	336	81	65	
1078	1	T 366	357	40	40	P 352	336	65	81	
1079	1	T 364	358	40	40	P 352	336	65	81	
1080	1	T 362	359	40	40	P 352	336	65	81	
1081	1	T 360	360	40	40	P 336	336	81	81	
1082	1	T 358	361	40	40	P 336	336	81	81	
1083	1	T 356	362	40	40	P 336	352	81	65	
1084	1	T 354	363	40	40	P 336	352	81	65	
1085	1	T 352	364	40	40	P 336	352	81	65	
1086	1	T 350	365	40	40	P 336	352	81	65	
1087	1	T 348	366	40	40	P 336	352	65	65	
1088	1	T 346	367	40	40	P 336	352	65	65	
1089	1	T 344	368	40	40	P 336	352	65	81	
1090	1	T 342	369	40	40	P 320	352	81	65	
1091	1	T 340	370	40	40	P 320	352	81	65	
1092	1	T 338	371	40	40	P 336	352	65	65	
1093	1	T 336	372	40	40	P 320	352	65	81	
1094	1	T 334	373	40	40	P 320	368	65	65	
1095	1	T 332	374	40	40	P 320	352	81	81	
1096	1	T 330	375	40	40	P 320	352	49	65	
1097	1	T 328	376	40	40	P 304	368	81	65	
1098	1	T 326	377	40	40	P 304	368	81	65	
1099	1	T 324	378	40	40	P 304	368	81	65	
1100	1	T 322	379	40	40	P 304	368	81	65	
1101	1	T 320	380	40	40	P 304	368	81	65	
1102	1	T 318	381	40	40	P 304	368	81	65	
1103	1	T 316	382	40	40	P 304	368	65	65	
1104	1	T 314	383	40	40	P 304	368	65	81	
1105	1	T 312	384	40	40	P 304	368	65	65	
1106	1	T 310	385	40	40	P 288	368	81	81	
1107	1	T 308	386	40	40	P 288	368	81	65	
1108	1	T 306	387	40	40	P 288	368	65	65	
1109	1	T 304	388	40	40	P 288	368	81	81	
1110	1	T 302	389	40	40	P 288	368	65	81	
1111	1	T 300	390	40	40	P 288	368	49	81	
1112	1	T 298	391	40	40	P 288	384	65	65	
1113	1	T 296	392	40	40	P 288	368	65	81	
1114	1	T 294	393	40	40	P 272	384	81	65	
1115	1	T 292	394	40	40	P 272	384	81	65	
1116	1	T 290	395	40	40	P 272	384	81	65	
1117	1	T 288	396	40	40	P 272	384	81	65	
1118	1	T 286	397	40	40	P 272	384	81	65	
1119	1	T 284	398	40	40	P 272	384	65	65	
1120	1	T 282	399	40	40	P 256	384	81	65	
1121	1	T 280	400	40	40	P 272	384	65	49	
1122	1	T 278	401	40	40	P 256	384	81	81	
1123	1	T 276	402	40	40	P 256	384	81	65	
1124	1	T 274	403	40	40	P 256	384	65	81	
1125	1	T 272	404	40	40	P 256	384	65	81	
1126	1	T 270	405	40	40	P 256	384	65	81	
1127	1	T 268	406	40	40	P 256	400	65	49	
1128	1	T 266	407	40	40	P 256	384	65	81	
1129	1	T 264	408	40	40	P 256	400	65	65	
1130	1	T 262	409	40	40	P 240	400	81	65	
1131	1	T 260	410	40	40	P 240	400	81	65	
1132	1	T 258	411	40	40	P 240	400	81	65	
1133	1	T 256	412	40	40	P 240	400	81	65	
1134	1	T 254	413	40	40	P 240	400	65	65	
1135	1	T 252	414	40	40	P 240	400	65	65	
1136	1	T 250	415	40	40	P 240	400	65	65	
1137	1	T 248	416	40	40	P 224	400	81	65	
1138	1	T 246	417	40	40	P 224	400	81	65	
1139	1	T 244	418	40	40	P 224	400	81	65	
1140	1	T 242	419	40	40	P 224	400	81	65	
1141	1	T 240	420	40	40	P 224	400	81	65	
1142	1	T 238	419	40	40	P 224	400	33	65	
1143	1	T 236	418	40	40	P 224	400	65	65	
1144	1	T 234	417	40	40	P 208	400	81	65	
1145	1	T 232	416	40	40	P 224	400	65	65	
1146	1	T 230	415	40	40	P 208	400	65	65	
1147	1	T 228	414	40	40	P 208	400	65	65	
1148	1	T 226	413	40	40	P 224	400	65	65	
1149	1	T 224	412	40	40	P 208	400	81	65	
1150	1	T 222	411	40	40	P 208	400	65	65	
1151	1	T 220	410	40	40	P 208	400	65	65	
1152	1	T 218	409	40	40	P 192	400	81	65	
1153	1	T 216	408	40	40	P 192	400	81	65	
1154	1	T 214	407	40	40	P 192	400	81	65	
1155	1	T 212	406	40	40	P 192	400	81	65	
1156	1	T 210	405	40	40	P 192	400	81	65	
1157	1	T 208	404	40	40	P 192	384	65	81	
1158	1	T 206	403	40	40	P 192	384	65	65	
1159	1	T 204	402	40	40	P 192	384	65	81	
1160	1	T 202	401	40	40	P 192	384	65	81	
1161	1	T 200	400	40	40	P 176	384	81	65	
1162	1	T 198	399	40	40	P 176	384	81	65	
1163	1	T 196	398	40	40	P 176	384	81	65	
1164	1	T 194	397	40	40	P 176	384	65	49	
1165	1	T 192	396	40	40	P 176	384	81	65	
1166	1	T 190	395	40	40	P 176	384	65	49	
1167	1	T 188	394	40	40	P 176	368	65	81	
1168	1	T 186	393	40	40	P 176	384	65	65	
1169	1	T 184	392	40	40	P 160	384	65	65	
1170	1	T 182	391	40	40	P 176	384	65	65	
1171	1	T 180	390	40	40	P 160	384	65	65	
1172	1	T 178	389	40	40	P 160	384	81	49	
1173	1	T 176	388	40	40	P 160	384	33	49	
1174	1	T 174	387	40	40	P 160	368	81	81	
1175	1	T 172	386	40	40	P 160	368	65	81	
1176	1	T 170	385	40	40	P 160	368	65	81	
1177	1	T 168	384	40	40	P 144	368	81	65	
1178	1	T 166	383	40	40	P 144	368	81	81	
1179	1	T 164	382	40	40	P 144	368	81	65	
1180	1	T 162	381	40	40	P 144	368	81	65	
1181	1	T 160	380	40	40	P 144	368	65	65	
1182	1	T 158	379	40	40	P 144	368	65	65	
1183	1	T 156	378	40	40	P 144	368	65	65	
1184	1	T 154	377	40	40	P 144	368	65	65	
1185	1	T 152	376	40	40	P 128	368	81	65	
1186	1	T 150	375	40	40	P 128	368	81	65	
1187	1	T 148	374	40	40	P 128	368	81	65	
1188	1	T 146	373	40	40	P 128	352	81	81	
1189	1	T 144	372	40	40	P 128	352	81	81	
1190	1	T 142	371	40	40	P 128	352	81	81	
1191	1	T 140	370	40	40	P 128	368	65	65	
1192	1	T 138	369	40	40	P 128	352	65	81	
1193	1	T 136	368	40	40	P 128	352	65	65	
1194	1	T 134	367	40	40	P 112	352	81	65	
1195	1	T 132	366	40	40	P 112	352	65	81	
1196	1	T 130	365	40	40	P 112	352	81	65	
1197	1	T 128	364	40	40	P 112	352	81	65	
1198	1	T 126	363	40	40	P 112	352	65	65	
1199	1	T 124	362	40	40	P 112	352	65	65	
1200	1	T 122	361	40	40	P 96	352	81	65	
1201	1	T 120	360	40	40	P 96	352	81	65	
1202	1	T 118	359	40	40	P 112	352	65	49	
1203	1	T 116	358	40	40	P 96	336	81	81	
1204	1	T 114	357	40	40	P 96	336	81	65	
1205	1	T 112	356	40	40	P 96	352	65	65	
1206	1	T 110	355	40	40	P 96	336	81	81	
1207	1	T 108	354	40	40	P 96	336	65	81	
1208	1	T 106	353	40	40	P 96	336	65	81	
1209	1	T 104	352	40	40	P 96	336	65	65	
1210	1	T 102	351	40	40	P 80	336	81	65	
1211	1	T 100	350	40	40	P 96	336	49	65	
1212	1	T 98	349	40	40	P 80	336	81	81	
1213	1	T 96	348	40	40	P 80	336	81	65	
1214	1	T 94	347	40	40	P 80	336	65	49	
1215	1	T 92	346	40	40	P 64	320	81	81	
1216	1	T 90	345	40	40	P 80	336	65	65	
1217	1	T 88	344	40	40	P 64	336	81	65	
1218	1	T 86	343	40	40	P 64	320	81	81	
1219	1	T 84	342	40	40	P 64	320	65	81	
1220	1	T 82	341	40	40	P 64	336	81	49	
1221	1	T 80	340	40	40	P 64	320	81	65	
1222	1	T 78	339	40	40	P 64	320	65	81	
1223	1	T 76	338	40	40	P 64	320	65	81	
1224	1	T 74	337	40	40	P 48	320	81	65	
1225	1	T 72	336	40	40	P 64	320	65	81	
1226	1	T 70	335	40	40	P 48	320	81	65	
1227	1	T 68	334	40	40	P 48	320	81	65	
1228	1	T 66	333	40	40	P 48	320	81	65	
1229	1	T 64	332	40	40	P 48	320	81	65	
1230	1	T 62	331	40	40	P 48	320	65	65	
1231	1	T 60	330	40	40	P 48	320	65	65	
1232	1	T 58	329	40	40	P 32	320	81	65	
1233	1	T 56	328	40	40	P 48	304	65	81	
1234	1	T 54	327	40	40	P 32	304	81	81	
1235	1	T 52	326	40	40	P 48	320	65	49	
1236	1	T 50	325	40	40	P 32	304	81	81	
1237	1	T 48	324	40	40	P 32	304	81	81	
1238	1	T 46	323	40	40	P 32	304	65	65	
1239	1	T 44	322	40	40	P 32	304	65	81	
1240	1	T 42	321	40	40	P 16	304	81	81	
1241	1	T 40	320	40	40	P 16	304	81	65	
1242	1	T 38	319	40	40	P 16	304	81	65	
1243	1	T 36	318	40	40	P 16	304	81	65	
1244	1	T 34	317	40	40	P 16	304	81	65	
1245	1	T 32	316	40	40	P 16	304	65	81	
1246	1	T 30	315	40	40	P 16	304	81	65	
1247	1	T 28	314	40	40	P 16	288	65	81	
1248	1	T 26	313	40	40	P 16	304	65	49	
1249	1	T 24	312	40	40	P 16	304	65	65	
1250	1	T 22	311	40	40	P 0	304	81	65	
1251	1	T 20	310	40	40	P 0	304	81	65	
1252	1	T 22	309	40	40	P 16	304	49	49	
1253	1	T 24	308	40	40	P 0	304	81	49	
1254	1	T 26	307	40	40	P 16	288	49	81	
1255	1	T 28	306	40	40	P 16	288	81	81	
1256	1	T 30	305	40	40	P 16	288	65	65	
1257	1	T 32	304	40	40	P 16	288	81	65	
1258	1	T 34	303	40	40	P 16	288	81	81	
1259	1	T 36	302	40	40	P 16	288	81	65	
1260	1	T 38	301	40	40	P 16	288	81	65	
1261	1	T 40	300	40	40	P 16	288	81	65	
1262	1	T 42	299	40	40	P 32	288	65	65	
1263	1	T 44	298	40	40	P 32	288	65	65	
1264	1	T 46	297	40	40	P 32	288	81	65	
1265	1	T 48	296	40	40	P 32	272	81	81	
1266	1	T 50	295	40	40	P 32	272	81	81	
1267	1	T 52	294	40	40	P 32	288	81	65	
1268	1	T 54	293	40	40	P 32	288	81	65	
1269	1	T 56	292	40	40	P 32	272	81	81	
1270	1	T 58	291	40	40	P 48	272	65	81	
1271	1	T 60	290	40	40	P 48	272	65	81	
1272	1	T 62	289	40	40	P 48	272	65	65	
1273	1	T 64	288	40	40	P 48	272	81	65	
1274	1	T 66	287	40	40	P 48	272	81	65	
1275	1	T 68	286	40	40	P 48	272	81	65	
1276	1	T 70	285	40	40	P 64	272	65	49	
1277	1	T 72	284	40	40	P 48	272	81	65	
1278	1	T 74	283	40	40	P 48	272	81	65	
1279	1	T 76	282	40	40	P 64	272	65	65	
1280	1	T 78	281	40	40	P 64	272	65	65	
1281	1	T 80	280	40	40	P 64	272	65	49	
1282	1	T 82	279	40	40	P 80	272	65	65	
1283	1	T 84	278	40	40	P 64	256	81	81	
1284	1	T 86	277	40	40	P 64	272	81	65	
1285	1	T 88	276	40	40	P 64	256	81	81	
1286	1	T 90	275	40	40	P 80	256	65	49	
1287	1	T 92	274	40	40	P 80	256	65	81	
1288	1	T 94	273	40	40	P 80	256	65	81	
1289	1	T 96	272	40	40	P 80	256	81	65	
1290	1	T 98	271	40	40	P 80	272	81	65	
1291	1	T 100	270	40	40	P 80	256	65	65	
1292	1	T 102	269	40	40	P 80	256	81	65	
1293	1	T 104	268	40	40	P 80	256	81	49	
1294	1	T 106	267	40	40	P 96	256	65	65	
1295	1	T 108	266	40	40	P 80	240	81	81	
1296	1	T 110	265	40	40	P 96	256	81	65	
1297	1	T 112	264	40	40	P 96	240	81	81	
1298	1	T 114	263	40	40	P 96	272	65	49	
1299	1	T 116	262	40	40	P 96	240	81	65	
1300	1	T 118	261	40	40	P 96	240	81	65	
1301	1	T 120	260	40	40	P 96	240	81	81	
1302	1	T 122	259	40	40	P 112	256	65	49	
1303	1	T 124	258	40	40	P 112	240	65	65	
1304	1	T 126	257	40	40	P 96	240	97	81	
1305	1	T 128	256	40	40	P 112	240	81	65	
1306	1	T 130	255	40	40	P 112	240	65	65	
1307	1	T 132	254	40	40	P 112	240	81	65	
1308	1	T 134	253	40	40	P 128	240	65	65	
1309	1	T 136	252	40	40	P 112	240	81	65	
1310	1	T 138	251	40	40	P 112	240	81	65	
1311	1	T 140	250	40	40	P 112	224	81	81	
1312	1	T 142	249	40	40	P 128	240	65	65	
1313	1	T 144	248	40	40	P 128	224	81	81	
1314	1	T 146	247	40	40	P 128	240	65	65	
1315	1	T 148	246	40	40	P 128	240	81	65	
1316	1	T 150	245	40	40	P 128	224	81	65	
1317	1	T 152	244	40	40	P 144	240	65	65	
1318	1	T 154	243	40	40	P 160	224	49	81	
1319	1	T 156	242	40	40	P 128	224	81	81	
1320	1	T 158	241	40	40	P 144	224	65	49	
1321	1	T 160	240	40	40	P 144	224	65	49	
1322	1	T 162	239	40	40	P 144	224	81	65	
1323	1	T 164	238	40	40	P 144	224	81	65	
1324	1	T 166	237	40	40	P 160	240	65	49	
1325	1	T 168	236	40	40	P 144	224	81	65	
1326	1	T 170	235	40	40	P 160	224	65	65	
1327	1	T 172	234	40	40	P 160	224	65	65	
1328	1	T 174	233	40	40	P 160	224	65	65	
1329	1	T 176	232	40	40	P 160	224	65	65	
1330	1	T 178	231	40	40	P 160	208	65	81	
1331	1	T 180	230	40	40	P 176	224	65	49	
1332	1	T 182	229	40	40	P 176	208	65	81	
1333	1	T 184	228	40	40	P 176	224	65	65	
1334	1	T 186	227	40	40	P 176	208	65	81	
1335	1	T 188	226	40	40	P 176	208	65	81	
1336	1	T 190	225	40	40	P 176	208	65	81	
1337	1	T 192	224	40	40	P 192	208	49	65	
1338	1	T 194	223	40	40	P 176	224	65	49	
1339	1	T 196	222	40	40	P 176	208	81	65	
1340	1	T 198	221	40	40	P 176	208	81	65	
1341	1	T 200	220	40	40	P 192	208	65	65	
1342	1	T 202	219	40	40	P 176	208	81	65	
1343	1	T 204	218	40	40	P 192	208	65	49	
1344	1	T 206	217	40	40	P 192	192	81	81	
1345	1	T 208	216	40	40	P 192	208	81	65	
1346	1	T 210	215	40	40	P 192	208	81	65	
1347	1	T 212	214	40	40	P 192	208	81	65	
1348	1	T 214	213	40	40	P 192	208	81	49	
1349	1	T 216	212	40	40	P 192	192	81	81	
1350	1	T 218	211	40	40	P 192	192	81	81	
1351	1	T 220	210	40	40	P 208	192	65	81	
1352	1	T 222	209	40	40	P 208	208	65	65	
1353	1	T 224	208	40	40	P 208	192	81	81	
1354	1	T 226	207	40	40	P 208	192	81	81	
1355	1	T 228	206	40	40	P 208	192	81	65	
1356	1	T 230	205	40	40	P 240	192	49	65	
1357	1	T 232	204	40	40	P 208	192	81	65	
1358	1	T 234	203	40	40	P 208	192	81	65	
1359	1	T 236	202	40	40	P 208	192	81	65	
1360	1	T 238	201	40	40	P 224	176	81	81	
1361	1	T 240	200	40	40	P 224	192	81	65	
1362	1	T 242	199	40	40	P 224	192	81	65	
1363	1	T 244	198	40	40	P 224	176	81	81	
1364	1	T 246	197	40	40	P 224	192	81	49	
1365	1	T 248	196	40	40	P 224	176	81	65	
1366	1	T 250	195	40	40	P 240	176	65	81	
1367	1	T 252	194	40	40	P 224	176	81	65	
1368	1	T 254	193	40	40	P 240	192	65	65	
1369	1	T 256	192	40	40	P 240	176	65	81	
1370	1	T 258	191	40	40	P 240	176	65	81	
1371	1	T 260	190	40	40	P 240	176	81	65	
1372	1	T 262	189	40	40	P 272	176	49	65	
1373	1	T 264	188	40	40	P 240	176	81	65	
1374	1	T 266	187	40	40	P 256	176	65	65	
1375	1	T 268	186	40	40	P 256	176	65	65	
1376	1	T 270	185	40	40	P 256	176	81	49	
1377	1	T 272	184	40	40	P 256	160	81	81	
1378	1	T 274	183	40	40	P 256	176	81	65	
1379	1	T 276	182	40	40	P 256	176	65	65	
1380	1	T 278	181	40	40	P 256	160	81	81	
1381	1	T 280	180	40	40	P 256	160	81	81	
1382	1	T 282	179	40	40	P 272	160	65	49	
1383	1	T 284	178	40	40	P 272	160	65	81	
1384	1	T 286	177	40	40	P 272	160	65	65	
1385	1	T 288	176	40	40	P 272	160	81	65	
1386	1	T 290	175	40	40	P 272	160	81	65	
1387	1	T 292	174	40	40	P 272	160	81	81	
1388	1	T 294	173	40	40	P 272	160	81	65	
1389	1	T 296	172	40	40	P 272	176	81	49	
1390	1	T 298	171	40	40	P 288	160	65	65	
1391	1	T 300	170	40	40	P 288	160	65	65	
1392	1	T 302	169	40	40	P 288	144	65	81	
1393	1	T 304	168	40	40	P 288	160	81	65	
1394	1	T 306	167	40	40	P 288	160	81	49	
1395	1	T 308	166	40	40	P 288	144	81	81	
1396	1	T 310	165	40	40	P 304	144	65	65	
1397	1	T 312	164	40	40	P 304	144	65	81	
1398	1	T 314	163	40	40	P 304	144	65	81	
1399	1	T 316	162	40	40	P 304	144	65	65	
1400	1	T 318	161	40	40	P 320	144	65	81	
1401	1	T 320	160	40	40	P 304	144	65	81	
1402	1	T 322	159	40	40	P 304	144	81	65	
1403	1	T 324	158	40	40	P 304	160	81	49	
1404	1	T 326	157	40	40	P 304	144	81	65	
1405	1	T 328	156	40	40	P 304	144	81	65	
1406	1	T 330	155	40	40	P 304	144	81	65	
1407	1	T 332	154	40	40	P 304	144	97	65	
1408	1	T 334	153	40	40	P 320	128	81	81	
1409	1	T 336	152	40	40	P 320	144	65	65	
1410	1	T 338	151	40	40	P 320	144	81	65	
1411	1	T 340	150	40	40	P 336	144	65	65	
1412	1	T 342	149	40	40	P 320	128	81	81	
1413	1	T 344	148	40	40	P 336	128	65	65	
1414	1	T 346	147	40	40	P 336	144	65	65	
1415	1	T 348	146	40	40	P 336	128	65	81	
1416	1	T 350	145	40	40	P 336	128	81	65	
1417	1	T 352	144	40	40	P 336	128	65	65	
1418	1	T 354	143	40	40	P 336	128	81	65	
1419	1	T 356	142	40	40	P 336	128	65	65	
1420	1	T 358	141	40	40	P 336	128	81	65	
1421	1	T 360	140	40	40	P 352	128	65	65	
1422	1	T 362	139	40	40	P 352	128	65	65	
1423	1	T 364	138	40	40	P 352	128	65	65	
1424	1	T 366	137	40	40	P 352	128	65	65	
1425	1	T 368	136	40	40	P 352	128	65	65	
1426	1	T 370	135	40	40	P 352	128	65	49	
1427	1	T 372	134	40	40	P 352	112	65	65	
1428	1	T 374	133	40	40	P 352	128	81	65	
1429	1	T 376	132	40	40	P 352	112	81	81	
1430	1	T 378	131	40	40	P 368	112	65	81	
1431	1	T 380	130	40	40	P 368	112	65	81	
1432	1	T 382	129	40	40	P 368	128	65	49	
1433	1	T 384	128	40	40	P 368	112	81	81	
1434	1	T 386	127	40	40	P 368	112	65	49	
1435	1	T 388	126	40	40	P 384	112	65	65	
1436	1	T 390	125	40	40	P 368	112	81	81	
1437	1	T 392	124	40	40	P 384	112	65	65	
1438	1	T 394	123	40	40	P 384	112	65	65	
1439	1	T 396	122	40	40	P 368	112	81	65	
1440	1	T 398	121	40	40	P 384	96	81	81	
1441	1	T 400	120	40	40	P 384	96	65	81	
1442	1	T 402	119	40	40	P 384	112	65	65	
1443	1	T 404	118	40	40	P 384	112	49	49	
1444	1	T 406	117	40	40	P 400	96	65	81	
1445	1	T 408	116	40	40	P 384	96	81	65	
1446	1	T 410	115	40	40	P 384	96	81	81	
1447	1	T 412	114	40	40	P 400	96	65	65	
1448	1	T 414	113	40	40	P 400	96	65	81	
1449	1	T 416	112	40	40	P 400	96	81	65	
1450	1	T 418	111	40	40	P 400	96	81	81	
1451	1	T 420	110	40	40	P 400	96	81	65	
1452	1	T 422	109	40	40	P 400	96	81	65	
1453	1	T 424	108	40	40	P 400	96	81	65	
1454	1	T 426	107	40	40	P 400	96	81	65	
1455	1	T 428	106	40	40	P 416	96	65	65	
1456	1	T 430	105	40	40	P 416	96	65	65	
1457	1	T 432	104	40	40	P 416	96	81	65	
1458	1	T 434	103	40	40	P 416	96	81	65	
1459	1	T 436	102	40	40	P 416	80	81	81	
1460	1	T 438	101	40	40	P 416	80	81	81	
1461	1	T 440	100	40	40	P 416	80	81	81	
1462	1	T 442	99	40	40	P 416	80	81	65	
1463	1	T 444	98	40	40	P 432	80	65	81	
1464	1	T 446	97	40	40	P 432	80	81	65	
1465	1	T 448	96	40	40	P 432	80	81	81	
1466	1	T 450	95	40	40	P 432	80	81	65	
1467	1	T 452	94	40	40	P 432	80	81	65	
1468	1	T 454	93	40	40	P 432	80	81	65	
1469	1	T 456	92	40	40	P 432	80	81	65	
1470	1	T 458	91	40	40	P 432	80	81	65	
1471	1	T 460	90	40	40	P 432	80	81	65	
1472	1	T 462	89	40	40	P 448	64	65	65	
1473	1	T 464	88	40	40	P 448	80	81	65	
1474	1	T 466	87	40	40	P 448	80	33	65	
1475	1	T 468	86	40	40	P 448	80	81	65	
1476	1	T 470	85	40	40	P 448	80	81	65	
1477	1	T 472	84	40	40	P 448	80	81	65	
1478	1	T 474	83	40	40	P 464	64	65	81	
1479	1	T 476	82	40	40	P 464	64	65	65	
1480	1	T 478	81	40	40	P 464	64	65	81	
1481	1	T 480	80	40	40	P 464	64	65	65	
1482	1	T 482	79	40	40	P 464	80	65	49	
1483	1	T 484	78	40	40	P 464	64	81	65	
1484	1	T 486	77	40	40	P 480	64	65	65	
1485	1	T 488	76	40	40	P 464	64	81	65	
1486	1	T 490	75	40	40	P 480	64	65	65	
1487	1	T 492	74	40	40	P 480	64	65	65	
1488	1	T 494	73	40	40	P 480	64	65	65	
1489	1	T 496	72	40	40	P 480	64	65	65	
1490	1	T 498	71	40	40	P 480	64	81	65	
1491	1	T 500	70	40	40	P 528	64	33	33	
1492	1	T 502	69	40	40	P 480	48	81	81	
1493	1	T 504	68	40	40	P 496	48	65	81	
1494	1	T 506	67	40	40	P 496	48	65	81	
1495	1	T 508	66	40	40	P 496	48	65	81	
1496	1	T 510	65	40	40	P 496	48	65	65	
1497	1	T 512	64	40	40	P 512	48	49	65	
1498	1	T 514	63	40	40	P 496	48	81	81	
1499	1	T 516	62	40	40	P 496	48	81	65	
1500	1	T 518	61	40	40	P 496	48	81	65	
1501	1	T 520	60	40	40	P 512	48	65	65	
1502	1	T 522	59	40	40	P 512	48	65	65	
1503	1	T 524	58	40	40	P 512	48	65	65	
1504	1	T 526	57	40	40	P 512	48	65	65	
1505	1	T 528	56	40	40	P 512	32	81	65	
1506	1	T 530	55	40	40	P 512	48	81	65	
1507	1	T 532	54	40	40	P 512	48	81	65	
1508	1	T 534	53	40	40	P 512	48	81	65	
1509	1	T 536	52	40	40	P 528	32	65	49	
1510	1	T 538	51	40	40	P 512	32	81	65	
1511	1	T 540	50	40	40	P 528	32	65	65	
1512	1	T 542	49	40	40	P 528	32	65	65	
1513	1	T 544	48	40	40	P 528	32	81	65	
1514	1	T 546	47	40	40	P 528	32	81	81	
1515	1	T 548	46	40	40	P 528	32	81	65	
1516	1	T 550	45	40	40	P 528	32	81	65	
1517	1	T 552	44	40	40	P 544	32	65	65	
1518	1	T 554	43	40	40	P 544	32	65	65	
1519	1	T 556	42	40	40	P 544	32	65	65	
1520	1	T 558	41	40	40	P 544	32	65	65	
1521	1	T 560	40	40	40	P 544	16	81	81	
1522	1	T 562	39	40	40	P 544	16	81	81	
1523	1	T 564	38	40	40	P 560	16	65	81	
1524	1	T 566	37	40	40	P 560	32	65	49	
1525	1	T 568	36	40	40	P 544	16	81	65	
1526	1	T 570	35	40	40	P 544	16	81	81	
1527	1	T 572	34	40	40	P 560	16	65	65	
1528	1	T 574	33	40	40	P 560	16	65	81	
1529	1	T 576	32	40	40	P 560	16	81	65	
1530	1	T 578	31	40	40	P 560	16	65	65	
1531	1	T 580	30	40	40	P 560	16	81	65	
1532	1	T 582	29	40	40	P 592	16	49	49	
1533	1	T 584	28	40	40	P 560	16	81	65	
1534	1	T 586	27	40	40	P 560	16	81	65	
1535	1	T 588	26	40	40	P 576	16	65	65	
1536	1	T 590	25	40	40	P 576	16	65	65	
1537	1	T 592	24	40	40	P 576	16	65	65	
1538	1	T 594	23	40	40	P 576	16	81	65	
1539	1	T 596	22	40	40	P 576	16	81	65	
1540	1	T 598	21	40	40	P 576	0	81	81	
1541	1	T 600	20	40	40	P 592	16	65	65	
1542	1	T 602	21	40	40	P 592	0	65	65	
1543	1	T 604	22	40	40	P 592	0	65	81	
1544	1	T 606	23	40	40	P 592	16	81	65	
1545	1	T 608	24	40	40	P 592	0	65	81	
1546	1	T 610	25	40	40	P 592	16	81	65	
1547	1	T 612	26	40	40	P 592	16	81	65	
1548	1	T 614	27	40	40	P 592	16	81	65	
1549	1	T 616	28	40	40	P 608	16	65	65	
1550	1	T 618	29	40	40	P 592	16	81	65	
1551	1	T 620	30	40	40	P 608	16	65	65	
1552	1	T 622	31	40	40	P 608	16	65	65	
1553	1	T 624	32	40	40	P 608	16	81	65	
1554	1	T 626	33	40	40	P 608	16	81	65	
1555	1	T 628	34	40	40	P 608	16	65	81	
1556	1	T 630	35	40	40	P 608	16	81	65	
1557	1	T 632	36	40	40	P 624	16	65	81	
1558	1	T 634	37	40	40	P 608	32	81	65	
1559	1	T 636	38	40	40	P 624	16	65	81	
1560	1	T 638	39	40	40	P 624	32	65	65	
1561	1	T 640	40	40	40	P 624	48	65	49	
1562	1	T 642	41	40	40	P 624	32	81	49	
1563	1	T 644	42	40	40	P 624	16	81	81	
1564	1	T 646	43	40	40	P 624	32	81	65	
1565	1	T 648	44	40	40	P 624	32	81	65	
1566	1	T 650	45	40	40	P 624	32	81	65	
1567	1	T 652	46	40	40	P 640	32	65	65	
1568	1	T 654	47	40	40	P 640	32	65	81	
1569	1	T 656	48	40	40	P 640	32	65	65	
1570	1	T 658	49	40	40	P 640	32	65	65	
1571	1	T 660	50	40	40	P 640	32	65	49	
1572	0	T 658	51	40	40	
1573	1	T 656	52	40	40	P 640	32	65	65	
1574	1	T 654	53	40	40	P 640	48	65	65	
1575	1	T 652	54	40	40	P 640	32	65	81	
1576	1	T 650	55	40	40	P 640	48	65	65	
1577	1	T 648	56	40	40	P 624	48	81	65	
1578	1	T 646	57	40	40	P 624	48	81	65	
1579	1	T 644	58	40	40	P 624	48	81	65	
1580	1	T 642	59	40	40	P 624	48	81	65	
1581	1	T 640	60	40	40	P 624	48	81	65	
1582	1	T 638	61	40	40	P 624	48	65	65	
1583	1	T 636	62	40	40	P 624	48	65	65	
1584	1	T 634	63	40	40	P 608	48	81	81	
1585	1	T 632	64	40	40	P 608	48	81	81	
1586	1	T 630	65	40	40	P 608	48	81	65	
1587	1	T 628	66	40	40	P 608	48	65	65	
1588	1	T 626	67	40	40	P 608	48	81	81	
1589	1	T 624	68	40	40	P 608	64	49	49	
1590	1	T 622	69	40	40	P 608	48	81	65	
1591	1	T 620	70	40	40	P 608	48	65	81	
1592	1	T 618	71	40	40	P 608	48	65	81	
1593	1	T 616	72	40	40	P 592	64	81	65	
1594	1	T 614	73	40	40	P 592	64	81	65	
1595	1	T 612	74	40	40	P 592	48	81	81	
1596	1	T 610	75	40	40	P 592	64	81	65	
1597	1	T 608	76	40	40	P 592	64	81	65	
1598	1	T 606	77	40	40	P 592	64	65	65	
1599	1	T 604	78	40	40	P 592	64	65	65	
1600	1	T 602	79	40	40	P 592	64	65	65	
1601	1	T 600	80	40	40	P 592	64	65	65	
1602	1	T 598	81	40	40	P 576	64	81	65	
1603	1	T 596	82	40	40	P 576	64	81	65	
1604	1	T 594	83	40	40	P 576	64	81	65	
1605	1	T 592	84	40	40	P 576	64	49	65	
1606	1	T 590	85	40	40	P 576	80	65	65	
1607	1	T 588	86	40	40	P 576	64	65	81	
1608	1	T 586	87	40	40	P 576	80	65	65	
1609	1	T 584	88	40	40	P 560	80	65	65	
1610	1	T 582	89	40	40	P 560	80	81	65	
1611	1	T 580	90	40	40	P 560	64	81	81	
1612	1	T 578	91	40	40	P 560	80	81	65	
1613	1	T 576	92	40	40	P 560	80	81	65	
1614	1	T 574	93	40	40	P 560	80	65	65	
1615	1	T 572	94	40	40	P 560	80	65	65	
1616	1	T 570	95	40	40	P 544	80	81	81	
1617	1	T 568	96	40	40	P 544	80	81	81	
1618	1	T 566	97	40	40	P 544	80	81	65	
1619	1	T 564	98	40	40	P 544	80	81	65	
1620	1	T 562	99	40	40	P 544	80	81	65	
1621	1	T 560	100	40	40	P 544	80	81	81	
1622	1	T 558	101	40	40	P 544	80	65	65	
1623	1	T 556	102	40	40	P 544	80	65	81	
1624	1	T 554	103	40	40	P 544	80	65	49	
1625	1	T 552	104	40	40	P 528	96	81	65	
1626	1	T 550	105	40	40	P 544	96	65	65	
1627	1	T 548	106	40	40	P 528	96	81	65	
1628	1	T 546	107	40	40	P 528	112	49	49	
1629	1	T 544	108	40	40	P 528	80	65	81	
1630	1	T 542	109	40	40	P 528	96	65	81	
1631	1	T 540	110	40	40	P 528	96	65	65	
1632	1	T 538	111	40	40	P 512	96	81	65	
1633	1	T 536	112	40	40	P 512	96	81	65	
1634	1	T 534	113	40	40	P 512	96	81	65	
1635	1	T 532	114	40	40	P 512	96	81	65	
1636	1	T 530	115	40	40	P 512	96	81	65	
1637	1	T 528	116	40	40	P 512	96	81	81	
1638	1	T 526	117	40	40	P 512	96	65	81	
1639	1	T 524	118	40	40	P 512	96	65	81	
1640	1	T 522	119	40	40	P 512	112	65	65	
1641	1	T 520	120	40	40	P 512	112	65	65	
1642	1	T 518	121	40	40	P 496	112	81	49	
1643	1	T 516	122	40	40	P 512	112	65	65	
1644	1	T 514	123	40	40	P 496	112	81	65	
1645	1	T 512	124	40	40	P 496	112	81	65	
1646	1	T 510	125	40	40	P 496	112	65	65	
1647	1	T 508	126	40	40	P 496	112	65	65	
1648	1	T 506	127	40	40	P 496	112	65	81	
1649	1	T 504	128	40	40	P 496	112	49	65	
1650	1	T 502	129	40	40	P 480	112	65	33	
1651	1	T 500	130	40	40	P 480	112	81	65	
1652	1	T 498	131	40	40	P 480	112	81	65	
1653	1	T 496	132	40	40	P 480	112	81	65	
1654	1	T 494	133	40	40	P 480	112	81	81	
1655	1	T 492	134	40	40	P 480	112	65	65	
1656	1	T 490	135	40	40	P 480	112	65	81	
1657	1	T 488	136	40	40	P 464	128	81	65	
1658	1	T 486	137	40	40	P 464	112	81	81	
1659	1	T 484	138	40	40	P 464	128	81	49	
1660	1	T 482	139	40	40	P 464	112	81	81	
1661	1	T 480	140	40	40	P 464	128	81	65	
1662	1	T 478	141	40	40	P 464	128	65	65	
1663	1	T 476	142	40	40	P 448	128	81	65	
1664	1	T 474	143	40	40	P 448	128	81	65	
1665	1	T 472	144	40	40	P 448	128	81	65	
1666	1	T 470	145	40	40	P 448	128	81	65	
1667	1	T 468	146	40	40	P 448	128	81	81	
1668	1	T 466	147	40	40	P 448	128	65	49	
1669	1	T 464	148	40	40	P 448	128	81	81	
1670	1	T 462	149	40	40	P 448	128	81	65	
1671	1	T 460	150	40	40	P 448	128	65	81	
1672	1	T 458	151	40	40	P 448	128	81	81	
1673	1	T 456	152	40	40	P 432	144	81	65	
1674	1	T 454	153	40	40	P 432	144	65	65	
1675	1	T 452	154	40	40	P 432	128	81	65	
1676	1	T 450	155	40	40	P 432	144	81	65	
1677	1	T 448	156	40	40	P 432	144	81	65	
1678	1	T 446	157	40	40	P 432	144	81	65	
1679	1	T 444	158	40	40	P 432	144	65	65	
1680	1	T 442	159	40	40	P 432	144	65	65	
1681	1	T 440	160	40	40	P 432	144	65	81	
1682	1	T 438	161	40	40	P 416	144	81	65	
1683	1	T 436	162	40	40	P 416	144	81	65	
1684	1	T 434	163	40	40	P 416	144	65	49	
1685	1	T 432	164	40	40	P 416	144	81	81	
1686	1	T 430	165	40	40	P 416	144	65	81	
1687	1	T 428	166	40	40	P 416	144	65	81	
1688	1	T 426	167	40	40	P 416	144	65	81	
1689	1	T 424	168	40	40	P 400	160	81	65	
1690	1	T 422	169	40	40	P 416	160	65	49	
1691	1	T 420	170	40	40	P 400	160	81	65	
1692	1	T 418	171	40	40	P 400	160	81	65	
1693	1	T 416	172	40	40	P 400	160	65	65	
1694	1	T 414	173	40	40	P 400	160	65	65	
1695	1	T 412	174	40	40	P 400	160	65	65	
1696	1	T 410	175	40	40	P 400	160	65	65	
1697	1	T 408	176	40	40	P 400	160	65	65	
1698	1	T 406	177	40	40	P 400	160	65	65	
1699	1	T 404	178	40	40	P 400	160	65	81	
1700	1	T 402	179	40	40	P 384	160	81	65	
1701	1	T 400	180	40	40	P 384	160	81	81	
1702	1	T 398	181	40	40	P 384	176	81	65	
1703	1	T 396	182	40	40	P 384	160	65	81	
1704	1	T 394	183	40	40	P 384	160	65	81	
1705	1	T 392	184	40	40	P 368	160	81	81	
1706	1	T 390	185	40	40	P 368	176	81	65	
1707	1	T 388	186	40	40	P 368	176	81	65	
1708	1	T 386	187	40	40	P 368	176	81	65	
1709	1	T 384	188	40	40	P 368	176	81	65	
1710	1	T 382	189	40	40	P 384	176	49	65	
1711	1	T 380	190	40	40	P 368	176	65	65	
1712	1	T 378	191	40	40	P 352	176	81	65	
1713	1	T 376	192	40	40	P 352	176	65	65	
1714	1	T 374	193	40	40	P 352	176	81	81	
1715	1	T 372	194	40	40	P 352	176	81	65	
1716	1	T 370	195	40	40	P 352	176	81	81	
1717	1	T 368	196	40	40	P 352	176	81	65	
1718	1	T 366	197	40	40	P 352	192	65	65	
1719	1	T 364	198	40	40	P 352	176	81	81	
1720	1	T 362	199	40	40	P 336	176	81	81	
1721	1	T 360	200	40	40	P 336	176	81	81	
1722	1	T 358	201	40	40	P 336	192	81	33	
1723	1	T 356	202	40	40	P 336	192	81	65	
1724	1	T 354	203	40	40	P 336	192	65	65	
1725	1	T 352	204	40	40	P 336	192	81	65	
1726	1	T 350	205	40	40	P 336	192	65	65	
1727	1	T 348	206	40	40	P 336	192	65	65	
1728	1	T 346	207	40	40	P 320	192	81	65	
1729	1	T 344	208	40	40	P 336	192	65	49	
1730	1	T 342	209	40	40	P 320	192	81	81	
1731	1	T 340	210	40	40	P 320	192	81	81	
1732	1	T 338	211	40	40	P 320	208	81	49	
1733	1	T 336	212	40	40	P 320	208	81	65	
1734	1	T 334	213	40	40	P 320	192	65	81	
1735	1	T 332	214	40	40	P 320	192	65	81	
1736	1	T 330	215	40	40	P 320	208	65	65	
1737	1	T 328	216	40	40	P 304	208	81	65	
1738	1	T 326	217	40	40	P 304	192	81	81	
1739	1	T 324	218	40	40	P 304	208	81	65	
1740	1	T 322	219	40	40	P 304	192	81	81	
1741	1	T 320	220	40	40	P 304	208	65	65	
1742	1	T 318	221	40	40	P 304	208	65	65	
1743	1	T 316	222	40	40	P 288	208	81	81	
1744	1	T 314	223	40	40	P 304	208	65	65	
1745	1	T 312	224	40	40	P 304	224	33	33	
1746	1	T 310	225	40	40	P 288	208	81	65	
1747	1	T 308	226	40	40	P 288	224	81	49	
1748	1	T 306	227	40	40	P 288	208	81	65	
1749	1	T 304	228	40	40	P 288	224	81	65	
1750	1	T 302	229	40	40	P 288	208	65	81	
1751	1	T 300	230	40	40	P 288	224	65	65	
1752	1	T 298	231	40	40	P 272	208	81	81	
1753	1	T 296	232	40	40	P 272	208	81	81	
1754	1	T 294	233	40	40	P 272	208	81	81	
1755	1	T 292	234	40	40	P 272	224	81	65	
1756	1	T 290	235	40	40	P 272	224	81	65	
1757	1	T 288	236	40	40	P 272	224	81	65	
1758	1	T 286	237	40	40	P 272	224	81	65	
1759	1	T 284	238	40	40	P 272	224	65	65	
1760	1	T 282	239	40	40	P 272	224	65	65	
1761	1	T 280	240	40	40	P 272	224	65	65	
1762	1	T 278	241	40	40	P 256	224	81	81	
1763	1	T 276	242	40	40	P 256	224	81	81	
1764	1	T 274	243	40	40	P 256	224	81	65	
1765	1	T 272	244	40	40	P 256	224	81	65	
1766	1	T 270	245	40	40	P 256	224	81	81	
1767	1	T 268	246	40	40	P 240	240	81	65	
1768	1	T 266	247	40	40	P 256	224	65	81	
1769	1	T 264	248	40	40	P 256	224	65	81	
1770	1	T 262	249	40	40	P 240	240	81	65	
1771	1	T 260	250	40	40	P 240	240	81	65	
1772	1	T 258	251	40	40	P 240	240	81	49	
1773	1	T 256	252	40	40	P 240	224	81	81	
1774	1	T 254	253	40	40	P 240	240	81	65	
1775	1	T 252	254	40	40	P 240	240	65	65	
1776	1	T 250	255	40	40	P 224	256	81	65	
1777	1	T 248	256	40	40	P 240	240	65	65	
1778	1	T 246	257	40	40	P 240	240	65	65	
1779	1	T 244	258	40	40	P 224	240	81	49	
1780	1	T 242	259	40	40	P 224	240	81	65	
1781	1	T 240	260	40	40	P 240	256	33	33	
1782	1	T 238	261	40	40	P 224	240	81	81	
1783	1	T 236	262	40	40	P 224	256	65	65	
1784	1	T 234	263	40	40	P 208	240	81	81	
1785	1	T 232	264	40	40	P 208	256	81	49	
1786	1	T 230	265	40	40	P 208	256	81	65	
1787	1	T 228	266	40	40	P 208	256	81	65	
1788	1	T 226	267	40	40	P 208	240	81	65	
1789	1	T 224	268	40	40	P 208	256	65	65	
1790	1	T 222	269	40	40	P 208	256	81	65	
1791	1	T 220	270	40	40	P 208	256	65	49	
1792	1	T 218	271	40	40	P 208	256	65	65	
1793	1	T 216	272	40	40	P 192	256	81	65	
1794	1	T 214	273	40	40	P 208	256	65	81	
1795	1	T 212	274	40	40	P 192	256	81	65	
1796	1	T 210	275	40	40	P 192	256	81	81	
1797	1	T 208	276	40	40	P 192	256	65	49	
1798	1	T 206	277	40	40	P 192	256	65	81	
1799	1	T 204	278	40	40	P 192	272	81	65	
1800	1	T 202	279	40	40	P 208	272	49	65	
1801	1	T 200	280	40	40	P 192	272	65	65	
1802	1	T 198	281	40	40	P 176	272	81	65	
1803	1	T 196	282	40	40	P 192	272	65	65	
1804	1	T 194	283	40	40	P 176	272	65	65	
1805	1	T 192	284	40	40	P 176	272	65	65	
1806	1	T 190	285	40	40	P 176	272	65	65	
1807	1	T 188	286	40	40	P 176	272	81	65	
1808	1	T 186	287	40	40	P 160	272	81	65	
1809	1	T 184	288	40	40	P 160	272	81	81	
1810	1	T 182	289	40	40	P 160	272	81	65	
1811	1	T 180	290	40	40	P 176	272	65	65	
1812	1	T 178	291	40	40	P 160	288	81	49	
1813	1	T 176	292	40	40	P 160	272	65	81	
1814	1	T 174	293	40	40	P 160	272	65	81	
1815	1	T 172	294	40	40	P 160	272	65	81	
1816	1	T 170	295	40	40	P 144	288	81	65	
1817	1	T 168	296	40	40	P 160	288	65	65	
1818	1	T 166	297	40	40	P 144	288	81	65	
1819	1	T 164	298	40	40	P 144	272	81	81	
1820	1	T 162	299	40	40	P 144	288	81	65	
1821	1	T 160	300	40	40	P 144	288	65	65	
1822	1	T 158	301	40	40	P 144	288	65	65	
1823	1	T 156	302	40	40	P 144	288	65	65	
1824	1	T 154	303	40	40	P 128	288	81	65	
1825	1	T 152	304	40	40	P 128	288	81	65	
1826	1	T 150	305	40	40	P 128	288	81	65	
1827	1	T 148	306	40	40	P 176	304	33	49	
1828	1	T 146	307	40	40	P 128	304	65	65	
1829	1	T 144	308	40	40	P 128	288	65	81	
1830	1	T 142	309	40	40	P 128	288	81	81	
1831	1	T 140	310	40	40	P 112	288	97	81	
1832	1	T 138	311	40	40	P 112	304	81	65	
1833	1	T 136	312	40	40	P 128	288	65	81	
1834	1	T 134	313	40	40	P 112	304	81	65	
1835	1	T 132	314	40	40	P 112	304	81	65	
1836	1	T 130	315	40	40	P 112	304	81	65	
1837	1	T 128	316	40	40	P 144	320	33	33	
1838	1	T 126	317	40	40	P 112	304	65	65	
1839	1	T 124	318	40	40	P 112	304	81	65	
1840	1	T 122	319	40	40	P 96	304	81	65	
1841	1	T 120	320	40	40	P 96	304	81	65	
1842	1	T 118	321	40	40	P 96	304	49	65	
1843	1	T 116	322	40	40	P 96	304	81	81	
1844	1	T 114	323	40	40	P 96	304	81	81	
1845	1	T 112	324	40	40	P 96	304	65	65	
1846	1	T 110	325	40	40	P 96	304	81	65	
1847	1	T 108	326	40	40	P 96	320	65	65	
1848	1	T 106	327	40	40	P 96	304	65	65	
1849	1	T 104	328	40	40	P 96	320	65	65	
1850	1	T 102	329	40	40	P 80	304	65	65	
1851	1	T 100	330	40	40	P 80	320	81	65	
1852	1	T 98	331	40	40	P 80	320	81	65	
1853	1	T 96	332	40	40	P 80	320	81	65	
1854	1	T 94	333	40	40	P 80	320	65	65	
1855	1	T 92	334	40	40	P 80	320	65	49	
1856	1	T 90	335	40	40	P 64	320	81	65	
1857	1	T 88	336	40	40	P 64	320	65	65	
1858	1	T 86	337	40	40	P 64	320	81	81	
1859	1	T 84	338	40	40	P 64	320	81	65	
1860	1	T 82	339	40	40	P 64	320	81	65	
1861	1	T 80	340	40	40	P 64	320	81	81	
1862	1	T 78	341	40	40	P 64	320	65	65	
1863	1	T 76	342	40	40	P 64	320	65	81	
1864	1	T 74	343	40	40	P 64	336	65	49	
1865	1	T 72	344	40	40	P 64	336	65	65	
1866	1	T 70	345	40	40	P 48	320	81	81	
1867	1	T 68	346	40	40	P 48	336	81	65	
1868	1	T 66	347	40	40	P 48	336	81	65	
1869	1	T 64	348	40	40	P 48	336	65	65	
1870	1	T 62	349	40	40	P 48	352	65	49	
1871	1	T 60	350	40	40	P 48	336	65	65	
1872	1	T 58	351	40	40	P 48	336	65	65	
1873	1	T 56	352	40	40	P 32	336	81	81	
1874	1	T 54	353	40	40	P 32	336	81	49	
1875	1	T 52	354	40	40	P 32	336	81	65	
1876	1	T 50	355	40	40	P 48	336	65	81	
1877	1	T 48	356	40	40	P 32	336	65	81	
1878	1	T 46	357	40	40	P 32	336	65	65	
1879	1	T 44	358	40	40	P 32	336	65	81	
1880	1	T 42	359	40	40	P 32	336	65	81	
1881	1	T 40	360	40	40	P 16	336	81	81	
1882	1	T 38	361	40	40	P 16	352	81	65	
1883	1	T 36	362	40	40	P 16	352	81	65	
1884	1	T 34	363	40	40	P 16	352	81	65	
1885	1	T 32	364	40	40	P 16	352	65	65	
1886	1	T 30	365	40	40	P 16	352	81	65	
1887	1	T 28	366	40	40	P 16	352	65	65	
1888	1	T 26	367	40	40	P 16	352	65	65	
1889	1	T 24	368	40	40	P 0	352	81	65	
1890	1	T 22	369	40	40	P 0	352	81	65	
1891	1	T 20	370	40	40	P 0	352	81	65	
1892	0	T 22	371	40	40	
1893	1	T 24	372	40	40	P 0	352	81	81	
1894	1	T 26	373	40	40	P 0	352	81	65	
1895	1	T 28	374	40	40	P 0	368	81	65	
1896	1	T 30	375	40	40	P 16	352	81	81	
1897	1	T 32	376	40	40	P 16	368	81	65	
1898	1	T 34	377	40	40	P 16	368	81	65	
1899	1	T 36	378	40	40	P 16	368	81	65	
1900	1	T 38	379	40	40	P 16	368	81	65	
1901	1	T 40	380	40	40	P 16	368	81	65	
1902	1	T 42	381	40	40	P 32	368	65	65	
1903	1	T 44	382	40	40	P 32	368	65	65	
1904	1	T 46	383	40	40	P 32	368	65	65	
1905	1	T 48	384	40	40	P 32	368	65	65	
1906	1	T 50	385	40	40	P 48	368	65	81	
1907	1	T 52	386	40	40	P 32	368	81	65	
1908	1	T 54	387	40	40	P 48	368	65	65	
1909	1	T 56	388	40	40	P 48	368	65	81	
1910	1	T 58	389	40	40	P 32	384	81	65	
1911	1	T 60	390	40	40	P 48	368	65	81	
1912	1	T 62	391	40	40	P 48	384	65	65	
1913	1	T 64	392	40	40	P 80	384	49	65	
1914	1	T 66	393	40	40	P 48	384	65	49	
1915	1	T 68	394	40	40	P 48	384	81	65	
1916	1	T 70	395	40	40	P 48	384	81	65	
1917	1	T 72	396	40	40	P 64	384	65	65	
1918	1	T 74	397	40	40	P 64	384	65	65	
1919	1	T 76	398	40	40	P 64	384	65	65	
1920	1	T 78	399	40	40	P 64	384	65	65	
1921	1	T 80	400	40	40	P 64	384	81	65	
1922	1	T 82	401	40	40	P 64	384	81	65	
1923	1	T 84	402	40	40	P 64	384	81	81	
1924	1	T 86	403	40	40	P 64	384	81	65	
1925	1	T 88	404	40	40	P 64	384	81	65	
1926	1	T 90	405	40	40	P 80	384	65	65	
1927	1	T 92	406	40	40	P 80	384	65	81	
1928	1	T 94	407	40	40	P 80	384	65	81	
1929	1	T 96	408	40	40	P 80	384	81	81	
1930	1	T 98	409	40	40	P 80	384	81	81	
1931	1	T 100	410	40	40	P 80	400	81	49	
1932	1	T 102	411	40	40	P 80	384	81	81	
1933	1	T 104	412	40	40	P 80	384	81	81	
1934	1	T 106	413	40	40	P 96	400	65	65	
1935	1	T 108	414	40	40	P 80	400	81	65	
1936	1	T 110	415	40	40	P 96	400	65	65	
1937	1	T 112	416	40	40	P 96	400	81	65	
1938	1	T 114	417	40	40	P 96	400	81	65	
1939	1	T 116	418	40	40	P 112	400	65	65	
1940	1	T 118	419	40	40	P 112	400	65	65	
1941	1	T 120	420	40	40	P 112	400	65	65	
1942	1	T 122	419	40	40	P 96	400	81	65	
1943	1	T 124	418	40	40	P 112	400	65	49	
1944	1	T 126	417	40	40	P 112	400	65	65	
1945	1	T 128	416	40	40	P 112	400	65	65	
1946	1	T 130	415	40	40	P 112	400	81	65	
1947	1	T 132	414	40	40	P 112	400	81	65	
1948	1	T 134	413	40	40	P 112	400	81	65	
1949	1	T 136	412	40	40	P 112	400	81	65	
1950	1	T 138	411	40	40	P 128	400	65	65	
1951	1	T 140	410	40	40	P 128	400	65	65	
1952	1	T 142	409	40	40	P 128	416	65	49	
1953	1	T 144	408	40	40	P 128	384	81	81	
1954	1	T 146	407	40	40	P 128	400	65	65	
1955	1	T 148	406	40	40	P 144	416	65	49	
1956	1	T 150	405	40	40	P 128	400	81	65	
1957	1	T 152	404	40	40	P 144	384	65	65	
1958	1	T 154	403	40	40	P 128	384	81	81	
1959	1	T 156	402	40	40	P 128	400	81	65	
1960	1	T 158	401	40	40	P 144	400	65	65	
1961	1	T 160	400	40	40	P 144	416	49	49	
1962	1	T 162	399	40	40	P 144	384	81	65	
1963	1	T 164	398	40	40	P 160	384	65	65	
1964	1	T 166	397	40	40	P 144	384	81	65	
1965	1	T 168	396	40	40	P 144	384	81	65	
1966	1	T 170	395	40	40	P 144	384	81	65	
1967	1	T 172	394	40	40	P 160	384	65	65	
1968	1	T 174	393	40	40	P 160	384	65	65	
1969	1	T 176	392	40	40	P 160	384	65	65	
1970	1	T 178	391	40	40	P 160	384	81	65	
1971	1	T 180	390	40	40	P 176	384	65	65	
1972	1	T 182	389	40	40	P 176	384	65	49	
1973	1	T 184	388	40	40	P 176	384	65	49	
1974	1	T 186	387	40	40	P 176	368	65	65	
1975	1	T 188	386	40	40	P 176	368	65	81	
1976	1	T 190	385	40	40	P 176	368	81	65	
1977	1	T 192	384	40	40	P 176	368	81	65	
1978	1	T 194	383	40	40	P 176	368	81	65	
1979	1	T 196	382	40	40	P 176	368	81	81	
1980	1	T 198	381	40	40	P 176	368	65	65	
1981	1	T 200	380	40	40	P 176	368	81	65	
1982	1	T 202	379	40	40	P 176	368	81	65	
1983	1	T 204	378	40	40	P 192	368	65	65	
1984	1	T 206	377	40	40	P 192	352	65	81	
1985	1	T 208	376	40	40	P 192	368	81	65	
1986	1	T 210	375	40	40	P 192	352	65	81	
1987	1	T 212	374	40	40	P 192	368	65	65	
1988	1	T 214	373	40	40	P 208	368	65	49	
1989	1	T 216	372	40	40	P 192	352	81	65	
1990	1	T 218	371	40	40	P 208	368	65	49	
1991	1	T 220	370	40	40	P 192	352	81	81	
1992	1	T 222	369	40	40	P 208	352	81	65	
1993	1	T 224	368	40	40	P 208	352	65	81	
1994	1	T 226	367	40	40	P 208	352	81	65	
1995	1	T 228	366	40	40	P 208	352	81	65	
1996	1	T 230	365	40	40	P 208	352	81	65	
1997	1	T 232	364	40	40	P 224	352	65	65	
1998	1	T 234	363	40	40	P 208	352	81	81	
1999	1	T 236	362	40	40	P 224	352	65	65	
2000	1	T 238	361	40	40	P 224	352	81	65	
