frame	IoU
2	0.447302
3	0.308582
4	0.300244
5	0.300244
6	0.359308
7	0.359308
8	0.308582
9	0.300244
10	0.300244
11	0.300244
12	0.300244
13	0.359308
14	0.257857
15	0.257857
16	0.300244
17	0.300244
18	0.300244
19	0.300244
20	0.257857
21	0.257857
22	0.359308
23	0.359308
24	0.359308
25	0.359308
26	0.257857
27	0.300244
28	0.359308
29	0.359308
30	0.359308
31	0.359308
32	0.300244
33	0.300244
34	0.300244
35	0.359308
36	0.359308
37	0.429992
38	0.359308
39	0.300244
40	0.300244
41	0.300244
42	0.359308
43	0.359308
44	0.359308
45	0.300244
46	0.300244
47	0.300244
48	0.359308
49	0.359308
50	0.359308
51	0.300244
52	0.300244
53	0.300244
54	0.359308
55	0.359308
56	0.300244
57	0.300244
58	0.300244
59	0.300244
60	0.300244
61	0.359308
62	0.300244
63	0.300244
64	0.300244
65	0.300244
66	0.300244
67	0.359308
68	0.359308
69	0.300244
70	0.300244
71	0.300244
72	0.300244
73	0.359308
74	0.359308
75	0.300244
76	0.300244
77	0.300244
78	0.300244
79	0.300244
80	0.300244
81	0.300244
82	0.300244
83	0.300244
84	0.300244
85	0.359308
86	0.300244
87	0.359308
88	0.300244
89	0.300244
90	0.300244
91	0.300244
92	0.359308
93	0.300244
94	0.300244
95	0.300244
96	0.300244
97	0.300244
98	0.359308
99	0.257857
100	0.300244
101	0.300244
102	0.300244
103	0.300244
104	0.359308
105	0.300244
106	0.300244
107	0.300244
108	0.300244
109	0.300244
110	0.257857
111	0.300244
112	0.300244
113	0.300244
114	0.300244
115	0.300244
116	0.359308
117	0.300244
118	0.300244
119	0.300244
120	0.300244
121	0.300244
122	0.300244
123	0.300244
124	0.300244
125	0.300244
126	0.300244
127	0.300244
128	0.359308
129	0.300244
130	0.300244
131	0.300244
132	0.300244
133	0.300244
134	0.300244
135	0.359308
136	0.300244
137	0.300244
138	0.300244
139	0.300244
140	0.359308
141	0.300244
142	0.300244
143	0.300244
144	0.300244
145	0.300244
146	0.359308
147	0.359308
148	0.300244
149	0.300244
150	0.300244
151	0.300244
152	0.359308
153	0.300244
154	0.300244
155	0.300244
156	0.300244
157	0.300244
158	0.429992
159	0.359308
160	0.300244
161	0.300244
162	0.300244
163	0.300244
164	0.359308
165	0.300244
166	0.300244
167	0.300244
168	0.300244
169	0.300244
170	0.429992
171	0.300244
172	0.300244
173	0.300244
174	0.300244
175	0.300244
176	0.359308
177	0.300244
178	0.300244
179	0.300244
180	0.300244
181	0.300244
182	0.359308
183	0.359308
184	0.300244
185	0.300244
186	0.300244
187	0.300244
188	0.359308
189	0.300244
190	0.300244
191	0.300244
192	0.300244
193	0.300244
194	0.300244
195	0.359308
196	0.300244
197	0.300244
198	0.300244
199	0.300244
200	0.359308
201	0.300244
202	0.300244
203	0.300244
204	0.300244
205	0.300244
206	0.429992
207	0.359308
208	0.359308
209	0.300244
210	0.300244
211	0.300244
212	0.359308
213	0.300244
214	0.300244
215	0.300244
216	0.300244
217	0.300244
218	0.429992
219	0.359308
220	0.359308
221	0.300244
222	0.300244
223	0.300244
224	0.359308
225	0.300244
226	0.300244
227	0.300244
228	0.300244
229	0.359308
230	0.359308
231	0.359308
232	0.359308
233	0.300244
234	0.300244
235	0.300244
236	0.359308
237	0.359308
238	0.300244
239	0.300244
240	0.300244
241	0.300244
242	0.429992
243	0.359308
244	0.359308
245	0.300244
246	0.300244
247	0.300244
248	0.359308
249	0.359308
250	0.300244
251	0.300244
252	0.300244
253	0.359308
254	0.359308
255	0.429992
256	0.359308
257	0.300244
258	0.300244
259	0.300244
260	0.359308
261	0.359308
262	0.300244
263	0.300244
264	0.300244
265	0.359308
266	0.429992
267	0.429992
268	0.359308
269	0.300244
270	0.300244
271	0.300244
272	0.359308
273	0.359308
274	0.300244
275	0.300244
276	0.359308
277	0.429992
278	0.429992
279	0.429992
280	0.359308
281	0.359308
282	0.359308
283	0.359308
284	0.359308
285	0.359308
286	0.300244
287	0.300244
288	0.300244
289	0.429992
290	0.429992
291	0.429992
292	0.429992
293	0.359308
294	0.300244
295	0.300244
296	0.300244
297	0.359308
298	0.359308
299	0.359308
300	0.300244
301	0.359308
302	0.359308
303	0.359308
304	0.429992
305	0.429992
306	0.359308
307	0.300244
308	0.300244
309	0.359308
310	0.359308
311	0.359308
312	0.300244
313	0.359308
314	0.429992
315	0.429992
316	0.429992
317	0.429992
318	0.359308
319	0.300244
320	0.300244
321	0.359308
322	0.359308
323	0.359308
324	0.300244
325	0.359308
326	0.359308
327	0.429992
328	0.429992
329	0.429992
330	0.429992
331	0.359308
332	0.300244
333	0.359308
334	0.359308
335	0.359308
336	0.359308
337	0.359308
338	0.359308
339	0.429992
340	0.429992
341	0.429992
342	0.359308
343	0.359308
344	0.359308
345	0.429992
346	0.429992
347	0.359308
348	0.300244
349	0.300244
350	0.300244
351	0.359308
352	0.429992
353	0.429992
354	0.359308
355	0.359308
356	0.359308
357	0.429992
358	0.429992
359	0.300244
360	0.300244
361	0.300244
362	0.300244
363	0.359308
364	0.359308
365	0.359308
366	0.359308
367	0.359308
368	0.359308
369	0.429992
370	0.429992
371	0.429992
372	0.359308
373	0.300244
374	0.300244
375	0.359308
376	0.359308
377	0.429992
378	0.429992
379	0.359308
380	0.429992
381	0.429992
382	0.429992
383	0.359308
384	0.300244
385	0.300244
386	0.300244
387	0.429992
388	0.429992
389	0.429992
390	0.429992
391	0.359308
392	0.359308
393	0.359308
394	0.429992
395	0.429992
396	0.359308
397	0.300244
398	0.359308
399	0.429992
400	0.429992
401	0.429992
402	0.429992
403	0.429992
404	0.359308
405	0.429992
406	0.429992
407	0.429992
408	0.359308
409	0.300244
410	0.300244
411	0.429992
412	0.429992
413	0.429992
414	0.429992
415	0.535296
416	0.535296
417	0.429992
418	0.429992
419	0.359308
420	0.359308
421	0.300244
422	0.300244
423	0.429992
424	0.429992
425	0.429992
426	0.429992
427	0.535296
428	0.429992
429	0.429992
430	0.429992
431	0.429992
432	0.429992
433	0.359308
434	0.359308
435	0.429992
436	0.429992
437	0.429992
438	0.429992
439	0.535296
440	0.429992
441	0.429992
442	0.429992
443	0.535296
444	0.429992
445	0.535296
446	0.429992
447	0.429992
448	0.429992
449	0.429992
450	0.429992
451	0.429992
452	0.535296
453	0.429992
454	0.429992
455	0.429992
456	0.429992
457	0.429992
458	0.535296
459	0.535296
460	0.535296
461	0.429992
462	0.429992
463	0.535296
464	0.535296
465	0.429992
466	0.429992
467	0.429992
468	0.429992
469	0.535296
470	0.429992
471	0.429992
472	0.429992
473	0.429992
474	0.429992
475	0.429992
476	0.535296
477	0.535296
478	0.429992
479	0.429992
480	0.429992
481	0.535296
482	0.429992
483	0.535296
484	0.535296
485	0.535296
486	0.429992
487	0.535296
488	0.535296
489	0.429992
490	0.429992
491	0.535296
492	0.535296
493	0.535296
494	0.535296
495	0.535296
496	0.535296
497	0.429992
498	0.535296
499	0.535296
500	0.535296
501	0.535296
502	0.429992
503	0.429992
504	0.429992
505	0.666389
506	0.535296
507	0.535296
508	0.429992
509	0.429992
510	0.429992
511	0.535296
512	0.535296
513	0.535296
514	0.535296
515	0.535296
516	0.535296
517	0.666389
518	0.666389
519	0.535296
520	0.535296
521	0.882515
522	0.429992
523	0.535296
524	0.535296
525	0.666389
526	0.535296
527	0.535296
528	0.666389
529	0.666389
530	0.429992
531	0.535296
532	0.535296
533	0.535296
534	0.535296
535	0.535296
536	0.535296
537	0.666389
538	0.535296
539	0.535296
540	0.535296
541	0.666389
542	0.666389
543	0.666389
544	0.535296
545	0.882515
546	0.535296
547	0.535296
548	0.535296
549	1.30612
550	0.535296
551	0.535296
552	0.666389
553	0.666389
554	0.666389
555	0.535296
556	0.535296
557	0.535296
558	0.535296
559	0.535296
560	0.535296
561	0.666389
562	0.535296
563	0.535296
564	0.666389
565	0.666389
566	0.535296
567	0.535296
568	0.535296
569	1.16874
570	0.666389
571	0.535296
572	0.535296
574	1.04918
575	0.666389
576	0.666389
577	0.666389
578	0.666389
579	0.666389
580	1.04918
582	0.535296
583	0.666389
584	1.04918
586	1.04918
587	0.535296
588	0.666389
589	0.666389
590	0.666389
591	0.666389
592	1.04918
594	1.04918
595	0.535296
596	0.535296
597	2.56
598	0.535296
599	0.535296
600	0.666389
601	0.666389
602	0.666389
603	1.30612
604	1.04918
606	1.30612
608	2.56
610	1.04918
611	1.30612
612	1.04918
613	0.666389
614	0.666389
615	0.666389
616	0.666389
620	1.30612
621	1.30612
622	0.535296
623	1.30612
624	1.72973
625	1.30612
626	0.666389
627	0.666389
628	0.666389
629	2.56
632	1.72973
633	2.56
634	0.666389
635	1.30612
636	1.72973
637	0.882515
638	0.535296
639	0.429992
640	0.429992
641	0.708906
642	0.708906
643	0.666389
644	0.666389
645	0.535296
646	0.429992
647	0.429992
648	0.429992
649	0.429992
650	0.429992
651	0.359308
652	0.359308
653	0.429992
654	0.429992
655	0.429992
656	0.429992
657	0.429992
658	0.300244
659	0.429992
660	0.429992
661	0.429992
662	0.429992
663	0.429992
664	0.359308
665	0.535296
666	0.708906
667	0.708906
668	0.429992
669	0.535296
670	0.429992
671	0.535296
672	0.535296
673	0.666389
674	0.535296
675	0.666389
676	0.666389
680	1.72973
681	2.56
682	0.666389
683	2.56
686	0.666389
687	0.666389
688	1.30612
694	1.30612
695	2.56
698	0.666389
699	1.30612
700	0.666389
704	2.56
706	1.30612
710	0.666389
711	0.666389
712	0.666389
718	0.666389
721	1.30612
722	0.666389
723	0.666389
724	0.666389
730	1.30612
731	2.56
734	1.30612
735	1.30612
736	1.30612
740	2.56
746	2.56
747	2.56
748	2.56
752	2.56
758	2.56
759	1.30612
760	1.30612
764	1.30612
770	1.30612
771	1.30612
772	2.56
776	2.56
782	2.56
784	2.56
788	2.56
794	2.56
800	2.56
806	2.56
812	2.56
818	2.56
824	2.56
830	2.56
832	2.56
836	2.56
842	1.30612
843	2.56
844	2.56
848	2.56
854	2.56
860	2.56
872	2.56
