1	0	T 80	80	40	40	
2	0	T 82	81	40	40	
3	0	T 84	82	40	40	
4	0	T 86	83	40	40	
5	0	T 88	84	40	40	
6	0	T 90	85	40	40	
7	0	T 92	86	40	40	
8	0	T 94	87	40	40	
9	0	T 96	88	40	40	
10	0	T 98	89	40	40	
11	0	T 100	90	40	40	
12	0	T 102	91	40	40	
13	0	T 104	92	40	40	
14	0	T 106	93	40	40	
15	0	T 108	94	40	40	
16	0	T 110	95	40	40	
17	0	T 112	96	40	40	
18	0	T 114	97	40	40	
19	0	T 116	98	40	40	
20	0	T 118	99	40	40	
21	0	T 120	100	40	40	
22	0	T 122	101	40	40	
23	0	T 124	102	40	40	
24	0	T 126	103	40	40	
25	0	T 128	104	40	40	
26	0	T 130	105	40	40	
27	0	T 132	106	40	40	
28	0	T 134	107	40	40	
29	0	T 136	108	40	40	
30	0	T 138	109	40	40	
31	0	T 140	110	40	40	
32	0	T 142	111	40	40	
33	0	T 144	112	40	40	
34	0	T 146	113	40	40	
35	0	T 148	114	40	40	
36	0	T 150	115	40	40	
37	0	T 152	116	40	40	
38	0	T 154	117	40	40	
39	0	T 156	118	40	40	
40	0	T 158	119	40	40	
41	0	T 160	120	40	40	
42	0	T 162	121	40	40	
43	0	T 164	122	40	40	
44	0	T 166	123	40	40	
45	0	T 168	124	40	40	
46	0	T 170	125	40	40	
47	0	T 172	126	40	40	
48	0	T 174	127	40	40	
49	0	T 176	128	40	40	
50	0	T 178	129	40	40	
51	0	T 180	130	40	40	
52	0	T 182	131	40	40	
53	0	T 184	132	40	40	
54	0	T 186	133	40	40	
55	0	T 188	134	40	40	
56	0	T 190	135	40	40	
57	0	T 192	136	40	40	
58	0	T 194	137	40	40	
59	0	T 196	138	40	40	
60	0	T 198	139	40	40	
61	0	T 200	140	40	40	
62	0	T 202	141	40	40	
63	0	T 204	142	40	40	
64	0	T 206	143	40	40	
65	0	T 208	144	40	40	
66	0	T 210	145	40	40	
67	0	T 212	146	40	40	
68	1	T 214	147	40	40	P 280	0	80	80	
69	1	T 216	148	40	40	P 440	120	80	80	
70	1	T 218	149	40	40	P 0	0	680	440	
71	1	T 220	150	40	40	P 0	0	680	440	
72	1	T 222	151	40	40	P 0	0	680	440	
73	1	T 224	152	40	40	P 0	0	680	440	
74	2	T 226	153	40	40	P 0	240	80	120	P 600	160	80	80	
75	0	T 228	154	40	40	
76	0	T 230	155	40	40	
77	0	T 232	156	40	40	
78	0	T 234	157	40	40	
79	0	T 236	158	40	40	
80	0	T 238	159	40	40	
81	0	T 240	160	40	40	
82	0	T 242	161	40	40	
83	0	T 244	162	40	40	
84	0	T 246	163	40	40	
85	0	T 248	164	40	40	
86	0	T 250	165	40	40	
87	2	T 252	166	40	40	P 440	40	120	80	P 520	360	80	80	
88	2	T 254	167	40	40	P 40	240	80	80	P 520	160	120	80	
89	1	T 256	168	40	40	P 480	40	80	80	
90	1	T 258	169	40	40	P 560	360	80	80	
91	3	T 260	170	40	40	P 0	280	80	80	P 160	0	120	120	P 360	280	80	80	
92	1	T 262	171	40	40	P 280	280	80	80	
93	1	T 264	172	40	40	P 560	0	80	80	
94	1	T 266	173	40	40	P 80	200	200	120	
95	4	T 268	174	40	40	P 160	40	80	80	P 200	320	120	120	P 280	40	80	80	P 560	200	120	80	
96	2	T 270	175	40	40	P 80	40	120	80	P 80	160	80	80	
97	3	T 272	176	40	40	P 200	200	80	80	P 320	0	80	80	P 440	320	80	80	
98	1	T 274	177	40	40	P 200	280	80	80	
99	1	T 276	178	40	40	P 560	160	120	80	
100	2	T 278	179	40	40	P 200	80	80	80	P 320	320	120	80	
101	4	T 280	180	40	40	P 0	360	80	80	P 40	160	120	80	P 240	320	80	80	P 440	80	80	80	
102	1	T 282	181	40	40	P 400	120	80	120	
103	3	T 284	182	40	40	P 0	80	80	120	P 200	40	80	80	P 600	200	80	120	
104	1	T 286	183	40	40	P 160	200	80	80	
105	1	T 288	184	40	40	P 0	0	80	80	
106	2	T 290	185	40	40	P 40	200	120	80	P 400	320	80	80	
107	2	T 292	186	40	40	P 200	0	80	80	P 280	360	120	80	
108	1	T 294	187	40	40	P 480	320	120	80	
109	3	T 296	188	40	40	P 80	160	80	80	P 240	0	80	80	P 480	0	120	160	
110	3	T 298	189	40	40	P 0	0	120	80	P 240	240	160	80	P 560	40	80	120	
111	0	T 300	190	40	40	
112	3	T 302	191	40	40	P 80	0	80	80	P 160	320	80	80	P 280	360	80	80	
113	2	T 304	192	40	40	P 360	40	80	80	P 480	360	80	80	
114	1	T 306	193	40	40	P 160	80	120	80	
115	2	T 308	194	40	40	P 0	80	80	80	P 200	80	80	120	
116	2	T 310	195	40	40	P 280	40	80	80	P 560	280	120	80	
117	1	T 312	196	40	40	P 200	120	80	120	
118	2	T 314	197	40	40	P 80	80	80	80	P 560	320	80	80	
119	2	T 316	198	40	40	P 280	240	120	80	P 440	280	120	80	
120	1	T 318	199	40	40	P 480	240	80	80	
121	0	T 320	200	40	40	
122	1	T 322	201	40	40	P 40	320	80	80	
123	1	T 324	202	40	40	P 120	200	80	80	
124	0	T 326	203	40	40	
125	2	T 328	204	40	40	P 240	0	120	80	P 600	240	80	80	
126	2	T 330	205	40	40	P 0	160	200	120	P 480	0	120	80	
127	1	T 332	206	40	40	P 160	120	120	80	
128	2	T 334	207	40	40	P 120	240	80	80	P 400	360	80	80	
129	0	T 336	208	40	40	
130	3	T 338	209	40	40	P 0	360	80	80	P 280	40	80	80	P 600	240	80	120	
131	2	T 340	210	40	40	P 240	200	80	80	P 480	0	80	80	
132	1	T 342	211	40	40	P 560	320	80	80	
133	0	T 344	212	40	40	
134	1	T 346	213	40	40	P 40	80	80	120	
135	2	T 348	214	40	40	P 400	80	120	120	P 480	320	120	120	
136	3	T 350	215	40	40	P 120	40	80	80	P 240	240	80	80	P 520	240	80	80	
137	1	T 352	216	40	40	P 440	80	80	80	
138	1	T 354	217	40	40	P 400	320	80	80	
139	3	T 356	218	40	40	P 240	160	80	80	P 600	120	80	80	P 600	360	80	80	
140	3	T 358	219	40	40	P 80	0	80	80	P 520	360	80	80	P 560	0	80	80	
141	1	T 360	220	40	40	P 0	160	80	80	
142	0	T 362	221	40	40	
143	2	T 364	222	40	40	P 120	160	80	80	P 480	80	80	120	
144	1	T 366	223	40	40	P 160	280	80	160	
145	2	T 368	224	40	40	P 80	320	80	80	P 360	320	120	120	
146	0	T 370	225	40	40	
147	2	T 372	226	40	40	P 160	40	80	80	P 480	240	200	120	
148	0	T 374	227	40	40	
149	4	T 376	228	40	40	P 0	120	80	80	P 0	360	80	80	P 360	360	80	80	P 600	320	80	80	
150	1	T 378	229	40	40	P 560	160	80	80	
151	3	T 380	230	40	40	P 120	240	80	80	P 280	80	80	80	P 560	120	120	120	
152	2	T 382	231	40	40	P 80	320	80	120	P 360	0	80	80	
153	2	T 384	232	40	40	P 0	320	80	80	P 480	80	80	80	
154	1	T 386	233	40	40	P 440	0	120	120	
155	3	T 388	234	40	40	P 40	80	80	80	P 280	0	80	80	P 440	360	80	80	
156	4	T 390	235	40	40	P 120	360	80	80	P 160	0	80	80	P 360	360	80	80	P 440	40	80	80	
157	0	T 392	236	40	40	
158	0	T 394	237	40	40	
159	2	T 396	238	40	40	P 520	160	80	80	P 520	280	80	80	
160	4	T 398	239	40	40	P 40	0	80	80	P 200	40	80	80	P 280	160	120	120	P 400	40	80	80	
161	2	T 400	240	40	40	P 120	0	120	80	P 480	80	80	120	
162	2	T 402	241	40	40	P 320	40	80	80	P 520	0	80	80	
163	0	T 404	242	40	40	
164	2	T 406	243	40	40	P 120	280	120	120	P 600	0	80	80	
165	2	T 408	244	40	40	P 280	120	80	120	P 360	280	80	80	
166	4	T 410	245	40	40	P 0	120	80	80	P 0	360	80	80	P 280	80	80	80	P 440	360	80	80	
167	2	T 412	246	40	40	P 280	120	160	120	P 280	360	120	80	
168	2	T 414	247	40	40	P 200	280	80	80	P 440	200	120	120	
169	3	T 416	248	40	40	P 280	200	80	80	P 440	240	120	80	P 520	360	120	80	
170	2	T 418	249	40	40	P 0	200	80	120	P 600	160	80	120	
171	3	T 420	250	40	40	P 360	160	80	80	P 440	360	80	80	P 560	240	120	80	
172	4	T 422	251	40	40	P 240	0	80	80	P 240	160	80	80	P 400	0	80	80	P 400	200	80	80	
173	4	T 424	252	40	40	P 160	200	160	120	P 280	360	160	80	P 480	240	80	80	P 600	0	80	120	
174	1	T 426	253	40	40	P 80	320	120	80	
175	1	T 428	254	40	40	P 160	240	120	120	
176	2	T 430	255	40	40	P 240	0	160	160	P 560	160	80	80	
177	0	T 432	256	40	40	
178	1	T 434	257	40	40	P 0	320	80	80	
179	2	T 436	258	40	40	P 200	280	80	80	P 440	280	160	120	
180	1	T 438	259	40	40	P 320	320	80	80	
181	2	T 440	260	40	40	P 240	240	160	80	P 440	320	80	80	
182	2	T 442	261	40	40	P 0	360	80	80	P 280	40	160	80	
183	1	T 444	262	40	40	P 320	200	120	80	
184	2	T 446	263	40	40	P 240	320	80	80	P 480	360	80	80	
185	1	T 448	264	40	40	P 200	240	120	120	
186	1	T 450	265	40	40	P 40	160	80	80	
187	1	T 452	266	40	40	P 40	40	80	80	
188	0	T 454	267	40	40	
189	1	T 456	268	40	40	P 520	280	80	80	
190	1	T 458	269	40	40	P 280	320	120	120	
191	0	T 460	270	40	40	
192	1	T 462	271	40	40	P 440	240	160	120	
193	1	T 464	272	40	40	P 80	320	120	80	
194	3	T 466	273	40	40	P 280	280	120	80	P 360	80	80	80	P 520	120	80	80	
195	0	T 468	274	40	40	
196	0	T 470	275	40	40	
197	0	T 472	276	40	40	
198	2	T 474	277	40	40	P 80	160	80	80	P 320	120	80	120	
199	1	T 476	278	40	40	P 40	160	80	80	
200	1	T 478	279	40	40	P 160	40	80	80	
201	1	T 480	280	40	40	P 440	160	80	80	
202	2	T 482	281	40	40	P 240	280	80	80	P 440	320	80	80	
203	1	T 484	282	40	40	P 40	80	80	80	
204	0	T 486	283	40	40	
205	1	T 488	284	40	40	P 360	80	120	160	
206	3	T 490	285	40	40	P 160	360	80	80	P 560	40	80	80	P 560	280	80	80	
207	2	T 492	286	40	40	P 160	160	120	80	P 320	280	120	160	
208	2	T 494	287	40	40	P 240	200	80	80	P 560	240	80	80	
209	2	T 496	288	40	40	P 120	240	80	80	P 360	0	80	80	
210	3	T 498	289	40	40	P 280	80	120	120	P 520	120	80	80	P 560	240	120	120	
211	1	T 500	290	40	40	P 40	200	80	80	
212	1	T 502	291	40	40	P 200	240	120	80	
213	2	T 504	292	40	40	P 320	320	160	80	P 600	80	80	80	
214	3	T 506	293	40	40	P 40	200	80	80	P 360	80	80	80	P 600	320	80	80	
215	2	T 508	294	40	40	P 40	120	80	80	P 280	200	120	80	
216	1	T 510	295	40	40	P 200	40	80	80	
217	3	T 512	296	40	40	P 240	40	80	80	P 280	280	80	80	P 600	240	80	80	
218	1	T 514	297	40	40	P 240	0	80	80	
219	4	T 516	298	40	40	P 280	0	80	80	P 280	320	80	80	P 440	0	80	80	P 560	0	120	80	
220	1	T 518	299	40	40	P 440	0	120	200	
221	3	T 520	300	40	40	P 440	160	80	80	P 480	360	80	80	P 560	120	120	120	
222	3	T 522	301	40	40	P 40	120	80	80	P 240	120	80	80	P 520	320	80	80	
223	0	T 524	302	40	40	
224	2	T 526	303	40	40	P 320	0	80	80	P 480	40	80	120	
225	1	T 528	304	40	40	P 320	40	80	80	
226	2	T 530	305	40	40	P 80	360	80	80	P 440	120	80	80	
227	1	T 532	306	40	40	P 600	240	80	80	
228	2	T 534	307	40	40	P 0	360	80	80	P 360	40	120	80	
229	2	T 536	308	40	40	P 240	200	80	80	P 520	0	160	120	
230	1	T 538	309	40	40	P 320	80	80	120	
231	1	T 540	310	40	40	P 240	200	80	80	
232	2	T 542	311	40	40	P 320	360	80	80	P 480	360	120	80	
233	1	T 544	312	40	40	P 440	240	120	80	
234	0	T 546	313	40	40	
235	3	T 548	314	40	40	P 0	120	120	120	P 240	240	120	80	P 600	360	80	80	
236	2	T 550	315	40	40	P 440	120	80	80	P 520	0	80	80	
237	3	T 552	316	40	40	P 120	240	80	80	P 320	160	120	120	P 520	360	80	80	
238	1	T 554	317	40	40	P 240	200	80	80	
239	3	T 556	318	40	40	P 0	200	120	80	P 400	0	80	80	P 400	320	120	120	
240	4	T 558	319	40	40	P 80	200	80	80	P 400	360	80	80	P 480	0	80	80	P 480	160	80	120	
241	1	T 560	320	40	40	P 0	240	120	120	
242	4	T 562	321	40	40	P 0	80	80	80	P 40	200	80	80	P 320	0	80	80	P 400	200	80	80	
243	1	T 564	322	40	40	P 0	240	120	160	
244	2	T 566	323	40	40	P 280	40	80	120	P 560	360	80	80	
245	2	T 568	324	40	40	P 280	320	80	80	P 600	200	80	80	
246	1	T 570	325	40	40	P 40	0	160	160	
247	0	T 572	326	40	40	
248	2	T 574	327	40	40	P 120	80	80	80	P 240	200	120	120	
249	2	T 576	328	40	40	P 40	80	120	80	P 520	200	80	80	
250	2	T 578	329	40	40	P 320	80	120	120	P 400	320	80	80	
251	5	T 580	330	40	40	P 0	280	80	80	P 40	0	80	120	P 400	40	120	80	P 520	160	80	80	P 600	0	80	80	
252	2	T 582	331	40	40	P 240	40	80	80	P 280	280	120	120	
253	2	T 584	332	40	40	P 40	200	80	80	P 400	40	200	120	
254	2	T 586	333	40	40	P 40	240	80	80	P 200	0	80	80	
255	1	T 588	334	40	40	P 160	160	80	120	
256	1	T 590	335	40	40	P 0	0	120	120	
257	0	T 592	336	40	40	
258	1	T 594	337	40	40	P 400	360	120	80	
259	3	T 596	338	40	40	P 0	120	80	80	P 240	160	80	80	P 280	0	80	80	
260	1	T 598	339	40	40	P 400	360	80	80	
261	1	T 600	340	40	40	P 120	320	120	120	
262	3	T 602	341	40	40	P 160	0	80	80	P 360	120	80	120	P 600	120	80	80	
263	3	T 604	342	40	40	P 0	0	80	80	P 200	280	200	80	P 520	280	120	80	
264	1	T 606	343	40	40	P 160	160	80	120	
265	0	T 608	344	40	40	
266	1	T 610	345	40	40	P 520	0	160	80	
267	2	T 612	346	40	40	P 200	240	80	120	P 480	360	80	80	
268	3	T 614	347	40	40	P 0	360	120	80	P 160	200	80	120	P 480	80	80	120	
269	0	T 616	348	40	40	
270	2	T 618	349	40	40	P 0	240	120	120	P 480	0	120	120	
271	2	T 620	350	40	40	P 40	240	80	80	P 400	80	80	80	
272	3	T 622	351	40	40	P 40	80	80	80	P 320	160	80	80	P 600	0	80	80	
273	3	T 624	352	40	40	P 40	160	80	80	P 240	200	120	80	P 480	120	80	120	
274	2	T 626	353	40	40	P 160	80	80	80	P 480	360	80	80	
275	2	T 628	354	40	40	P 120	40	80	80	P 520	360	80	80	
276	0	T 630	355	40	40	
277	1	T 632	356	40	40	P 280	120	120	120	
278	1	T 634	357	40	40	P 40	0	200	200	
279	2	T 636	358	40	40	P 120	280	80	80	P 520	280	80	80	
280	1	T 638	359	40	40	P 480	360	80	80	
281	4	T 640	360	40	40	P 0	160	80	80	P 480	240	80	80	P 480	360	80	80	P 600	160	80	80	
282	4	T 642	361	40	40	P 120	360	80	80	P 280	0	80	80	P 320	240	120	160	P 520	240	80	80	
283	0	T 644	362	40	40	
284	2	T 646	363	40	40	P 80	40	120	80	P 360	160	280	200	
285	1	T 648	364	40	40	P 200	240	80	80	
286	2	T 650	365	40	40	P 80	360	80	80	P 200	280	80	80	
287	2	T 652	366	40	40	P 40	240	80	80	P 160	0	80	80	
288	1	T 654	367	40	40	P 160	280	80	160	
289	2	T 656	368	40	40	P 40	240	80	120	P 520	0	80	80	
290	0	T 658	369	40	40	
291	1	T 660	370	40	40	P 440	40	80	80	
292	1	T 658	371	40	40	P 320	40	280	160	
293	1	T 656	372	40	40	P 240	0	80	80	
294	4	T 654	373	40	40	P 80	240	80	80	P 400	240	80	80	P 520	80	120	80	P 520	320	120	120	
295	3	T 652	374	40	40	P 0	200	80	80	P 0	320	80	80	P 200	240	80	80	
296	2	T 650	375	40	40	P 200	0	80	80	P 560	360	80	80	
297	3	T 648	376	40	40	P 120	0	80	80	P 360	160	80	80	P 600	0	80	120	
298	1	T 646	377	40	40	P 520	320	160	120	
299	3	T 644	378	40	40	P 0	40	80	80	P 80	200	120	80	P 480	360	80	80	
300	2	T 642	379	40	40	P 0	240	120	120	P 400	200	80	80	
301	2	T 640	380	40	40	P 400	320	80	80	P 560	120	80	80	
302	0	T 638	381	40	40	
303	2	T 636	382	40	40	P 40	120	200	200	P 480	40	160	120	
304	1	T 634	383	40	40	P 480	160	80	80	
305	2	T 632	384	40	40	P 80	40	80	80	P 600	200	80	80	
306	2	T 630	385	40	40	P 240	200	80	80	P 280	360	80	80	
307	1	T 628	386	40	40	P 520	0	160	80	
308	1	T 626	387	40	40	P 320	200	80	120	
309	2	T 624	388	40	40	P 320	0	80	80	P 600	200	80	80	
310	0	T 622	389	40	40	
311	2	T 620	390	40	40	P 480	0	80	80	P 560	200	80	80	
312	4	T 618	391	40	40	P 40	0	80	80	P 160	0	120	80	P 320	120	80	120	P 520	320	120	80	
313	2	T 616	392	40	40	P 40	240	80	80	P 320	40	80	80	
314	3	T 614	393	40	40	P 80	40	80	120	P 160	200	80	80	P 240	80	80	80	
315	2	T 612	394	40	40	P 40	120	80	120	P 160	320	120	120	
316	2	T 610	395	40	40	P 400	280	80	120	P 520	120	120	80	
317	2	T 608	396	40	40	P 40	160	80	120	P 240	120	80	80	
318	3	T 606	397	40	40	P 160	320	80	80	P 280	120	80	80	P 520	40	120	120	
319	1	T 604	398	40	40	P 40	160	80	80	
320	3	T 602	399	40	40	P 0	240	120	200	P 320	280	120	80	P 400	40	80	80	
321	2	T 600	400	40	40	P 240	0	80	80	P 240	200	280	240	
322	2	T 598	401	40	40	P 120	80	80	80	P 560	0	80	80	
323	1	T 596	402	40	40	P 0	320	80	120	
324	4	T 594	403	40	40	P 0	240	80	80	P 80	40	160	80	P 480	200	160	200	P 520	80	80	80	
325	2	T 592	404	40	40	P 160	360	120	80	P 560	200	80	80	
326	1	T 590	405	40	40	P 360	360	80	80	
327	1	T 588	406	40	40	P 120	360	80	80	
328	1	T 586	407	40	40	P 240	0	80	80	
329	1	T 584	408	40	40	P 400	120	80	80	
330	2	T 582	409	40	40	P 280	320	80	80	P 480	240	80	120	
331	1	T 580	410	40	40	P 280	120	80	80	
332	1	T 578	411	40	40	P 320	200	80	80	
333	2	T 576	412	40	40	P 40	320	80	80	P 280	80	80	120	
334	3	T 574	413	40	40	P 0	160	80	80	P 40	0	80	80	P 360	320	120	120	
335	2	T 572	414	40	40	P 40	200	120	80	P 240	280	120	120	
336	2	T 570	415	40	40	P 120	360	120	80	P 600	160	80	80	
337	0	T 568	416	40	40	
338	3	T 566	417	40	40	P 160	0	80	80	P 280	320	120	120	P 560	240	120	80	
339	1	T 564	418	40	40	P 520	40	80	120	
340	2	T 562	419	40	40	P 240	200	80	80	P 320	40	120	80	
341	2	T 560	420	40	40	P 160	0	80	80	P 440	40	80	80	
342	1	T 558	419	40	40	P 280	320	80	80	
343	1	T 556	418	40	40	P 440	320	80	80	
344	2	T 554	417	40	40	P 120	160	160	120	P 440	0	80	80	
345	1	T 552	416	40	40	P 600	320	80	120	
346	0	T 550	415	40	40	
347	2	T 548	414	40	40	P 240	0	80	80	P 480	360	80	80	
348	2	T 546	413	40	40	P 0	0	80	80	P 320	320	160	120	
349	2	T 544	412	40	40	P 240	280	80	120	P 400	240	80	80	
350	3	T 542	411	40	40	P 80	320	80	80	P 200	160	120	80	P 560	80	80	120	
351	1	T 540	410	40	40	P 240	160	80	80	
352	2	T 538	409	40	40	P 0	160	80	80	P 440	120	120	80	
353	3	T 536	408	40	40	P 0	240	80	80	P 320	240	80	120	P 520	160	80	80	
354	3	T 534	407	40	40	P 0	80	80	80	P 160	120	80	80	P 360	40	80	80	
355	3	T 532	406	40	40	P 80	160	120	120	P 280	40	120	80	P 440	240	80	80	
356	3	T 530	405	40	40	P 80	200	80	120	P 480	40	200	120	P 520	320	120	80	
357	3	T 528	404	40	40	P 200	80	80	120	P 320	320	160	120	P 440	160	80	80	
358	3	T 526	403	40	40	P 80	80	120	120	P 360	160	80	80	P 440	40	80	80	
359	0	T 524	402	40	40	
360	2	T 522	401	40	40	P 160	0	80	80	P 520	200	80	120	
361	2	T 520	400	40	40	P 240	320	120	120	P 400	240	80	80	
362	3	T 518	399	40	40	P 200	80	80	120	P 320	160	80	160	P 600	360	80	80	
363	1	T 516	398	40	40	P 440	240	80	80	
364	0	T 514	397	40	40	
365	1	T 512	396	40	40	P 400	240	160	120	
366	1	T 510	395	40	40	P 120	240	80	80	
367	2	T 508	394	40	40	P 0	40	80	80	P 240	120	80	120	
368	1	T 506	393	40	40	P 40	200	120	120	
369	0	T 504	392	40	40	
370	3	T 502	391	40	40	P 160	40	80	80	P 200	160	80	80	P 320	320	80	80	
371	2	T 500	390	40	40	P 120	240	80	80	P 440	320	80	80	
372	4	T 498	389	40	40	P 40	200	80	120	P 200	160	80	80	P 320	0	120	120	P 560	320	80	120	
373	2	T 496	388	40	40	P 80	120	120	120	P 560	240	120	160	
374	2	T 494	387	40	40	P 320	0	80	80	P 600	0	80	80	
375	0	T 492	386	40	40	
376	0	T 490	385	40	40	
377	0	T 488	384	40	40	
378	3	T 486	383	40	40	P 80	320	80	80	P 200	80	80	80	P 440	160	80	120	
379	1	T 484	382	40	40	P 320	160	80	80	
380	1	T 482	381	40	40	P 320	40	80	80	
381	2	T 480	380	40	40	P 0	0	120	160	P 360	360	80	80	
382	3	T 478	379	40	40	P 160	0	120	80	P 240	160	80	80	P 560	40	80	80	
383	0	T 476	378	40	40	
384	0	T 474	377	40	40	
385	3	T 472	376	40	40	P 80	360	80	80	P 280	160	120	120	P 560	200	120	120	
386	1	T 470	375	40	40	P 560	0	80	80	
387	3	T 468	374	40	40	P 0	240	80	120	P 80	0	80	80	P 240	40	120	160	
388	2	T 466	373	40	40	P 80	80	80	160	P 520	240	80	80	
389	2	T 464	372	40	40	P 80	120	80	80	P 400	160	80	80	
390	2	T 462	371	40	40	P 120	320	120	120	P 280	40	200	200	
391	2	T 460	370	40	40	P 0	40	80	80	P 560	280	80	120	
392	2	T 458	369	40	40	P 280	0	80	80	P 360	200	80	80	
393	0	T 456	368	40	40	
394	1	T 454	367	40	40	P 160	120	80	80	
395	1	T 452	366	40	40	P 240	240	80	80	
396	1	T 450	365	40	40	P 280	360	80	80	
397	3	T 448	364	40	40	P 40	240	120	80	P 280	40	160	80	P 520	0	160	120	
398	1	T 446	363	40	40	P 160	0	80	120	
399	1	T 444	362	40	40	P 320	200	80	80	
400	2	T 442	361	40	40	P 360	160	120	80	P 520	240	80	80	
401	2	T 440	360	40	40	P 40	0	160	120	P 400	280	80	80	
402	1	T 438	359	40	40	P 80	0	160	120	
403	1	T 436	358	40	40	P 560	200	80	80	
404	3	T 434	357	40	40	P 120	120	80	120	P 240	120	80	80	P 400	200	160	120	
405	2	T 432	356	40	40	P 320	0	80	80	P 600	320	80	80	
406	2	T 430	355	40	40	P 0	40	80	80	P 40	320	80	80	
407	0	T 428	354	40	40	
408	0	T 426	353	40	40	
409	1	T 424	352	40	40	P 240	200	80	80	
410	0	T 422	351	40	40	
411	1	T 420	350	40	40	P 160	120	160	120	
412	2	T 418	349	40	40	P 0	120	80	80	P 280	0	80	80	
413	1	T 416	348	40	40	P 160	0	160	160	
414	1	T 414	347	40	40	P 320	120	120	80	
415	3	T 412	346	40	40	P 200	160	80	80	P 240	0	120	80	P 360	120	120	80	
416	3	T 410	345	40	40	P 0	240	80	80	P 160	360	80	80	P 240	40	120	80	
417	1	T 408	344	40	40	P 360	120	120	80	
418	2	T 406	343	40	40	P 280	0	80	120	P 600	360	80	80	
419	3	T 404	342	40	40	P 240	40	80	120	P 600	0	80	80	P 600	160	80	80	
420	2	T 402	341	40	40	P 80	320	80	80	P 240	160	80	80	
421	3	T 400	340	40	40	P 0	40	80	80	P 440	0	80	80	P 600	240	80	80	
422	2	T 398	339	40	40	P 40	0	80	80	P 240	280	80	80	
423	3	T 396	338	40	40	P 120	240	120	120	P 240	120	80	80	P 440	240	80	80	
424	2	T 394	337	40	40	P 160	320	120	80	P 440	360	80	80	
425	2	T 392	336	40	40	P 120	80	120	120	P 480	120	80	80	
426	2	T 390	335	40	40	P 40	120	80	80	P 360	360	120	80	
427	3	T 388	334	40	40	P 80	40	80	80	P 440	320	80	80	P 600	200	80	80	
428	2	T 386	333	40	40	P 200	0	160	80	P 520	320	160	80	
429	0	T 384	332	40	40	
430	1	T 382	331	40	40	P 80	40	120	160	
431	2	T 380	330	40	40	P 440	240	80	80	P 600	40	80	80	
432	4	T 378	329	40	40	P 0	80	120	80	P 240	80	120	80	P 520	360	80	80	P 560	80	80	80	
433	1	T 376	328	40	40	P 400	160	200	120	
434	3	T 374	327	40	40	P 120	240	80	80	P 240	120	80	80	P 440	0	80	80	
435	2	T 372	326	40	40	P 0	280	160	160	P 160	40	80	120	
436	0	T 370	325	40	40	
437	1	T 368	324	40	40	P 360	200	120	120	
438	1	T 366	323	40	40	P 560	0	120	80	
439	3	T 364	322	40	40	P 40	160	80	80	P 360	120	80	120	P 600	200	80	80	
440	3	T 362	321	40	40	P 200	240	200	120	P 320	0	120	80	P 440	160	80	80	
441	0	T 360	320	40	40	
442	0	T 358	319	40	40	
443	2	T 356	318	40	40	P 0	360	80	80	P 200	280	80	80	
444	2	T 354	317	40	40	P 480	320	80	80	P 520	40	80	80	
445	6	T 352	316	40	40	P 160	160	80	120	P 200	360	80	80	P 240	0	80	80	P 280	160	80	80	P 400	200	120	120	P 520	40	80	80	
446	1	T 350	315	40	40	P 600	80	80	80	
447	1	T 348	314	40	40	P 560	360	80	80	
448	1	T 346	313	40	40	P 0	120	80	80	
449	2	T 344	312	40	40	P 0	40	80	80	P 520	40	80	80	
450	3	T 342	311	40	40	P 0	280	80	80	P 280	120	80	80	P 520	200	80	80	
451	2	T 340	310	40	40	P 0	120	80	120	P 240	80	80	120	
452	2	T 338	309	40	40	P 320	280	80	80	P 520	360	80	80	
453	3	T 336	308	40	40	P 200	0	80	80	P 440	40	120	80	P 600	80	80	80	
454	2	T 334	307	40	40	P 440	360	80	80	P 600	80	80	120	
455	2	T 332	306	40	40	P 80	240	120	80	P 560	120	80	80	
456	2	T 330	305	40	40	P 400	160	120	120	P 560	240	80	120	
457	0	T 328	304	40	40	
458	2	T 326	303	40	40	P 80	360	80	80	P 120	80	80	120	
459	0	T 324	302	40	40	
460	2	T 322	301	40	40	P 160	40	80	120	P 160	200	120	80	
461	0	T 320	300	40	40	
462	0	T 318	299	40	40	
463	1	T 316	298	40	40	P 200	40	80	80	
464	0	T 314	297	40	40	
465	1	T 312	296	40	40	P 480	320	80	120	
466	3	T 310	295	40	40	P 0	0	80	120	P 240	80	80	120	P 480	120	200	120	
467	2	T 308	294	40	40	P 40	40	80	80	P 40	200	80	80	
468	1	T 306	293	40	40	P 440	160	80	80	
469	0	T 304	292	40	40	
470	1	T 302	291	40	40	P 280	320	120	120	
471	2	T 300	290	40	40	P 40	80	200	120	P 240	320	80	80	
472	2	T 298	289	40	40	P 520	80	160	200	P 560	360	80	80	
473	1	T 296	288	40	40	P 240	0	120	120	
474	2	T 294	287	40	40	P 200	200	200	80	P 440	200	120	120	
475	2	T 292	286	40	40	P 0	120	80	80	P 240	240	80	80	
476	3	T 290	285	40	40	P 80	280	160	160	P 120	80	120	120	P 320	0	80	80	
477	2	T 288	284	40	40	P 240	0	120	200	P 440	320	80	80	
478	0	T 286	283	40	40	
479	2	T 284	282	40	40	P 0	200	80	120	P 560	80	80	80	
480	1	T 282	281	40	40	P 440	40	80	120	
481	1	T 280	280	40	40	P 320	0	80	160	
482	2	T 278	279	40	40	P 0	240	80	80	P 360	40	120	80	
483	2	T 276	278	40	40	P 120	240	120	80	P 240	80	120	80	
484	0	T 274	277	40	40	
485	2	T 272	276	40	40	P 320	280	120	80	P 480	360	80	80	
486	1	T 270	275	40	40	P 120	280	120	80	
487	1	T 268	274	40	40	P 560	120	80	80	
488	1	T 266	273	40	40	P 120	120	80	80	
489	2	T 264	272	40	40	P 320	40	80	80	P 560	360	120	80	
490	1	T 262	271	40	40	P 120	360	80	80	
491	1	T 260	270	40	40	P 320	200	120	120	
492	2	T 258	269	40	40	P 120	320	80	120	P 200	0	80	80	
493	0	T 256	268	40	40	
494	1	T 254	267	40	40	P 360	0	120	80	
495	3	T 252	266	40	40	P 0	200	80	80	P 440	0	80	120	P 560	240	80	80	
496	3	T 250	265	40	40	P 120	40	120	80	P 280	40	80	80	P 360	280	80	80	
497	1	T 248	264	40	40	P 240	120	80	80	
498	0	T 246	263	40	40	
499	2	T 244	262	40	40	P 440	360	80	80	P 600	280	80	80	
500	6	T 242	261	40	40	P 160	0	80	120	P 360	360	120	80	P 440	160	80	80	P 480	0	80	80	P 600	80	80	80	P 600	200	80	80	
501	3	T 240	260	40	40	P 240	200	80	80	P 320	0	80	80	P 480	240	80	80	
502	2	T 238	259	40	40	P 320	280	160	160	P 560	280	120	120	
503	2	T 236	258	40	40	P 360	0	200	120	P 600	80	80	120	
504	0	T 234	257	40	40	
505	0	T 232	256	40	40	
506	2	T 230	255	40	40	P 200	120	120	120	P 520	240	160	80	
507	3	T 228	254	40	40	P 0	240	80	120	P 200	40	80	80	P 480	40	80	80	
508	4	T 226	253	40	40	P 0	240	80	80	P 120	320	80	80	P 200	120	120	120	P 600	0	80	80	
509	1	T 224	252	40	40	P 480	320	120	80	
510	0	T 222	251	40	40	
511	4	T 220	250	40	40	P 200	0	120	80	P 280	280	80	80	P 480	280	80	80	P 600	160	80	80	
512	3	T 218	249	40	40	P 240	320	80	80	P 480	40	120	80	P 520	320	160	120	
513	1	T 216	248	40	40	P 160	280	80	80	
514	0	T 214	247	40	40	
515	3	T 212	246	40	40	P 0	360	80	80	P 120	240	80	80	P 240	80	80	80	
516	1	T 210	245	40	40	P 560	120	120	80	
517	1	T 208	244	40	40	P 320	120	160	80	
518	3	T 206	243	40	40	P 360	200	80	80	P 440	0	120	80	P 560	200	80	80	
519	0	T 204	242	40	40	
520	3	T 202	241	40	40	P 0	320	80	120	P 200	280	80	80	P 480	120	80	80	
521	2	T 200	240	40	40	P 160	200	80	80	P 480	280	80	80	
522	0	T 198	239	40	40	
523	2	T 196	238	40	40	P 280	40	80	80	P 320	320	80	80	
524	3	T 194	237	40	40	P 80	320	120	80	P 440	360	120	80	P 600	0	80	80	
525	1	T 192	236	40	40	P 320	40	80	80	
526	2	T 190	235	40	40	P 280	200	80	80	P 480	80	80	80	
527	4	T 188	234	40	40	P 40	0	80	80	P 80	120	120	120	P 360	120	160	80	P 480	360	80	80	
528	1	T 186	233	40	40	P 600	0	80	80	
529	4	T 184	232	40	40	P 0	320	80	120	P 120	200	120	120	P 480	80	120	120	P 480	360	80	80	
530	3	T 182	231	40	40	P 240	280	120	80	P 360	40	200	120	P 400	320	120	80	
531	2	T 180	230	40	40	P 0	0	240	120	P 280	0	120	120	
532	4	T 178	229	40	40	P 40	80	80	80	P 120	320	80	80	P 360	40	80	80	P 560	0	80	80	
533	4	T 176	228	40	40	P 0	80	120	240	P 240	0	80	80	P 400	160	120	120	P 560	0	80	80	
534	0	T 174	227	40	40	
535	1	T 172	226	40	40	P 280	320	120	120	
536	2	T 170	225	40	40	P 360	40	80	80	P 400	320	80	80	
537	0	T 168	224	40	40	
538	3	T 166	223	40	40	P 320	120	120	120	P 600	120	80	120	P 600	320	80	120	
539	1	T 164	222	40	40	P 600	280	80	80	
540	0	T 162	221	40	40	
541	1	T 160	220	40	40	P 240	80	120	80	
542	1	T 158	219	40	40	P 160	360	80	80	
543	1	T 156	218	40	40	P 120	40	120	120	
544	1	T 154	217	40	40	P 480	40	80	80	
545	1	T 152	216	40	40	P 280	40	120	120	
546	1	T 150	215	40	40	P 600	360	80	80	
547	1	T 148	214	40	40	P 440	0	240	120	
548	1	T 146	213	40	40	P 280	240	80	80	
549	0	T 144	212	40	40	
550	1	T 142	211	40	40	P 360	240	120	120	
551	1	T 140	210	40	40	P 440	280	120	160	
552	2	T 138	209	40	40	P 120	320	80	80	P 320	160	80	80	
553	1	T 136	208	40	40	P 200	80	80	120	
554	1	T 134	207	40	40	P 280	120	80	80	
555	3	T 132	206	40	40	P 40	160	80	80	P 280	240	80	120	P 480	80	80	80	
556	4	T 130	205	40	40	P 80	280	80	120	P 240	40	80	80	P 320	240	80	120	P 560	80	80	120	
557	1	T 128	204	40	40	P 0	0	80	80	
558	3	T 126	203	40	40	P 160	200	80	80	P 240	0	80	80	P 320	160	80	80	
559	3	T 124	202	40	40	P 40	280	80	80	P 360	0	120	120	P 560	280	80	80	
560	1	T 122	201	40	40	P 400	280	80	120	
561	3	T 120	200	40	40	P 160	200	80	80	P 440	80	80	120	P 560	0	80	80	
562	2	T 118	199	40	40	P 0	120	120	120	P 600	80	80	80	
563	0	T 116	198	40	40	
564	2	T 114	197	40	40	P 200	120	80	80	P 320	280	80	80	
565	3	T 112	196	40	40	P 0	0	80	80	P 360	0	80	80	P 560	200	80	80	
566	1	T 110	195	40	40	P 80	240	80	80	
567	0	T 108	194	40	40	
568	4	T 106	193	40	40	P 0	200	80	120	P 240	120	200	120	P 280	320	80	80	P 560	200	120	120	
569	1	T 104	192	40	40	P 200	120	120	80	
570	2	T 102	191	40	40	P 80	0	80	80	P 560	0	80	120	
571	2	T 100	190	40	40	P 200	120	120	120	P 440	80	80	80	
572	2	T 98	189	40	40	P 0	200	80	120	P 480	360	80	80	
573	1	T 96	188	40	40	P 320	160	120	120	
574	1	T 94	187	40	40	P 0	240	120	80	
575	1	T 92	186	40	40	P 80	40	120	200	
576	1	T 90	185	40	40	P 400	240	80	80	
577	2	T 88	184	40	40	P 200	360	80	80	P 360	280	80	80	
578	1	T 86	183	40	40	P 240	0	80	80	
579	1	T 84	182	40	40	P 560	320	120	80	
580	2	T 82	181	40	40	P 80	200	160	160	P 280	200	80	80	
581	3	T 80	180	40	40	P 160	360	80	80	P 200	0	200	200	P 440	80	120	80	
582	3	T 78	179	40	40	P 0	80	120	120	P 280	0	80	80	P 320	200	120	120	
583	1	T 76	178	40	40	P 320	160	120	120	
584	2	T 74	177	40	40	P 0	80	80	80	P 200	120	280	320	
585	1	T 72	176	40	40	P 160	280	80	80	
586	2	T 70	175	40	40	P 0	240	80	80	P 280	200	80	120	
587	2	T 68	174	40	40	P 200	160	120	120	P 560	120	80	120	
588	2	T 66	173	40	40	P 360	80	120	80	P 520	160	80	80	
589	3	T 64	172	40	40	P 0	320	80	80	P 200	80	120	120	P 440	80	120	120	
590	1	T 62	171	40	40	P 400	80	80	80	
591	0	T 60	170	40	40	
592	1	T 58	169	40	40	P 80	360	80	80	
593	0	T 56	168	40	40	
594	2	T 54	167	40	40	P 80	320	120	80	P 160	0	80	80	
595	2	T 52	166	40	40	P 360	240	120	120	P 520	80	80	160	
596	2	T 50	165	40	40	P 200	40	80	80	P 600	80	80	80	
597	1	T 48	164	40	40	P 320	320	120	120	
598	1	T 46	163	40	40	P 0	0	80	80	
599	2	T 44	162	40	40	P 400	280	80	80	P 560	360	80	80	
600	3	T 42	161	40	40	P 200	80	80	80	P 200	200	120	120	P 600	240	80	80	
601	2	T 40	160	40	40	P 0	280	80	80	P 280	40	80	80	
602	1	T 38	159	40	40	P 560	0	120	80	
603	0	T 36	158	40	40	
604	2	T 34	157	40	40	P 200	200	120	80	P 480	200	120	80	
605	4	T 32	156	40	40	P 120	0	80	80	P 200	280	120	120	P 320	120	80	120	P 480	0	160	120	
606	3	T 30	155	40	40	P 120	40	80	80	P 240	40	80	120	P 480	280	80	80	
607	3	T 28	154	40	40	P 160	0	80	80	P 320	160	280	120	P 520	360	80	80	
608	2	T 26	153	40	40	P 160	320	80	80	P 560	80	80	80	
609	1	T 24	152	40	40	P 80	240	80	120	
610	3	T 22	151	40	40	P 160	320	80	80	P 440	0	120	80	P 440	120	80	120	
611	1	T 20	150	40	40	P 80	240	80	80	
612	3	T 22	149	40	40	P 0	160	80	120	P 200	120	80	80	P 440	0	80	80	
613	2	T 24	148	40	40	P 0	0	80	80	P 0	200	80	80	
614	1	T 26	147	40	40	P 80	0	80	80	
615	1	T 28	146	40	40	P 80	200	80	80	
616	3	T 30	145	40	40	P 0	0	80	80	P 320	240	80	120	P 600	240	80	80	
617	0	T 32	144	40	40	
618	2	T 34	143	40	40	P 0	40	120	80	P 0	360	120	80	
619	0	T 36	142	40	40	
620	4	T 38	141	40	40	P 40	240	120	120	P 200	200	80	80	P 240	320	80	80	P 600	280	80	80	
621	2	T 40	140	40	40	P 120	320	80	120	P 360	160	160	160	
622	2	T 42	139	40	40	P 400	0	80	80	P 600	360	80	80	
623	3	T 44	138	40	40	P 280	160	80	80	P 400	240	80	80	P 480	80	80	80	
624	2	T 46	137	40	40	P 120	160	80	120	P 400	200	80	80	
625	2	T 48	136	40	40	P 40	40	360	160	P 560	0	80	120	
626	0	T 50	135	40	40	
627	3	T 52	134	40	40	P 40	240	80	120	P 400	40	80	80	P 520	280	80	120	
628	1	T 54	133	40	40	P 360	80	80	80	
629	1	T 56	132	40	40	P 600	0	80	80	
630	1	T 58	131	40	40	P 0	0	80	80	
631	3	T 60	130	40	40	P 360	160	120	80	P 400	320	80	80	P 440	40	120	80	
632	2	T 62	129	40	40	P 40	0	80	80	P 520	160	80	80	
633	3	T 64	128	40	40	P 0	360	80	80	P 360	160	120	120	P 400	0	120	120	
634	2	T 66	127	40	40	P 120	160	120	120	P 440	40	80	120	
635	3	T 68	126	40	40	P 0	200	80	120	P 160	120	120	120	P 520	320	80	80	
636	2	T 70	125	40	40	P 0	360	80	80	P 440	0	160	280	
637	1	T 72	124	40	40	P 360	0	200	120	
638	2	T 74	123	40	40	P 160	320	80	80	P 480	200	80	80	
639	1	T 76	122	40	40	P 400	200	200	200	
640	1	T 78	121	40	40	P 440	360	120	80	
641	3	T 80	120	40	40	P 160	120	80	80	P 160	240	80	120	P 360	80	80	120	
642	2	T 82	119	40	40	P 200	120	80	80	P 560	120	120	160	
643	2	T 84	118	40	40	P 80	80	80	80	P 360	40	120	120	
644	1	T 86	117	40	40	P 40	240	80	80	
645	1	T 88	116	40	40	P 480	40	80	80	
646	2	T 90	115	40	40	P 0	0	80	80	P 120	80	80	80	
647	3	T 92	114	40	40	P 0	280	80	80	P 560	200	80	80	P 560	320	80	80	
648	2	T 94	113	40	40	P 200	80	80	80	P 600	200	80	120	
649	2	T 96	112	40	40	P 520	40	80	80	P 600	160	80	80	
650	2	T 98	111	40	40	P 200	80	120	120	P 400	280	80	80	
651	3	T 100	110	40	40	P 160	40	160	120	P 440	240	80	120	P 560	160	80	80	
652	1	T 102	109	40	40	P 200	40	80	120	
653	1	T 104	108	40	40	P 240	160	120	120	
654	3	T 106	107	40	40	P 0	200	120	80	P 160	160	80	80	P 600	200	80	80	
655	4	T 108	106	40	40	P 120	40	80	80	P 200	280	80	80	P 360	0	120	80	P 560	200	80	80	
656	0	T 110	105	40	40	
657	2	T 112	104	40	40	P 440	200	120	120	P 520	360	80	80	
658	0	T 114	103	40	40	
659	2	T 116	102	40	40	P 120	280	120	80	P 600	0	80	80	
660	2	T 118	101	40	40	P 400	240	80	80	P 440	40	80	80	
661	1	T 120	100	40	40	P 120	280	80	80	
662	3	T 122	99	40	40	P 40	0	160	80	P 40	160	80	80	P 480	360	120	80	
663	3	T 124	98	40	40	P 80	240	80	80	P 120	360	120	80	P 520	120	80	120	
664	3	T 126	97	40	40	P 280	80	80	120	P 520	280	80	80	P 560	0	80	80	
665	1	T 128	96	40	40	P 480	200	80	80	
666	0	T 130	95	40	40	
667	1	T 132	94	40	40	P 240	200	120	80	
668	3	T 134	93	40	40	P 0	120	120	120	P 40	0	80	80	P 440	0	80	80	
669	1	T 136	92	40	40	P 440	320	80	80	
670	2	T 138	91	40	40	P 520	0	80	80	P 520	120	80	120	
671	1	T 140	90	40	40	P 440	0	80	80	
672	1	T 142	89	40	40	P 480	160	80	80	
673	2	T 144	88	40	40	P 400	40	80	80	P 600	280	80	80	
674	0	T 146	87	40	40	
675	3	T 148	86	40	40	P 40	280	80	120	P 320	320	120	120	P 560	240	80	80	
676	1	T 150	85	40	40	P 80	360	80	80	
677	1	T 152	84	40	40	P 440	120	80	120	
678	3	T 154	83	40	40	P 0	0	80	80	P 40	120	160	80	P 480	40	80	80	
679	1	T 156	82	40	40	P 560	40	80	80	
680	2	T 158	81	40	40	P 0	0	80	80	P 440	0	80	80	
681	3	T 160	80	40	40	P 0	120	80	80	P 240	40	80	80	P 360	240	80	80	
682	2	T 162	79	40	40	P 280	360	80	80	P 600	40	80	80	
683	4	T 164	78	40	40	P 40	160	120	80	P 40	360	80	80	P 200	280	80	80	P 280	0	120	120	
684	0	T 166	77	40	40	
685	1	T 168	76	40	40	P 240	80	120	240	
686	0	T 170	75	40	40	
687	2	T 172	74	40	40	P 200	240	120	120	P 320	0	240	120	
688	2	T 174	73	40	40	P 320	80	120	80	P 440	240	200	160	
689	3	T 176	72	40	40	P 80	80	80	80	P 240	160	80	80	P 520	80	120	80	
690	2	T 178	71	40	40	P 0	160	80	80	P 600	360	80	80	
691	1	T 180	70	40	40	P 160	160	80	80	
692	0	T 182	69	40	40	
693	1	T 184	68	40	40	P 560	200	80	80	
694	0	T 186	67	40	40	
695	1	T 188	66	40	40	P 480	160	120	160	
696	2	T 190	65	40	40	P 560	320	80	120	P 600	160	80	80	
697	4	T 192	64	40	40	P 0	200	200	120	P 80	80	80	80	P 320	200	80	80	P 360	320	80	80	
698	4	T 194	63	40	40	P 40	80	80	80	P 320	0	120	80	P 320	280	80	80	P 480	280	80	80	
699	1	T 196	62	40	40	P 0	0	120	120	
700	5	T 198	61	40	40	P 0	0	120	120	P 120	240	120	80	P 320	360	80	80	P 520	240	80	80	P 600	120	80	80	
701	2	T 200	60	40	40	P 200	0	80	80	P 400	360	80	80	
702	1	T 202	59	40	40	P 200	240	80	80	
703	2	T 204	58	40	40	P 360	240	160	120	P 440	120	80	80	
704	5	T 206	57	40	40	P 0	280	80	80	P 40	80	120	120	P 280	0	80	80	P 400	0	80	80	P 560	40	80	80	
705	3	T 208	56	40	40	P 120	320	80	80	P 320	0	120	80	P 560	280	80	120	
706	1	T 210	55	40	40	P 240	160	80	80	
707	0	T 212	54	40	40	
708	3	T 214	53	40	40	P 120	240	80	120	P 400	240	80	80	P 600	360	80	80	
709	2	T 216	52	40	40	P 120	160	80	160	P 280	0	120	80	
710	1	T 218	51	40	40	P 0	0	80	80	
711	2	T 220	50	40	40	P 0	40	80	80	P 240	240	80	80	
712	3	T 222	49	40	40	P 0	320	160	120	P 200	160	200	80	P 600	0	80	80	
713	3	T 224	48	40	40	P 200	80	80	120	P 200	280	80	80	P 360	40	120	80	
714	2	T 226	47	40	40	P 240	80	80	80	P 320	320	80	80	
715	2	T 228	46	40	40	P 40	280	120	80	P 560	240	80	80	
716	3	T 230	45	40	40	P 240	0	200	120	P 240	240	80	80	P 560	40	80	80	
717	1	T 232	44	40	40	P 0	320	80	80	
718	4	T 234	43	40	40	P 160	0	80	160	P 200	280	120	80	P 560	160	120	120	P 560	320	80	80	
719	1	T 236	42	40	40	P 0	120	80	120	
720	2	T 238	41	40	40	P 200	40	80	80	P 520	40	80	80	
721	1	T 240	40	40	40	P 440	0	120	120	
722	1	T 242	39	40	40	P 400	0	80	120	
723	1	T 244	38	40	40	P 520	0	80	80	
724	1	T 246	37	40	40	P 440	240	80	80	
725	2	T 248	36	40	40	P 360	120	80	80	P 600	200	80	80	
726	1	T 250	35	40	40	P 200	360	120	80	
727	2	T 252	34	40	40	P 0	360	80	80	P 600	40	80	80	
728	2	T 254	33	40	40	P 360	280	120	120	P 520	40	80	80	
729	1	T 256	32	40	40	P 600	40	80	80	
730	3	T 258	31	40	40	P 120	280	120	80	P 560	160	80	80	P 560	320	120	120	
731	1	T 260	30	40	40	P 120	360	80	80	
732	2	T 262	29	40	40	P 0	0	80	80	P 600	160	80	80	
733	1	T 264	28	40	40	P 520	40	80	80	
734	2	T 266	27	40	40	P 0	0	80	80	P 560	160	80	80	
735	1	T 268	26	40	40	P 560	160	120	120	
736	1	T 270	25	40	40	P 320	320	80	80	
737	2	T 272	24	40	40	P 160	80	80	80	P 320	40	200	80	
738	1	T 274	23	40	40	P 480	80	80	80	
739	0	T 276	22	40	40	
740	1	T 278	21	40	40	P 240	200	120	240	
741	1	T 280	20	40	40	P 320	200	80	80	
742	1	T 282	21	40	40	P 240	160	160	120	
743	1	T 284	22	40	40	P 600	200	80	80	
744	1	T 286	23	40	40	P 120	320	80	120	
745	2	T 288	24	40	40	P 0	320	80	80	P 80	200	80	80	
746	1	T 290	25	40	40	P 360	320	80	80	
747	2	T 292	26	40	40	P 360	200	80	80	P 480	80	80	80	
748	2	T 294	27	40	40	P 240	0	80	80	P 480	80	80	120	
749	2	T 296	28	40	40	P 360	200	80	80	P 560	0	80	80	
750	1	T 298	29	40	40	P 120	0	80	120	
751	1	T 300	30	40	40	P 200	80	80	80	
752	0	T 302	31	40	40	
753	0	T 304	32	40	40	
754	1	T 306	33	40	40	P 360	160	120	120	
755	1	T 308	34	40	40	P 40	280	80	80	
756	2	T 310	35	40	40	P 200	320	80	80	P 360	360	120	80	
757	2	T 312	36	40	40	P 0	320	80	80	P 320	160	80	80	
758	0	T 314	37	40	40	
759	1	T 316	38	40	40	P 480	80	80	120	
760	3	T 318	39	40	40	P 0	200	80	80	P 200	0	80	80	P 440	0	80	80	
761	0	T 320	40	40	40	
762	2	T 322	41	40	40	P 40	240	80	80	P 320	360	80	80	
763	2	T 324	42	40	40	P 80	280	80	80	P 200	280	80	80	
764	2	T 326	43	40	40	P 120	0	120	80	P 200	120	120	80	
765	4	T 328	44	40	40	P 40	280	80	120	P 120	80	80	80	P 240	0	200	200	P 520	240	120	160	
766	4	T 330	45	40	40	P 40	160	80	80	P 160	0	80	160	P 240	280	80	80	P 400	80	80	80	
767	0	T 332	46	40	40	
768	1	T 334	47	40	40	P 520	280	80	80	
769	0	T 336	48	40	40	
770	1	T 338	49	40	40	P 80	40	120	200	
771	1	T 340	50	40	40	P 200	40	80	80	
772	3	T 342	51	40	40	P 240	320	160	120	P 480	0	80	80	P 520	240	80	80	
773	1	T 344	52	40	40	P 320	80	120	80	
774	1	T 346	53	40	40	P 240	80	80	120	
775	1	T 348	54	40	40	P 160	0	80	120	
776	0	T 350	55	40	40	
777	1	T 352	56	40	40	P 80	200	80	80	
778	3	T 354	57	40	40	P 160	160	80	80	P 400	0	80	80	P 400	240	120	120	
779	1	T 356	58	40	40	P 160	0	80	80	
780	2	T 358	59	40	40	P 160	320	80	80	P 320	40	120	80	
781	1	T 360	60	40	40	P 480	240	80	80	
782	3	T 362	61	40	40	P 80	200	120	120	P 240	320	80	80	P 320	80	80	80	
783	2	T 364	62	40	40	P 160	360	120	80	P 400	0	80	80	
784	1	T 366	63	40	40	P 560	320	80	80	
785	4	T 368	64	40	40	P 160	200	80	80	P 440	200	80	120	P 440	360	80	80	P 480	40	80	80	
786	0	T 370	65	40	40	
787	1	T 372	66	40	40	P 560	0	80	80	
788	1	T 374	67	40	40	P 0	240	200	120	
789	0	T 376	68	40	40	
790	3	T 378	69	40	40	P 80	280	80	120	P 400	120	80	80	P 600	240	80	80	
791	1	T 380	70	40	40	P 520	40	120	80	
792	0	T 382	71	40	40	
793	2	T 384	72	40	40	P 0	320	80	120	P 440	160	120	80	
794	1	T 386	73	40	40	P 440	280	120	120	
795	2	T 388	74	40	40	P 200	200	80	120	P 520	160	80	80	
796	2	T 390	75	40	40	P 120	160	80	80	P 160	0	80	80	
797	2	T 392	76	40	40	P 400	80	80	80	P 520	0	120	120	
798	1	T 394	77	40	40	P 0	120	120	80	
799	2	T 396	78	40	40	P 280	120	80	120	P 560	80	80	80	
800	0	T 398	79	40	40	
801	2	T 400	80	40	40	P 320	120	120	80	P 480	240	80	80	
802	3	T 402	81	40	40	P 0	40	80	80	P 80	320	80	80	P 200	160	80	80	
803	1	T 404	82	40	40	P 40	160	80	80	
804	0	T 406	83	40	40	
805	0	T 408	84	40	40	
806	0	T 410	85	40	40	
807	2	T 412	86	40	40	P 280	80	80	120	P 480	360	80	80	
808	3	T 414	87	40	40	P 160	120	120	80	P 200	240	80	120	P 360	280	120	80	
809	2	T 416	88	40	40	P 160	40	80	120	P 160	280	120	80	
810	2	T 418	89	40	40	P 0	160	80	80	P 480	40	120	80	
811	3	T 420	90	40	40	P 120	200	80	80	P 200	80	80	80	P 600	200	80	80	
812	0	T 422	91	40	40	
813	2	T 424	92	40	40	P 40	280	80	80	P 360	280	80	80	
814	0	T 426	93	40	40	
815	3	T 428	94	40	40	P 160	280	120	120	P 360	240	80	80	P 600	320	80	120	
816	3	T 430	95	40	40	P 120	120	80	80	P 160	280	80	80	P 480	200	80	80	
817	0	T 432	96	40	40	
818	3	T 434	97	40	40	P 240	280	80	80	P 280	0	80	120	P 560	360	80	80	
819	3	T 436	98	40	40	P 80	0	80	120	P 400	80	80	120	P 560	160	80	80	
820	1	T 438	99	40	40	P 480	160	80	80	
821	2	T 440	100	40	40	P 440	0	80	80	P 560	80	120	80	
822	0	T 442	101	40	40	
823	1	T 444	102	40	40	P 200	160	80	80	
824	1	T 446	103	40	40	P 360	320	80	80	
825	3	T 448	104	40	40	P 40	0	80	80	P 240	200	80	80	P 360	200	120	120	
826	2	T 450	105	40	40	P 80	80	120	80	P 480	280	80	80	
827	1	T 452	106	40	40	P 440	120	120	80	
828	1	T 454	107	40	40	P 320	160	120	80	
829	3	T 456	108	40	40	P 80	40	80	80	P 200	200	80	80	P 560	40	80	120	
830	2	T 458	109	40	40	P 0	0	80	120	P 320	360	80	80	
831	1	T 460	110	40	40	P 240	0	80	80	
832	0	T 462	111	40	40	
833	1	T 464	112	40	40	P 240	320	80	80	
834	1	T 466	113	40	40	P 560	80	80	80	
835	3	T 468	114	40	40	P 40	200	120	120	P 160	40	80	80	P 560	360	80	80	
836	2	T 470	115	40	40	P 40	80	200	120	P 400	80	120	80	
837	3	T 472	116	40	40	P 0	160	80	80	P 240	360	80	80	P 360	200	80	80	
838	1	T 474	117	40	40	P 400	120	120	120	
839	4	T 476	118	40	40	P 0	360	80	80	P 40	200	120	120	P 200	0	120	120	P 440	240	80	120	
840	3	T 478	119	40	40	P 40	120	80	80	P 320	160	160	160	P 560	80	80	80	
841	1	T 480	120	40	40	P 160	160	80	80	
842	1	T 482	121	40	40	P 400	200	120	80	
843	2	T 484	122	40	40	P 120	80	80	80	P 280	360	80	80	
844	2	T 486	123	40	40	P 240	360	80	80	P 480	40	80	80	
845	3	T 488	124	40	40	P 80	200	160	120	P 360	360	80	80	P 560	80	80	80	
846	0	T 490	125	40	40	
847	2	T 492	126	40	40	P 80	200	80	80	P 280	200	120	120	
848	2	T 494	127	40	40	P 0	160	80	80	P 240	0	80	80	
849	3	T 496	128	40	40	P 160	40	80	80	P 480	320	80	80	P 560	120	120	80	
850	2	T 498	129	40	40	P 0	280	80	80	P 120	160	120	120	
851	1	T 500	130	40	40	P 520	200	120	80	
852	0	T 502	131	40	40	
853	0	T 504	132	40	40	
854	2	T 506	133	40	40	P 0	200	80	80	P 360	320	80	80	
855	2	T 508	134	40	40	P 280	200	80	80	P 440	360	80	80	
856	2	T 510	135	40	40	P 400	0	120	120	P 560	240	80	80	
857	1	T 512	136	40	40	P 240	0	120	80	
858	3	T 514	137	40	40	P 40	120	280	120	P 200	360	120	80	P 400	360	80	80	
859	2	T 516	138	40	40	P 80	120	120	80	P 480	320	80	80	
860	1	T 518	139	40	40	P 400	160	80	120	
861	3	T 520	140	40	40	P 0	0	80	80	P 400	280	80	80	P 520	40	80	80	
862	1	T 522	141	40	40	P 360	280	80	80	
863	6	T 524	142	40	40	P 0	320	80	80	P 80	40	80	80	P 120	240	120	120	P 360	200	80	80	P 400	320	80	80	P 520	360	80	80	
864	1	T 526	143	40	40	P 360	240	80	120	
865	1	T 528	144	40	40	P 80	80	80	80	
866	2	T 530	145	40	40	P 120	120	120	80	P 560	120	120	200	
867	0	T 532	146	40	40	
868	2	T 534	147	40	40	P 160	160	200	80	P 160	360	80	80	
869	2	T 536	148	40	40	P 0	0	120	80	P 400	200	240	240	
870	3	T 538	149	40	40	P 0	0	80	80	P 0	320	80	80	P 200	240	120	120	
871	2	T 540	150	40	40	P 160	120	120	120	P 360	360	120	80	
872	2	T 542	151	40	40	P 80	360	80	80	P 400	360	80	80	
873	1	T 544	152	40	40	P 440	200	80	120	
874	3	T 546	153	40	40	P 120	0	80	80	P 280	360	120	80	P 440	120	80	80	
875	2	T 548	154	40	40	P 360	320	80	80	P 600	120	80	120	
876	2	T 550	155	40	40	P 240	80	80	80	P 360	360	80	80	
877	1	T 552	156	40	40	P 160	200	80	80	
878	1	T 554	157	40	40	P 480	240	120	80	
879	1	T 556	158	40	40	P 160	280	80	80	
880	1	T 558	159	40	40	P 0	0	120	80	
881	1	T 560	160	40	40	P 400	40	80	120	
882	1	T 562	161	40	40	P 400	0	80	80	
883	1	T 564	162	40	40	P 320	0	80	80	
884	2	T 566	163	40	40	P 80	160	80	80	P 320	0	120	120	
885	2	T 568	164	40	40	P 80	0	80	80	P 80	360	80	80	
886	0	T 570	165	40	40	
887	1	T 572	166	40	40	P 480	160	80	120	
888	1	T 574	167	40	40	P 400	0	80	80	
889	0	T 576	168	40	40	
890	0	T 578	169	40	40	
891	3	T 580	170	40	40	P 0	160	80	80	P 200	280	80	120	P 600	40	80	80	
892	0	T 582	171	40	40	
893	2	T 584	172	40	40	P 0	80	120	120	P 120	320	80	80	
894	1	T 586	173	40	40	P 480	280	80	80	
895	2	T 588	174	40	40	P 120	0	80	80	P 120	280	120	80	
896	1	T 590	175	40	40	P 80	360	80	80	
897	1	T 592	176	40	40	P 320	120	80	80	
898	2	T 594	177	40	40	P 160	200	80	80	P 200	0	120	80	
899	1	T 596	178	40	40	P 200	360	80	80	
900	0	T 598	179	40	40	
901	1	T 600	180	40	40	P 280	160	160	240	
902	0	T 602	181	40	40	
903	1	T 604	182	40	40	P 360	160	80	80	
904	2	T 606	183	40	40	P 120	200	120	120	P 560	0	120	120	
905	3	T 608	184	40	40	P 0	240	80	80	P 40	40	80	80	P 440	0	120	120	
906	0	T 610	185	40	40	
907	0	T 612	186	40	40	
908	1	T 614	187	40	40	P 320	360	80	80	
909	1	T 616	188	40	40	P 440	40	120	200	
910	3	T 618	189	40	40	P 0	240	80	80	P 280	320	80	80	P 560	160	80	80	
911	0	T 620	190	40	40	
912	1	T 622	191	40	40	P 160	0	80	80	
913	1	T 624	192	40	40	P 0	80	80	80	
914	2	T 626	193	40	40	P 160	120	80	120	P 560	320	80	80	
915	3	T 628	194	40	40	P 80	200	80	80	P 560	240	80	80	P 600	120	80	80	
916	2	T 630	195	40	40	P 40	160	240	160	P 480	0	80	80	
917	0	T 632	196	40	40	
918	2	T 634	197	40	40	P 40	40	160	80	P 240	360	80	80	
919	4	T 636	198	40	40	P 0	80	120	80	P 80	240	80	160	P 200	40	120	120	P 560	320	120	120	
920	1	T 638	199	40	40	P 480	40	120	160	
921	1	T 640	200	40	40	P 40	320	80	80	
922	2	T 642	201	40	40	P 200	0	160	80	P 240	200	120	120	
923	1	T 644	202	40	40	P 40	360	80	80	
924	0	T 646	203	40	40	
925	1	T 648	204	40	40	P 440	320	120	120	
926	3	T 650	205	40	40	P 0	280	120	80	P 200	240	80	80	P 440	360	80	80	
927	2	T 652	206	40	40	P 240	200	80	80	P 520	240	160	160	
928	1	T 654	207	40	40	P 40	80	80	80	
929	0	T 656	208	40	40	
930	3	T 658	209	40	40	P 40	40	80	80	P 240	0	200	200	P 560	280	120	80	
931	1	T 660	210	40	40	P 280	280	80	80	
932	0	T 658	211	40	40	
933	1	T 656	212	40	40	P 160	200	80	80	
934	4	T 654	213	40	40	P 120	320	80	80	P 400	160	80	80	P 400	280	80	80	P 440	0	80	80	
935	0	T 652	214	40	40	
936	0	T 650	215	40	40	
937	2	T 648	216	40	40	P 120	200	160	160	P 400	160	80	80	
938	2	T 646	217	40	40	P 120	0	80	80	P 480	360	80	80	
939	1	T 644	218	40	40	P 0	240	80	80	
940	2	T 642	219	40	40	P 80	240	160	80	P 160	80	120	120	
941	1	T 640	220	40	40	P 0	160	120	120	
942	1	T 638	221	40	40	P 440	240	160	160	
943	3	T 636	222	40	40	P 0	360	80	80	P 120	80	80	80	P 440	320	80	80	
944	1	T 634	223	40	40	P 600	40	80	80	
945	0	T 632	224	40	40	
946	1	T 630	225	40	40	P 160	240	80	80	
947	0	T 628	226	40	40	
948	2	T 626	227	40	40	P 240	240	80	120	P 440	200	80	80	
949	1	T 624	228	40	40	P 600	120	80	80	
950	1	T 622	229	40	40	P 600	240	80	80	
951	2	T 620	230	40	40	P 0	360	80	80	P 200	120	80	160	
952	3	T 618	231	40	40	P 200	320	80	80	P 320	120	80	80	P 520	240	160	80	
953	2	T 616	232	40	40	P 200	360	80	80	P 480	160	120	80	
954	3	T 614	233	40	40	P 120	120	120	80	P 280	240	80	80	P 360	0	120	80	
955	0	T 612	234	40	40	
956	3	T 610	235	40	40	P 0	120	80	80	P 320	280	80	80	P 440	200	120	80	
957	0	T 608	236	40	40	
958	1	T 606	237	40	40	P 160	80	80	80	
959	2	T 604	238	40	40	P 40	200	160	160	P 400	320	120	80	
960	1	T 602	239	40	40	P 0	280	80	120	
961	0	T 600	240	40	40	
962	1	T 598	241	40	40	P 320	120	120	120	
963	1	T 596	242	40	40	P 360	120	80	120	
964	1	T 594	243	40	40	P 240	320	160	80	
965	1	T 592	244	40	40	P 320	240	80	80	
966	1	T 590	245	40	40	P 320	240	80	120	
967	3	T 588	246	40	40	P 40	320	80	80	P 160	80	80	80	P 520	360	80	80	
968	2	T 586	247	40	40	P 0	360	80	80	P 320	160	120	120	
969	1	T 584	248	40	40	P 240	200	120	160	
970	0	T 582	249	40	40	
971	1	T 580	250	40	40	P 0	200	120	120	
972	2	T 578	251	40	40	P 200	80	80	80	P 600	0	80	80	
973	1	T 576	252	40	40	P 440	80	80	80	
974	0	T 574	253	40	40	
975	1	T 572	254	40	40	P 560	320	80	80	
976	0	T 570	255	40	40	
977	1	T 568	256	40	40	P 200	120	80	80	
978	0	T 566	257	40	40	
979	2	T 564	258	40	40	P 0	40	120	80	P 0	360	120	80	
980	1	T 562	259	40	40	P 560	160	80	80	
981	2	T 560	260	40	40	P 120	200	80	80	P 360	320	120	80	
982	1	T 558	261	40	40	P 0	240	120	120	
983	1	T 556	262	40	40	P 600	320	80	80	
984	1	T 554	263	40	40	P 440	200	120	80	
985	2	T 552	264	40	40	P 400	280	80	80	P 520	160	80	80	
986	3	T 550	265	40	40	P 200	80	80	80	P 440	240	120	80	P 480	40	80	80	
987	0	T 548	266	40	40	
988	2	T 546	267	40	40	P 0	320	80	120	P 200	280	120	80	
989	1	T 544	268	40	40	P 240	40	120	120	
990	0	T 542	269	40	40	
991	2	T 540	270	40	40	P 320	80	80	80	P 440	0	120	80	
992	4	T 538	271	40	40	P 160	240	120	80	P 240	40	120	160	P 360	320	120	80	P 600	120	80	80	
993	2	T 536	272	40	40	P 120	240	80	80	P 400	160	200	80	
994	3	T 534	273	40	40	P 160	80	80	80	P 280	200	120	200	P 480	160	80	80	
995	0	T 532	274	40	40	
996	1	T 530	275	40	40	P 360	360	120	80	
997	1	T 528	276	40	40	P 160	360	80	80	
998	0	T 526	277	40	40	
999	1	T 524	278	40	40	P 440	200	120	80	
1000	0	T 522	279	40	40	
1001	4	T 520	280	40	40	P 120	0	80	80	P 160	160	80	80	P 320	160	120	80	P 400	280	120	80	
1002	1	T 518	281	40	40	P 120	80	120	80	
1003	1	T 516	282	40	40	P 280	0	80	80	
1004	1	T 514	283	40	40	P 360	40	80	120	
1005	2	T 512	284	40	40	P 200	200	80	120	P 560	240	120	120	
1006	3	T 510	285	40	40	P 40	200	80	80	P 360	360	80	80	P 600	280	80	80	
1007	4	T 508	286	40	40	P 40	360	80	80	P 240	40	120	120	P 400	0	120	80	P 400	200	80	120	
1008	3	T 506	287	40	40	P 40	280	80	80	P 160	240	80	80	P 320	120	80	80	
1009	0	T 504	288	40	40	
1010	0	T 502	289	40	40	
1011	0	T 500	290	40	40	
1012	0	T 498	291	40	40	
1013	3	T 496	292	40	40	P 40	120	80	80	P 160	240	120	80	P 200	40	80	80	
1014	2	T 494	293	40	40	P 80	240	80	80	P 480	80	80	80	
1015	0	T 492	294	40	40	
1016	2	T 490	295	40	40	P 0	240	200	80	P 40	120	80	80	
1017	2	T 488	296	40	40	P 40	280	80	80	P 440	0	80	80	
1018	2	T 486	297	40	40	P 320	120	120	120	P 600	240	80	80	
1019	1	T 484	298	40	40	P 160	280	80	80	
1020	1	T 482	299	40	40	P 0	120	80	80	
1021	2	T 480	300	40	40	P 320	80	80	120	P 480	320	120	120	
1022	1	T 478	301	40	40	P 160	0	80	80	
1023	2	T 476	302	40	40	P 400	160	120	80	P 600	360	80	80	
1024	5	T 474	303	40	40	P 0	80	80	80	P 120	0	80	80	P 360	0	80	80	P 520	320	120	120	P 560	80	120	120	
1025	0	T 472	304	40	40	
1026	1	T 470	305	40	40	P 560	40	120	120	
1027	1	T 468	306	40	40	P 320	320	120	120	
1028	2	T 466	307	40	40	P 80	360	80	80	P 440	120	80	80	
1029	2	T 464	308	40	40	P 40	80	80	80	P 280	200	80	80	
1030	1	T 462	309	40	40	P 200	40	120	120	
1031	0	T 460	310	40	40	
1032	1	T 458	311	40	40	P 400	240	80	80	
1033	4	T 456	312	40	40	P 0	240	80	120	P 40	40	80	80	P 360	40	80	80	P 480	120	80	80	
1034	1	T 454	313	40	40	P 120	320	80	80	
1035	1	T 452	314	40	40	P 440	160	120	120	
1036	0	T 450	315	40	40	
1037	1	T 448	316	40	40	P 360	80	80	120	
1038	3	T 446	317	40	40	P 120	160	80	80	P 160	280	200	80	P 480	160	80	120	
1039	1	T 444	318	40	40	P 240	80	80	80	
1040	0	T 442	319	40	40	
1041	1	T 440	320	40	40	P 360	360	80	80	
1042	0	T 438	321	40	40	
1043	1	T 436	322	40	40	P 360	240	80	80	
1044	1	T 434	323	40	40	P 400	0	80	80	
1045	1	T 432	324	40	40	P 360	280	80	80	
1046	1	T 430	325	40	40	P 560	280	80	80	
1047	2	T 428	326	40	40	P 120	280	80	80	P 240	200	80	80	
1048	0	T 426	327	40	40	
1049	3	T 424	328	40	40	P 120	40	80	120	P 240	200	120	80	P 560	160	80	80	
1050	3	T 422	329	40	40	P 280	240	120	80	P 360	80	80	80	P 560	160	80	80	
1051	0	T 420	330	40	40	
1052	1	T 418	331	40	40	P 320	40	80	120	
1053	3	T 416	332	40	40	P 0	0	80	80	P 120	320	120	120	P 280	0	80	80	
1054	1	T 414	333	40	40	P 480	80	80	80	
1055	1	T 412	334	40	40	P 200	240	80	80	
1056	1	T 410	335	40	40	P 360	80	80	80	
1057	1	T 408	336	40	40	P 40	80	160	200	
1058	1	T 406	337	40	40	P 480	160	80	120	
1059	1	T 404	338	40	40	P 360	40	80	80	
1060	1	T 402	339	40	40	P 240	200	80	80	
1061	0	T 400	340	40	40	
1062	2	T 398	341	40	40	P 0	0	80	120	P 440	80	120	120	
1063	0	T 396	342	40	40	
1064	2	T 394	343	40	40	P 600	120	80	80	P 600	320	80	80	
1065	2	T 392	344	40	40	P 240	0	80	120	P 360	80	80	80	
1066	2	T 390	345	40	40	P 240	360	80	80	P 280	0	120	160	
1067	0	T 388	346	40	40	
1068	2	T 386	347	40	40	P 280	80	80	80	P 600	120	80	80	
1069	0	T 384	348	40	40	
1070	2	T 382	349	40	40	P 280	0	200	160	P 560	0	80	80	
1071	2	T 380	350	40	40	P 240	360	120	80	P 480	160	80	80	
1072	2	T 378	351	40	40	P 0	40	80	80	P 120	240	80	80	
1073	1	T 376	352	40	40	P 560	200	80	80	
1074	1	T 374	353	40	40	P 80	280	80	80	
1075	1	T 372	354	40	40	P 40	200	80	80	
1076	1	T 370	355	40	40	P 240	200	120	160	
1077	2	T 368	356	40	40	P 400	0	80	80	P 520	320	80	120	
1078	0	T 366	357	40	40	
1079	2	T 364	358	40	40	P 80	40	120	80	P 400	280	80	80	
1080	0	T 362	359	40	40	
1081	1	T 360	360	40	40	P 520	200	120	120	
1082	0	T 358	361	40	40	
1083	3	T 356	362	40	40	P 40	160	80	80	P 280	240	120	120	P 520	160	120	80	
1084	1	T 354	363	40	40	P 80	120	80	80	
1085	3	T 352	364	40	40	P 80	200	80	80	P 360	240	80	80	P 480	240	120	160	
1086	3	T 350	365	40	40	P 80	80	80	80	P 280	0	120	80	P 600	280	80	120	
1087	1	T 348	366	40	40	P 360	160	80	160	
1088	3	T 346	367	40	40	P 0	0	80	80	P 240	120	80	80	P 480	80	80	120	
1089	2	T 344	368	40	40	P 120	160	120	80	P 280	0	200	120	
1090	1	T 342	369	40	40	P 40	320	120	80	
1091	2	T 340	370	40	40	P 120	360	80	80	P 600	280	80	80	
1092	2	T 338	371	40	40	P 160	360	80	80	P 320	0	120	120	
1093	0	T 336	372	40	40	
1094	1	T 334	373	40	40	P 240	120	80	120	
1095	2	T 332	374	40	40	P 360	240	80	80	P 560	280	80	80	
1096	4	T 330	375	40	40	P 80	160	80	80	P 360	280	80	120	P 480	0	120	80	P 600	360	80	80	
1097	0	T 328	376	40	40	
1098	1	T 326	377	40	40	P 0	360	80	80	
1099	0	T 324	378	40	40	
1100	0	T 322	379	40	40	
1101	1	T 320	380	40	40	P 160	200	120	120	
1102	1	T 318	381	40	40	P 240	0	120	80	
1103	1	T 316	382	40	40	P 520	240	80	80	
1104	2	T 314	383	40	40	P 40	40	80	80	P 40	200	80	80	
1105	1	T 312	384	40	40	P 520	0	160	80	
1106	2	T 310	385	40	40	P 240	200	160	120	P 240	360	80	80	
1107	2	T 308	386	40	40	P 200	40	120	120	P 200	280	80	80	
1108	3	T 306	387	40	40	P 0	0	80	80	P 120	0	80	120	P 560	0	80	80	
1109	1	T 304	388	40	40	P 360	200	120	80	
1110	0	T 302	389	40	40	
1111	1	T 300	390	40	40	P 0	320	120	120	
1112	1	T 298	391	40	40	P 0	320	80	80	
1113	1	T 296	392	40	40	P 120	280	80	80	
1114	2	T 294	393	40	40	P 200	200	80	80	P 320	120	80	80	
1115	2	T 292	394	40	40	P 280	280	80	80	P 360	120	80	80	
1116	2	T 290	395	40	40	P 360	160	80	80	P 480	280	80	80	
1117	1	T 288	396	40	40	P 240	120	120	120	
1118	1	T 286	397	40	40	P 40	240	120	120	
1119	3	T 284	398	40	40	P 160	120	80	120	P 360	0	80	80	P 480	120	80	80	
1120	2	T 282	399	40	40	P 0	0	80	80	P 520	80	80	80	
1121	1	T 280	400	40	40	P 200	240	80	80	
1122	3	T 278	401	40	40	P 160	280	120	120	P 320	360	80	80	P 480	0	80	80	
1123	1	T 276	402	40	40	P 200	280	80	80	
1124	1	T 274	403	40	40	P 240	40	80	80	
1125	1	T 272	404	40	40	P 600	320	80	80	
1126	2	T 270	405	40	40	P 120	160	80	80	P 240	240	80	80	
1127	1	T 268	406	40	40	P 400	280	80	120	
1128	1	T 266	407	40	40	P 440	160	80	80	
1129	3	T 264	408	40	40	P 160	120	80	120	P 520	120	120	80	P 560	240	80	80	
1130	2	T 262	409	40	40	P 400	240	80	80	P 560	40	80	120	
1131	1	T 260	410	40	40	P 120	120	80	120	
1132	2	T 258	411	40	40	P 0	0	80	120	P 0	360	120	80	
1133	3	T 256	412	40	40	P 240	160	80	80	P 480	280	80	80	P 520	0	120	80	
1134	0	T 254	413	40	40	
1135	1	T 252	414	40	40	P 240	200	80	80	
1136	1	T 250	415	40	40	P 440	120	80	80	
1137	4	T 248	416	40	40	P 80	0	120	80	P 160	280	80	80	P 400	200	120	80	P 440	320	80	80	
1138	3	T 246	417	40	40	P 120	160	80	80	P 320	160	80	80	P 400	40	80	80	
1139	3	T 244	418	40	40	P 200	120	80	80	P 360	80	120	120	P 480	280	120	120	
1140	3	T 242	419	40	40	P 200	0	80	80	P 560	40	80	80	P 560	320	120	120	
1141	2	T 240	420	40	40	P 40	40	80	80	P 600	240	80	80	
1142	1	T 238	419	40	40	P 600	0	80	80	
1143	1	T 236	418	40	40	P 120	40	120	120	
1144	2	T 234	417	40	40	P 80	200	80	120	P 560	80	80	80	
1145	1	T 232	416	40	40	P 600	40	80	80	
1146	0	T 230	415	40	40	
1147	0	T 228	414	40	40	
1148	1	T 226	413	40	40	P 360	240	160	80	
1149	1	T 224	412	40	40	P 440	160	80	80	
1150	2	T 222	411	40	40	P 0	0	80	80	P 80	240	80	80	
1151	4	T 220	410	40	40	P 0	320	80	80	P 80	40	120	80	P 240	280	80	80	P 480	0	120	80	
1152	2	T 218	409	40	40	P 0	360	80	80	P 520	0	120	80	
1153	1	T 216	408	40	40	P 80	120	80	80	
1154	1	T 214	407	40	40	P 240	80	80	200	
1155	3	T 212	406	40	40	P 0	280	80	80	P 200	320	120	120	P 440	80	120	120	
1156	3	T 210	405	40	40	P 80	360	80	80	P 240	120	120	120	P 400	160	160	160	
1157	1	T 208	404	40	40	P 200	280	80	120	
1158	1	T 206	403	40	40	P 40	160	120	80	
1159	3	T 204	402	40	40	P 80	120	80	80	P 240	120	80	80	P 520	240	80	80	
1160	4	T 202	401	40	40	P 0	360	80	80	P 40	0	120	80	P 240	120	80	120	P 360	360	80	80	
1161	1	T 200	400	40	40	P 40	320	80	80	
1162	2	T 198	399	40	40	P 440	80	80	80	P 560	80	80	80	
1163	2	T 196	398	40	40	P 40	40	120	80	P 520	320	80	80	
1164	2	T 194	397	40	40	P 360	80	120	120	P 560	80	80	80	
1165	2	T 192	396	40	40	P 120	320	80	80	P 280	200	80	80	
1166	1	T 190	395	40	40	P 320	280	80	80	
1167	0	T 188	394	40	40	
1168	3	T 186	393	40	40	P 240	80	120	120	P 400	240	80	80	P 600	0	80	80	
1169	1	T 184	392	40	40	P 80	360	80	80	
1170	1	T 182	391	40	40	P 520	40	120	120	
1171	3	T 180	390	40	40	P 160	0	80	80	P 400	0	80	80	P 560	360	80	80	
1172	1	T 178	389	40	40	P 440	80	80	80	
1173	1	T 176	388	40	40	P 440	200	80	120	
1174	4	T 174	387	40	40	P 0	360	80	80	P 280	160	80	80	P 320	360	80	80	P 520	160	80	80	
1175	1	T 172	386	40	40	P 600	240	80	80	
1176	2	T 170	385	40	40	P 80	120	80	120	P 480	80	120	120	
1177	1	T 168	384	40	40	P 320	0	80	80	
1178	2	T 166	383	40	40	P 320	120	120	80	P 520	320	120	80	
1179	1	T 164	382	40	40	P 240	80	80	80	
1180	2	T 162	381	40	40	P 160	120	80	120	P 480	160	120	80	
1181	3	T 160	380	40	40	P 40	0	200	120	P 400	320	80	80	P 480	80	80	80	
1182	1	T 158	379	40	40	P 120	160	80	120	
1183	1	T 156	378	40	40	P 80	160	80	80	
1184	2	T 154	377	40	40	P 40	160	80	80	P 160	160	160	80	
1185	3	T 152	376	40	40	P 80	0	80	80	P 160	200	120	80	P 240	80	80	80	
1186	0	T 150	375	40	40	
1187	3	T 148	374	40	40	P 160	40	160	200	P 480	40	80	80	P 600	200	80	80	
1188	1	T 146	373	40	40	P 0	200	80	80	
1189	4	T 144	372	40	40	P 120	240	80	80	P 400	80	120	80	P 560	40	80	80	P 560	320	80	80	
1190	2	T 142	371	40	40	P 160	360	120	80	P 440	160	80	80	
1191	1	T 140	370	40	40	P 360	0	80	80	
1192	1	T 138	369	40	40	P 560	0	120	120	
1193	1	T 136	368	40	40	P 280	0	80	80	
1194	0	T 134	367	40	40	
1195	2	T 132	366	40	40	P 440	320	80	80	P 560	0	80	80	
1196	3	T 130	365	40	40	P 160	120	80	120	P 400	240	80	80	P 600	200	80	80	
1197	2	T 128	364	40	40	P 440	80	80	80	P 560	120	120	80	
1198	0	T 126	363	40	40	
1199	3	T 124	362	40	40	P 360	120	120	80	P 520	200	80	80	P 600	0	80	80	
1200	2	T 122	361	40	40	P 320	120	80	80	P 400	320	120	80	
1201	1	T 120	360	40	40	P 200	120	80	80	
1202	2	T 118	359	40	40	P 480	120	80	80	P 560	360	120	80	
1203	2	T 116	358	40	40	P 40	200	120	80	P 520	240	120	120	
1204	1	T 114	357	40	40	P 480	360	120	80	
1205	1	T 112	356	40	40	P 200	0	80	80	
1206	0	T 110	355	40	40	
1207	2	T 108	354	40	40	P 120	40	120	120	P 480	160	200	200	
1208	1	T 106	353	40	40	P 480	40	160	120	
1209	2	T 104	352	40	40	P 360	80	80	80	P 360	360	120	80	
1210	4	T 102	351	40	40	P 120	120	120	80	P 320	40	80	80	P 400	280	80	80	P 600	280	80	80	
1211	4	T 100	350	40	40	P 0	200	80	120	P 400	120	80	80	P 440	280	80	80	P 520	0	160	80	
1212	0	T 98	349	40	40	
1213	1	T 96	348	40	40	P 360	240	200	160	
1214	1	T 94	347	40	40	P 600	360	80	80	
1215	1	T 92	346	40	40	P 40	280	80	80	
1216	1	T 90	345	40	40	P 120	360	80	80	
1217	3	T 88	344	40	40	P 400	0	80	80	P 400	120	120	160	P 480	320	120	80	
1218	1	T 86	343	40	40	P 480	200	80	120	
1219	1	T 84	342	40	40	P 160	120	80	80	
1220	2	T 82	341	40	40	P 0	280	120	80	P 480	0	80	80	
1221	2	T 80	340	40	40	P 0	320	80	120	P 360	160	80	80	
1222	0	T 78	339	40	40	
1223	1	T 76	338	40	40	P 200	0	80	120	
1224	1	T 74	337	40	40	P 200	80	80	80	
1225	1	T 72	336	40	40	P 560	240	120	80	
1226	5	T 70	335	40	40	P 40	240	80	80	P 80	80	80	80	P 160	320	120	120	P 240	120	120	80	P 480	360	80	80	
1227	1	T 68	334	40	40	P 560	280	80	80	
1228	2	T 66	333	40	40	P 280	0	80	80	P 400	40	80	80	
1229	2	T 64	332	40	40	P 0	40	80	120	P 200	360	80	80	
1230	2	T 62	331	40	40	P 280	200	80	80	P 480	200	80	80	
1231	1	T 60	330	40	40	P 520	360	80	80	
1232	2	T 58	329	40	40	P 200	40	80	80	P 240	280	80	80	
1233	3	T 56	328	40	40	P 80	360	80	80	P 240	280	80	80	P 440	280	120	120	
1234	2	T 54	327	40	40	P 240	320	80	80	P 560	240	80	80	
1235	0	T 52	326	40	40	
1236	3	T 50	325	40	40	P 40	40	120	120	P 160	200	120	80	P 400	80	80	80	
1237	2	T 48	324	40	40	P 200	0	80	80	P 320	160	80	80	
1238	0	T 46	323	40	40	
1239	2	T 44	322	40	40	P 160	320	80	80	P 400	80	120	80	
1240	0	T 42	321	40	40	
1241	1	T 40	320	40	40	P 440	120	240	200	
1242	2	T 38	319	40	40	P 400	120	80	80	P 480	320	80	80	
1243	1	T 36	318	40	40	P 80	0	120	120	
1244	3	T 34	317	40	40	P 240	0	120	80	P 240	160	80	80	P 520	40	80	80	
1245	2	T 32	316	40	40	P 240	40	80	80	P 440	360	80	80	
1246	2	T 30	315	40	40	P 200	360	80	80	P 360	0	80	120	
1247	1	T 28	314	40	40	P 480	240	120	120	
1248	0	T 26	313	40	40	
1249	3	T 24	312	40	40	P 280	240	80	80	P 480	40	80	80	P 600	200	80	80	
1250	3	T 22	311	40	40	P 120	80	80	80	P 280	240	80	80	P 320	40	80	80	
1251	3	T 20	310	40	40	P 0	200	80	80	P 280	360	80	80	P 520	360	120	80	
1252	2	T 22	309	40	40	P 0	240	80	80	P 240	320	80	80	
1253	2	T 24	308	40	40	P 40	40	120	120	P 440	200	80	80	
1254	3	T 26	307	40	40	P 0	80	80	80	P 0	240	80	80	P 240	80	80	80	
1255	1	T 28	306	40	40	P 160	40	80	80	
1256	1	T 30	305	40	40	P 280	240	80	120	
1257	1	T 32	304	40	40	P 240	240	120	120	
1258	3	T 34	303	40	40	P 0	80	80	80	P 240	200	160	200	P 440	200	80	80	
1259	1	T 36	302	40	40	P 440	0	80	120	
1260	2	T 38	301	40	40	P 40	200	120	120	P 520	320	120	120	
1261	2	T 40	300	40	40	P 0	120	80	120	P 400	240	120	120	
1262	1	T 42	299	40	40	P 160	160	80	80	
1263	2	T 44	298	40	40	P 240	40	120	160	P 320	280	80	80	
1264	1	T 46	297	40	40	P 320	360	80	80	
1265	1	T 48	296	40	40	P 200	160	80	80	
1266	0	T 50	295	40	40	
1267	2	T 52	294	40	40	P 120	320	120	80	P 600	200	80	80	
1268	4	T 54	293	40	40	P 0	320	80	80	P 80	160	80	80	P 200	160	120	120	P 400	280	80	120	
1269	3	T 56	292	40	40	P 40	200	80	80	P 80	80	80	80	P 480	240	80	80	
1270	2	T 58	291	40	40	P 200	360	80	80	P 240	160	200	80	
1271	3	T 60	290	40	40	P 200	240	80	120	P 440	200	80	80	P 600	320	80	80	
1272	2	T 62	289	40	40	P 120	0	80	80	P 240	360	80	80	
1273	1	T 64	288	40	40	P 400	0	80	80	
1274	2	T 66	287	40	40	P 120	120	80	80	P 440	280	80	120	
1275	2	T 68	286	40	40	P 200	160	120	160	P 400	360	80	80	
1276	2	T 70	285	40	40	P 400	120	80	80	P 560	0	120	120	
1277	1	T 72	284	40	40	P 360	0	160	80	
1278	2	T 74	283	40	40	P 280	0	80	120	P 600	240	80	80	
1279	1	T 76	282	40	40	P 80	120	80	120	
1280	4	T 78	281	40	40	P 40	320	120	120	P 80	200	80	80	P 240	80	80	80	P 400	240	80	80	
1281	5	T 80	280	40	40	P 0	40	80	80	P 120	120	120	160	P 120	360	80	80	P 280	80	120	80	P 520	200	120	80	
1282	1	T 82	279	40	40	P 280	320	80	80	
1283	2	T 84	278	40	40	P 280	40	120	120	P 520	280	160	120	
1284	1	T 86	277	40	40	P 440	320	80	80	
1285	2	T 88	276	40	40	P 0	280	80	80	P 320	360	80	80	
1286	2	T 90	275	40	40	P 400	0	80	80	P 480	200	80	80	
1287	1	T 92	274	40	40	P 400	80	80	80	
1288	3	T 94	273	40	40	P 0	240	80	120	P 360	120	120	120	P 520	280	120	120	
1289	2	T 96	272	40	40	P 80	80	80	120	P 240	320	80	120	
1290	3	T 98	271	40	40	P 0	120	80	80	P 0	240	80	80	P 360	280	80	80	
1291	1	T 100	270	40	40	P 40	120	80	120	
1292	2	T 102	269	40	40	P 40	120	80	80	P 280	160	80	80	
1293	1	T 104	268	40	40	P 200	240	80	80	
1294	3	T 106	267	40	40	P 0	280	80	80	P 360	0	80	120	P 600	320	80	80	
1295	2	T 108	266	40	40	P 280	120	80	80	P 440	360	120	80	
1296	1	T 110	265	40	40	P 400	80	80	80	
1297	2	T 112	264	40	40	P 0	360	80	80	P 520	280	80	80	
1298	3	T 114	263	40	40	P 40	0	80	80	P 40	200	80	120	P 160	120	120	80	
1299	3	T 116	262	40	40	P 40	0	80	120	P 320	0	80	80	P 480	280	80	80	
1300	0	T 118	261	40	40	
1301	1	T 120	260	40	40	P 400	320	160	120	
1302	2	T 122	259	40	40	P 280	160	80	80	P 280	320	160	80	
1303	2	T 124	258	40	40	P 200	320	80	80	P 400	0	80	80	
1304	3	T 126	257	40	40	P 80	320	120	80	P 160	0	80	80	P 600	360	80	80	
1305	0	T 128	256	40	40	
1306	2	T 130	255	40	40	P 0	280	80	80	P 560	200	120	80	
1307	2	T 132	254	40	40	P 120	80	80	120	P 560	0	80	80	
1308	4	T 134	253	40	40	P 80	120	80	80	P 360	280	80	80	P 520	160	120	80	P 560	360	120	80	
1309	2	T 136	252	40	40	P 0	0	80	80	P 160	240	80	80	
1310	2	T 138	251	40	40	P 80	80	80	80	P 440	80	120	120	
1311	3	T 140	250	40	40	P 240	80	80	80	P 320	200	160	120	P 440	80	80	80	
1312	4	T 142	249	40	40	P 80	360	80	80	P 200	160	120	120	P 320	0	80	80	P 440	320	80	80	
1313	1	T 144	248	40	40	P 160	360	120	80	
1314	0	T 146	247	40	40	
1315	2	T 148	246	40	40	P 280	0	240	160	P 560	240	80	80	
1316	1	T 150	245	40	40	P 240	320	80	80	
1317	1	T 152	244	40	40	P 0	0	80	80	
1318	2	T 154	243	40	40	P 80	40	160	120	P 440	280	80	80	
1319	0	T 156	242	40	40	
1320	2	T 158	241	40	40	P 280	360	80	80	P 440	0	80	80	
1321	0	T 160	240	40	40	
1322	1	T 162	239	40	40	P 440	360	120	80	
1323	2	T 164	238	40	40	P 0	160	80	80	P 200	320	160	120	
1324	2	T 166	237	40	40	P 520	40	160	160	P 600	360	80	80	
1325	1	T 168	236	40	40	P 200	320	80	80	
1326	1	T 170	235	40	40	P 480	120	120	80	
1327	1	T 172	234	40	40	P 160	120	80	80	
1328	3	T 174	233	40	40	P 120	320	240	120	P 160	40	80	80	P 520	240	80	80	
1329	2	T 176	232	40	40	P 160	120	80	80	P 560	200	120	120	
1330	1	T 178	231	40	40	P 200	320	80	80	
1331	0	T 180	230	40	40	
1332	0	T 182	229	40	40	
1333	2	T 184	228	40	40	P 80	360	80	80	P 600	40	80	80	
1334	0	T 186	227	40	40	
1335	0	T 188	226	40	40	
1336	0	T 190	225	40	40	
1337	1	T 192	224	40	40	P 160	280	80	80	
1338	0	T 194	223	40	40	
1339	3	T 196	222	40	40	P 40	160	80	80	P 120	280	80	80	P 280	280	80	80	
1340	1	T 198	221	40	40	P 120	120	80	120	
1341	2	T 200	220	40	40	P 240	320	80	80	P 440	0	80	80	
1342	2	T 202	219	40	40	P 80	0	120	80	P 520	360	80	80	
1343	4	T 204	218	40	40	P 40	160	120	80	P 200	200	120	80	P 440	280	120	120	P 480	120	80	80	
1344	2	T 206	217	40	40	P 80	240	80	80	P 400	120	80	80	
1345	4	T 208	216	40	40	P 120	320	80	80	P 240	200	80	80	P 360	320	80	120	P 560	120	120	80	
1346	1	T 210	215	40	40	P 360	80	80	80	
1347	2	T 212	214	40	40	P 80	160	160	120	P 400	80	80	80	
1348	1	T 214	213	40	40	P 320	360	80	80	
1349	2	T 216	212	40	40	P 40	320	80	80	P 560	80	120	120	
1350	1	T 218	211	40	40	P 40	360	80	80	
1351	2	T 220	210	40	40	P 160	200	80	80	P 320	280	80	80	
1352	2	T 222	209	40	40	P 280	160	80	80	P 480	200	80	80	
1353	1	T 224	208	40	40	P 440	280	120	80	
1354	1	T 226	207	40	40	P 40	40	120	120	
1355	2	T 228	206	40	40	P 40	200	80	80	P 280	320	80	80	
1356	1	T 230	205	40	40	P 280	280	120	120	
1357	1	T 232	204	40	40	P 0	320	80	120	
1358	1	T 234	203	40	40	P 400	120	80	80	
1359	2	T 236	202	40	40	P 240	80	80	80	P 280	280	80	80	
1360	2	T 238	201	40	40	P 280	120	120	120	P 440	0	80	80	
1361	2	T 240	200	40	40	P 0	120	80	80	P 520	120	120	80	
1362	1	T 242	199	40	40	P 360	0	120	120	
1363	0	T 244	198	40	40	
1364	3	T 246	197	40	40	P 0	120	120	120	P 240	40	120	120	P 520	80	80	120	
1365	1	T 248	196	40	40	P 200	280	80	80	
1366	0	T 250	195	40	40	
1367	2	T 252	194	40	40	P 40	80	80	80	P 160	120	160	160	
1368	0	T 254	193	40	40	
1369	1	T 256	192	40	40	P 160	120	80	80	
1370	3	T 258	191	40	40	P 40	120	80	120	P 200	40	80	80	P 480	0	80	80	
1371	1	T 260	190	40	40	P 160	200	80	80	
1372	4	T 262	189	40	40	P 120	40	80	80	P 240	40	120	80	P 240	240	160	80	P 560	240	80	80	
1373	0	T 264	188	40	40	
1374	2	T 266	187	40	40	P 360	320	80	80	P 560	360	120	80	
1375	1	T 268	186	40	40	P 200	240	80	80	
1376	1	T 270	185	40	40	P 520	40	80	80	
1377	2	T 272	184	40	40	P 80	40	120	160	P 560	200	80	80	
1378	2	T 274	183	40	40	P 120	0	160	200	P 360	40	80	80	
1379	3	T 276	182	40	40	P 200	160	80	120	P 600	40	80	120	P 600	280	80	120	
1380	2	T 278	181	40	40	P 160	200	80	80	P 480	40	80	80	
1381	1	T 280	180	40	40	P 440	200	80	80	
1382	0	T 282	179	40	40	
1383	3	T 284	178	40	40	P 440	40	80	80	P 520	360	120	80	P 560	0	80	80	
1384	2	T 286	177	40	40	P 480	200	160	120	P 600	360	80	80	
1385	2	T 288	176	40	40	P 160	80	80	80	P 320	120	280	80	
1386	0	T 290	175	40	40	
1387	1	T 292	174	40	40	P 0	280	80	80	
1388	0	T 294	173	40	40	
1389	2	T 296	172	40	40	P 40	160	160	120	P 480	320	80	80	
1390	1	T 298	171	40	40	P 440	40	80	80	
1391	1	T 300	170	40	40	P 320	40	80	80	
1392	4	T 302	169	40	40	P 0	40	80	80	P 280	80	80	80	P 320	280	80	80	P 560	40	80	80	
1393	1	T 304	168	40	40	P 0	240	80	80	
1394	0	T 306	167	40	40	
1395	0	T 308	166	40	40	
1396	3	T 310	165	40	40	P 40	240	80	80	P 240	0	80	80	P 400	360	80	80	
1397	3	T 312	164	40	40	P 400	0	80	80	P 560	320	120	80	P 600	40	80	80	
1398	0	T 314	163	40	40	
1399	2	T 316	162	40	40	P 280	240	120	120	P 360	120	80	80	
1400	1	T 318	161	40	40	P 160	80	80	120	
1401	0	T 320	160	40	40	
1402	0	T 322	159	40	40	
1403	4	T 324	158	40	40	P 40	80	80	80	P 40	240	80	80	P 160	80	80	80	P 280	80	80	120	
1404	1	T 326	157	40	40	P 160	320	80	80	
1405	1	T 328	156	40	40	P 480	40	80	80	
1406	1	T 330	155	40	40	P 440	160	80	80	
1407	2	T 332	154	40	40	P 160	200	80	80	P 400	240	80	80	
1408	0	T 334	153	40	40	
1409	2	T 336	152	40	40	P 40	40	120	80	P 120	320	120	80	
1410	1	T 338	151	40	40	P 280	160	80	80	
1411	0	T 340	150	40	40	
1412	2	T 342	149	40	40	P 40	200	80	120	P 400	160	80	80	
1413	0	T 344	148	40	40	
1414	2	T 346	147	40	40	P 200	80	120	80	P 360	280	80	80	
1415	1	T 348	146	40	40	P 0	280	80	80	
1416	1	T 350	145	40	40	P 120	240	80	120	
1417	1	T 352	144	40	40	P 320	320	120	80	
1418	0	T 354	143	40	40	
1419	2	T 356	142	40	40	P 80	240	80	80	P 560	240	80	80	
1420	2	T 358	141	40	40	P 280	40	80	80	P 440	40	80	80	
1421	1	T 360	140	40	40	P 0	0	80	80	
1422	2	T 362	139	40	40	P 320	200	120	240	P 360	40	80	120	
1423	2	T 364	138	40	40	P 120	0	80	80	P 560	0	120	80	
1424	1	T 366	137	40	40	P 120	160	160	80	
1425	1	T 368	136	40	40	P 0	240	80	120	
1426	2	T 370	135	40	40	P 40	80	80	80	P 600	80	80	80	
1427	2	T 372	134	40	40	P 0	160	80	80	P 240	80	80	80	
1428	3	T 374	133	40	40	P 0	280	80	120	P 240	80	80	80	P 560	280	80	120	
1429	2	T 376	132	40	40	P 80	360	120	80	P 320	280	120	80	
1430	2	T 378	131	40	40	P 0	0	80	80	P 200	40	80	80	
1431	2	T 380	130	40	40	P 80	80	80	80	P 240	80	80	120	
1432	3	T 382	129	40	40	P 0	160	80	80	P 80	280	120	80	P 440	40	200	240	
1433	1	T 384	128	40	40	P 40	160	80	80	
1434	0	T 386	127	40	40	
1435	3	T 388	126	40	40	P 0	360	80	80	P 400	240	120	120	P 520	40	120	80	
1436	2	T 390	125	40	40	P 80	280	80	80	P 120	0	120	120	
1437	2	T 392	124	40	40	P 200	40	80	80	P 520	40	120	120	
1438	0	T 394	123	40	40	
1439	1	T 396	122	40	40	P 480	360	80	80	
1440	1	T 398	121	40	40	P 400	0	80	80	
1441	1	T 400	120	40	40	P 600	120	80	80	
1442	2	T 402	119	40	40	P 320	280	80	80	P 400	80	80	80	
1443	1	T 404	118	40	40	P 560	360	80	80	
1444	1	T 406	117	40	40	P 280	160	120	120	
1445	3	T 408	116	40	40	P 200	360	120	80	P 320	200	120	80	P 560	280	120	160	
1446	5	T 410	115	40	40	P 160	160	80	120	P 280	280	80	80	P 360	0	80	80	P 440	360	80	80	P 600	80	80	160	
1447	3	T 412	114	40	40	P 0	120	80	80	P 0	360	80	80	P 320	320	80	120	
1448	1	T 414	113	40	40	P 560	200	80	120	
1449	2	T 416	112	40	40	P 360	280	80	120	P 520	80	80	80	
1450	3	T 418	111	40	40	P 40	80	80	80	P 240	360	80	80	P 400	320	80	80	
1451	0	T 420	110	40	40	
1452	1	T 422	109	40	40	P 40	80	80	80	
1453	2	T 424	108	40	40	P 0	80	120	120	P 600	320	80	120	
1454	1	T 426	107	40	40	P 80	240	80	80	
1455	2	T 428	106	40	40	P 240	200	120	80	P 600	120	80	80	
1456	4	T 430	105	40	40	P 160	0	80	80	P 160	200	80	80	P 360	80	80	80	P 400	240	160	80	
1457	1	T 432	104	40	40	P 200	200	80	120	
1458	3	T 434	103	40	40	P 0	160	120	80	P 40	0	120	80	P 360	200	120	80	
1459	0	T 436	102	40	40	
1460	2	T 438	101	40	40	P 120	0	120	120	P 520	240	120	120	
1461	4	T 440	100	40	40	P 80	80	80	80	P 280	280	80	120	P 560	0	80	80	P 600	320	80	80	
1462	1	T 442	99	40	40	P 280	160	120	80	
1463	2	T 444	98	40	40	P 480	0	80	120	P 480	360	80	80	
1464	3	T 446	97	40	40	P 440	320	80	80	P 560	0	120	80	P 560	320	80	80	
1465	2	T 448	96	40	40	P 120	120	80	80	P 480	320	120	120	
1466	1	T 450	95	40	40	P 440	240	80	80	
1467	1	T 452	94	40	40	P 200	280	80	80	
1468	5	T 454	93	40	40	P 0	120	120	120	P 200	200	80	80	P 280	0	120	80	P 440	240	80	80	P 560	40	80	80	
1469	0	T 456	92	40	40	
1470	0	T 458	91	40	40	
1471	2	T 460	90	40	40	P 280	120	80	80	P 600	360	80	80	
1472	2	T 462	89	40	40	P 120	360	80	80	P 480	320	120	120	
1473	4	T 464	88	40	40	P 40	0	160	120	P 200	360	80	80	P 280	160	80	80	P 520	240	80	80	
1474	2	T 466	87	40	40	P 80	120	120	80	P 320	320	80	80	
1475	1	T 468	86	40	40	P 520	80	80	120	
1476	1	T 470	85	40	40	P 560	320	80	120	
1477	1	T 472	84	40	40	P 520	360	80	80	
1478	1	T 474	83	40	40	P 280	0	80	80	
1479	1	T 476	82	40	40	P 120	160	80	80	
1480	3	T 478	81	40	40	P 120	200	120	80	P 440	320	120	120	P 600	80	80	80	
1481	2	T 480	80	40	40	P 160	80	120	80	P 400	160	120	120	
1482	2	T 482	79	40	40	P 40	80	80	80	P 120	280	80	80	
1483	3	T 484	78	40	40	P 0	200	80	80	P 320	120	80	80	P 440	200	80	80	
1484	2	T 486	77	40	40	P 240	80	80	120	P 400	40	80	80	
1485	2	T 488	76	40	40	P 80	280	160	80	P 520	360	80	80	
1486	2	T 490	75	40	40	P 0	0	120	160	P 360	40	80	80	
1487	2	T 492	74	40	40	P 40	160	80	80	P 360	320	200	120	
1488	1	T 494	73	40	40	P 80	120	80	80	
1489	3	T 496	72	40	40	P 0	240	120	120	P 80	0	160	80	P 480	160	80	80	
1490	1	T 498	71	40	40	P 600	120	80	80	
1491	1	T 500	70	40	40	P 280	200	80	80	
1492	1	T 502	69	40	40	P 520	160	80	80	
1493	2	T 504	68	40	40	P 40	200	120	80	P 560	0	120	120	
1494	1	T 506	67	40	40	P 160	160	120	120	
1495	1	T 508	66	40	40	P 600	360	80	80	
1496	2	T 510	65	40	40	P 160	160	80	80	P 440	160	120	80	
1497	1	T 512	64	40	40	P 160	0	160	80	
1498	0	T 514	63	40	40	
1499	2	T 516	62	40	40	P 80	320	120	80	P 280	200	80	80	
1500	0	T 518	61	40	40	
1501	1	T 520	60	40	40	P 480	360	80	80	
1502	2	T 522	59	40	40	P 240	280	120	120	P 560	240	80	80	
1503	0	T 524	58	40	40	
1504	0	T 526	57	40	40	
1505	1	T 528	56	40	40	P 80	200	80	80	
1506	2	T 530	55	40	40	P 120	40	80	80	P 400	0	80	80	
1507	0	T 532	54	40	40	
1508	3	T 534	53	40	40	P 280	80	160	80	P 400	320	80	80	P 520	360	80	80	
1509	2	T 536	52	40	40	P 320	160	120	120	P 560	0	80	80	
1510	2	T 538	51	40	40	P 40	280	80	80	P 600	200	80	80	
1511	1	T 540	50	40	40	P 0	200	160	160	
1512	2	T 542	49	40	40	P 560	280	120	120	P 600	40	80	120	
1513	1	T 544	48	40	40	P 40	120	120	80	
1514	2	T 546	47	40	40	P 240	80	80	120	P 440	360	80	80	
1515	1	T 548	46	40	40	P 80	0	200	80	
1516	2	T 550	45	40	40	P 480	320	80	80	P 600	160	80	80	
1517	2	T 552	44	40	40	P 80	120	120	80	P 520	120	80	80	
1518	2	T 554	43	40	40	P 0	320	120	120	P 320	200	120	120	
1519	2	T 556	42	40	40	P 280	320	80	80	P 400	80	80	120	
1520	1	T 558	41	40	40	P 320	80	240	120	
1521	3	T 560	40	40	40	P 40	0	80	120	P 240	40	200	200	P 520	160	80	80	
1522	2	T 562	39	40	40	P 120	40	80	120	P 280	280	80	80	
1523	2	T 564	38	40	40	P 240	360	80	80	P 480	360	80	80	
1524	3	T 566	37	40	40	P 80	120	80	80	P 160	0	80	80	P 440	240	120	120	
1525	0	T 568	36	40	40	
1526	1	T 570	35	40	40	P 280	360	80	80	
1527	1	T 572	34	40	40	P 320	200	80	80	
1528	2	T 574	33	40	40	P 80	80	80	80	P 360	120	80	80	
1529	0	T 576	32	40	40	
1530	1	T 578	31	40	40	P 520	280	80	80	
1531	2	T 580	30	40	40	P 40	40	120	80	P 440	80	80	80	
1532	4	T 582	29	40	40	P 120	120	80	80	P 240	40	80	80	P 400	40	80	120	P 520	320	80	80	
1533	3	T 584	28	40	40	P 200	160	120	80	P 480	40	80	80	P 560	200	80	120	
1534	2	T 586	27	40	40	P 360	280	80	80	P 520	200	120	80	
1535	4	T 588	26	40	40	P 40	320	120	80	P 200	80	80	80	P 200	200	80	80	P 280	360	80	80	
1536	2	T 590	25	40	40	P 400	0	80	80	P 440	160	80	80	
1537	2	T 592	24	40	40	P 40	40	80	80	P 600	80	80	80	
1538	1	T 594	23	40	40	P 440	80	80	80	
1539	4	T 596	22	40	40	P 0	80	80	80	P 40	320	120	120	P 600	80	80	160	P 600	360	80	80	
1540	3	T 598	21	40	40	P 80	160	80	80	P 320	0	80	120	P 360	360	80	80	
1541	4	T 600	20	40	40	P 0	280	80	80	P 280	200	80	80	P 520	160	80	80	P 520	280	160	120	
1542	0	T 602	21	40	40	
1543	1	T 604	22	40	40	P 40	0	120	120	
1544	1	T 606	23	40	40	P 360	80	80	80	
1545	0	T 608	24	40	40	
1546	2	T 610	25	40	40	P 280	200	120	120	P 560	280	80	80	
1547	1	T 612	26	40	40	P 240	320	80	80	
1548	0	T 614	27	40	40	
1549	2	T 616	28	40	40	P 120	120	80	120	P 360	0	80	80	
1550	1	T 618	29	40	40	P 320	360	120	80	
1551	2	T 620	30	40	40	P 120	360	80	80	P 360	320	120	80	
1552	3	T 622	31	40	40	P 200	320	80	80	P 400	160	120	80	P 520	40	80	80	
1553	1	T 624	32	40	40	P 400	240	80	80	
1554	3	T 626	33	40	40	P 80	120	80	80	P 560	120	80	80	P 560	280	80	80	
1555	2	T 628	34	40	40	P 0	360	80	80	P 200	120	200	200	
1556	1	T 630	35	40	40	P 240	0	80	80	
1557	2	T 632	36	40	40	P 80	280	120	80	P 600	160	80	120	
1558	3	T 634	37	40	40	P 80	360	80	80	P 200	40	80	80	P 480	80	80	80	
1559	2	T 636	38	40	40	P 320	200	120	120	P 360	80	80	80	
1560	2	T 638	39	40	40	P 480	280	80	120	P 520	40	80	80	
1561	1	T 640	40	40	40	P 440	280	160	120	
1562	0	T 642	41	40	40	
1563	1	T 644	42	40	40	P 520	280	80	80	
1564	0	T 646	43	40	40	
1565	3	T 648	44	40	40	P 80	80	120	120	P 360	120	120	120	P 360	280	80	80	
1566	3	T 650	45	40	40	P 120	240	80	80	P 560	0	80	80	P 560	200	80	80	
1567	1	T 652	46	40	40	P 400	40	80	80	
1568	2	T 654	47	40	40	P 400	160	80	80	P 400	320	80	80	
1569	3	T 656	48	40	40	P 120	280	120	120	P 240	0	80	80	P 360	0	200	120	
1570	2	T 658	49	40	40	P 0	240	80	120	P 560	280	120	80	
1571	0	T 660	50	40	40	
1572	0	T 658	51	40	40	
1573	2	T 656	52	40	40	P 0	120	80	80	P 280	320	80	80	
1574	0	T 654	53	40	40	
1575	2	T 652	54	40	40	P 160	40	80	80	P 280	0	80	80	
1576	4	T 650	55	40	40	P 0	40	80	80	P 280	80	120	120	P 320	240	120	120	P 600	240	80	80	
1577	0	T 648	56	40	40	
1578	3	T 646	57	40	40	P 0	320	120	120	P 160	80	160	200	P 360	40	80	120	
1579	2	T 644	58	40	40	P 120	360	80	80	P 560	40	80	80	
1580	1	T 642	59	40	40	P 280	0	120	80	
1581	0	T 640	60	40	40	
1582	1	T 638	61	40	40	P 80	40	240	120	
1583	0	T 636	62	40	40	
1584	1	T 634	63	40	40	P 240	80	80	80	
1585	3	T 632	64	40	40	P 240	160	80	160	P 440	360	80	80	P 600	160	80	80	
1586	3	T 630	65	40	40	P 0	120	80	80	P 160	0	160	80	P 440	0	160	120	
1587	2	T 628	66	40	40	P 40	200	80	80	P 280	80	120	120	
1588	3	T 626	67	40	40	P 0	0	80	80	P 360	360	120	80	P 400	160	80	80	
1589	1	T 624	68	40	40	P 160	80	80	80	
1590	1	T 622	69	40	40	P 480	200	80	120	
1591	2	T 620	70	40	40	P 40	80	80	80	P 320	240	80	80	
1592	1	T 618	71	40	40	P 600	120	80	80	
1593	2	T 616	72	40	40	P 120	0	80	80	P 320	80	80	80	
1594	0	T 614	73	40	40	
1595	2	T 612	74	40	40	P 80	240	80	80	P 320	40	80	80	
1596	0	T 610	75	40	40	
1597	2	T 608	76	40	40	P 120	360	80	80	P 400	120	120	80	
1598	1	T 606	77	40	40	P 320	0	80	80	
1599	1	T 604	78	40	40	P 120	320	80	80	
1600	1	T 602	79	40	40	P 400	0	120	120	
1601	4	T 600	80	40	40	P 0	160	80	80	P 160	40	80	80	P 400	240	80	80	P 480	80	80	80	
1602	2	T 598	81	40	40	P 40	80	120	80	P 320	80	80	80	
1603	1	T 596	82	40	40	P 0	320	80	80	
1604	1	T 594	83	40	40	P 280	160	80	80	
1605	0	T 592	84	40	40	
1606	2	T 590	85	40	40	P 0	240	160	120	P 360	360	80	80	
1607	4	T 588	86	40	40	P 0	0	80	80	P 280	240	120	160	P 520	120	120	120	P 560	0	80	80	
1608	1	T 586	87	40	40	P 560	160	120	80	
1609	1	T 584	88	40	40	P 0	200	80	120	
1610	2	T 582	89	40	40	P 200	160	80	80	P 400	160	280	120	
1611	1	T 580	90	40	40	P 320	120	80	80	
1612	3	T 578	91	40	40	P 200	280	120	80	P 400	80	160	80	P 480	200	80	80	
1613	1	T 576	92	40	40	P 280	0	80	80	
1614	0	T 574	93	40	40	
1615	1	T 572	94	40	40	P 320	360	120	80	
1616	2	T 570	95	40	40	P 320	360	80	80	P 480	40	120	120	
1617	1	T 568	96	40	40	P 360	40	160	120	
1618	1	T 566	97	40	40	P 560	160	80	80	
1619	2	T 564	98	40	40	P 0	280	120	80	P 160	0	80	80	
1620	1	T 562	99	40	40	P 600	160	80	80	
1621	1	T 560	100	40	40	P 40	120	80	80	
1622	2	T 558	101	40	40	P 480	360	80	80	P 520	0	120	120	
1623	2	T 556	102	40	40	P 400	200	80	80	P 440	360	80	80	
1624	2	T 554	103	40	40	P 440	80	80	80	P 560	320	80	80	
1625	4	T 552	104	40	40	P 0	160	80	80	P 240	240	80	80	P 400	40	120	120	P 520	280	80	120	
1626	0	T 550	105	40	40	
1627	2	T 548	106	40	40	P 80	40	80	80	P 480	160	80	80	
1628	2	T 546	107	40	40	P 160	320	80	80	P 240	80	80	80	
1629	1	T 544	108	40	40	P 160	200	80	80	
1630	4	T 542	109	40	40	P 0	320	80	120	P 120	120	120	120	P 480	240	80	80	P 600	120	80	80	
1631	1	T 540	110	40	40	P 600	160	80	80	
1632	3	T 538	111	40	40	P 240	280	80	80	P 360	240	80	80	P 600	200	80	120	
1633	2	T 536	112	40	40	P 0	240	80	80	P 80	80	80	80	
1634	1	T 534	113	40	40	P 400	0	160	80	
1635	3	T 532	114	40	40	P 160	40	80	80	P 160	200	80	160	P 440	360	80	80	
1636	0	T 530	115	40	40	
1637	2	T 528	116	40	40	P 0	160	80	80	P 200	40	80	80	
1638	3	T 526	117	40	40	P 280	280	80	80	P 520	280	80	120	P 560	80	80	80	
1639	1	T 524	118	40	40	P 320	0	80	80	
1640	2	T 522	119	40	40	P 120	360	80	80	P 360	160	80	80	
1641	2	T 520	120	40	40	P 200	120	120	120	P 560	40	80	80	
1642	2	T 518	121	40	40	P 480	200	120	80	P 560	360	80	80	
1643	0	T 516	122	40	40	
1644	2	T 514	123	40	40	P 120	0	80	80	P 360	200	80	80	
1645	2	T 512	124	40	40	P 200	360	80	80	P 360	160	80	80	
1646	1	T 510	125	40	40	P 400	200	80	80	
1647	2	T 508	126	40	40	P 80	40	80	120	P 440	0	120	120	
1648	1	T 506	127	40	40	P 80	240	80	80	
1649	2	T 504	128	40	40	P 320	320	120	80	P 600	40	80	80	
1650	2	T 502	129	40	40	P 240	200	120	120	P 560	40	80	80	
1651	2	T 500	130	40	40	P 80	0	80	80	P 360	0	120	80	
1652	2	T 498	131	40	40	P 320	320	80	80	P 480	40	80	80	
1653	1	T 496	132	40	40	P 0	280	80	80	
1654	1	T 494	133	40	40	P 400	120	80	80	
1655	5	T 492	134	40	40	P 160	40	80	80	P 200	200	120	80	P 360	240	120	120	P 400	40	120	120	P 560	240	120	80	
1656	2	T 490	135	40	40	P 0	40	200	160	P 560	320	80	80	
1657	1	T 488	136	40	40	P 400	200	240	120	
1658	2	T 486	137	40	40	P 360	360	80	80	P 520	80	80	80	
1659	2	T 484	138	40	40	P 120	120	80	80	P 480	320	80	80	
1660	2	T 482	139	40	40	P 120	200	80	80	P 520	240	80	80	
1661	2	T 480	140	40	40	P 160	160	80	120	P 160	360	80	80	
1662	3	T 478	141	40	40	P 200	120	80	80	P 320	0	80	80	P 600	360	80	80	
1663	3	T 476	142	40	40	P 160	80	120	80	P 160	280	80	80	P 400	0	80	80	
1664	0	T 474	143	40	40	
1665	3	T 472	144	40	40	P 160	280	80	80	P 200	80	80	80	P 440	200	80	80	
1666	1	T 470	145	40	40	P 0	280	80	80	
1667	3	T 468	146	40	40	P 0	0	120	120	P 160	360	80	80	P 280	280	120	120	
1668	2	T 466	147	40	40	P 80	40	120	120	P 400	0	120	160	
1669	1	T 464	148	40	40	P 0	200	80	80	
1670	3	T 462	149	40	40	P 40	120	80	120	P 240	360	80	80	P 440	360	80	80	
1671	0	T 460	150	40	40	
1672	2	T 458	151	40	40	P 0	40	80	80	P 0	360	80	80	
1673	2	T 456	152	40	40	P 80	0	80	80	P 520	40	160	120	
1674	0	T 454	153	40	40	
1675	0	T 452	154	40	40	
1676	1	T 450	155	40	40	P 440	360	80	80	
1677	0	T 448	156	40	40	
1678	2	T 446	157	40	40	P 160	360	120	80	P 520	0	160	120	
1679	3	T 444	158	40	40	P 0	0	80	80	P 240	360	80	80	P 400	280	80	120	
1680	1	T 442	159	40	40	P 160	0	120	80	
1681	0	T 440	160	40	40	
1682	0	T 438	161	40	40	
1683	0	T 436	162	40	40	
1684	5	T 434	163	40	40	P 0	360	80	80	P 40	200	80	80	P 440	280	80	80	P 520	120	80	80	P 600	360	80	80	
1685	3	T 432	164	40	40	P 0	160	120	120	P 320	200	120	120	P 480	120	80	80	
1686	0	T 430	165	40	40	
1687	2	T 428	166	40	40	P 0	280	120	80	P 520	240	80	80	
1688	1	T 426	167	40	40	P 600	280	80	80	
1689	1	T 424	168	40	40	P 280	160	200	160	
1690	0	T 422	169	40	40	
1691	1	T 420	170	40	40	P 480	360	80	80	
1692	0	T 418	171	40	40	
1693	1	T 416	172	40	40	P 80	40	160	160	
1694	2	T 414	173	40	40	P 40	80	120	200	P 480	40	120	160	
1695	0	T 412	174	40	40	
1696	1	T 410	175	40	40	P 560	320	80	80	
1697	3	T 408	176	40	40	P 160	240	80	80	P 320	200	80	80	P 360	80	80	80	
1698	1	T 406	177	40	40	P 280	240	80	120	
1699	0	T 404	178	40	40	
1700	4	T 402	179	40	40	P 0	0	80	80	P 40	200	80	80	P 560	0	120	120	P 600	320	80	80	
1701	0	T 400	180	40	40	
1702	1	T 398	181	40	40	P 320	280	80	80	
1703	1	T 396	182	40	40	P 280	240	80	80	
1704	2	T 394	183	40	40	P 80	280	80	80	P 360	200	80	80	
1705	3	T 392	184	40	40	P 160	0	80	80	P 520	280	160	120	P 600	120	80	80	
1706	2	T 390	185	40	40	P 120	80	280	240	P 440	200	80	120	
1707	2	T 388	186	40	40	P 280	120	80	80	P 400	360	80	80	
1708	1	T 386	187	40	40	P 0	160	80	80	
1709	1	T 384	188	40	40	P 440	240	80	80	
1710	3	T 382	189	40	40	P 40	320	120	120	P 240	80	80	80	P 600	160	80	80	
1711	2	T 380	190	40	40	P 40	160	80	80	P 160	40	120	120	
1712	4	T 378	191	40	40	P 0	200	120	120	P 80	0	80	80	P 200	280	80	80	P 320	320	120	120	
1713	1	T 376	192	40	40	P 160	160	80	80	
1714	1	T 374	193	40	40	P 520	40	120	80	
1715	2	T 372	194	40	40	P 360	360	80	80	P 480	200	120	120	
1716	1	T 370	195	40	40	P 120	120	80	80	
1717	3	T 368	196	40	40	P 200	0	120	120	P 360	0	80	80	P 600	120	80	80	
1718	1	T 366	197	40	40	P 120	40	120	80	
1719	1	T 364	198	40	40	P 0	120	80	80	
1720	1	T 362	199	40	40	P 440	160	80	80	
1721	3	T 360	200	40	40	P 0	0	80	80	P 320	80	120	80	P 440	320	120	80	
1722	0	T 358	201	40	40	
1723	0	T 356	202	40	40	
1724	4	T 354	203	40	40	P 0	200	80	80	P 200	120	80	80	P 280	320	80	80	P 360	0	80	80	
1725	0	T 352	204	40	40	
1726	2	T 350	205	40	40	P 0	0	120	160	P 80	200	80	80	
1727	2	T 348	206	40	40	P 40	120	80	80	P 160	40	80	80	
1728	1	T 346	207	40	40	P 480	40	80	80	
1729	0	T 344	208	40	40	
1730	0	T 342	209	40	40	
1731	1	T 340	210	40	40	P 40	200	120	80	
1732	2	T 338	211	40	40	P 280	0	80	80	P 520	40	120	80	
1733	1	T 336	212	40	40	P 0	80	80	120	
1734	0	T 334	213	40	40	
1735	2	T 332	214	40	40	P 160	160	80	80	P 280	80	80	80	
1736	0	T 330	215	40	40	
1737	2	T 328	216	40	40	P 0	200	80	80	P 40	80	80	80	
1738	2	T 326	217	40	40	P 520	80	120	120	P 560	360	80	80	
1739	0	T 324	218	40	40	
1740	0	T 322	219	40	40	
1741	2	T 320	220	40	40	P 40	40	160	160	P 280	0	80	80	
1742	0	T 318	221	40	40	
1743	0	T 316	222	40	40	
1744	2	T 314	223	40	40	P 0	320	80	80	P 520	0	120	80	
1745	0	T 312	224	40	40	
1746	1	T 310	225	40	40	P 120	0	80	80	
1747	0	T 308	226	40	40	
1748	0	T 306	227	40	40	
1749	2	T 304	228	40	40	P 440	160	80	80	P 600	160	80	80	
1750	2	T 302	229	40	40	P 40	360	80	80	P 440	0	120	80	
1751	2	T 300	230	40	40	P 0	40	80	120	P 120	0	80	80	
1752	1	T 298	231	40	40	P 40	240	120	160	
1753	0	T 296	232	40	40	
1754	1	T 294	233	40	40	P 40	280	80	80	
1755	2	T 292	234	40	40	P 320	240	80	80	P 600	280	80	80	
1756	0	T 290	235	40	40	
1757	0	T 288	236	40	40	
1758	3	T 286	237	40	40	P 200	280	80	80	P 440	80	80	80	P 480	240	80	80	
1759	1	T 284	238	40	40	P 280	120	120	80	
1760	0	T 282	239	40	40	
1761	0	T 280	240	40	40	
1762	3	T 278	241	40	40	P 0	200	80	80	P 160	40	80	80	P 480	0	80	120	
1763	1	T 276	242	40	40	P 240	280	120	80	
1764	1	T 274	243	40	40	P 120	0	80	120	
1765	2	T 272	244	40	40	P 120	80	80	120	P 280	0	160	160	
1766	2	T 270	245	40	40	P 40	360	80	80	P 520	80	80	80	
1767	1	T 268	246	40	40	P 120	320	80	80	
1768	2	T 266	247	40	40	P 80	280	80	80	P 200	280	80	80	
1769	1	T 264	248	40	40	P 320	200	80	80	
1770	0	T 262	249	40	40	
1771	1	T 260	250	40	40	P 200	360	120	80	
1772	0	T 258	251	40	40	
1773	1	T 256	252	40	40	P 200	80	80	80	
1774	1	T 254	253	40	40	P 160	360	80	80	
1775	1	T 252	254	40	40	P 520	120	120	120	
1776	1	T 250	255	40	40	P 0	40	80	80	
1777	2	T 248	256	40	40	P 280	200	120	80	P 400	360	80	80	
1778	2	T 246	257	40	40	P 160	280	120	120	P 480	120	80	80	
1779	3	T 244	258	40	40	P 0	360	120	80	P 80	200	120	80	P 320	240	80	120	
1780	2	T 242	259	40	40	P 0	40	120	120	P 400	40	80	120	
1781	1	T 240	260	40	40	P 80	120	80	80	
1782	1	T 238	261	40	40	P 240	40	80	80	
1783	2	T 236	262	40	40	P 440	120	80	80	P 600	200	80	80	
1784	1	T 234	263	40	40	P 0	80	80	80	
1785	0	T 232	264	40	40	
1786	2	T 230	265	40	40	P 200	120	80	80	P 400	280	120	120	
1787	5	T 228	266	40	40	P 80	0	80	80	P 80	200	80	80	P 280	0	160	200	P 360	280	80	80	P 520	200	120	120	
1788	3	T 226	267	40	40	P 40	80	120	80	P 200	120	80	80	P 320	120	80	80	
1789	2	T 224	268	40	40	P 240	320	160	120	P 560	280	80	80	
1790	0	T 222	269	40	40	
1791	1	T 220	270	40	40	P 240	280	80	80	
1792	1	T 218	271	40	40	P 400	80	80	80	
1793	3	T 216	272	40	40	P 280	160	80	80	P 560	360	80	80	P 600	80	80	80	
1794	1	T 214	273	40	40	P 480	320	80	80	
1795	4	T 212	274	40	40	P 200	0	120	80	P 400	0	160	80	P 480	280	80	80	P 600	40	80	120	
1796	2	T 210	275	40	40	P 0	320	80	80	P 240	320	80	80	
1797	2	T 208	276	40	40	P 40	280	80	80	P 120	120	80	80	
1798	2	T 206	277	40	40	P 280	160	80	80	P 440	320	80	80	
1799	0	T 204	278	40	40	
1800	1	T 202	279	40	40	P 200	360	80	80	
1801	1	T 200	280	40	40	P 480	200	120	80	
1802	2	T 198	281	40	40	P 320	0	80	80	P 320	120	80	80	
1803	2	T 196	282	40	40	P 400	280	120	80	P 440	40	120	80	
1804	0	T 194	283	40	40	
1805	2	T 192	284	40	40	P 160	0	80	80	P 240	160	80	80	
1806	2	T 190	285	40	40	P 240	200	120	120	P 400	40	80	80	
1807	2	T 188	286	40	40	P 400	200	80	80	P 520	240	80	120	
1808	0	T 186	287	40	40	
1809	4	T 184	288	40	40	P 0	40	80	80	P 120	320	80	120	P 480	160	200	120	P 560	40	80	80	
1810	2	T 182	289	40	40	P 40	320	120	120	P 600	200	80	120	
1811	3	T 180	290	40	40	P 400	320	80	80	P 440	120	80	80	P 560	240	80	80	
1812	1	T 178	291	40	40	P 0	280	80	80	
1813	1	T 176	292	40	40	P 480	280	80	80	
1814	3	T 174	293	40	40	P 40	0	120	80	P 40	120	160	200	P 360	200	80	120	
1815	1	T 172	294	40	40	P 40	120	80	80	
1816	1	T 170	295	40	40	P 0	280	80	80	
1817	1	T 168	296	40	40	P 240	80	80	80	
1818	2	T 166	297	40	40	P 360	320	80	80	P 440	80	80	80	
1819	5	T 164	298	40	40	P 40	240	80	80	P 240	0	80	80	P 360	320	80	80	P 480	200	80	80	P 520	40	80	80	
1820	2	T 162	299	40	40	P 240	280	120	120	P 480	40	120	120	
1821	2	T 160	300	40	40	P 200	280	160	160	P 480	80	80	80	
1822	0	T 158	301	40	40	
1823	2	T 156	302	40	40	P 80	360	80	80	P 400	120	80	120	
1824	3	T 154	303	40	40	P 0	200	120	120	P 200	200	80	80	P 440	240	80	80	
1825	1	T 152	304	40	40	P 240	80	80	80	
1826	2	T 150	305	40	40	P 200	160	160	120	P 480	320	80	80	
1827	1	T 148	306	40	40	P 0	0	280	280	
1828	1	T 146	307	40	40	P 400	280	80	120	
1829	1	T 144	308	40	40	P 520	200	80	80	
1830	1	T 142	309	40	40	P 520	360	80	80	
1831	2	T 140	310	40	40	P 40	320	80	80	P 560	0	80	80	
1832	0	T 138	311	40	40	
1833	1	T 136	312	40	40	P 600	280	80	120	
1834	2	T 134	313	40	40	P 480	120	80	80	P 600	360	80	80	
1835	2	T 132	314	40	40	P 0	120	80	120	P 480	360	120	80	
1836	5	T 130	315	40	40	P 40	160	80	80	P 200	40	80	120	P 320	40	80	80	P 360	280	80	80	P 440	160	80	80	
1837	2	T 128	316	40	40	P 0	240	160	80	P 560	120	80	80	
1838	4	T 126	317	40	40	P 80	40	120	120	P 160	240	80	80	P 400	280	80	80	P 560	160	80	80	
1839	2	T 124	318	40	40	P 0	120	120	80	P 200	160	80	80	
1840	0	T 122	319	40	40	
1841	0	T 120	320	40	40	
1842	2	T 118	321	40	40	P 0	40	80	80	P 0	320	120	80	
1843	3	T 116	322	40	40	P 80	0	80	80	P 280	200	80	80	P 440	200	80	80	
1844	1	T 114	323	40	40	P 240	200	80	80	
1845	1	T 112	324	40	40	P 400	0	80	80	
1846	1	T 110	325	40	40	P 80	120	200	120	
1847	4	T 108	326	40	40	P 80	240	80	80	P 280	200	120	80	P 480	40	80	80	P 480	360	80	80	
1848	3	T 106	327	40	40	P 200	200	80	120	P 320	280	80	80	P 520	240	80	80	
1849	1	T 104	328	40	40	P 520	240	120	120	
1850	3	T 102	329	40	40	P 0	0	80	80	P 0	200	80	80	P 280	0	80	80	
1851	2	T 100	330	40	40	P 40	120	80	80	P 560	0	80	80	
1852	3	T 98	331	40	40	P 240	360	120	80	P 400	0	80	120	P 560	0	80	80	
1853	1	T 96	332	40	40	P 120	80	80	80	
1854	2	T 94	333	40	40	P 400	160	80	120	P 600	0	80	80	
1855	0	T 92	334	40	40	
1856	3	T 90	335	40	40	P 40	120	120	80	P 280	0	160	160	P 480	120	80	80	
1857	2	T 88	336	40	40	P 0	200	80	80	P 400	240	80	80	
1858	1	T 86	337	40	40	P 120	200	160	120	
1859	0	T 84	338	40	40	
1860	1	T 82	339	40	40	P 40	240	80	120	
1861	2	T 80	340	40	40	P 120	160	160	80	P 560	200	120	120	
1862	0	T 78	341	40	40	
1863	1	T 76	342	40	40	P 440	40	80	80	
1864	2	T 74	343	40	40	P 40	160	160	120	P 600	40	80	80	
1865	1	T 72	344	40	40	P 120	280	80	120	
1866	3	T 70	345	40	40	P 80	120	80	80	P 240	120	120	80	P 520	0	80	80	
1867	2	T 68	346	40	40	P 280	160	80	80	P 520	280	80	80	
1868	3	T 66	347	40	40	P 0	0	80	80	P 600	0	80	80	P 600	280	80	80	
1869	1	T 64	348	40	40	P 120	320	80	80	
1870	2	T 62	349	40	40	P 280	120	160	120	P 560	200	80	80	
1871	1	T 60	350	40	40	P 320	40	80	80	
1872	1	T 58	351	40	40	P 0	200	80	80	
1873	2	T 56	352	40	40	P 40	240	80	80	P 280	40	80	80	
1874	4	T 54	353	40	40	P 0	160	80	120	P 400	0	80	80	P 480	320	80	80	P 520	0	120	80	
1875	1	T 52	354	40	40	P 80	200	120	80	
1876	1	T 50	355	40	40	P 280	40	80	80	
1877	2	T 48	356	40	40	P 160	360	80	80	P 560	280	120	80	
1878	0	T 46	357	40	40	
1879	3	T 44	358	40	40	P 0	240	80	80	P 160	280	120	80	P 360	40	80	160	
1880	2	T 42	359	40	40	P 0	280	80	80	P 560	80	120	120	
1881	0	T 40	360	40	40	
1882	1	T 38	361	40	40	P 480	120	80	80	
1883	1	T 36	362	40	40	P 0	160	160	80	
1884	2	T 34	363	40	40	P 80	200	80	80	P 120	80	120	80	
1885	3	T 32	364	40	40	P 80	280	200	120	P 280	40	80	80	P 560	120	120	120	
1886	2	T 30	365	40	40	P 160	360	80	80	P 360	200	80	80	
1887	1	T 28	366	40	40	P 520	320	80	80	
1888	1	T 26	367	40	40	P 240	80	120	80	
1889	0	T 24	368	40	40	
1890	2	T 22	369	40	40	P 360	360	80	80	P 520	320	80	80	
1891	4	T 20	370	40	40	P 0	40	80	120	P 0	320	80	80	P 280	80	80	80	P 520	40	120	120	
1892	3	T 22	371	40	40	P 80	160	120	80	P 320	80	80	160	P 600	80	80	80	
1893	1	T 24	372	40	40	P 280	280	80	80	
1894	2	T 26	373	40	40	P 0	40	80	80	P 280	0	80	80	
1895	1	T 28	374	40	40	P 480	240	160	160	
1896	1	T 30	375	40	40	P 80	160	160	80	
1897	3	T 32	376	40	40	P 240	0	80	80	P 320	280	80	80	P 600	40	80	120	
1898	3	T 34	377	40	40	P 200	280	80	80	P 400	360	80	80	P 440	160	160	80	
1899	2	T 36	378	40	40	P 200	40	80	80	P 280	360	80	80	
1900	1	T 38	379	40	40	P 520	40	80	80	
1901	1	T 40	380	40	40	P 480	40	120	120	
1902	2	T 42	381	40	40	P 40	0	80	80	P 240	200	80	80	
1903	2	T 44	382	40	40	P 280	0	80	80	P 440	0	120	80	
1904	2	T 46	383	40	40	P 120	240	80	80	P 240	120	200	80	
1905	3	T 48	384	40	40	P 160	160	80	80	P 400	40	120	80	P 600	0	80	120	
1906	2	T 50	385	40	40	P 40	160	160	120	P 400	40	80	80	
1907	0	T 52	386	40	40	
1908	1	T 54	387	40	40	P 200	0	80	80	
1909	4	T 56	388	40	40	P 0	160	80	80	P 120	40	240	120	P 240	280	80	80	P 560	360	80	80	
1910	1	T 58	389	40	40	P 560	80	80	80	
1911	1	T 60	390	40	40	P 440	160	120	80	
1912	0	T 62	391	40	40	
1913	3	T 64	392	40	40	P 40	120	80	120	P 480	80	80	80	P 520	200	80	80	
1914	1	T 66	393	40	40	P 0	80	80	120	
1915	2	T 68	394	40	40	P 80	0	80	80	P 280	40	80	80	
1916	2	T 70	395	40	40	P 200	40	120	80	P 240	160	80	80	
1917	1	T 72	396	40	40	P 160	0	120	80	
1918	1	T 74	397	40	40	P 440	320	160	120	
1919	3	T 76	398	40	40	P 0	120	120	160	P 160	200	120	80	P 320	160	80	80	
1920	3	T 78	399	40	40	P 200	320	80	80	P 320	80	80	80	P 520	40	80	80	
1921	3	T 80	400	40	40	P 320	0	120	120	P 440	240	80	80	P 560	320	120	120	
1922	4	T 82	401	40	40	P 80	240	80	80	P 240	80	80	80	P 320	200	120	80	P 480	280	80	80	
1923	3	T 84	402	40	40	P 80	40	80	80	P 160	320	120	120	P 400	0	120	80	
1924	3	T 86	403	40	40	P 80	280	80	80	P 200	80	80	80	P 480	160	80	80	
1925	2	T 88	404	40	40	P 80	240	200	120	P 400	0	80	80	
1926	2	T 90	405	40	40	P 0	160	80	80	P 360	280	80	80	
1927	3	T 92	406	40	40	P 160	120	80	80	P 360	120	80	120	P 600	80	80	80	
1928	2	T 94	407	40	40	P 0	160	80	80	P 160	200	80	80	
1929	2	T 96	408	40	40	P 440	40	80	80	P 440	160	80	80	
1930	1	T 98	409	40	40	P 80	80	80	80	
1931	0	T 100	410	40	40	
1932	3	T 102	411	40	40	P 40	240	120	80	P 200	320	80	80	P 400	280	80	80	
1933	1	T 104	412	40	40	P 0	200	80	120	
1934	1	T 106	413	40	40	P 520	360	80	80	
1935	2	T 108	414	40	40	P 120	280	80	80	P 480	0	200	80	
1936	2	T 110	415	40	40	P 280	240	80	80	P 480	240	120	80	
1937	2	T 112	416	40	40	P 80	0	80	80	P 80	160	120	120	
1938	2	T 114	417	40	40	P 80	320	80	80	P 280	120	80	80	
1939	2	T 116	418	40	40	P 40	200	120	80	P 160	360	80	80	
1940	2	T 118	419	40	40	P 320	360	80	80	P 480	320	80	80	
1941	2	T 120	420	40	40	P 0	160	80	80	P 600	320	80	80	
1942	0	T 122	419	40	40	
1943	2	T 124	418	40	40	P 120	200	80	80	P 480	40	80	80	
1944	0	T 126	417	40	40	
1945	3	T 128	416	40	40	P 120	160	80	120	P 160	360	80	80	P 240	40	80	80	
1946	3	T 130	415	40	40	P 200	320	120	120	P 440	320	80	80	P 560	120	80	80	
1947	4	T 132	414	40	40	P 120	320	80	80	P 160	0	80	80	P 320	320	120	120	P 560	160	120	120	
1948	2	T 134	413	40	40	P 0	40	80	80	P 360	80	80	80	
1949	2	T 136	412	40	40	P 120	200	80	80	P 480	0	120	80	
1950	1	T 138	411	40	40	P 200	200	120	80	
1951	0	T 140	410	40	40	
1952	1	T 142	409	40	40	P 400	0	80	120	
1953	3	T 144	408	40	40	P 120	320	80	120	P 240	80	80	80	P 520	80	120	80	
1954	1	T 146	407	40	40	P 40	120	80	80	
1955	1	T 148	406	40	40	P 560	360	80	80	
1956	2	T 150	405	40	40	P 120	40	80	80	P 280	280	80	120	
1957	1	T 152	404	40	40	P 280	200	120	120	
1958	1	T 154	403	40	40	P 0	80	80	80	
1959	1	T 156	402	40	40	P 280	0	200	120	
1960	1	T 158	401	40	40	P 440	0	80	80	
1961	2	T 160	400	40	40	P 200	160	80	80	P 520	0	80	80	
1962	0	T 162	399	40	40	
1963	4	T 164	398	40	40	P 40	120	120	80	P 200	40	80	80	P 400	0	80	80	P 600	280	80	80	
1964	2	T 166	397	40	40	P 80	240	120	80	P 520	320	80	80	
1965	2	T 168	396	40	40	P 120	320	80	80	P 520	80	80	80	
1966	2	T 170	395	40	40	P 200	40	80	80	P 200	200	120	120	
1967	0	T 172	394	40	40	
1968	2	T 174	393	40	40	P 160	0	120	80	P 280	280	80	120	
1969	1	T 176	392	40	40	P 240	0	120	80	
1970	1	T 178	391	40	40	P 280	280	80	80	
1971	0	T 180	390	40	40	
1972	3	T 182	389	40	40	P 0	160	120	80	P 480	120	80	80	P 560	240	80	120	
1973	1	T 184	388	40	40	P 560	320	120	120	
1974	1	T 186	387	40	40	P 400	240	160	120	
1975	1	T 188	386	40	40	P 160	120	120	80	
1976	3	T 190	385	40	40	P 0	280	80	120	P 280	240	80	120	P 560	0	120	120	
1977	2	T 192	384	40	40	P 600	80	80	80	P 600	360	80	80	
1978	0	T 194	383	40	40	
1979	2	T 196	382	40	40	P 80	40	120	120	P 400	120	80	80	
1980	2	T 198	381	40	40	P 280	40	120	80	P 400	280	80	120	
1981	1	T 200	380	40	40	P 40	280	120	80	
1982	2	T 202	379	40	40	P 80	200	80	120	P 480	160	80	80	
1983	5	T 204	378	40	40	P 120	120	160	80	P 200	320	80	80	P 360	0	160	200	P 400	240	80	80	P 560	280	80	80	
1984	2	T 206	377	40	40	P 80	240	80	80	P 440	200	160	80	
1985	0	T 208	376	40	40	
1986	2	T 210	375	40	40	P 40	360	120	80	P 600	40	80	80	
1987	2	T 212	374	40	40	P 160	320	80	120	P 520	200	80	120	
1988	5	T 214	373	40	40	P 80	200	80	80	P 240	240	80	120	P 480	160	80	120	P 480	320	80	80	P 600	240	80	80	
1989	2	T 216	372	40	40	P 280	360	80	80	P 480	120	80	120	
1990	0	T 218	371	40	40	
1991	3	T 220	370	40	40	P 0	80	80	80	P 160	160	80	80	P 240	40	80	80	
1992	1	T 222	369	40	40	P 440	360	200	80	
1993	0	T 224	368	40	40	
1994	1	T 226	367	40	40	P 600	0	80	80	
1995	2	T 228	366	40	40	P 120	80	80	80	P 320	280	80	80	
1996	2	T 230	365	40	40	P 40	120	80	120	P 520	200	80	80	
1997	3	T 232	364	40	40	P 40	360	80	80	P 280	0	80	80	P 520	80	80	80	
1998	0	T 234	363	40	40	
1999	2	T 236	362	40	40	P 120	240	80	80	P 280	120	80	80	
2000	3	T 238	361	40	40	P 40	280	80	80	P 240	120	120	120	P 480	360	80	80	
