1	0	T 80	80	40	40	
2	0	T 82	81	40	40	
3	2	T 84	82	40	40	P 80	80	40	40	P 80	80	40	40	
4	2	T 86	83	40	40	P 82	82	39	36	P 84	82	40	38	
5	3	T 88	84	40	40	P 84	82	40	39	P 86	83	40	39	P 84	82	40	39	
6	3	T 90	85	40	40	P 87	84	39	38	P 90	86	39	38	P 95	0	40	39	
7	3	T 92	86	40	40	P 92	86	40	38	P 93	86	38	39	P 3	0	40	39	
8	3	T 94	87	40	40	P 95	88	38	36	P 94	88	39	37	P 2	0	40	39	
9	3	T 96	88	40	40	P 96	88	39	38	P 96	88	40	38	P 1	0	40	39	
10	3	T 98	89	40	40	P 98	90	38	38	P 53	0	40	38	P 1	0	40	39	
11	3	T 100	90	40	40	P 100	90	40	40	P 1	0	40	38	P 1	0	40	39	
12	3	T 102	91	40	40	P 102	92	40	38	P 1	0	40	38	P 1	0	40	39	
13	3	T 104	92	40	40	P 104	92	39	40	P 1	0	40	38	P 1	0	40	39	
14	3	T 106	93	40	40	P 106	94	39	38	P 1	0	40	38	P 1	0	40	39	
15	3	T 108	94	40	40	P 109	94	39	40	P 1	0	40	38	P 1	0	40	39	
16	3	T 110	95	40	40	P 112	94	36	40	P 1	0	40	38	P 1	0	40	39	
17	1	T 112	96	40	40	P 110	94	38	41	
18	1	T 114	97	40	40	P 112	96	39	40	
19	1	T 116	98	40	40	P 115	96	38	40	
20	1	T 118	99	40	40	P 115	96	38	40	
21	1	T 120	100	40	40	P 120	100	38	38	
22	1	T 122	101	40	40	P 122	102	40	39	
23	1	T 124	102	40	40	P 122	102	39	38	
24	2	T 126	103	40	40	P 124	102	40	39	P 124	102	40	39	
25	2	T 128	104	40	40	P 124	102	40	38	P 128	104	39	38	
26	2	T 130	105	40	40	P 128	104	39	40	P 130	104	40	40	
27	3	T 132	106	40	40	P 130	104	40	41	P 132	106	38	38	P 130	104	40	41	
28	3	T 134	107	40	40	P 134	108	39	38	P 135	108	38	38	P 130	104	40	41	
29	2	T 136	108	40	40	P 137	108	38	38	P 135	108	38	38	
30	1	T 138	109	40	40	P 138	108	39	40	
31	1	T 140	110	40	40	P 140	110	40	38	
32	1	T 142	111	40	40	P 140	110	39	39	
33	1	T 144	112	40	40	P 142	112	39	38	
34	1	T 146	113	40	40	P 146	113	40	39	
35	1	T 148	114	40	40	P 146	114	40	38	
36	1	T 150	115	40	40	P 150	114	39	40	
37	1	T 152	116	40	40	P 150	114	39	41	
38	1	T 154	117	40	40	P 152	116	40	38	
39	1	T 156	118	40	40	P 154	118	40	38	
40	1	T 158	119	40	40	P 156	118	40	40	
41	2	T 160	120	40	40	P 158	120	40	38	P 158	120	40	39	
42	2	T 162	121	40	40	P 158	120	40	39	P 160	120	39	39	
43	2	T 164	122	40	40	P 163	122	38	38	P 162	122	39	38	
44	2	T 166	123	40	40	P 166	123	39	39	P 166	124	40	39	
45	2	T 168	124	40	40	P 164	123	38	37	P 164	124	38	38	
46	2	T 170	125	40	40	P 170	126	39	38	P 170	124	36	38	
47	2	T 172	126	40	40	P 168	124	38	39	P 172	126	40	39	
48	2	T 174	127	40	40	P 170	126	40	38	P 172	126	40	38	
49	2	T 176	128	40	40	P 174	128	39	38	P 177	128	38	38	
50	2	T 178	129	40	40	P 176	128	39	38	P 178	130	40	38	
51	2	T 180	130	40	40	P 180	130	38	38	P 180	130	38	39	
52	2	T 182	131	40	40	P 182	130	40	40	P 184	130	38	40	
53	2	T 184	132	40	40	P 182	130	40	40	P 184	130	38	40	
54	1	T 186	133	40	40	P 186	134	38	38	
55	1	T 188	134	40	40	P 188	134	40	39	
56	1	T 190	135	40	40	P 188	134	40	38	
57	1	T 192	136	40	40	P 192	136	38	38	
58	1	T 194	137	40	40	P 192	136	39	40	
59	1	T 196	138	40	40	P 194	138	38	36	
60	2	T 198	139	40	40	P 198	138	39	40	P 198	138	40	41	
61	2	T 200	140	40	40	P 194	138	38	38	P 196	138	38	40	
62	2	T 202	141	40	40	P 200	140	39	38	P 201	140	38	39	
63	2	T 204	142	40	40	P 204	142	40	39	P 202	142	39	38	
64	2	T 206	143	40	40	P 204	142	40	38	P 206	144	40	38	
65	2	T 208	144	40	40	P 208	144	40	38	P 208	144	40	39	
66	2	T 210	145	40	40	P 210	144	40	40	P 208	144	40	39	
67	2	T 212	146	40	40	P 212	146	39	38	P 212	146	39	39	
68	2	T 214	147	40	40	P 214	148	40	38	P 212	146	39	39	
69	1	T 216	148	40	40	P 216	148	38	40	
70	1	T 218	149	40	40	P 218	148	38	40	
71	1	T 220	150	40	40	P 220	150	39	38	
72	1	T 222	151	40	40	P 220	150	39	38	
73	1	T 224	152	40	40	P 224	152	40	39	
74	2	T 226	153	40	40	P 224	152	38	38	P 226	152	40	41	
75	2	T 228	154	40	40	P 228	154	39	40	P 228	154	39	38	
76	2	T 230	155	40	40	P 230	155	39	39	P 230	156	39	38	
77	2	T 232	156	40	40	P 232	156	39	38	P 232	156	40	39	
78	2	T 234	157	40	40	P 234	158	39	38	P 232	156	40	39	
79	1	T 236	158	40	40	P 236	158	39	40	
80	1	T 238	159	40	40	P 238	160	39	38	
81	1	T 240	160	40	40	P 240	160	40	39	
82	1	T 242	161	40	40	P 238	160	39	39	
83	1	T 244	162	40	40	P 240	160	40	38	
84	1	T 246	163	40	40	P 242	162	38	38	
85	1	T 248	164	40	40	P 246	164	39	39	
86	1	T 250	165	40	40	P 244	162	38	40	
87	2	T 252	166	40	40	P 248	164	40	40	P 250	165	40	39	
88	3	T 254	167	40	40	P 248	164	38	40	P 250	165	40	39	P 250	165	40	39	
89	3	T 256	168	40	40	P 252	166	39	39	P 254	168	39	39	P 256	168	39	40	
90	3	T 258	169	40	40	P 258	168	38	41	P 254	168	39	39	P 256	168	39	40	
91	1	T 260	170	40	40	P 260	170	39	38	
92	1	T 262	171	40	40	P 262	172	40	38	
93	2	T 264	172	40	40	P 264	172	36	38	P 264	172	38	40	
94	2	T 266	173	40	40	P 266	174	38	38	P 266	174	40	38	
95	2	T 268	174	40	40	P 268	174	40	40	P 268	174	40	38	
96	2	T 270	175	40	40	P 270	175	38	39	P 270	176	38	38	
97	2	T 272	176	40	40	P 273	176	37	39	P 270	176	38	38	
98	1	T 274	177	40	40	P 274	178	40	38	
99	1	T 276	178	40	40	P 276	178	39	38	
100	1	T 278	179	40	40	P 278	180	38	38	
101	1	T 280	180	40	40	P 280	180	38	38	
102	1	T 282	181	40	40	P 282	182	38	38	
103	1	T 284	182	40	40	P 286	182	38	38	
104	1	T 286	183	40	40	P 286	184	40	38	
105	1	T 288	184	40	40	P 288	184	40	38	
106	1	T 290	185	40	40	P 290	186	40	38	
107	1	T 292	186	40	40	P 292	186	40	40	
108	1	T 294	187	40	40	P 294	188	40	38	
109	1	T 296	188	40	40	P 296	188	40	38	
110	1	T 298	189	40	40	P 298	190	40	38	
111	2	T 300	190	40	40	P 300	190	38	38	P 300	190	40	40	
112	2	T 302	191	40	40	P 302	191	39	39	P 300	190	39	38	
113	2	T 304	192	40	40	P 304	192	38	38	P 300	190	39	38	
114	1	T 306	193	40	40	P 306	194	39	38	
115	1	T 308	194	40	40	P 306	194	39	38	
116	1	T 310	195	40	40	P 310	194	40	41	
117	1	T 312	196	40	40	P 310	194	38	40	
118	1	T 314	197	40	40	P 312	196	38	40	
119	1	T 316	198	40	40	P 314	198	38	38	
120	1	T 318	199	40	40	P 316	198	40	38	
121	1	T 320	200	40	40	P 319	199	37	39	
122	1	T 322	201	40	40	P 322	200	39	40	
123	1	T 324	202	40	40	P 324	202	40	38	
124	2	T 326	203	40	40	P 326	202	38	40	P 326	202	40	40	
125	3	T 328	204	40	40	P 328	204	40	38	P 357	200	2	38	P 328	204	38	40	
126	3	T 330	205	40	40	P 328	204	40	38	P 331	205	3	39	P 328	204	38	40	
127	2	T 332	206	40	40	P 332	208	39	36	P 331	205	3	39	
128	1	T 334	207	40	40	P 334	208	39	38	
129	1	T 336	208	40	40	P 336	208	40	40	
130	1	T 338	209	40	40	P 335	208	38	38	
131	2	T 340	210	40	40	P 338	209	40	39	P 338	209	40	39	
132	2	T 342	211	40	40	P 342	211	39	39	P 342	212	39	38	
133	2	T 344	212	40	40	P 344	212	39	38	P 344	212	39	40	
134	2	T 346	213	40	40	P 346	214	40	38	P 344	212	39	40	
135	2	T 348	214	40	40	P 348	214	40	38	P 348	214	40	39	
136	2	T 350	215	40	40	P 352	215	37	39	P 350	216	39	38	
137	2	T 352	216	40	40	P 354	217	37	37	P 352	218	40	37	
138	2	T 354	217	40	40	P 354	217	37	37	P 352	218	40	37	
139	1	T 356	218	40	40	P 356	220	39	38	
140	1	T 358	219	40	40	P 358	219	40	37	
141	1	T 360	220	40	40	P 358	220	40	38	
142	1	T 362	221	40	40	P 362	222	40	38	
143	1	T 364	222	40	40	P 362	222	40	39	
144	1	T 366	223	40	40	P 364	222	40	38	
145	1	T 368	224	40	40	P 366	224	40	38	
146	1	T 370	225	40	40	P 368	224	39	40	
147	1	T 372	226	40	40	P 370	226	39	38	
148	1	T 374	227	40	40	P 372	226	40	39	
149	1	T 376	228	40	40	P 372	226	39	38	
150	1	T 378	229	40	40	P 374	228	40	38	
151	1	T 380	230	40	40	P 376	229	39	37	
152	2	T 382	231	40	40	P 380	230	40	40	P 380	230	40	40	
153	2	T 384	232	40	40	P 378	230	38	38	P 384	232	40	40	
154	2	T 386	233	40	40	P 386	234	39	38	P 384	232	40	40	
155	1	T 388	234	40	40	P 388	234	39	38	
156	1	T 390	235	40	40	P 392	234	37	40	
157	1	T 392	236	40	40	P 390	234	39	40	
158	1	T 394	237	40	40	P 393	236	38	38	
159	2	T 396	238	40	40	P 392	236	39	39	P 392	236	39	39	
160	3	T 398	239	40	40	P 394	236	39	40	P 396	236	37	41	P 394	236	39	40	
161	3	T 400	240	40	40	P 398	239	38	39	P 400	240	40	40	P 394	236	39	40	
162	2	T 402	241	40	40	P 402	240	39	41	P 400	240	40	40	
163	1	T 404	242	40	40	P 404	242	40	40	
164	1	T 406	243	40	40	P 406	244	39	39	
165	1	T 408	244	40	40	P 408	244	40	40	
166	1	T 410	245	40	40	P 410	246	40	38	
167	1	T 412	246	40	40	P 412	246	40	38	
168	2	T 414	247	40	40	P 412	246	40	39	P 412	246	40	39	
169	2	T 416	248	40	40	P 414	248	40	38	P 416	250	40	37	
170	2	T 418	249	40	40	P 418	248	40	40	P 416	250	40	37	
171	1	T 420	250	40	40	P 418	248	40	40	
172	1	T 422	251	40	40	P 422	252	39	38	
173	1	T 424	252	40	40	P 424	252	37	39	
174	1	T 426	253	40	40	P 424	252	39	38	
175	1	T 428	254	40	40	P 425	252	38	39	
176	1	T 430	255	40	40	P 426	254	40	38	
177	1	T 432	256	40	40	P 428	254	40	38	
178	1	T 434	257	40	40	P 429	254	39	39	
179	1	T 436	258	40	40	P 430	256	40	38	
180	1	T 438	259	40	40	P 434	258	40	38	
181	1	T 440	260	40	40	P 437	258	37	38	
182	1	T 442	261	40	40	P 436	258	38	39	
183	2	T 444	262	40	40	P 438	259	38	39	P 442	261	40	39	
184	3	T 446	263	40	40	P 440	260	39	38	P 442	261	40	39	P 442	261	40	39	
185	3	T 448	264	40	40	P 442	262	40	38	P 444	262	38	40	P 448	264	38	40	
186	3	T 450	265	40	40	P 450	266	38	39	P 444	262	38	40	P 448	264	38	40	
187	2	T 452	266	40	40	P 452	266	40	38	P 452	266	40	39	
188	2	T 454	267	40	40	P 454	266	40	40	P 454	266	38	40	
189	2	T 456	268	40	40	P 456	268	38	38	P 457	268	37	39	
190	2	T 458	269	40	40	P 456	268	38	38	P 457	268	37	39	
191	2	T 460	270	40	40	P 460	270	40	39	P 461	270	39	38	
192	2	T 462	271	40	40	P 462	270	40	40	P 461	270	39	38	
193	1	T 464	272	40	40	P 464	272	39	40	
194	1	T 466	273	40	40	P 466	272	40	40	
195	1	T 468	274	40	40	P 468	274	39	40	
196	1	T 470	275	40	40	P 468	274	39	40	
197	1	T 472	276	40	40	P 472	276	39	38	
198	1	T 474	277	40	40	P 476	278	38	38	
199	1	T 476	278	40	40	P 474	278	40	38	
200	1	T 478	279	40	40	P 476	278	38	38	
201	1	T 480	280	40	40	P 478	278	39	40	
202	1	T 482	281	40	40	P 476	278	40	38	
203	1	T 484	282	40	40	P 480	280	39	38	
204	1	T 486	283	40	40	P 482	280	40	40	
205	1	T 488	284	40	40	P 485	282	39	38	
206	1	T 490	285	40	40	P 486	282	40	41	
207	1	T 492	286	40	40	P 485	282	39	39	
208	1	T 494	287	40	40	P 486	282	39	40	
209	1	T 496	288	40	40	P 488	284	40	38	
210	1	T 498	289	40	40	P 488	284	40	39	
211	1	T 500	290	40	40	P 490	286	40	38	
212	3	T 502	291	40	40	P 492	286	40	38	P 500	290	40	40	P 500	290	40	40	
213	4	T 504	292	40	40	P 492	286	38	40	P 494	288	39	38	P 496	288	40	38	P 502	290	39	40	
214	4	T 506	293	40	40	P 502	290	39	41	P 498	290	39	38	P 502	290	39	40	P 506	292	39	40	
215	4	T 508	294	40	40	P 506	292	39	41	P 508	294	40	38	P 502	290	39	40	P 506	292	39	40	
216	2	T 510	295	40	40	P 506	292	39	41	P 508	294	40	38	
217	2	T 512	296	40	40	P 512	296	40	38	P 512	296	40	39	
218	2	T 514	297	40	40	P 514	297	39	39	P 514	298	39	38	
219	2	T 516	298	40	40	P 516	298	40	38	P 518	298	38	39	
220	2	T 518	299	40	40	P 520	300	36	38	P 518	298	38	39	
221	1	T 520	300	40	40	P 520	300	40	40	
222	1	T 522	301	40	40	P 522	302	39	38	
223	1	T 524	302	40	40	P 524	302	40	40	
224	1	T 526	303	40	40	P 526	304	38	38	
225	1	T 528	304	40	40	P 528	304	39	39	
226	1	T 530	305	40	40	P 530	305	39	39	
227	1	T 532	306	40	40	P 530	306	39	39	
228	1	T 534	307	40	40	P 532	306	39	38	
229	1	T 536	308	40	40	P 532	306	39	39	
230	1	T 538	309	40	40	P 534	308	39	38	
231	1	T 540	310	40	40	P 536	308	39	40	
232	1	T 542	311	40	40	P 538	309	38	39	
233	1	T 544	312	40	40	P 538	310	38	39	
234	1	T 546	313	40	40	P 540	310	39	38	
235	2	T 548	314	40	40	P 546	313	40	39	P 546	313	40	39	
236	2	T 550	315	40	40	P 543	312	38	38	P 544	312	38	40	
237	2	T 552	316	40	40	P 552	316	40	39	P 546	314	40	38	
238	2	T 554	317	40	40	P 550	316	38	38	P 550	316	38	39	
239	2	T 556	318	40	40	P 552	316	40	38	P 554	318	38	38	
240	2	T 558	319	40	40	P 558	320	39	38	P 554	318	38	38	
241	1	T 560	320	40	40	P 560	320	40	40	
242	1	T 562	321	40	40	P 562	322	40	38	
243	1	T 564	322	40	40	P 564	322	40	38	
244	2	T 566	323	40	40	P 564	322	39	40	P 564	322	39	40	
245	2	T 568	324	40	40	P 566	323	39	39	P 568	324	39	38	
246	2	T 570	325	40	40	P 570	326	39	38	P 568	324	39	38	
247	2	T 572	326	40	40	P 572	326	38	38	P 572	326	38	39	
248	2	T 574	327	40	40	P 572	326	38	38	P 572	326	38	39	
249	2	T 576	328	40	40	P 576	328	40	40	P 576	328	40	38	
250	2	T 578	329	40	40	P 578	328	40	40	P 576	328	40	38	
251	2	T 580	330	40	40	P 580	330	39	38	P 580	330	39	39	
252	2	T 582	331	40	40	P 582	332	39	38	P 583	332	38	38	
253	2	T 584	332	40	40	P 584	332	39	38	P 583	332	38	38	
254	1	T 586	333	40	40	P 586	334	39	38	
255	1	T 588	334	40	40	P 590	334	37	40	
256	1	T 590	335	40	40	P 588	334	39	40	
257	1	T 592	336	40	40	P 590	336	40	39	
258	2	T 594	337	40	40	P 592	336	39	38	P 592	336	40	40	
259	2	T 596	338	40	40	P 592	336	40	40	P 594	338	39	38	
260	2	T 598	339	40	40	P 596	338	40	40	P 598	340	40	38	
261	2	T 600	340	40	40	P 600	340	39	38	P 598	340	40	38	
262	1	T 602	341	40	40	P 602	342	39	38	
263	1	T 604	342	40	40	P 604	342	40	40	
264	1	T 606	343	40	40	P 604	342	39	38	
265	1	T 608	344	40	40	P 606	344	38	38	
266	1	T 610	345	40	40	P 608	344	39	38	
267	1	T 612	346	40	40	P 610	346	39	36	
268	1	T 614	347	40	40	P 614	348	40	38	
269	1	T 616	348	40	40	P 610	346	39	37	
270	2	T 618	349	40	40	P 612	346	39	38	P 616	348	38	40	
271	2	T 620	350	40	40	P 620	350	40	39	P 613	346	38	39	
272	2	T 622	351	40	40	P 615	347	39	39	P 616	348	38	40	
273	2	T 624	352	40	40	P 618	350	39	38	P 620	350	40	38	
274	3	T 626	353	40	40	P 624	352	40	39	P 622	352	40	38	P 626	352	40	41	
275	4	T 628	354	40	40	P 624	352	39	38	P 626	352	40	40	P 630	354	37	38	P 626	352	40	40	
276	4	T 630	355	40	40	P 630	356	38	36	P 630	356	38	38	P 630	354	37	38	P 626	352	40	40	
277	2	T 632	356	40	40	P 632	356	39	38	P 630	356	38	38	
278	2	T 634	357	40	40	P 634	356	39	40	P 634	356	39	41	
279	2	T 636	358	40	40	P 636	358	38	38	P 634	356	39	41	
280	2	T 638	359	40	40	P 638	360	40	39	P 638	360	40	38	
281	2	T 640	360	40	40	P 640	360	40	38	P 640	360	39	40	
282	2	T 642	361	40	40	P 642	360	38	40	P 640	360	39	40	
283	1	T 644	362	40	40	P 644	362	38	40	
284	1	T 646	363	40	40	P 646	364	39	38	
285	1	T 648	364	40	40	P 648	364	39	38	
286	1	T 650	365	40	40	P 648	364	39	40	
287	1	T 652	366	40	40	P 650	366	38	38	
288	1	T 654	367	40	40	P 652	366	39	39	
289	1	T 656	368	40	40	P 652	366	40	38	
290	1	T 658	369	40	40	P 654	367	39	39	
291	1	T 660	370	40	40	P 656	368	40	40	
292	3	T 658	371	40	40	P 654	368	39	39	P 658	369	40	39	P 658	369	40	39	
293	3	T 656	372	40	40	P 656	368	38	40	P 658	370	40	38	P 658	372	39	38	
294	3	T 654	373	40	40	P 656	372	39	40	P 654	374	40	38	P 658	372	39	38	
295	2	T 652	374	40	40	P 652	374	39	38	P 652	374	39	40	
296	2	T 650	375	40	40	P 650	376	38	38	P 652	374	39	40	
297	1	T 648	376	40	40	P 648	376	40	40	
298	1	T 646	377	40	40	P 646	378	39	38	
299	1	T 644	378	40	40	P 645	378	38	38	
300	1	T 642	379	40	40	P 644	378	39	39	
301	1	T 640	380	40	40	P 642	380	40	38	
302	1	T 638	381	40	40	P 640	380	38	38	
303	1	T 636	382	40	40	P 636	382	39	40	
304	1	T 634	383	40	40	P 640	380	38	40	
305	1	T 632	384	40	40	P 638	382	38	38	
306	1	T 630	385	40	40	P 630	384	40	40	
307	2	T 628	386	40	40	P 638	382	37	40	P 628	386	40	40	
308	2	T 626	387	40	40	P 634	384	38	38	P 630	384	39	40	
309	2	T 624	388	40	40	P 630	386	38	40	P 626	388	39	38	
310	2	T 622	389	40	40	P 622	390	38	36	P 622	390	38	38	
311	2	T 620	390	40	40	P 620	390	40	38	P 622	390	38	38	
312	1	T 618	391	40	40	P 618	390	39	40	
313	1	T 616	392	40	40	P 616	392	40	38	
314	1	T 614	393	40	40	P 614	392	39	40	
315	1	T 612	394	40	40	P 614	392	39	41	
316	1	T 610	395	40	40	P 612	394	39	38	
317	2	T 608	396	40	40	P 610	394	40	41	P 610	394	40	41	
318	2	T 606	397	40	40	P 611	394	39	40	P 606	396	39	40	
319	2	T 604	398	40	40	P 608	396	37	40	P 604	398	40	40	
320	2	T 602	399	40	40	P 602	398	39	41	P 604	398	40	40	
321	1	T 600	400	40	40	P 600	400	40	39	
322	1	T 598	401	40	40	P 598	401	40	39	
323	1	T 596	402	40	40	P 598	402	40	38	
324	1	T 594	403	40	40	P 596	402	39	38	
325	1	T 592	404	40	40	P 596	402	39	39	
326	1	T 590	405	40	40	P 594	404	39	38	
327	3	T 588	406	40	40	P 592	404	39	38	P 591	404	37	40	P 591	404	37	40	
328	3	T 586	407	40	40	P 588	408	38	36	P 586	406	39	40	P 588	406	37	41	
329	3	T 584	408	40	40	P 584	408	40	38	P 584	408	40	40	P 588	406	37	41	
330	2	T 582	409	40	40	P 582	408	39	40	P 584	408	40	40	
331	2	T 580	410	40	40	P 580	410	39	38	P 580	410	39	39	
332	2	T 578	411	40	40	P 578	411	39	39	P 578	412	39	39	
333	2	T 576	412	40	40	P 576	412	39	38	P 576	412	40	39	
334	2	T 574	413	40	40	P 574	412	40	40	P 576	412	40	39	
335	2	T 572	414	40	40	P 572	414	38	38	P 572	414	38	39	
336	2	T 570	415	40	40	P 570	416	38	38	P 572	414	38	39	
337	2	T 568	416	40	40	P 568	416	39	38	P 569	416	38	39	
338	2	T 566	417	40	40	P 566	418	40	38	P 569	416	38	39	
339	1	T 564	418	40	40	P 564	418	38	39	
340	1	T 562	419	40	40	P 562	420	40	38	
341	1	T 560	420	40	40	P 560	420	40	40	
342	1	T 558	419	40	40	P 560	420	39	40	
343	1	T 556	418	40	40	P 558	420	40	38	
344	1	T 554	417	40	40	P 556	418	40	38	
345	1	T 552	416	40	40	P 554	416	39	40	
346	1	T 550	415	40	40	P 550	414	40	41	
347	2	T 548	414	40	40	P 552	416	40	39	P 551	414	39	40	
348	2	T 546	413	40	40	P 551	414	39	40	P 546	414	39	38	
349	2	T 544	412	40	40	P 546	414	40	38	P 544	412	38	38	
350	2	T 542	411	40	40	P 546	412	36	39	P 542	410	40	40	
351	2	T 540	410	40	40	P 540	410	38	40	P 540	410	38	38	
352	2	T 538	409	40	40	P 538	408	40	41	P 540	410	38	38	
353	2	T 536	408	40	40	P 536	408	40	38	P 537	408	39	39	
354	2	T 534	407	40	40	P 534	408	40	38	P 537	408	39	39	
355	2	T 532	406	40	40	P 532	406	40	38	P 532	406	39	39	
356	2	T 530	405	40	40	P 530	404	38	40	P 530	404	40	40	
357	2	T 528	404	40	40	P 528	404	39	38	P 530	404	37	39	
358	2	T 526	403	40	40	P 526	402	40	41	P 530	404	37	39	
359	1	T 524	402	40	40	P 524	404	39	37	
360	1	T 522	401	40	40	P 522	400	39	40	
361	1	T 520	400	40	40	P 520	400	39	38	
362	1	T 518	399	40	40	P 518	398	40	41	
363	1	T 516	398	40	40	P 519	398	39	40	
364	2	T 514	397	40	40	P 516	398	40	40	P 516	398	40	40	
365	2	T 512	396	40	40	P 513	396	37	40	P 512	396	38	40	
366	2	T 510	395	40	40	P 510	396	39	38	P 512	396	38	40	
367	2	T 508	394	40	40	P 508	394	40	40	P 508	394	38	40	
368	2	T 506	393	40	40	P 508	394	40	40	P 508	394	38	40	
369	1	T 504	392	40	40	P 504	392	39	38	
370	1	T 502	391	40	40	P 502	390	39	40	
371	1	T 500	390	40	40	P 502	390	39	41	
372	1	T 498	389	40	40	P 500	390	38	39	
373	2	T 496	388	40	40	P 498	390	40	38	P 498	390	40	38	
374	2	T 494	387	40	40	P 494	388	40	38	P 498	390	40	38	
375	1	T 492	386	40	40	P 492	386	40	38	
376	1	T 490	385	40	40	P 492	386	40	38	
377	3	T 488	384	40	40	P 488	384	40	40	P 490	386	4	38	P 490	386	4	38	
378	3	T 486	383	40	40	P 486	384	38	38	P 490	386	4	38	P 490	386	4	38	
379	1	T 484	382	40	40	P 484	382	39	39	
380	1	T 482	381	40	40	P 482	381	39	39	
381	1	T 480	380	40	40	P 482	382	39	38	
382	2	T 478	379	40	40	P 480	380	40	39	P 480	380	40	39	
383	2	T 476	378	40	40	P 478	378	38	40	P 478	378	38	41	
384	2	T 474	377	40	40	P 474	377	39	39	P 474	378	39	38	
385	2	T 472	376	40	40	P 472	376	40	38	P 474	378	39	38	
386	1	T 470	375	40	40	P 470	376	39	38	
387	1	T 468	374	40	40	P 468	374	40	38	
388	1	T 466	373	40	40	P 469	374	39	39	
389	1	T 464	372	40	40	P 469	374	39	39	
390	1	T 462	371	40	40	P 462	372	39	36	
391	1	T 460	370	40	40	P 462	372	39	37	
392	1	T 458	369	40	40	P 458	370	40	38	
393	1	T 456	368	40	40	P 460	370	38	39	
394	1	T 454	367	40	40	P 458	370	39	38	
395	1	T 452	366	40	40	P 456	368	39	38	
396	1	T 450	365	40	40	P 457	368	38	39	
397	1	T 448	364	40	40	P 454	368	39	38	
398	1	T 446	363	40	40	P 448	364	40	39	
399	1	T 444	362	40	40	P 455	368	38	39	
400	1	T 442	361	40	40	P 452	366	39	38	
401	1	T 440	360	40	40	P 452	366	39	39	
402	1	T 438	359	40	40	P 450	366	39	38	
403	1	T 436	358	40	40	P 448	364	40	38	
404	1	T 434	357	40	40	P 444	362	39	39	
405	2	T 432	356	40	40	P 442	362	38	38	P 432	356	38	40	
406	4	T 430	355	40	40	P 440	360	39	39	P 442	362	40	38	P 430	354	38	40	P 430	354	38	41	
407	4	T 428	354	40	40	P 441	360	38	38	P 438	360	39	38	P 436	358	39	38	P 438	358	37	39	
408	4	T 426	353	40	40	P 428	354	39	40	P 434	358	38	38	P 428	354	39	38	P 426	354	39	38	
409	4	T 424	352	40	40	P 424	352	40	38	P 424	352	40	39	P 428	354	39	38	P 426	354	39	38	
410	2	T 422	351	40	40	P 424	352	40	38	P 424	352	40	39	
411	1	T 420	350	40	40	P 420	350	40	40	
412	1	T 418	349	40	40	P 418	350	39	38	
413	1	T 416	348	40	40	P 416	348	38	40	
414	1	T 414	347	40	40	P 414	348	40	38	
415	1	T 412	346	40	40	P 412	346	38	38	
416	1	T 410	345	40	40	P 413	346	37	40	
417	1	T 408	344	40	40	P 410	346	39	38	
418	2	T 406	343	40	40	P 408	345	39	37	P 406	342	39	40	
419	2	T 404	342	40	40	P 410	346	37	37	P 407	342	38	40	
420	2	T 402	341	40	40	P 402	340	38	41	P 406	342	37	39	
421	2	T 400	340	40	40	P 400	340	39	38	P 400	340	39	39	
422	2	T 398	339	40	40	P 398	338	40	40	P 400	340	39	39	
423	1	T 396	338	40	40	P 396	338	38	40	
424	1	T 394	337	40	40	P 394	338	38	38	
425	1	T 392	336	40	40	P 394	338	40	39	
426	1	T 390	335	40	40	P 392	336	40	38	
427	1	T 388	334	40	40	P 390	336	40	38	
428	1	T 386	333	40	40	P 388	334	40	38	
429	2	T 384	332	40	40	P 388	334	38	39	P 388	334	38	39	
430	2	T 382	331	40	40	P 386	334	40	38	P 388	334	38	39	
431	2	T 380	330	40	40	P 380	330	40	38	P 380	330	40	39	
432	2	T 378	329	40	40	P 378	330	38	38	P 380	330	40	39	
433	2	T 376	328	40	40	P 376	328	40	40	P 376	328	40	38	
434	2	T 374	327	40	40	P 374	328	40	38	P 376	328	40	38	
435	1	T 372	326	40	40	P 372	328	39	37	
436	1	T 370	325	40	40	P 370	326	39	38	
437	1	T 368	324	40	40	P 368	324	40	40	
438	1	T 366	323	40	40	P 368	324	38	38	
439	1	T 364	322	40	40	P 368	324	38	38	
440	1	T 362	321	40	40	P 362	322	40	38	
441	1	T 360	320	40	40	P 360	320	39	38	
442	1	T 358	319	40	40	P 362	320	37	39	
443	1	T 356	318	40	40	P 356	318	39	38	
444	1	T 354	317	40	40	P 356	318	39	39	
445	1	T 352	316	40	40	P 354	318	40	38	
446	1	T 350	315	40	40	P 354	318	39	38	
447	1	T 348	314	40	40	P 350	316	40	39	
448	1	T 346	313	40	40	P 350	316	40	38	
449	1	T 344	312	40	40	P 348	314	39	39	
450	1	T 342	311	40	40	P 346	314	38	38	
451	1	T 340	310	40	40	P 340	310	39	39	
452	2	T 338	309	40	40	P 344	312	38	38	P 338	308	40	40	
453	2	T 336	308	40	40	P 338	308	40	41	P 343	312	38	38	
454	2	T 334	307	40	40	P 342	312	39	38	P 336	308	40	39	
455	3	T 332	306	40	40	P 342	310	37	38	P 336	308	40	38	P 332	306	39	40	
456	3	T 330	305	40	40	P 335	307	38	39	P 334	308	39	39	P 332	306	40	38	
457	3	T 328	304	40	40	P 330	306	40	38	P 334	308	39	39	P 332	306	40	38	
458	2	T 326	303	40	40	P 326	303	40	39	P 326	304	40	38	
459	2	T 324	302	40	40	P 324	302	40	38	P 324	302	40	39	
460	2	T 322	301	40	40	P 322	302	39	38	P 324	302	40	39	
461	1	T 320	300	40	40	P 320	300	39	40	
462	1	T 318	299	40	40	P 320	298	37	40	
463	1	T 316	298	40	40	P 316	298	39	38	
464	1	T 314	297	40	40	P 314	298	39	38	
465	1	T 312	296	40	40	P 314	298	40	38	
466	1	T 310	295	40	40	P 313	296	38	39	
467	1	T 308	294	40	40	P 310	296	39	38	
468	1	T 306	293	40	40	P 310	294	38	38	
469	1	T 304	292	40	40	P 310	294	38	40	
470	1	T 302	291	40	40	P 306	294	39	38	
471	1	T 300	290	40	40	P 300	290	40	40	
472	1	T 298	289	40	40	P 304	292	39	38	
473	1	T 296	288	40	40	P 302	290	38	40	
474	1	T 294	287	40	40	P 298	290	40	38	
475	1	T 292	286	40	40	P 296	288	39	38	
476	3	T 290	285	40	40	P 296	288	39	40	P 296	288	39	40	P 294	287	39	39	
477	3	T 288	284	40	40	P 294	287	39	39	P 292	286	40	38	P 288	284	40	38	
478	3	T 286	283	40	40	P 286	282	40	40	P 288	284	40	39	P 286	282	38	41	
479	3	T 284	282	40	40	P 284	282	39	40	P 288	284	40	39	P 286	282	38	41	
480	1	T 282	281	40	40	P 284	282	39	40	
481	1	T 280	280	40	40	P 280	280	40	40	
482	1	T 278	279	40	40	P 278	280	38	38	
483	1	T 276	278	40	40	P 278	278	37	38	
484	1	T 274	277	40	40	P 274	277	40	39	
485	1	T 272	276	40	40	P 276	278	40	38	
486	1	T 270	275	40	40	P 272	276	39	40	
487	1	T 268	274	40	40	P 270	274	40	41	
488	1	T 266	273	40	40	P 270	274	40	40	
489	1	T 264	272	40	40	P 266	274	40	38	
490	1	T 262	271	40	40	P 264	272	39	39	
491	1	T 260	270	40	40	P 262	272	38	38	
492	1	T 258	269	40	40	P 260	270	39	39	
493	1	T 256	268	40	40	P 258	268	38	41	
494	1	T 254	267	40	40	P 257	268	39	38	
495	1	T 252	266	40	40	P 257	268	39	39	
496	1	T 250	265	40	40	P 254	266	38	40	
497	1	T 248	264	40	40	P 255	266	37	41	
498	1	T 246	263	40	40	P 252	266	38	39	
499	1	T 244	262	40	40	P 248	264	39	40	
500	1	T 242	261	40	40	P 246	264	39	38	
501	1	T 240	260	40	40	P 240	260	40	39	
502	1	T 238	259	40	40	P 244	262	39	38	
503	1	T 236	258	40	40	P 236	258	40	39	
504	1	T 234	257	40	40	P 244	262	39	39	
505	2	T 232	256	40	40	P 234	256	40	40	P 234	256	40	40	
506	2	T 230	255	40	40	P 242	262	39	38	P 242	262	40	38	
507	2	T 228	254	40	40	P 240	260	40	38	P 238	260	39	38	
508	2	T 226	253	40	40	P 238	260	39	39	P 226	252	40	40	
509	2	T 224	252	40	40	P 236	258	40	38	P 230	256	40	38	
510	2	T 222	251	40	40	P 228	254	39	38	P 224	252	38	40	
511	2	T 220	250	40	40	P 222	251	39	39	P 222	252	39	38	
512	2	T 218	249	40	40	P 220	250	39	39	P 218	250	38	38	
513	2	T 216	248	40	40	P 216	248	40	38	P 216	248	40	39	
514	2	T 214	247	40	40	P 214	248	39	38	P 216	248	40	39	
515	1	T 212	246	40	40	P 212	246	39	39	
516	1	T 210	245	40	40	P 210	246	40	38	
517	1	T 208	244	40	40	P 208	244	39	40	
518	1	T 206	243	40	40	P 206	242	40	41	
519	1	T 204	242	40	40	P 208	244	40	40	
520	1	T 202	241	40	40	P 204	242	40	38	
521	1	T 200	240	40	40	P 200	240	39	40	
522	1	T 198	239	40	40	P 198	238	38	40	
523	1	T 196	238	40	40	P 198	238	38	41	
524	1	T 194	237	40	40	P 196	238	40	38	
525	1	T 192	236	40	40	P 196	238	40	40	
526	1	T 190	235	40	40	P 194	238	40	38	
527	1	T 188	234	40	40	P 192	236	39	38	
528	2	T 186	233	40	40	P 190	235	39	39	P 190	235	39	39	
529	2	T 184	232	40	40	P 190	236	39	38	P 188	234	38	38	
530	2	T 182	231	40	40	P 186	234	39	38	P 184	232	39	39	
531	2	T 180	230	40	40	P 184	232	40	38	P 182	232	39	38	
532	2	T 178	229	40	40	P 184	232	40	38	P 182	232	39	38	
533	1	T 176	228	40	40	P 176	228	38	38	
534	1	T 174	227	40	40	P 174	227	39	39	
535	1	T 172	226	40	40	P 174	228	39	38	
536	2	T 170	225	40	40	P 172	226	40	40	P 172	226	40	40	
537	2	T 168	224	40	40	P 168	224	38	40	P 172	226	40	40	
538	1	T 166	223	40	40	P 166	224	39	38	
539	1	T 164	222	40	40	P 164	222	40	38	
540	1	T 162	221	40	40	P 162	220	39	41	
541	1	T 160	220	40	40	P 160	220	40	38	
542	2	T 158	219	40	40	P 160	220	40	40	P 160	220	40	40	
543	2	T 156	218	40	40	P 156	218	39	39	P 160	220	40	40	
544	1	T 154	217	40	40	P 154	218	40	38	
545	1	T 152	216	40	40	P 153	216	39	39	
546	1	T 150	215	40	40	P 150	214	40	40	
547	1	T 148	214	40	40	P 150	214	39	41	
548	1	T 146	213	40	40	P 148	216	40	36	
549	1	T 144	212	40	40	P 146	214	39	38	
550	1	T 142	211	40	40	P 145	212	37	39	
551	1	T 140	210	40	40	P 144	212	37	38	
552	1	T 138	209	40	40	P 138	208	40	40	
553	1	T 136	208	40	40	P 141	210	37	39	
554	1	T 134	207	40	40	P 136	208	39	38	
555	2	T 132	206	40	40	P 134	208	39	38	P 132	206	39	40	
556	2	T 130	205	40	40	P 136	208	37	38	P 130	204	39	40	
557	2	T 128	204	40	40	P 128	204	40	40	P 130	204	39	40	
558	1	T 126	203	40	40	P 126	203	39	39	
559	1	T 124	202	40	40	P 124	202	38	38	
560	1	T 122	201	40	40	P 124	202	40	38	
561	1	T 120	200	40	40	P 122	202	38	38	
562	1	T 118	199	40	40	P 120	200	40	38	
563	1	T 116	198	40	40	P 118	200	38	38	
564	1	T 114	197	40	40	P 116	198	39	38	
565	1	T 112	196	40	40	P 114	198	40	38	
566	2	T 110	195	40	40	P 112	196	39	40	P 112	196	39	40	
567	2	T 108	194	40	40	P 108	194	38	40	P 112	196	39	40	
568	1	T 106	193	40	40	P 106	194	40	38	
569	1	T 104	192	40	40	P 104	192	40	38	
570	1	T 102	191	40	40	P 104	192	38	40	
571	1	T 100	190	40	40	P 102	192	40	38	
572	1	T 98	189	40	40	P 100	190	38	38	
573	1	T 96	188	40	40	P 96	188	39	40	
574	1	T 94	187	40	40	P 98	190	40	38	
575	2	T 92	186	40	40	P 94	188	38	38	P 92	186	40	40	
576	2	T 90	185	40	40	P 90	186	39	38	P 92	186	40	40	
577	2	T 88	184	40	40	P 88	184	39	38	P 88	184	39	40	
578	2	T 86	183	40	40	P 86	184	40	38	P 88	184	39	40	
579	2	T 84	182	40	40	P 84	182	38	38	P 84	182	40	39	
580	2	T 82	181	40	40	P 82	180	40	40	P 84	182	40	39	
581	2	T 80	180	40	40	P 80	180	39	38	P 80	180	39	39	
582	2	T 78	179	40	40	P 78	178	40	40	P 80	180	39	39	
583	2	T 76	178	40	40	P 76	178	40	38	P 76	178	39	39	
584	2	T 74	177	40	40	P 74	177	38	39	P 75	178	37	38	
585	2	T 72	176	40	40	P 72	176	39	38	P 72	176	39	39	
586	2	T 70	175	40	40	P 70	174	38	40	P 72	176	39	39	
587	2	T 68	174	40	40	P 68	174	39	38	P 68	174	39	40	
588	2	T 66	173	40	40	P 66	174	40	38	P 68	174	39	40	
589	1	T 64	172	40	40	P 66	174	40	38	
590	0	T 62	171	40	40	
591	0	T 60	170	40	40	
592	0	T 58	169	40	40	
593	0	T 56	168	40	40	
594	0	T 54	167	40	40	
595	0	T 52	166	40	40	
596	1	T 50	165	40	40	P 56	168	39	39	
597	2	T 48	164	40	40	P 60	172	39	36	P 48	164	39	39	
598	2	T 46	163	40	40	P 58	170	40	38	P 56	168	39	38	
599	2	T 44	162	40	40	P 52	166	38	40	P 50	166	39	39	
600	3	T 42	161	40	40	P 48	164	39	38	P 46	164	39	38	P 46	164	40	38	
601	3	T 40	160	40	40	P 46	164	40	38	P 44	162	38	38	P 42	162	39	39	
602	3	T 38	159	40	40	P 38	160	40	38	P 44	162	38	38	P 42	162	39	39	
603	2	T 36	158	40	40	P 36	158	40	38	P 36	158	40	40	
604	2	T 34	157	40	40	P 34	156	39	40	P 36	158	40	40	
605	1	T 32	156	40	40	P 33	156	38	38	
606	1	T 30	155	40	40	P 30	154	38	40	
607	1	T 28	154	40	40	P 30	154	38	41	
608	1	T 26	153	40	40	P 28	154	38	38	
609	1	T 24	152	40	40	P 24	152	39	40	
610	1	T 22	151	40	40	P 26	154	40	38	
611	1	T 20	150	40	40	P 26	154	38	39	
612	1	T 22	149	40	40	P 22	152	38	38	
613	1	T 24	148	40	40	P 24	148	40	40	
614	2	T 26	147	40	40	P 20	150	38	40	P 26	146	40	41	
615	2	T 28	146	40	40	P 22	150	40	38	P 24	148	40	38	
616	2	T 30	145	40	40	P 26	146	40	40	P 28	146	40	38	
617	2	T 32	144	40	40	P 28	146	40	39	P 31	144	38	40	
618	2	T 34	143	40	40	P 30	144	39	41	P 32	144	40	38	
619	2	T 36	142	40	40	P 34	144	39	38	P 36	142	40	39	
620	2	T 38	141	40	40	P 38	142	39	38	P 38	142	39	39	
621	2	T 40	140	40	40	P 40	140	40	38	P 38	142	39	39	
622	1	T 42	139	40	40	P 42	140	40	38	
623	1	T 44	138	40	40	P 44	138	38	38	
624	1	T 46	137	40	40	P 46	136	39	40	
625	1	T 48	136	40	40	P 48	136	38	40	
626	1	T 50	135	40	40	P 50	136	39	38	
627	1	T 52	134	40	40	P 52	134	38	38	
628	1	T 54	133	40	40	P 52	134	38	39	
629	1	T 56	132	40	40	P 54	134	38	38	
630	1	T 58	131	40	40	P 56	132	40	39	
631	1	T 60	130	40	40	P 56	132	40	38	
632	1	T 62	129	40	40	P 58	132	40	39	
633	1	T 64	128	40	40	P 60	130	39	38	
634	1	T 66	127	40	40	P 60	130	40	38	
635	1	T 68	126	40	40	P 62	130	39	38	
636	1	T 70	125	40	40	P 64	130	40	37	
637	1	T 72	124	40	40	P 66	128	39	38	
638	1	T 74	123	40	40	P 74	124	40	39	
639	1	T 76	122	40	40	P 68	128	37	38	
640	1	T 78	121	40	40	P 69	126	38	39	
641	1	T 80	120	40	40	P 70	126	38	38	
642	1	T 82	119	40	40	P 76	122	40	39	
643	1	T 84	118	40	40	P 72	124	38	38	
644	1	T 86	117	40	40	P 78	122	40	39	
645	1	T 88	116	40	40	P 72	124	38	39	
646	1	T 90	115	40	40	P 80	120	40	40	
647	1	T 92	114	40	40	P 74	124	40	38	
648	1	T 94	113	40	40	P 79	122	39	38	
649	1	T 96	112	40	40	P 92	114	40	40	
650	1	T 98	111	40	40	P 80	120	38	40	
651	1	T 100	110	40	40	P 82	118	38	40	
652	1	T 102	109	40	40	P 82	118	38	41	
653	1	T 104	108	40	40	P 84	118	39	40	
654	1	T 106	107	40	40	P 86	116	39	40	
655	1	T 108	106	40	40	P 88	116	39	38	
656	1	T 110	105	40	40	P 100	110	40	40	
657	1	T 112	104	40	40	P 90	116	40	38	
658	1	T 114	103	40	40	P 92	114	40	38	
659	1	T 116	102	40	40	P 94	112	39	40	
660	1	T 118	101	40	40	P 96	112	39	38	
661	1	T 120	100	40	40	P 108	106	40	40	
662	1	T 122	99	40	40	P 96	112	39	40	
663	1	T 124	98	40	40	P 98	112	39	38	
664	1	T 126	97	40	40	P 112	104	40	40	
665	1	T 128	96	40	40	P 104	108	40	38	
666	1	T 130	95	40	40	P 104	108	39	39	
667	1	T 132	94	40	40	P 108	106	40	38	
668	1	T 134	93	40	40	P 110	106	40	38	
669	1	T 136	92	40	40	P 112	104	39	40	
670	1	T 138	91	40	40	P 114	102	39	40	
671	1	T 140	90	40	40	P 116	102	40	38	
672	3	T 142	89	40	40	P 116	102	38	40	P 116	102	38	40	P 126	97	39	39	
673	4	T 144	88	40	40	P 118	102	40	38	P 120	100	40	38	P 120	100	40	39	P 140	90	40	40	
674	4	T 146	87	40	40	P 122	99	39	39	P 122	100	39	38	P 124	98	39	38	P 126	97	39	39	
675	5	T 148	86	40	40	P 140	90	40	40	P 146	88	40	39	P 148	86	40	40	P 126	98	39	38	P 140	90	40	40	
676	5	T 150	85	40	40	P 130	96	39	38	P 132	94	39	38	P 132	94	39	39	P 134	94	40	38	P 136	92	39	38	
677	5	T 152	84	40	40	P 138	92	40	38	P 140	90	40	38	P 144	88	38	40	P 147	88	39	38	P 148	86	40	38	
678	5	T 154	83	40	40	P 150	86	38	38	P 152	84	39	38	P 152	84	39	39	P 154	84	39	38	P 148	86	40	38	
679	4	T 156	82	40	40	P 156	82	39	38	P 152	84	39	38	P 152	84	39	39	P 154	84	39	38	
680	2	T 158	81	40	40	P 158	81	39	39	P 158	82	39	38	
681	2	T 160	80	40	40	P 162	80	36	40	P 160	80	38	40	
682	2	T 162	79	40	40	P 162	80	39	38	P 160	80	38	40	
683	2	T 164	78	40	40	P 164	78	40	40	P 164	78	40	38	
684	2	T 166	77	40	40	P 168	77	36	39	P 166	78	38	38	
685	2	T 168	76	40	40	P 168	76	39	39	P 166	78	38	38	
686	2	T 170	75	40	40	P 170	74	40	40	P 170	74	38	41	
687	2	T 172	74	40	40	P 172	74	38	38	P 170	74	38	41	
688	1	T 174	73	40	40	P 174	72	40	40	
689	1	T 176	72	40	40	P 177	73	37	37	
690	1	T 178	71	40	40	P 176	74	38	38	
691	1	T 180	70	40	40	P 178	72	40	38	
692	1	T 182	69	40	40	P 178	72	39	38	
693	1	T 184	68	40	40	P 180	70	38	40	
694	1	T 186	67	40	40	P 186	66	40	41	
695	1	T 188	66	40	40	P 182	68	39	40	
696	1	T 190	65	40	40	P 184	68	40	38	
697	2	T 192	64	40	40	P 186	66	40	40	P 186	66	40	40	
698	2	T 194	63	40	40	P 188	66	38	40	P 190	66	39	38	
699	2	T 196	62	40	40	P 190	66	40	38	P 196	62	40	39	
700	2	T 198	61	40	40	P 192	64	38	39	P 194	64	39	38	
701	2	T 200	60	40	40	P 200	60	39	40	P 196	62	40	38	
702	2	T 202	59	40	40	P 198	62	39	38	P 198	62	39	39	
703	2	T 204	58	40	40	P 200	60	39	38	P 202	60	40	38	
704	2	T 206	57	40	40	P 204	58	40	38	P 204	58	38	39	
705	2	T 208	56	40	40	P 206	58	39	38	P 208	56	38	38	
706	2	T 210	55	40	40	P 210	56	39	38	P 208	56	38	38	
707	2	T 212	54	40	40	P 212	54	38	38	P 212	54	40	38	
708	2	T 214	53	40	40	P 214	54	39	38	P 212	54	40	38	
709	2	T 216	52	40	40	P 216	52	38	38	P 216	52	38	39	
710	2	T 218	51	40	40	P 218	52	40	38	P 216	52	38	39	
711	1	T 220	50	40	40	P 218	52	40	38	
712	1	T 222	49	40	40	P 224	50	36	38	
713	1	T 224	48	40	40	P 224	48	39	39	
714	1	T 226	47	40	40	P 222	50	38	38	
715	1	T 228	46	40	40	P 224	48	39	38	
716	1	T 230	45	40	40	P 227	48	38	38	
717	1	T 232	44	40	40	P 230	46	39	39	
718	1	T 234	43	40	40	P 230	45	39	37	
719	1	T 236	42	40	40	P 234	44	40	38	
720	1	T 238	41	40	40	P 232	44	38	39	
721	1	T 240	40	40	40	P 234	44	38	38	
722	2	T 242	39	40	40	P 238	42	40	39	P 238	42	40	39	
723	2	T 244	38	40	40	P 236	42	38	38	P 236	42	38	39	
724	2	T 246	37	40	40	P 246	36	40	40	P 247	36	39	41	
725	2	T 248	36	40	40	P 238	42	38	38	P 242	38	38	40	
726	4	T 250	35	40	40	P 250	35	39	39	P 244	38	38	38	P 244	38	38	40	P 244	38	38	40	
727	4	T 252	34	40	40	P 248	36	39	38	P 252	34	40	40	P 244	38	38	40	P 244	38	38	40	
728	2	T 254	33	40	40	P 248	36	39	38	P 252	34	40	40	
729	2	T 256	32	40	40	P 256	32	39	38	P 256	32	39	40	
730	2	T 258	31	40	40	P 258	30	40	40	P 256	32	39	40	
731	1	T 260	30	40	40	P 260	30	38	38	
732	1	T 262	29	40	40	P 262	30	40	39	
733	1	T 264	28	40	40	P 262	30	39	38	
734	1	T 266	27	40	40	P 266	28	40	39	
735	1	T 268	26	40	40	P 264	28	39	38	
736	1	T 270	25	40	40	P 266	28	37	39	
737	1	T 272	24	40	40	P 272	24	40	40	
738	1	T 274	23	40	40	P 270	27	37	37	
739	2	T 276	22	40	40	P 270	26	39	38	P 270	26	39	39	
740	4	T 278	21	40	40	P 268	28	39	37	P 272	24	39	38	P 276	22	39	40	P 276	22	39	40	
741	4	T 280	20	40	40	P 280	20	40	39	P 274	24	38	38	P 278	21	39	39	P 278	22	39	38	
742	4	T 282	21	40	40	P 282	21	39	37	P 274	24	38	38	P 278	21	39	39	P 278	22	39	38	
743	2	T 284	22	40	40	P 284	22	40	38	P 284	22	38	39	
744	2	T 286	23	40	40	P 286	24	39	38	P 284	22	38	39	
745	2	T 288	24	40	40	P 288	24	38	38	P 288	24	38	39	
746	2	T 290	25	40	40	P 290	24	40	40	P 291	24	38	41	
747	2	T 292	26	40	40	P 292	26	39	38	P 292	26	39	40	
748	2	T 294	27	40	40	P 295	26	39	40	P 292	26	39	40	
749	1	T 296	28	40	40	P 295	26	39	40	
750	0	T 298	29	40	40	
751	1	T 300	30	40	40	P 300	30	38	40	
752	2	T 302	31	40	40	P 302	32	40	38	P 302	32	39	39	
753	2	T 304	32	40	40	P 332	28	3	38	P 304	32	38	38	
754	2	T 306	33	40	40	P 306	34	39	38	P 304	32	38	38	
755	2	T 308	34	40	40	P 308	34	39	38	P 308	34	39	40	
756	2	T 310	35	40	40	P 310	36	40	39	P 310	36	40	38	
757	2	T 312	36	40	40	P 312	36	40	38	P 313	36	39	39	
758	2	T 314	37	40	40	P 314	36	39	40	P 314	36	39	41	
759	2	T 316	38	40	40	P 316	38	39	40	P 314	36	39	41	
760	1	T 318	39	40	40	P 318	38	40	40	
761	1	T 320	40	40	40	P 320	40	39	40	
762	1	T 322	41	40	40	P 322	42	40	38	
763	2	T 324	42	40	40	P 324	42	38	38	P 288	24	2	39	
764	2	T 326	43	40	40	P 326	44	38	38	P 288	24	2	39	
765	2	T 328	44	40	40	P 328	44	40	39	P 328	44	40	38	
766	2	T 330	45	40	40	P 330	46	40	36	P 330	46	40	38	
767	2	T 332	46	40	40	P 333	46	37	40	P 330	46	40	38	
768	2	T 334	47	40	40	P 335	48	38	36	P 334	48	39	38	
769	2	T 336	48	40	40	P 337	48	37	40	P 334	48	39	38	
770	1	T 338	49	40	40	P 338	50	40	39	
771	1	T 340	50	40	40	P 340	50	39	38	
772	1	T 342	51	40	40	P 341	50	38	39	
773	1	T 344	52	40	40	P 342	52	40	38	
774	1	T 346	53	40	40	P 344	52	38	38	
775	1	T 348	54	40	40	P 344	52	39	38	
776	1	T 350	55	40	40	P 345	52	38	40	
777	1	T 352	56	40	40	P 346	54	39	38	
778	1	T 354	57	40	40	P 348	54	38	38	
779	1	T 356	58	40	40	P 356	58	40	39	
780	1	T 358	59	40	40	P 348	54	38	39	
781	2	T 360	60	40	40	P 358	58	39	40	P 354	58	40	38	
782	2	T 362	61	40	40	P 350	56	38	38	P 352	56	38	40	
783	2	T 364	62	40	40	P 362	62	40	39	P 354	58	40	38	
784	3	T 366	63	40	40	P 360	58	37	40	P 360	62	40	38	P 364	62	40	40	
785	3	T 368	64	40	40	P 362	62	40	36	P 366	64	39	38	P 368	64	40	38	
786	3	T 370	65	40	40	P 368	64	40	40	P 370	65	39	39	P 370	66	39	38	
787	3	T 372	66	40	40	P 372	67	39	37	P 372	68	39	36	P 370	66	39	38	
788	2	T 374	67	40	40	P 374	68	38	38	P 372	68	39	36	
789	1	T 376	68	40	40	P 376	68	39	40	
790	1	T 378	69	40	40	P 379	70	37	38	
791	1	T 380	70	40	40	P 378	70	38	39	
792	1	T 382	71	40	40	P 380	70	39	38	
793	2	T 384	72	40	40	P 382	70	39	40	P 382	70	39	40	
794	3	T 386	73	40	40	P 382	70	39	41	P 384	72	38	40	P 382	70	39	41	
795	3	T 388	74	40	40	P 389	74	39	38	P 388	74	40	38	P 382	70	39	41	
796	2	T 390	75	40	40	P 390	76	39	38	P 390	76	39	39	
797	2	T 392	76	40	40	P 392	76	39	39	P 390	76	39	39	
798	2	T 394	77	40	40	P 394	77	39	39	P 394	78	39	38	
799	2	T 396	78	40	40	P 396	78	40	38	P 396	78	39	38	
800	2	T 398	79	40	40	P 398	80	39	38	P 399	80	38	38	
801	2	T 400	80	40	40	P 400	80	38	38	P 400	80	38	39	
802	2	T 402	81	40	40	P 402	82	39	38	P 400	80	38	39	
803	2	T 404	82	40	40	P 404	82	39	38	P 404	82	39	40	
804	2	T 406	83	40	40	P 406	84	39	38	P 408	84	37	38	
805	2	T 408	84	40	40	P 409	84	38	40	P 408	84	39	40	
806	2	T 410	85	40	40	P 411	85	37	39	P 410	86	38	38	
807	2	T 412	86	40	40	P 412	86	40	39	P 410	86	38	38	
808	2	T 414	87	40	40	P 412	86	40	39	P 415	87	3	39	
809	2	T 416	88	40	40	P 416	88	39	38	P 416	88	39	39	
810	2	T 418	89	40	40	P 418	90	39	38	P 416	88	39	39	
811	2	T 420	90	40	40	P 420	90	38	38	P 420	90	38	39	
812	2	T 422	91	40	40	P 422	92	38	38	P 420	90	38	39	
813	1	T 424	92	40	40	P 424	92	39	40	
814	1	T 426	93	40	40	P 426	94	40	38	
815	1	T 428	94	40	40	P 426	94	40	39	
816	1	T 430	95	40	40	P 428	94	39	39	
817	1	T 432	96	40	40	P 432	96	40	40	
818	3	T 434	97	40	40	P 430	96	38	38	P 419	89	3	39	P 432	96	39	40	
819	3	T 436	98	40	40	P 432	96	39	40	P 419	89	3	39	P 436	98	39	39	
820	2	T 438	99	40	40	P 439	100	37	39	P 436	98	39	39	
821	1	T 440	100	40	40	P 440	100	40	38	
822	1	T 442	101	40	40	P 440	100	40	38	
823	0	T 444	102	40	40	
824	0	T 446	103	40	40	
825	0	T 448	104	40	40	
826	0	T 450	105	40	40	
827	0	T 452	106	40	40	
828	1	T 454	107	40	40	P 448	104	39	38	
829	1	T 456	108	40	40	P 446	104	39	38	
830	1	T 458	109	40	40	P 448	104	39	38	
831	1	T 460	110	40	40	P 449	104	38	39	
832	1	T 462	111	40	40	P 450	106	38	38	
833	2	T 464	112	40	40	P 452	106	38	39	P 464	112	38	40	
834	2	T 466	113	40	40	P 466	112	39	40	P 454	108	38	37	
835	2	T 468	114	40	40	P 456	108	38	38	P 458	110	39	38	
836	2	T 470	115	40	40	P 470	115	39	39	P 460	112	40	36	
837	2	T 472	116	40	40	P 462	112	39	38	P 468	114	38	38	
838	2	T 474	117	40	40	P 470	116	39	38	P 472	116	39	40	
839	2	T 476	118	40	40	P 474	116	38	40	P 474	116	38	41	
840	2	T 478	119	40	40	P 476	118	39	40	P 478	118	37	40	
841	2	T 480	120	40	40	P 478	118	39	40	P 478	118	37	40	
842	1	T 482	121	40	40	P 482	122	40	38	
843	1	T 484	122	40	40	P 482	122	40	38	
844	1	T 486	123	40	40	P 488	123	2	39	
845	1	T 488	124	40	40	P 486	124	38	38	
846	1	T 490	125	40	40	P 490	124	40	40	
847	1	T 492	126	40	40	P 488	124	40	38	
848	1	T 494	127	40	40	P 492	124	38	40	
849	1	T 496	128	40	40	P 492	126	38	38	
850	1	T 498	129	40	40	P 498	128	39	40	
851	1	T 500	130	40	40	P 494	128	40	36	
852	1	T 502	131	40	40	P 496	128	39	38	
853	1	T 504	132	40	40	P 502	132	39	38	
854	1	T 506	133	40	40	P 502	132	40	38	
855	1	T 508	134	40	40	P 504	132	39	40	
856	1	T 510	135	40	40	P 506	134	39	38	
857	1	T 512	136	40	40	P 510	136	40	39	
858	1	T 514	137	40	40	P 506	134	40	38	
859	1	T 516	138	40	40	P 510	136	40	38	
860	1	T 518	139	40	40	P 512	136	39	38	
861	1	T 520	140	40	40	P 516	138	40	40	
862	1	T 522	141	40	40	P 516	138	40	38	
863	1	T 524	142	40	40	P 518	138	39	41	
864	1	T 526	143	40	40	P 520	140	39	38	
865	1	T 528	144	40	40	P 524	142	40	39	
866	1	T 530	145	40	40	P 520	140	39	39	
867	1	T 532	146	40	40	P 524	142	40	38	
868	3	T 534	147	40	40	P 526	143	39	39	P 526	143	39	39	P 530	146	40	38	
869	3	T 536	148	40	40	P 530	144	37	40	P 530	146	40	38	P 532	146	38	39	
870	3	T 538	149	40	40	P 538	148	39	41	P 532	146	39	38	P 536	148	39	40	
871	3	T 540	150	40	40	P 538	148	39	40	P 540	150	39	38	P 536	148	39	40	
872	2	T 542	151	40	40	P 542	152	40	38	P 540	150	39	38	
873	2	T 544	152	40	40	P 544	152	39	40	P 545	152	38	40	
874	2	T 546	153	40	40	P 548	153	38	39	P 546	154	40	38	
875	2	T 548	154	40	40	P 548	154	39	38	P 550	154	37	40	
876	2	T 550	155	40	40	P 550	154	39	40	P 550	154	37	40	
877	2	T 552	156	40	40	P 552	156	39	38	P 552	156	39	39	
878	2	T 554	157	40	40	P 554	158	39	38	P 552	156	39	39	
879	1	T 556	158	40	40	P 554	158	39	38	
880	1	T 558	159	40	40	P 558	158	40	41	
881	1	T 560	160	40	40	P 558	158	39	40	
882	1	T 562	161	40	40	P 560	160	38	39	
883	1	T 564	162	40	40	P 562	161	40	39	
884	1	T 566	163	40	40	P 564	162	39	38	
885	1	T 568	164	40	40	P 564	162	39	39	
886	2	T 570	165	40	40	P 568	164	40	38	P 568	164	39	40	
887	2	T 572	166	40	40	P 568	164	39	40	P 572	166	39	40	
888	2	T 574	167	40	40	P 574	168	39	38	P 572	166	39	40	
889	2	T 576	168	40	40	P 576	168	39	38	P 577	168	38	39	
890	2	T 578	169	40	40	P 578	169	39	39	P 578	170	39	38	
891	2	T 580	170	40	40	P 582	170	36	39	P 578	170	39	38	
892	1	T 582	171	40	40	P 582	172	38	38	
893	1	T 584	172	40	40	P 584	174	40	38	
894	1	T 586	173	40	40	P 586	172	40	41	
895	1	T 588	174	40	40	P 589	174	39	38	
896	1	T 590	175	40	40	P 588	174	40	38	
897	1	T 592	176	40	40	P 590	176	39	38	
898	1	T 594	177	40	40	P 594	177	40	39	
899	1	T 596	178	40	40	P 591	176	38	38	
900	2	T 598	179	40	40	P 596	178	40	39	P 596	178	40	39	
901	3	T 600	180	40	40	P 592	176	40	38	P 596	178	36	38	P 600	180	40	38	
902	3	T 602	181	40	40	P 596	178	40	38	P 600	180	39	39	P 602	182	39	38	
903	3	T 604	182	40	40	P 604	182	40	38	P 600	180	39	39	P 602	182	39	38	
904	1	T 606	183	40	40	P 604	182	40	38	
905	1	T 608	184	40	40	P 608	184	40	38	
906	1	T 610	185	40	40	P 610	186	39	38	
907	1	T 612	186	40	40	P 612	186	40	38	
908	1	T 614	187	40	40	P 614	187	38	39	
909	1	T 616	188	40	40	P 614	188	38	38	
910	1	T 618	189	40	40	P 618	189	40	39	
911	2	T 620	190	40	40	P 620	190	37	38	P 620	190	39	40	
912	2	T 622	191	40	40	P 620	190	37	38	P 620	190	39	40	
913	2	T 624	192	40	40	P 624	192	38	39	P 624	192	40	38	
914	2	T 626	193	40	40	P 626	194	38	38	P 624	192	40	38	
915	2	T 628	194	40	40	P 628	194	39	39	P 630	194	37	38	
916	2	T 630	195	40	40	P 630	196	40	38	P 631	196	39	38	
917	2	T 632	196	40	40	P 632	196	39	40	P 631	196	39	38	
918	1	T 634	197	40	40	P 634	196	40	41	
919	1	T 636	198	40	40	P 634	196	40	41	
920	0	T 638	199	40	40	
921	0	T 640	200	40	40	
922	0	T 642	201	40	40	
923	0	T 644	202	40	40	
924	0	T 646	203	40	40	
925	0	T 648	204	40	40	
926	0	T 650	205	40	40	
927	0	T 652	206	40	40	
928	1	T 654	207	40	40	P 654	206	40	41	
929	1	T 656	208	40	40	P 640	200	38	40	
930	1	T 658	209	40	40	P 642	200	39	40	
931	1	T 660	210	40	40	P 644	202	38	40	
932	1	T 658	211	40	40	P 645	202	37	40	
933	1	T 656	212	40	40	P 646	204	39	38	
934	1	T 654	213	40	40	P 652	206	40	40	
935	1	T 652	214	40	40	P 648	204	39	40	
936	1	T 650	215	40	40	P 650	206	39	38	
937	1	T 648	216	40	40	P 652	206	40	38	
938	1	T 646	217	40	40	P 656	208	39	38	
939	1	T 644	218	40	40	P 656	208	39	40	
940	1	T 642	219	40	40	P 658	209	39	39	
941	1	T 640	220	40	40	P 660	210	39	38	
942	2	T 638	221	40	40	P 642	220	40	39	P 642	220	40	39	
943	3	T 636	222	40	40	P 658	212	37	40	P 656	212	39	40	P 652	214	40	38	
944	3	T 634	223	40	40	P 654	214	39	38	P 652	214	40	38	P 650	215	39	39	
945	4	T 632	224	40	40	P 651	216	38	38	P 648	216	39	38	P 646	218	39	38	P 632	224	39	40	
946	5	T 630	225	40	40	P 644	218	39	40	P 642	220	36	40	P 636	224	39	36	P 634	224	38	38	P 630	226	40	38	
947	5	T 628	226	40	40	P 633	224	38	38	P 632	226	38	38	P 628	226	39	40	P 634	224	38	38	P 630	226	40	38	
948	3	T 626	227	40	40	P 626	226	40	40	P 626	226	40	41	P 628	226	39	40	
949	2	T 624	228	40	40	P 626	226	40	40	P 626	226	40	41	
950	2	T 622	229	40	40	P 623	230	38	38	P 622	230	39	38	
951	2	T 620	230	40	40	P 620	230	39	40	P 620	230	39	38	
952	2	T 618	231	40	40	P 618	231	39	39	P 618	232	39	38	
953	2	T 616	232	40	40	P 616	232	40	40	P 618	232	38	40	
954	2	T 614	233	40	40	P 614	232	40	40	P 618	232	38	40	
955	2	T 612	234	40	40	P 612	234	38	40	P 613	234	37	40	
956	2	T 610	235	40	40	P 610	234	39	41	P 610	234	39	40	
957	2	T 608	236	40	40	P 608	236	39	38	P 608	236	40	38	
958	2	T 606	237	40	40	P 606	238	40	38	P 608	236	40	38	
959	1	T 604	238	40	40	P 604	238	39	39	
960	1	T 602	239	40	40	P 604	238	39	39	
961	0	T 600	240	40	40	
962	0	T 598	241	40	40	
963	0	T 596	242	40	40	
964	0	T 594	243	40	40	
965	0	T 592	244	40	40	
966	0	T 590	245	40	40	
967	0	T 588	246	40	40	
968	1	T 586	247	40	40	P 588	246	40	40	
969	1	T 584	248	40	40	P 598	241	40	39	
970	1	T 582	249	40	40	P 598	242	40	38	
971	2	T 580	250	40	40	P 594	243	39	39	P 588	246	40	40	
972	3	T 578	251	40	40	P 588	246	40	40	P 594	244	39	38	P 588	246	40	40	
973	4	T 576	252	40	40	P 592	244	38	39	P 590	246	39	38	P 590	246	39	39	P 578	250	39	40	
974	5	T 574	253	40	40	P 578	250	39	40	P 588	246	40	38	P 582	250	39	38	P 582	250	39	39	P 578	250	39	40	
975	5	T 572	254	40	40	P 578	250	39	41	P 576	252	38	39	P 572	254	40	40	P 572	254	39	40	P 578	250	39	40	
976	4	T 570	255	40	40	P 570	256	39	38	P 570	256	40	38	P 572	254	40	40	P 572	254	39	40	
977	2	T 568	256	40	40	P 568	256	39	40	P 570	256	40	38	
978	2	T 566	257	40	40	P 566	258	39	36	P 566	258	39	38	
979	2	T 564	258	40	40	P 565	258	38	38	P 564	258	39	39	
980	2	T 562	259	40	40	P 562	258	38	40	P 564	258	39	39	
981	2	T 560	260	40	40	P 560	260	40	38	P 562	260	38	39	
982	2	T 558	261	40	40	P 558	260	39	41	P 562	260	38	39	
983	2	T 556	262	40	40	P 556	262	38	38	P 556	262	40	40	
984	2	T 554	263	40	40	P 554	262	40	40	P 554	262	40	41	
985	2	T 552	264	40	40	P 553	264	37	38	P 552	264	38	38	
986	2	T 550	265	40	40	P 550	265	38	39	P 552	264	38	38	
987	2	T 548	266	40	40	P 549	266	38	38	P 548	266	39	40	
988	2	T 546	267	40	40	P 546	266	40	41	P 548	266	39	40	
989	2	T 544	268	40	40	P 544	270	39	36	P 546	270	37	37	
990	2	T 542	269	40	40	P 542	270	39	38	P 546	270	37	37	
991	1	T 540	270	40	40	P 540	270	39	38	
992	1	T 538	271	40	40	P 538	270	40	40	
993	1	T 536	272	40	40	P 538	270	39	40	
994	1	T 534	273	40	40	P 536	272	40	40	
995	1	T 532	274	40	40	P 537	272	39	40	
996	1	T 530	275	40	40	P 534	274	40	39	
997	1	T 528	276	40	40	P 532	274	39	38	
998	1	T 526	277	40	40	P 532	274	39	39	
999	1	T 524	278	40	40	P 530	274	39	40	
1000	3	T 522	279	40	40	P 530	274	39	41	P 526	276	39	40	P 526	276	39	40	
1001	4	T 520	280	40	40	P 528	276	39	38	P 528	276	39	39	P 523	278	38	40	P 520	280	40	40	
1002	4	T 518	281	40	40	P 522	278	39	40	P 520	280	39	40	P 518	282	40	38	P 526	278	2	38	
1003	4	T 516	282	40	40	P 516	282	39	38	P 516	282	39	39	P 518	282	40	38	P 526	278	2	38	
1004	2	T 514	283	40	40	P 514	283	39	37	P 514	284	39	37	
1005	2	T 512	284	40	40	P 512	284	40	40	P 513	284	39	40	
1006	2	T 510	285	40	40	P 510	286	38	39	P 513	284	39	40	
1007	2	T 508	286	40	40	P 508	286	38	38	P 509	286	37	39	
1008	2	T 506	287	40	40	P 506	288	38	38	P 509	286	37	39	
1009	2	T 504	288	40	40	P 504	288	39	38	P 506	288	37	39	
1010	2	T 502	289	40	40	P 503	289	38	39	P 506	288	37	39	
1011	1	T 500	290	40	40	P 503	289	38	39	
1012	3	T 498	291	40	40	P 499	292	39	38	P 537	290	3	38	P 537	290	3	38	
1013	3	T 496	292	40	40	P 496	292	38	40	P 537	290	3	38	P 537	290	3	38	
1014	2	T 494	293	40	40	P 494	292	38	40	P 494	292	38	41	
1015	2	T 492	294	40	40	P 492	294	39	40	P 494	292	38	41	
1016	2	T 490	295	40	40	P 490	296	40	38	P 490	296	39	38	
1017	2	T 488	296	40	40	P 488	296	40	40	P 490	296	39	38	
1018	1	T 486	297	40	40	P 486	296	39	40	
1019	1	T 484	298	40	40	P 484	298	40	38	
1020	1	T 482	299	40	40	P 484	298	39	40	
1021	1	T 480	300	40	40	P 482	300	40	38	
1022	1	T 478	301	40	40	P 480	300	39	38	
1023	1	T 476	302	40	40	P 480	301	38	39	
1024	2	T 474	303	40	40	P 478	302	40	38	P 476	302	39	39	
1025	2	T 472	304	40	40	P 476	302	39	38	P 476	302	39	39	
1026	2	T 470	305	40	40	P 472	304	39	38	P 473	304	38	39	
1027	2	T 468	306	40	40	P 470	306	38	38	P 470	306	38	39	
1028	2	T 466	307	40	40	P 468	306	39	39	P 466	306	39	40	
1029	2	T 464	308	40	40	P 468	306	39	38	P 464	308	40	39	
1030	2	T 462	309	40	40	P 462	308	40	40	P 464	308	40	39	
1031	1	T 460	310	40	40	P 460	310	38	38	
1032	1	T 458	311	40	40	P 458	310	40	40	
1033	2	T 456	312	40	40	P 458	310	40	41	P 458	310	40	41	
1034	2	T 454	313	40	40	P 454	312	38	40	P 454	312	38	41	
1035	2	T 452	314	40	40	P 452	314	38	40	P 454	312	38	41	
1036	2	T 450	315	40	40	P 450	316	39	38	P 452	316	37	39	
1037	2	T 448	316	40	40	P 449	316	37	38	P 448	316	38	38	
1038	2	T 446	317	40	40	P 446	318	38	38	P 448	316	38	38	
1039	1	T 444	318	40	40	P 444	318	38	38	
1040	1	T 442	319	40	40	P 442	318	40	40	
1041	1	T 440	320	40	40	P 442	318	39	41	
1042	1	T 438	321	40	40	P 438	322	40	38	
1043	1	T 436	322	40	40	P 436	322	39	40	
1044	1	T 434	323	40	40	P 436	322	40	40	
1045	1	T 432	324	40	40	P 434	322	38	40	
1046	1	T 430	325	40	40	P 432	324	39	38	
1047	1	T 428	326	40	40	P 430	325	40	39	
1048	1	T 426	327	40	40	P 432	324	39	39	
1049	1	T 424	328	40	40	P 430	326	40	38	
1050	1	T 422	329	40	40	P 428	326	38	38	
1051	1	T 420	330	40	40	P 422	328	40	40	
1052	2	T 418	331	40	40	P 426	328	39	38	P 423	328	38	41	
1053	2	T 416	332	40	40	P 424	328	38	38	P 423	328	38	41	
1054	2	T 414	333	40	40	P 420	330	39	39	P 414	334	39	38	
1055	2	T 412	334	40	40	P 412	334	39	38	P 414	334	39	38	
1056	2	T 410	335	40	40	P 410	336	39	38	P 410	336	40	38	
1057	2	T 408	336	40	40	P 408	336	38	38	P 408	336	38	39	
1058	2	T 406	337	40	40	P 406	338	40	36	P 406	338	38	38	
1059	2	T 404	338	40	40	P 404	338	40	38	P 404	338	39	39	
1060	2	T 402	339	40	40	P 404	339	37	39	P 404	340	37	38	
1061	2	T 400	340	40	40	P 400	340	40	38	P 400	340	40	39	
1062	2	T 398	341	40	40	P 398	342	40	38	P 400	340	40	39	
1063	2	T 396	342	40	40	P 396	342	38	38	P 396	342	40	39	
1064	2	T 394	343	40	40	P 394	342	38	40	P 396	342	40	39	
1065	1	T 392	344	40	40	P 392	344	39	38	
1066	1	T 390	345	40	40	P 390	344	39	40	
1067	2	T 388	346	40	40	P 390	344	39	41	P 390	344	39	41	
1068	2	T 386	347	40	40	P 386	346	40	40	P 386	346	39	40	
1069	2	T 384	348	40	40	P 384	348	39	39	P 386	346	39	40	
1070	2	T 382	349	40	40	P 382	349	40	39	P 382	350	39	38	
1071	2	T 380	350	40	40	P 382	349	40	39	P 382	350	39	38	
1072	1	T 378	351	40	40	P 378	352	38	38	
1073	1	T 376	352	40	40	P 378	352	38	38	
1074	2	T 374	353	40	40	P 374	354	39	38	P 375	354	38	38	
1075	4	T 372	354	40	40	P 372	354	39	38	P 372	354	39	40	P 376	352	3	38	P 376	352	3	38	
1076	4	T 370	355	40	40	P 370	355	39	39	P 370	356	39	39	P 376	352	3	38	P 376	352	3	38	
1077	2	T 368	356	40	40	P 369	356	38	38	P 368	356	39	39	
1078	2	T 366	357	40	40	P 366	357	39	39	P 368	356	39	39	
1079	1	T 364	358	40	40	P 364	358	39	40	
1080	1	T 362	359	40	40	P 362	360	39	38	
1081	1	T 360	360	40	40	P 360	360	39	40	
1082	1	T 358	361	40	40	P 358	362	38	38	
1083	1	T 356	362	40	40	P 356	362	39	40	
1084	1	T 354	363	40	40	P 354	363	40	39	
1085	1	T 352	364	40	40	P 360	362	2	39	
1086	1	T 350	365	40	40	P 354	364	40	38	
1087	1	T 348	366	40	40	P 352	364	38	38	
1088	1	T 346	367	40	40	P 346	368	40	39	
1089	1	T 344	368	40	40	P 350	366	40	38	
1090	1	T 342	369	40	40	P 348	366	38	38	
1091	1	T 340	370	40	40	P 340	370	39	39	
1092	1	T 338	371	40	40	P 344	368	38	38	
1093	1	T 336	372	40	40	P 338	371	40	39	
1094	1	T 334	373	40	40	P 342	370	40	38	
1095	1	T 332	374	40	40	P 342	370	39	38	
1096	1	T 330	375	40	40	P 339	372	39	38	
1097	1	T 328	376	40	40	P 336	372	39	38	
1098	1	T 326	377	40	40	P 336	372	39	39	
1099	1	T 324	378	40	40	P 332	374	39	39	
1100	1	T 322	379	40	40	P 330	376	39	38	
1101	1	T 320	380	40	40	P 328	376	40	38	
1102	1	T 318	381	40	40	P 326	378	40	38	
1103	2	T 316	382	40	40	P 326	378	37	39	P 318	380	40	40	
1104	2	T 314	383	40	40	P 322	378	38	40	P 320	380	38	38	
1105	2	T 312	384	40	40	P 320	380	38	40	P 312	384	39	40	
1106	2	T 310	385	40	40	P 314	384	38	38	P 312	384	39	38	
1107	2	T 308	386	40	40	P 308	386	40	39	P 310	386	40	38	
1108	2	T 306	387	40	40	P 308	386	39	38	P 306	387	39	39	
1109	2	T 304	388	40	40	P 304	388	39	40	P 306	387	39	39	
1110	1	T 302	389	40	40	P 304	388	39	40	
1111	1	T 300	390	40	40	P 300	390	40	38	
1112	1	T 298	391	40	40	P 302	390	38	40	
1113	1	T 296	392	40	40	P 297	392	39	39	
1114	1	T 294	393	40	40	P 294	392	40	41	
1115	1	T 292	394	40	40	P 292	394	38	38	
1116	1	T 290	395	40	40	P 292	394	38	40	
1117	1	T 288	396	40	40	P 290	396	38	38	
1118	1	T 286	397	40	40	P 286	397	39	39	
1119	1	T 284	398	40	40	P 290	396	38	39	
1120	1	T 282	399	40	40	P 282	398	40	40	
1121	2	T 280	400	40	40	P 288	396	38	38	P 280	400	3	38	
1122	4	T 278	401	40	40	P 286	398	39	38	P 278	402	39	38	P 284	398	38	39	P 284	398	38	38	
1123	4	T 276	402	40	40	P 284	398	38	39	P 276	402	39	40	P 284	398	38	39	P 284	398	38	38	
1124	2	T 274	403	40	40	P 274	402	40	41	P 274	402	38	40	
1125	2	T 272	404	40	40	P 272	404	40	40	P 274	402	38	40	
1126	1	T 270	405	40	40	P 270	406	38	38	
1127	1	T 268	406	40	40	P 268	406	39	40	
1128	1	T 266	407	40	40	P 266	407	40	39	
1129	1	T 264	408	40	40	P 266	408	40	38	
1130	1	T 262	409	40	40	P 264	408	39	40	
1131	1	T 260	410	40	40	P 262	408	38	41	
1132	1	T 258	411	40	40	P 260	410	40	38	
1133	2	T 256	412	40	40	P 258	411	40	39	P 258	411	40	39	
1134	2	T 254	413	40	40	P 256	412	40	38	P 254	413	39	39	
1135	2	T 252	414	40	40	P 254	414	40	38	P 252	414	40	38	
1136	2	T 250	415	40	40	P 250	415	40	39	P 250	416	40	38	
1137	2	T 248	416	40	40	P 248	416	38	38	P 250	416	40	38	
1138	1	T 246	417	40	40	P 246	417	39	39	
1139	1	T 244	418	40	40	P 244	418	39	38	
1140	1	T 242	419	40	40	P 244	418	39	39	
1141	1	T 240	420	40	40	P 240	420	39	38	
1142	1	T 238	419	40	40	P 240	420	39	39	
1143	2	T 236	418	40	40	P 238	418	39	41	P 238	418	39	41	
1144	2	T 234	417	40	40	P 234	417	38	39	P 235	418	37	38	
1145	2	T 232	416	40	40	P 232	416	38	40	P 235	418	37	38	
1146	1	T 230	415	40	40	P 230	416	40	38	
1147	1	T 228	414	40	40	P 228	414	39	38	
1148	1	T 226	413	40	40	P 228	414	39	39	
1149	1	T 224	412	40	40	P 226	414	39	38	
1150	1	T 222	411	40	40	P 222	410	40	40	
1151	1	T 220	410	40	40	P 224	412	38	39	
1152	1	T 218	409	40	40	P 220	410	40	38	
1153	1	T 216	408	40	40	P 220	410	39	38	
1154	1	T 214	407	40	40	P 218	410	39	38	
1155	1	T 212	406	40	40	P 212	406	40	39	
1156	1	T 210	405	40	40	P 216	408	40	38	
1157	1	T 208	404	40	40	P 214	407	39	39	
1158	1	T 206	403	40	40	P 214	408	39	38	
1159	1	T 204	402	40	40	P 210	406	40	38	
1160	2	T 202	401	40	40	P 208	404	39	38	P 202	402	40	39	
1161	2	T 200	400	40	40	P 200	400	40	40	P 208	404	39	39	
1162	2	T 198	399	40	40	P 206	404	38	38	P 206	404	38	39	
1163	2	T 196	398	40	40	P 198	399	40	39	P 204	402	40	38	
1164	2	T 194	397	40	40	P 202	402	40	38	P 200	400	40	38	
1165	2	T 192	396	40	40	P 198	400	39	38	P 194	398	38	38	
1166	2	T 190	395	40	40	P 190	395	40	39	P 192	396	40	38	
1167	2	T 188	394	40	40	P 194	396	38	39	P 188	394	39	38	
1168	2	T 186	393	40	40	P 188	394	40	39	P 187	393	37	39	
1169	2	T 184	392	40	40	P 186	394	38	38	P 184	392	38	40	
1170	2	T 182	391	40	40	P 182	392	40	38	P 184	392	38	40	
1171	1	T 180	390	40	40	P 180	390	39	40	
1172	1	T 178	389	40	40	P 178	390	39	38	
1173	1	T 176	388	40	40	P 176	388	39	38	
1174	1	T 174	387	40	40	P 174	388	40	38	
1175	1	T 172	386	40	40	P 172	388	40	36	
1176	1	T 170	385	40	40	P 170	384	40	41	
1177	1	T 168	384	40	40	P 168	384	40	38	
1178	1	T 166	383	40	40	P 166	384	38	38	
1179	1	T 164	382	40	40	P 164	382	40	40	
1180	1	T 162	381	40	40	P 164	382	40	38	
1181	2	T 160	380	40	40	P 160	380	39	38	P 160	380	39	40	
1182	2	T 158	379	40	40	P 158	380	39	38	P 158	380	39	39	
1183	4	T 156	378	40	40	P 158	380	39	38	P 158	380	39	39	P 162	382	3	38	P 162	382	3	38	
1184	3	T 154	377	40	40	P 154	378	40	38	P 162	382	3	38	P 162	382	3	38	
1185	1	T 152	376	40	40	P 152	376	40	39	
1186	1	T 150	375	40	40	P 152	376	40	39	
1187	2	T 148	374	40	40	P 148	374	39	40	P 199	382	3	38	
1188	2	T 146	373	40	40	P 148	374	39	40	P 199	382	3	38	
1189	2	T 144	372	40	40	P 144	372	39	38	P 199	382	3	38	
1190	1	T 142	371	40	40	P 142	372	39	38	
1191	1	T 140	370	40	40	P 140	370	40	40	
1192	1	T 138	369	40	40	P 140	370	39	38	
1193	1	T 136	368	40	40	P 136	368	40	39	
1194	1	T 134	367	40	40	P 138	370	39	38	
1195	1	T 132	366	40	40	P 132	366	40	40	
1196	1	T 130	365	40	40	P 136	368	40	38	
1197	1	T 128	364	40	40	P 134	368	38	38	
1198	1	T 126	363	40	40	P 128	364	39	39	
1199	1	T 124	362	40	40	P 132	366	40	38	
1200	1	T 122	361	40	40	P 130	366	39	38	
1201	1	T 120	360	40	40	P 120	360	40	40	
1202	3	T 118	359	40	40	P 126	364	39	38	P 118	358	40	40	P 118	358	40	41	
1203	3	T 116	358	40	40	P 124	362	40	38	P 122	362	39	38	P 120	360	38	38	
1204	3	T 114	357	40	40	P 116	358	39	38	P 116	358	39	39	P 114	358	40	38	
1205	3	T 112	356	40	40	P 114	356	37	39	P 116	358	39	39	P 114	358	40	38	
1206	2	T 110	355	40	40	P 110	356	39	38	P 110	356	39	39	
1207	2	T 108	354	40	40	P 108	354	39	38	P 110	356	37	37	
1208	2	T 106	353	40	40	P 106	354	38	38	P 110	356	37	37	
1209	2	T 104	352	40	40	P 104	352	40	40	P 106	352	38	38	
1210	2	T 102	351	40	40	P 102	352	40	38	P 106	352	38	38	
1211	2	T 100	350	40	40	P 100	350	39	38	P 100	350	39	39	
1212	2	T 98	349	40	40	P 98	349	39	37	P 98	350	39	37	
1213	2	T 96	348	40	40	P 96	348	40	39	P 97	348	39	38	
1214	2	T 94	347	40	40	P 94	348	38	38	P 97	348	39	38	
1215	1	T 92	346	40	40	P 94	348	38	38	
1216	1	T 90	345	40	40	P 90	344	39	40	
1217	1	T 88	344	40	40	P 90	344	39	41	
1218	1	T 86	343	40	40	P 86	342	39	40	
1219	1	T 84	342	40	40	P 87	342	38	40	
1220	2	T 82	341	40	40	P 84	344	39	37	P 82	340	40	40	
1221	2	T 80	340	40	40	P 80	340	38	39	P 82	340	40	40	
1222	2	T 78	339	40	40	P 78	338	39	40	P 78	338	39	41	
1223	2	T 76	338	40	40	P 76	338	38	38	P 76	338	38	39	
1224	2	T 74	337	40	40	P 76	338	38	38	P 76	338	38	39	
1225	1	T 72	336	40	40	P 72	337	39	37	
1226	1	T 70	335	40	40	P 72	336	37	38	
1227	1	T 68	334	40	40	P 68	334	40	40	
1228	1	T 66	333	40	40	P 66	334	38	38	
1229	3	T 64	332	40	40	P 72	335	2	39	P 72	335	2	39	P 64	332	4	38	
1230	3	T 62	331	40	40	P 62	332	40	38	P 72	335	2	39	P 64	332	4	38	
1231	1	T 60	330	40	40	P 60	330	39	38	
1232	1	T 58	329	40	40	P 59	330	38	38	
1233	2	T 56	328	40	40	P 56	328	39	40	P 58	328	37	40	
1234	2	T 54	327	40	40	P 54	328	40	38	P 58	328	37	40	
1235	1	T 52	326	40	40	P 54	326	38	38	
1236	1	T 50	325	40	40	P 50	325	39	39	
1237	1	T 48	324	40	40	P 50	326	39	38	
1238	2	T 46	323	40	40	P 50	324	36	38	P 46	323	39	39	
1239	2	T 44	322	40	40	P 48	324	38	39	P 46	324	39	38	
1240	2	T 42	321	40	40	P 44	322	38	38	P 42	322	40	38	
1241	2	T 40	320	40	40	P 40	320	39	38	P 42	322	40	38	
1242	2	T 38	319	40	40	P 39	319	38	39	P 38	320	39	38	
1243	2	T 36	318	40	40	P 36	318	38	40	P 38	320	39	38	
1244	2	T 34	317	40	40	P 34	316	38	40	P 34	316	38	41	
1245	2	T 32	316	40	40	P 32	316	38	38	P 32	316	38	39	
1246	2	T 30	315	40	40	P 30	316	39	36	P 30	316	39	38	
1247	2	T 28	314	40	40	P 28	314	40	38	P 28	314	40	39	
1248	2	T 26	313	40	40	P 26	314	39	38	P 28	314	40	39	
1249	2	T 24	312	40	40	P 24	312	40	40	P 24	312	40	38	
1250	2	T 22	311	40	40	P 22	312	38	38	P 24	312	40	38	
1251	1	T 20	310	40	40	P 21	310	37	38	
1252	1	T 22	309	40	40	P 23	309	37	37	
1253	1	T 24	308	40	40	P 24	308	38	38	
1254	1	T 26	307	40	40	P 24	308	38	39	
1255	2	T 28	306	40	40	P 26	308	40	38	P 26	308	40	38	
1256	2	T 30	305	40	40	P 26	308	39	38	P 30	306	39	38	
1257	2	T 32	304	40	40	P 33	304	38	38	P 33	304	38	39	
1258	2	T 34	303	40	40	P 34	304	38	38	P 33	304	38	39	
1259	1	T 36	302	40	40	P 36	302	40	40	
1260	1	T 38	301	40	40	P 38	301	40	39	
1261	1	T 40	300	40	40	P 40	300	40	38	
1262	1	T 42	299	40	40	P 42	299	39	39	
1263	3	T 44	298	40	40	P 44	300	37	38	P 44	298	40	38	P 44	298	38	40	
1264	3	T 46	297	40	40	P 46	298	38	39	P 46	298	38	38	P 44	298	38	40	
1265	2	T 48	296	40	40	P 48	296	39	38	P 46	298	38	38	
1266	1	T 50	295	40	40	P 52	294	36	40	
1267	1	T 52	294	40	40	P 53	294	39	40	
1268	2	T 54	293	40	40	P 52	294	40	40	P 52	294	40	40	
1269	2	T 56	292	40	40	P 54	294	39	38	P 56	292	39	38	
1270	2	T 58	291	40	40	P 58	292	39	36	P 58	292	39	38	
1271	2	T 60	290	40	40	P 60	290	40	38	P 60	290	40	39	
1272	2	T 62	289	40	40	P 60	290	40	38	P 60	290	40	39	
1273	2	T 64	288	40	40	P 64	288	40	38	P 64	288	39	39	
1274	2	T 66	287	40	40	P 66	286	40	40	P 64	288	39	39	
1275	2	T 68	286	40	40	P 68	286	38	38	P 68	286	38	39	
1276	2	T 70	285	40	40	P 68	286	38	38	P 68	286	38	39	
1277	1	T 72	284	40	40	P 72	284	40	38	
1278	1	T 74	283	40	40	P 72	284	40	38	
1279	1	T 76	282	40	40	P 76	282	40	38	
1280	1	T 78	281	40	40	P 76	282	39	38	
1281	1	T 80	280	40	40	P 78	282	38	38	
1282	1	T 82	279	40	40	P 80	280	39	39	
1283	3	T 84	278	40	40	P 80	280	39	38	P 110	338	3	38	P 110	338	3	38	
1284	3	T 86	277	40	40	P 82	280	38	39	P 110	338	3	38	P 110	338	3	38	
1285	1	T 88	276	40	40	P 88	276	40	40	
1286	1	T 90	275	40	40	P 84	278	39	38	
1287	1	T 92	274	40	40	P 92	274	40	40	
1288	2	T 94	273	40	40	P 86	278	40	38	P 93	274	39	40	
1289	4	T 96	272	40	40	P 86	278	39	38	P 91	276	38	38	P 93	274	39	40	P 93	274	39	40	
1290	4	T 98	271	40	40	P 96	272	40	39	P 94	274	39	38	P 98	272	38	36	P 93	274	39	40	
1291	3	T 100	270	40	40	P 100	270	38	39	P 94	274	39	38	P 98	272	38	36	
1292	2	T 102	269	40	40	P 102	268	40	41	P 102	268	38	40	
1293	2	T 104	268	40	40	P 104	268	39	39	P 102	268	38	40	
1294	2	T 106	267	40	40	P 106	268	38	38	P 108	268	2	39	
1295	2	T 108	266	40	40	P 108	266	39	40	P 108	266	39	38	
1296	2	T 110	265	40	40	P 110	266	39	38	P 108	266	39	38	
1297	2	T 112	264	40	40	P 112	264	40	38	P 112	264	39	40	
1298	2	T 114	263	40	40	P 114	262	40	40	P 112	264	39	40	
1299	2	T 116	262	40	40	P 117	262	38	38	P 116	262	39	40	
1300	2	T 118	261	40	40	P 118	261	39	39	P 118	262	39	38	
1301	2	T 120	260	40	40	P 120	260	39	38	P 120	260	39	40	
1302	2	T 122	259	40	40	P 120	260	39	38	P 120	260	39	40	
1303	0	T 124	258	40	40	
1304	0	T 126	257	40	40	
1305	0	T 128	256	40	40	
1306	0	T 130	255	40	40	
1307	0	T 132	254	40	40	
1308	0	T 134	253	40	40	
1309	0	T 136	252	40	40	
1310	0	T 138	251	40	40	
1311	0	T 140	250	40	40	
1312	1	T 142	249	40	40	P 138	250	39	41	
1313	1	T 144	248	40	40	P 126	258	39	38	
1314	1	T 146	247	40	40	P 140	250	40	39	
1315	1	T 148	246	40	40	P 128	256	40	38	
1316	1	T 150	245	40	40	P 132	254	39	39	
1317	3	T 152	244	40	40	P 148	246	40	40	P 148	246	40	40	P 150	244	40	41	
1318	3	T 154	243	40	40	P 134	253	39	39	P 134	254	40	38	P 136	252	39	40	
1319	3	T 156	242	40	40	P 138	250	39	40	P 140	250	40	38	P 142	250	40	38	
1320	3	T 158	241	40	40	P 144	248	39	38	P 146	248	38	38	P 146	248	40	38	
1321	3	T 160	240	40	40	P 148	246	39	40	P 152	244	40	38	P 154	244	39	38	
1322	3	T 162	239	40	40	P 158	242	40	38	P 162	240	37	39	P 162	240	39	38	
1323	3	T 164	238	40	40	P 163	240	38	38	P 164	238	39	38	P 164	238	39	39	
1324	3	T 166	237	40	40	P 166	236	38	40	P 164	238	39	38	P 164	238	39	39	
1325	2	T 168	236	40	40	P 168	236	39	40	P 169	236	38	40	
1326	2	T 170	235	40	40	P 168	236	39	40	P 169	236	38	40	
1327	2	T 172	234	40	40	P 172	234	38	38	P 172	234	38	39	
1328	2	T 174	233	40	40	P 175	232	37	41	P 172	234	38	39	
1329	2	T 176	232	40	40	P 176	232	39	38	P 176	232	39	39	
1330	2	T 178	231	40	40	P 179	232	38	38	P 176	232	39	39	
1331	2	T 180	230	40	40	P 180	230	40	39	P 180	230	40	38	
1332	2	T 182	229	40	40	P 182	230	38	38	P 180	230	40	38	
1333	2	T 184	228	40	40	P 186	228	37	38	P 184	228	40	38	
1334	2	T 186	227	40	40	P 186	227	38	39	P 186	228	38	38	
1335	2	T 188	226	40	40	P 189	226	37	38	P 188	226	38	39	
1336	2	T 190	225	40	40	P 190	226	39	38	P 188	226	38	39	
1337	1	T 192	224	40	40	P 192	226	39	37	
1338	1	T 194	223	40	40	P 194	224	40	38	
1339	2	T 196	222	40	40	P 196	222	40	38	P 196	222	40	39	
1340	2	T 198	221	40	40	P 198	222	38	38	P 196	222	40	39	
1341	1	T 200	220	40	40	P 198	222	38	38	
1342	1	T 202	219	40	40	P 202	219	39	37	
1343	1	T 204	218	40	40	P 202	220	39	38	
1344	1	T 206	217	40	40	P 204	218	38	38	
1345	2	T 208	216	40	40	P 208	216	39	40	P 204	218	38	39	
1346	2	T 210	215	40	40	P 206	218	39	38	P 206	218	40	38	
1347	2	T 212	214	40	40	P 210	216	40	39	P 210	216	39	38	
1348	2	T 214	213	40	40	P 212	216	39	36	P 212	216	39	37	
1349	2	T 216	212	40	40	P 214	214	39	38	P 216	212	39	38	
1350	2	T 218	211	40	40	P 218	210	40	40	P 218	212	37	39	
1351	2	T 220	210	40	40	P 220	210	39	40	P 218	212	37	39	
1352	2	T 222	209	40	40	P 222	210	39	38	P 222	210	40	39	
1353	2	T 224	208	40	40	P 224	208	40	39	P 224	208	40	38	
1354	2	T 226	207	40	40	P 226	207	39	39	P 226	208	39	38	
1355	2	T 228	206	40	40	P 226	207	39	39	P 226	208	39	38	
1356	1	T 230	205	40	40	P 230	204	38	41	
1357	1	T 232	204	40	40	P 232	204	40	38	
1358	1	T 234	203	40	40	P 233	204	39	39	
1359	1	T 236	202	40	40	P 234	204	40	38	
1360	1	T 238	201	40	40	P 236	202	38	38	
1361	1	T 240	200	40	40	P 240	200	40	39	
1362	1	T 242	199	40	40	P 238	202	38	38	
1363	1	T 244	198	40	40	P 244	198	39	39	
1364	1	T 246	197	40	40	P 242	198	38	40	
1365	1	T 248	196	40	40	P 244	198	39	38	
1366	1	T 250	195	40	40	P 248	198	38	38	
1367	1	T 252	194	40	40	P 246	198	40	38	
1368	3	T 254	193	40	40	P 248	196	39	38	P 195	223	3	39	P 195	223	3	39	
1369	3	T 256	192	40	40	P 254	193	40	39	P 195	223	3	39	P 195	223	3	39	
1370	1	T 258	191	40	40	P 250	196	40	38	
1371	1	T 260	190	40	40	P 253	194	38	38	
1372	1	T 262	189	40	40	P 256	192	39	40	
1373	1	T 264	188	40	40	P 254	194	40	38	
1374	1	T 266	187	40	40	P 258	192	37	40	
1375	1	T 268	186	40	40	P 258	192	40	38	
1376	2	T 270	185	40	40	P 258	192	38	38	P 270	184	40	40	
1377	2	T 272	184	40	40	P 272	184	39	39	P 260	190	38	38	
1378	2	T 274	183	40	40	P 262	190	40	36	P 262	190	39	37	
1379	2	T 276	182	40	40	P 264	188	38	38	P 272	184	40	38	
1380	2	T 278	181	40	40	P 264	188	38	39	P 266	188	38	38	
1381	2	T 280	180	40	40	P 274	183	38	39	P 277	182	37	40	
1382	2	T 282	179	40	40	P 278	181	39	37	P 280	180	40	38	
1383	2	T 284	178	40	40	P 282	180	38	39	P 282	180	39	38	
1384	2	T 286	177	40	40	P 284	178	39	38	P 286	177	38	39	
1385	2	T 288	176	40	40	P 287	178	37	38	P 288	177	39	37	
1386	2	T 290	175	40	40	P 288	178	39	36	P 290	176	40	38	
1387	2	T 292	174	40	40	P 288	178	39	36	P 290	176	40	38	
1388	2	T 294	173	40	40	P 294	172	39	40	P 294	172	39	41	
1389	2	T 296	172	40	40	P 296	172	40	40	P 296	172	39	40	
1390	2	T 298	171	40	40	P 298	172	39	38	P 296	172	39	40	
1391	2	T 300	170	40	40	P 300	170	40	40	P 300	170	40	38	
1392	2	T 302	169	40	40	P 302	170	38	38	P 300	170	40	38	
1393	2	T 304	168	40	40	P 304	169	40	37	P 304	170	38	37	
1394	2	T 306	167	40	40	P 306	167	40	39	P 306	168	40	38	
1395	2	T 308	166	40	40	P 308	166	39	38	P 306	168	40	38	
1396	2	T 310	165	40	40	P 311	164	38	40	P 310	164	39	40	
1397	2	T 312	164	40	40	P 312	165	39	37	P 312	166	39	37	
1398	2	T 314	163	40	40	P 314	163	40	39	P 312	166	39	37	
1399	2	T 316	162	40	40	P 316	162	39	38	P 316	162	39	39	
1400	2	T 318	161	40	40	P 318	162	38	38	P 318	162	40	38	
1401	2	T 320	160	40	40	P 320	160	40	40	P 318	162	40	38	
1402	1	T 322	159	40	40	P 322	160	40	38	
1403	1	T 324	158	40	40	P 324	158	39	40	
1404	1	T 326	157	40	40	P 326	157	39	39	
1405	1	T 328	156	40	40	P 326	158	40	39	
1406	1	T 330	155	40	40	P 328	156	40	38	
1407	1	T 332	154	40	40	P 330	156	39	38	
1408	1	T 334	153	40	40	P 332	154	38	40	
1409	1	T 336	152	40	40	P 334	154	39	38	
1410	3	T 338	151	40	40	P 336	152	40	39	P 304	169	2	39	P 338	150	40	41	
1411	3	T 340	150	40	40	P 336	152	40	38	P 304	169	2	39	P 342	150	37	38	
1412	2	T 342	149	40	40	P 340	150	39	38	P 343	148	38	40	
1413	2	T 344	148	40	40	P 344	148	40	39	P 342	148	39	40	
1414	2	T 346	147	40	40	P 344	148	40	38	P 347	147	37	39	
1415	2	T 348	146	40	40	P 346	148	38	38	P 348	146	38	38	
1416	2	T 350	145	40	40	P 350	146	40	38	P 348	146	38	38	
1417	2	T 352	144	40	40	P 352	144	38	38	P 353	144	37	39	
1418	2	T 354	143	40	40	P 354	144	39	38	P 353	144	37	39	
1419	2	T 356	142	40	40	P 356	142	40	40	P 356	142	39	40	
1420	3	T 358	141	40	40	P 360	142	36	38	P 356	142	39	40	P 360	142	2	39	
1421	3	T 360	140	40	40	P 360	140	40	38	P 360	140	39	38	P 360	142	2	39	
1422	2	T 362	139	40	40	P 363	140	39	38	P 362	140	40	38	
1423	2	T 364	138	40	40	P 364	138	39	38	P 364	138	39	39	
1424	2	T 366	137	40	40	P 367	138	39	38	P 366	138	40	38	
1425	2	T 368	136	40	40	P 369	137	38	37	P 368	138	39	37	
1426	2	T 370	135	40	40	P 371	134	38	40	P 368	138	39	37	
1427	1	T 372	134	40	40	P 372	134	39	40	
1428	1	T 374	133	40	40	P 374	132	39	40	
1429	1	T 376	132	40	40	P 374	132	39	41	
1430	1	T 378	131	40	40	P 378	130	39	40	
1431	1	T 380	130	40	40	P 380	130	39	40	
1432	1	T 382	129	40	40	P 380	130	40	40	
1433	1	T 384	128	40	40	P 382	130	39	38	
1434	1	T 386	127	40	40	P 384	128	38	38	
1435	1	T 388	126	40	40	P 388	126	39	40	
1436	1	T 390	125	40	40	P 384	128	38	39	
1437	1	T 392	124	40	40	P 392	124	40	40	
1438	1	T 394	123	40	40	P 390	126	39	39	
1439	1	T 396	122	40	40	P 395	124	38	38	
1440	2	T 398	121	40	40	P 396	122	39	40	P 396	122	39	40	
1441	2	T 400	120	40	40	P 394	124	39	38	P 399	122	38	38	
1442	2	T 402	119	40	40	P 400	120	39	39	P 402	120	39	39	
1443	2	T 404	118	40	40	P 402	120	40	38	P 404	118	38	38	
1444	2	T 406	117	40	40	P 404	118	38	39	P 406	118	39	39	
1445	2	T 408	116	40	40	P 408	118	37	36	P 408	116	38	39	
1446	2	T 410	115	40	40	P 410	114	39	41	P 408	116	38	39	
1447	2	T 412	114	40	40	P 414	114	37	38	P 412	114	39	38	
1448	2	T 414	113	40	40	P 414	114	37	38	P 412	114	39	38	
1449	1	T 416	112	40	40	P 416	112	39	38	
1450	1	T 418	111	40	40	P 418	111	38	39	
1451	1	T 420	110	40	40	P 420	110	40	40	
1452	1	T 422	109	40	40	P 421	110	39	38	
1453	1	T 424	108	40	40	P 424	108	40	40	
1454	1	T 426	107	40	40	P 422	110	38	38	
1455	1	T 428	106	40	40	P 426	106	40	40	
1456	3	T 430	105	40	40	P 424	108	40	38	P 426	106	40	41	P 426	106	40	41	
1457	3	T 432	104	40	40	P 428	106	40	39	P 430	106	39	38	P 432	104	39	38	
1458	3	T 434	103	40	40	P 433	104	38	39	P 430	106	39	38	P 432	104	39	38	
1459	2	T 436	102	40	40	P 436	102	39	38	P 436	102	39	39	
1460	2	T 438	101	40	40	P 440	102	37	38	P 436	102	39	39	
1461	2	T 440	100	40	40	P 440	100	38	39	P 440	100	38	38	
1462	2	T 442	99	40	40	P 442	100	39	38	P 442	100	40	38	
1463	2	T 444	98	40	40	P 445	98	37	40	P 444	98	38	40	
1464	2	T 446	97	40	40	P 446	96	38	40	P 447	96	37	41	
1465	2	T 448	96	40	40	P 448	96	39	38	P 447	96	37	41	
1466	2	T 450	95	40	40	P 452	94	37	40	P 450	94	39	41	
1467	2	T 452	94	40	40	P 452	94	37	40	P 450	94	39	41	
1468	1	T 454	93	40	40	P 454	92	39	40	
1469	1	T 456	92	40	40	P 454	92	39	40	
1470	0	T 458	91	40	40	
1471	0	T 460	90	40	40	
1472	0	T 462	89	40	40	
1473	1	T 464	88	40	40	P 460	90	39	40	
1474	2	T 466	87	40	40	P 460	90	39	38	P 462	88	39	41	
1475	2	T 468	86	40	40	P 460	90	39	40	P 462	88	39	40	
1476	2	T 470	85	40	40	P 462	88	39	41	P 466	86	38	40	
1477	2	T 472	84	40	40	P 468	86	39	38	P 470	86	40	38	
1478	2	T 474	83	40	40	P 472	84	40	38	P 473	84	39	39	
1479	2	T 476	82	40	40	P 474	84	39	38	P 476	82	40	40	
1480	2	T 478	81	40	40	P 476	84	37	39	P 476	82	40	40	
1481	1	T 480	80	40	40	P 480	80	39	38	
1482	1	T 482	79	40	40	P 482	78	40	40	
1483	1	T 484	78	40	40	P 484	78	40	38	
1484	1	T 486	77	40	40	P 486	78	38	38	
1485	1	T 488	76	40	40	P 488	76	40	40	
1486	1	T 490	75	40	40	P 490	74	39	40	
1487	1	T 492	74	40	40	P 492	74	39	38	
1488	1	T 494	73	40	40	P 494	74	39	38	
1489	1	T 496	72	40	40	P 496	72	40	40	
1490	1	T 498	71	40	40	P 494	74	39	39	
1491	1	T 500	70	40	40	P 498	72	38	38	
1492	1	T 502	69	40	40	P 500	70	38	38	
1493	1	T 504	68	40	40	P 504	68	40	39	
1494	1	T 506	67	40	40	P 500	70	38	40	
1495	1	T 508	66	40	40	P 504	68	40	38	
1496	1	T 510	65	40	40	P 507	68	38	38	
1497	1	T 512	64	40	40	P 506	68	39	38	
1498	1	T 514	63	40	40	P 510	66	38	38	
1499	1	T 516	62	40	40	P 516	62	39	40	
1500	1	T 518	61	40	40	P 511	66	37	38	
1501	1	T 520	60	40	40	P 512	64	38	39	
1502	1	T 522	59	40	40	P 512	64	38	38	
1503	1	T 524	58	40	40	P 524	58	40	40	
1504	1	T 526	57	40	40	P 514	64	40	38	
1505	1	T 528	56	40	40	P 515	64	39	38	
1506	1	T 530	55	40	40	P 516	62	39	38	
1507	1	T 532	54	40	40	P 518	62	40	38	
1508	1	T 534	53	40	40	P 522	60	36	38	
1509	1	T 536	52	40	40	P 520	60	38	38	
1510	1	T 538	51	40	40	P 524	60	37	38	
1511	1	T 540	50	40	40	P 540	50	38	39	
1512	2	T 542	49	40	40	P 527	58	38	38	P 542	48	40	40	
1513	3	T 544	48	40	40	P 542	48	40	41	P 526	58	39	38	P 542	48	40	41	
1514	3	T 546	47	40	40	P 528	57	38	37	P 546	48	40	39	P 528	58	38	37	
1515	3	T 548	46	40	40	P 532	54	40	38	P 530	56	40	36	P 534	54	40	38	
1516	3	T 550	45	40	40	P 534	54	39	38	P 536	53	39	37	P 536	54	39	36	
1517	3	T 552	44	40	40	P 552	44	40	39	P 548	46	40	38	P 538	52	39	38	
1518	3	T 554	43	40	40	P 553	44	38	38	P 554	42	39	40	P 554	42	39	41	
1519	3	T 556	42	40	40	P 556	42	40	39	P 556	42	40	38	P 554	42	39	41	
1520	2	T 558	41	40	40	P 558	41	40	39	P 558	42	39	38	
1521	2	T 560	40	40	40	P 560	40	38	40	P 558	42	39	38	
1522	2	T 562	39	40	40	P 562	40	39	38	P 563	39	3	37	
1523	2	T 564	38	40	40	P 564	38	40	40	P 564	38	39	40	
1524	2	T 566	37	40	40	P 568	38	37	38	P 566	38	39	38	
1525	2	T 568	36	40	40	P 568	36	39	40	P 566	38	39	38	
1526	2	T 570	35	40	40	P 572	35	37	39	P 570	36	39	38	
1527	2	T 572	34	40	40	P 574	34	37	38	P 572	34	39	38	
1528	2	T 574	33	40	40	P 574	34	40	38	P 574	34	39	38	
1529	2	T 576	32	40	40	P 576	32	39	38	P 576	32	39	39	
1530	2	T 578	31	40	40	P 578	31	39	39	P 576	32	39	39	
1531	1	T 580	30	40	40	P 580	30	39	40	
1532	1	T 582	29	40	40	P 584	30	37	38	
1533	1	T 584	28	40	40	P 584	28	40	40	
1534	1	T 586	27	40	40	P 587	27	39	39	
1535	1	T 588	26	40	40	P 586	28	40	38	
1536	1	T 590	25	40	40	P 590	26	38	38	
1537	1	T 592	24	40	40	P 592	24	38	38	
1538	1	T 594	23	40	40	P 592	26	38	38	
1539	1	T 596	22	40	40	P 594	24	39	36	
1540	1	T 598	21	40	40	P 598	22	40	38	
1541	1	T 600	20	40	40	P 594	24	39	38	
1542	1	T 602	21	40	40	P 596	22	39	38	
1543	1	T 604	22	40	40	P 598	22	38	38	
1544	1	T 606	23	40	40	P 600	20	39	39	
1545	1	T 608	24	40	40	P 602	20	37	38	
1546	1	T 610	25	40	40	P 602	20	38	40	
1547	1	T 612	26	40	40	P 604	22	39	38	
1548	1	T 614	27	40	40	P 604	22	39	40	
1549	1	T 616	28	40	40	P 606	24	39	38	
1550	1	T 618	29	40	40	P 616	28	40	40	
1551	2	T 620	30	40	40	P 610	24	37	38	P 620	30	40	38	
1552	2	T 622	31	40	40	P 608	24	39	39	P 610	24	39	40	
1553	2	T 624	32	40	40	P 613	26	38	40	P 614	28	39	38	
1554	2	T 626	33	40	40	P 614	28	39	39	P 624	32	40	39	
1555	2	T 628	34	40	40	P 622	30	37	40	P 622	31	39	39	
1556	2	T 630	35	40	40	P 622	32	39	38	P 624	32	40	38	
1557	2	T 632	36	40	40	P 626	34	39	38	P 628	34	39	38	
1558	2	T 634	37	40	40	P 634	36	40	41	P 628	34	39	39	
1559	2	T 636	38	40	40	P 630	36	38	38	P 632	36	40	38	
1560	2	T 638	39	40	40	P 632	36	39	39	P 636	38	40	38	
1561	2	T 640	40	40	40	P 636	38	40	39	P 638	38	38	40	
1562	2	T 642	41	40	40	P 640	40	39	38	P 642	42	39	38	
1563	2	T 644	42	40	40	P 644	42	40	38	P 642	42	39	38	
1564	1	T 646	43	40	40	P 646	43	39	39	
1565	1	T 648	44	40	40	P 648	44	39	38	
1566	1	T 650	45	40	40	P 648	44	39	38	
1567	1	T 652	46	40	40	P 652	46	39	38	
1568	1	T 654	47	40	40	P 654	48	40	38	
1569	1	T 656	48	40	40	P 656	48	38	40	
1570	1	T 658	49	40	40	P 658	50	40	38	
1571	1	T 660	50	40	40	P 660	50	38	38	
1572	1	T 658	51	40	40	P 658	52	38	38	
1573	1	T 656	52	40	40	P 656	52	39	40	
1574	1	T 654	53	40	40	P 657	52	38	38	
1575	3	T 652	54	40	40	P 654	53	40	39	P 654	53	40	39	P 652	54	40	40	
1576	3	T 650	55	40	40	P 650	56	39	39	P 654	53	40	39	P 652	54	40	40	
1577	1	T 648	56	40	40	P 648	56	38	38	
1578	1	T 646	57	40	40	P 646	58	40	38	
1579	1	T 644	58	40	40	P 646	58	40	38	
1580	1	T 642	59	40	40	P 642	60	38	38	
1581	1	T 640	60	40	40	P 644	60	36	38	
1582	1	T 638	61	40	40	P 638	62	40	39	
1583	1	T 636	62	40	40	P 640	60	39	38	
1584	1	T 634	63	40	40	P 636	62	39	38	
1585	1	T 632	64	40	40	P 636	62	39	39	
1586	1	T 630	65	40	40	P 634	64	38	38	
1587	1	T 628	66	40	40	P 628	66	40	39	
1588	1	T 626	67	40	40	P 633	64	37	40	
1589	1	T 624	68	40	40	P 632	64	38	40	
1590	1	T 622	69	40	40	P 630	66	40	38	
1591	2	T 620	70	40	40	P 629	66	39	38	P 620	70	40	40	
1592	2	T 618	71	40	40	P 626	68	38	38	P 624	68	39	40	
1593	2	T 616	72	40	40	P 622	70	40	38	P 618	72	38	38	
1594	2	T 614	73	40	40	P 616	72	39	38	P 614	72	39	40	
1595	2	T 612	74	40	40	P 614	72	40	41	P 612	74	39	38	
1596	2	T 610	75	40	40	P 612	74	39	40	P 610	76	39	38	
1597	2	T 608	76	40	40	P 612	74	39	40	P 610	76	39	38	
1598	1	T 606	77	40	40	P 606	78	39	38	
1599	1	T 604	78	40	40	P 604	78	40	40	
1600	1	T 602	79	40	40	P 602	80	39	38	
1601	1	T 600	80	40	40	P 600	80	38	40	
1602	1	T 598	81	40	40	P 598	81	39	39	
1603	1	T 596	82	40	40	P 599	82	38	38	
1604	1	T 594	83	40	40	P 596	82	39	39	
1605	1	T 592	84	40	40	P 596	82	39	38	
1606	1	T 590	85	40	40	P 594	82	39	40	
1607	1	T 588	86	40	40	P 592	84	39	38	
1608	1	T 586	87	40	40	P 591	84	39	40	
1609	1	T 584	88	40	40	P 588	86	39	38	
1610	1	T 582	89	40	40	P 588	86	39	40	
1611	2	T 580	90	40	40	P 584	88	40	38	P 580	90	40	39	
1612	2	T 578	91	40	40	P 582	90	38	38	P 580	90	40	38	
1613	2	T 576	92	40	40	P 576	92	40	40	P 578	92	40	38	
1614	2	T 574	93	40	40	P 576	92	38	38	P 576	94	38	38	
1615	2	T 572	94	40	40	P 574	94	40	38	P 576	94	38	38	
1616	1	T 570	95	40	40	P 570	96	39	38	
1617	1	T 568	96	40	40	P 568	96	40	39	
1618	1	T 566	97	40	40	P 568	96	40	38	
1619	2	T 564	98	40	40	P 564	98	39	38	P 565	98	38	39	
1620	2	T 562	99	40	40	P 562	100	39	38	P 565	98	38	39	
1621	2	T 560	100	40	40	P 567	97	3	39	P 560	100	39	39	
1622	2	T 558	101	40	40	P 558	102	39	38	P 560	100	39	39	
1623	1	T 556	102	40	40	P 556	102	38	38	
1624	1	T 554	103	40	40	P 562	100	2	38	
1625	2	T 552	104	40	40	P 554	104	37	40	P 552	104	39	40	
1626	2	T 550	105	40	40	P 550	106	39	38	P 552	104	39	40	
1627	1	T 548	106	40	40	P 548	106	38	40	
1628	2	T 546	107	40	40	P 554	104	2	36	P 546	107	39	39	
1629	2	T 544	108	40	40	P 546	108	39	38	P 544	108	38	39	
1630	2	T 542	109	40	40	P 542	109	40	39	P 542	110	40	38	
1631	2	T 540	110	40	40	P 542	111	37	37	P 540	112	39	38	
1632	2	T 538	111	40	40	P 538	112	39	38	P 540	112	39	38	
1633	2	T 536	112	40	40	P 536	112	38	38	P 538	112	36	40	
1634	2	T 534	113	40	40	P 535	114	38	38	P 536	114	37	38	
1635	2	T 532	114	40	40	P 535	114	38	38	P 536	114	37	38	
1636	2	T 530	115	40	40	P 530	115	39	39	P 530	116	39	38	
1637	2	T 528	116	40	40	P 530	115	39	39	P 530	116	39	38	
1638	1	T 526	117	40	40	P 526	118	40	36	
1639	1	T 524	118	40	40	P 524	118	39	40	
1640	1	T 522	119	40	40	P 522	119	39	39	
1641	1	T 520	120	40	40	P 522	120	39	38	
1642	1	T 518	121	40	40	P 520	120	38	38	
1643	2	T 516	122	40	40	P 516	122	39	39	P 516	122	39	38	
1644	3	T 514	123	40	40	P 520	122	38	36	P 518	122	38	39	P 514	124	40	38	
1645	3	T 512	124	40	40	P 512	124	38	38	P 518	122	38	39	P 514	124	40	38	
1646	1	T 510	125	40	40	P 512	126	38	38	
1647	1	T 508	126	40	40	P 508	126	40	38	
1648	1	T 506	127	40	40	P 506	126	38	40	
1649	1	T 504	128	40	40	P 508	126	36	41	
1650	1	T 502	129	40	40	P 504	128	38	38	
1651	1	T 500	130	40	40	P 504	128	40	39	
1652	1	T 498	131	40	40	P 502	130	39	38	
1653	1	T 496	132	40	40	P 498	132	39	39	
1654	1	T 494	133	40	40	P 496	132	38	38	
1655	1	T 492	134	40	40	P 492	134	40	40	
1656	1	T 490	135	40	40	P 496	132	38	39	
1657	1	T 488	136	40	40	P 490	134	39	40	
1658	1	T 486	137	40	40	P 495	133	38	39	
1659	2	T 484	138	40	40	P 494	134	39	38	P 484	138	40	39	
1660	3	T 482	139	40	40	P 492	134	40	38	P 492	134	37	40	P 482	138	39	41	
1661	3	T 480	140	40	40	P 488	136	40	38	P 486	138	40	38	P 486	138	38	38	
1662	3	T 478	141	40	40	P 485	138	38	38	P 482	138	39	40	P 480	140	39	40	
1663	3	T 476	142	40	40	P 476	142	39	40	P 478	142	39	36	P 478	142	39	37	
1664	3	T 474	143	40	40	P 474	144	38	38	P 478	142	39	36	P 478	142	39	37	
1665	2	T 472	144	40	40	P 472	144	39	38	P 474	144	37	39	
1666	2	T 470	145	40	40	P 470	146	40	39	P 470	146	40	38	
1667	2	T 468	146	40	40	P 468	146	39	38	P 468	146	39	39	
1668	2	T 466	147	40	40	P 466	148	39	38	P 468	146	39	39	
1669	2	T 464	148	40	40	P 464	148	38	38	P 464	148	38	39	
1670	2	T 462	149	40	40	P 462	150	39	38	P 462	150	40	38	
1671	2	T 460	150	40	40	P 460	150	40	38	P 462	150	40	38	
1672	2	T 458	151	40	40	P 459	151	38	39	P 458	152	39	38	
1673	2	T 456	152	40	40	P 456	152	39	38	P 457	152	38	39	
1674	2	T 454	153	40	40	P 456	152	37	40	P 457	152	38	39	
1675	1	T 452	154	40	40	P 456	152	37	40	
1676	1	T 450	155	40	40	P 451	154	39	40	
1677	1	T 448	156	40	40	P 448	156	39	38	
1678	1	T 446	157	40	40	P 446	157	40	39	
1679	1	T 444	158	40	40	P 446	158	40	38	
1680	1	T 442	159	40	40	P 444	158	40	38	
1681	3	T 440	160	40	40	P 444	158	40	39	P 444	158	40	39	P 442	160	36	40	
1682	3	T 438	161	40	40	P 440	160	38	40	P 438	162	39	38	P 442	160	36	40	
1683	3	T 436	162	40	40	P 436	162	39	38	P 444	160	2	39	P 436	162	39	39	
1684	3	T 434	163	40	40	P 434	163	38	39	P 434	164	38	38	P 436	162	39	39	
1685	2	T 432	164	40	40	P 432	164	39	40	P 434	164	37	38	
1686	2	T 430	165	40	40	P 430	166	38	38	P 434	164	37	38	
1687	2	T 428	166	40	40	P 428	166	38	38	P 429	166	37	40	
1688	2	T 426	167	40	40	P 426	168	40	38	P 429	166	37	40	
1689	2	T 424	168	40	40	P 424	168	39	38	P 424	168	39	39	
1690	2	T 422	169	40	40	P 422	170	40	38	P 424	168	39	39	
1691	2	T 420	170	40	40	P 420	171	39	37	P 422	172	37	38	
1692	2	T 418	171	40	40	P 418	171	39	39	P 422	172	37	38	
1693	2	T 416	172	40	40	P 416	172	40	38	P 416	172	40	39	
1694	2	T 414	173	40	40	P 414	172	38	40	P 416	172	36	41	
1695	2	T 412	174	40	40	P 412	174	38	38	P 416	172	36	41	
1696	2	T 410	175	40	40	P 410	176	39	39	P 411	175	38	39	
1697	2	T 408	176	40	40	P 408	176	38	38	P 408	176	38	39	
1698	2	T 406	177	40	40	P 406	177	40	39	P 408	178	38	39	
1699	2	T 404	178	40	40	P 404	178	38	38	P 404	178	38	39	
1700	2	T 402	179	40	40	P 402	180	38	38	P 404	178	38	39	
1701	1	T 400	180	40	40	P 402	180	38	38	
1702	0	T 398	181	40	40	
1703	1	T 396	182	40	40	P 433	182	3	38	
1704	1	T 394	183	40	40	P 395	184	39	38	
1705	1	T 392	184	40	40	P 394	184	40	38	
1706	1	T 390	185	40	40	P 392	184	39	38	
1707	3	T 388	186	40	40	P 394	184	37	39	P 394	184	37	39	P 390	186	39	38	
1708	4	T 386	187	40	40	P 389	186	38	40	P 390	186	40	38	P 388	186	39	40	P 387	187	3	39	
1709	4	T 384	188	40	40	P 386	188	38	38	P 385	188	37	38	P 384	188	38	40	P 387	187	3	39	
1710	3	T 382	189	40	40	P 382	188	40	40	P 385	188	37	38	P 384	188	38	40	
1711	1	T 380	190	40	40	P 380	190	39	40	
1712	1	T 378	191	40	40	P 378	191	39	37	
1713	1	T 376	192	40	40	P 376	192	40	40	
1714	1	T 374	193	40	40	P 378	192	37	40	
1715	1	T 372	194	40	40	P 374	194	38	38	
1716	1	T 370	195	40	40	P 372	194	39	38	
1717	1	T 368	196	40	40	P 368	196	40	40	
1718	1	T 366	197	40	40	P 366	198	38	36	
1719	2	T 364	198	40	40	P 364	198	39	38	P 364	198	40	39	
1720	2	T 362	199	40	40	P 366	198	38	38	P 362	200	40	38	
1721	2	T 360	200	40	40	P 360	200	39	39	P 363	200	38	38	
1722	2	T 358	201	40	40	P 360	200	39	38	P 358	200	38	40	
1723	3	T 356	202	40	40	P 358	200	38	41	P 358	200	38	40	P 392	202	3	38	
1724	2	T 354	203	40	40	P 354	204	39	38	P 392	202	3	38	
1725	1	T 352	204	40	40	P 352	204	38	39	
1726	1	T 350	205	40	40	P 350	204	39	40	
1727	2	T 348	206	40	40	P 356	202	4	38	P 348	206	40	40	
1728	2	T 346	207	40	40	P 356	202	4	38	P 348	206	40	40	
1729	1	T 344	208	40	40	P 344	208	38	39	
1730	1	T 342	209	40	40	P 342	210	40	38	
1731	1	T 340	210	40	40	P 342	210	40	38	
1732	1	T 338	211	40	40	P 338	212	40	38	
1733	1	T 336	212	40	40	P 336	212	39	40	
1734	1	T 334	213	40	40	P 337	212	38	40	
1735	1	T 332	214	40	40	P 334	212	39	41	
1736	1	T 330	215	40	40	P 334	212	39	40	
1737	1	T 328	216	40	40	P 332	214	40	38	
1738	2	T 326	217	40	40	P 328	216	39	38	P 328	216	39	38	
1739	2	T 324	218	40	40	P 324	218	40	39	P 328	216	39	40	
1740	2	T 322	219	40	40	P 324	218	40	38	P 322	220	40	38	
1741	2	T 320	220	40	40	P 320	220	39	38	P 322	220	40	38	
1742	1	T 318	221	40	40	P 320	222	37	38	
1743	1	T 316	222	40	40	P 316	222	40	39	
1744	1	T 314	223	40	40	P 316	222	40	38	
1745	1	T 312	224	40	40	P 314	224	39	38	
1746	1	T 310	225	40	40	P 312	224	39	38	
1747	2	T 308	226	40	40	P 312	224	39	39	P 312	224	39	39	
1748	2	T 306	227	40	40	P 310	226	39	38	P 306	228	39	38	
1749	2	T 304	228	40	40	P 304	228	39	40	P 306	228	39	38	
1750	1	T 302	229	40	40	P 302	229	38	37	
1751	1	T 300	230	40	40	P 300	230	40	38	
1752	1	T 298	231	40	40	P 298	232	40	38	
1753	2	T 296	232	40	40	P 298	232	40	39	P 298	232	40	39	
1754	2	T 294	233	40	40	P 294	233	40	39	P 294	234	40	38	
1755	2	T 292	234	40	40	P 294	233	40	39	P 294	234	40	38	
1756	2	T 290	235	40	40	P 290	234	40	40	P 290	234	39	40	
1757	2	T 288	236	40	40	P 290	234	40	40	P 290	234	39	40	
1758	1	T 286	237	40	40	P 287	237	38	39	
1759	1	T 284	238	40	40	P 284	238	38	38	
1760	1	T 282	239	40	40	P 282	238	39	40	
1761	1	T 280	240	40	40	P 284	238	38	40	
1762	1	T 278	241	40	40	P 282	238	40	41	
1763	1	T 276	242	40	40	P 280	240	39	40	
1764	1	T 274	243	40	40	P 278	242	39	38	
1765	1	T 272	244	40	40	P 276	242	39	38	
1766	4	T 270	245	40	40	P 274	242	39	40	P 274	242	39	40	P 274	242	39	41	P 274	242	39	41	
1767	4	T 268	246	40	40	P 272	244	39	38	P 274	242	39	40	P 274	242	39	41	P 274	242	39	41	
1768	2	T 266	247	40	40	P 266	248	40	39	P 266	248	40	38	
1769	2	T 264	248	40	40	P 264	248	38	38	P 264	248	40	40	
1770	2	T 262	249	40	40	P 262	250	39	38	P 264	248	40	40	
1771	1	T 260	250	40	40	P 260	250	40	39	
1772	1	T 258	251	40	40	P 258	252	39	38	
1773	1	T 256	252	40	40	P 256	252	39	38	
1774	1	T 254	253	40	40	P 256	252	39	39	
1775	2	T 252	254	40	40	P 254	252	39	40	P 254	252	39	40	
1776	2	T 250	255	40	40	P 254	252	39	40	P 254	252	39	40	
1777	2	T 248	256	40	40	P 248	256	38	38	P 248	256	40	39	
1778	2	T 246	257	40	40	P 248	256	38	38	P 248	256	40	39	
1779	0	T 244	258	40	40	
1780	0	T 242	259	40	40	
1781	0	T 240	260	40	40	
1782	0	T 238	261	40	40	
1783	0	T 236	262	40	40	
1784	2	T 234	263	40	40	P 240	260	40	40	P 240	260	40	40	
1785	2	T 232	264	40	40	P 244	258	38	40	P 240	260	40	38	
1786	2	T 230	265	40	40	P 238	262	40	38	P 230	266	40	38	
1787	2	T 228	266	40	40	P 228	266	40	39	P 230	266	40	38	
1788	1	T 226	267	40	40	P 226	268	40	38	
1789	1	T 224	268	40	40	P 224	268	40	38	
1790	1	T 222	269	40	40	P 222	268	40	40	
1791	1	T 220	270	40	40	P 222	268	40	41	
1792	1	T 218	271	40	40	P 220	270	40	38	
1793	1	T 216	272	40	40	P 218	271	38	39	
1794	1	T 214	273	40	40	P 216	272	38	40	
1795	2	T 212	274	40	40	P 214	272	38	40	P 214	272	38	40	
1796	2	T 210	275	40	40	P 212	274	39	39	P 210	276	40	38	
1797	2	T 208	276	40	40	P 212	274	39	39	P 210	276	40	38	
1798	1	T 206	277	40	40	P 206	278	38	38	
1799	1	T 204	278	40	40	P 204	278	39	38	
1800	1	T 202	279	40	40	P 202	280	38	38	
1801	1	T 200	280	40	40	P 200	280	40	40	
1802	1	T 198	281	40	40	P 203	280	37	38	
1803	1	T 196	282	40	40	P 198	282	38	38	
1804	1	T 194	283	40	40	P 196	282	38	38	
1805	1	T 192	284	40	40	P 194	282	38	40	
1806	1	T 190	285	40	40	P 194	282	38	41	
1807	1	T 188	286	40	40	P 190	285	40	39	
1808	1	T 186	287	40	40	P 188	286	39	39	
1809	1	T 184	288	40	40	P 184	288	40	40	
1810	1	T 182	289	40	40	P 186	288	40	36	
1811	1	T 180	290	40	40	P 186	288	40	38	
1812	1	T 178	291	40	40	P 184	288	38	40	
1813	1	T 176	292	40	40	P 180	290	39	38	
1814	1	T 174	293	40	40	P 180	290	39	39	
1815	1	T 172	294	40	40	P 178	291	39	39	
1816	1	T 170	295	40	40	P 176	292	39	39	
1817	1	T 168	296	40	40	P 174	294	39	38	
1818	1	T 166	297	40	40	P 170	295	39	39	
1819	1	T 164	298	40	40	P 170	296	39	38	
1820	1	T 162	299	40	40	P 162	299	40	39	
1821	1	T 160	300	40	40	P 168	296	39	38	
1822	2	T 158	301	40	40	P 166	298	40	38	P 160	300	39	39	
1823	2	T 156	302	40	40	P 164	298	39	38	P 163	300	38	38	
1824	2	T 154	303	40	40	P 160	300	39	38	P 160	300	39	39	
1825	2	T 152	304	40	40	P 156	302	38	40	P 154	302	39	40	
1826	3	T 150	305	40	40	P 152	304	40	38	P 153	304	39	39	P 153	304	39	39	
1827	3	T 148	306	40	40	P 150	306	39	38	P 148	306	38	38	P 153	304	39	39	
1828	2	T 146	307	40	40	P 146	306	40	40	P 148	306	38	38	
1829	1	T 144	308	40	40	P 146	308	37	39	
1830	1	T 142	309	40	40	P 142	308	39	40	
1831	1	T 140	310	40	40	P 140	310	40	39	
1832	1	T 138	311	40	40	P 138	310	40	40	
1833	1	T 136	312	40	40	P 139	310	37	40	
1834	2	T 134	313	40	40	P 136	312	40	40	P 136	312	40	40	
1835	2	T 132	314	40	40	P 134	313	40	39	P 132	314	40	40	
1836	2	T 130	315	40	40	P 130	316	39	38	P 132	314	40	40	
1837	1	T 128	316	40	40	P 128	316	38	40	
1838	1	T 126	317	40	40	P 126	316	38	41	
1839	1	T 124	318	40	40	P 124	318	40	39	
1840	1	T 122	319	40	40	P 122	318	40	40	
1841	1	T 120	320	40	40	P 120	320	39	38	
1842	1	T 118	321	40	40	P 120	320	39	39	
1843	1	T 116	322	40	40	P 116	322	40	40	
1844	1	T 114	323	40	40	P 120	321	38	39	
1845	1	T 112	324	40	40	P 118	322	40	38	
1846	2	T 110	325	40	40	P 114	324	39	38	P 110	324	39	41	
1847	2	T 108	326	40	40	P 115	324	38	38	P 110	324	39	40	
1848	2	T 106	327	40	40	P 108	326	39	40	P 106	328	38	38	
1849	2	T 104	328	40	40	P 104	328	39	38	P 104	328	39	39	
1850	2	T 102	329	40	40	P 102	328	39	40	P 102	328	39	41	
1851	2	T 100	330	40	40	P 102	330	36	40	P 102	328	39	41	
1852	1	T 98	331	40	40	P 98	332	39	38	
1853	1	T 96	332	40	40	P 98	332	39	38	
1854	1	T 94	333	40	40	P 94	333	38	39	
1855	1	T 92	334	40	40	P 92	334	39	40	
1856	2	T 90	335	40	40	P 99	331	3	39	P 99	331	3	39	
1857	2	T 88	336	40	40	P 94	334	38	38	P 90	336	39	38	
1858	2	T 86	337	40	40	P 88	336	39	39	P 88	336	40	38	
1859	2	T 84	338	40	40	P 86	336	38	40	P 84	338	39	38	
1860	2	T 82	339	40	40	P 84	338	39	40	P 82	339	40	39	
1861	2	T 80	340	40	40	P 80	340	39	40	P 82	339	40	39	
1862	2	T 78	341	40	40	P 78	341	38	39	P 78	342	38	38	
1863	2	T 76	342	40	40	P 76	342	39	38	P 76	342	39	39	
1864	2	T 74	343	40	40	P 74	344	39	38	P 76	342	39	39	
1865	1	T 72	344	40	40	P 74	344	37	38	
1866	1	T 70	345	40	40	P 70	344	40	40	
1867	2	T 68	346	40	40	P 70	344	40	41	P 70	344	40	41	
1868	2	T 66	347	40	40	P 68	346	39	40	P 66	346	39	40	
1869	2	T 64	348	40	40	P 66	346	39	41	P 64	348	39	38	
1870	2	T 62	349	40	40	P 64	348	40	39	P 62	349	39	39	
1871	3	T 60	350	40	40	P 62	350	39	38	P 62	349	39	39	P 62	350	39	38	
1872	3	T 58	351	40	40	P 58	352	39	38	P 58	352	39	39	P 62	350	39	38	
1873	2	T 56	352	40	40	P 58	352	37	38	P 56	352	39	38	
1874	2	T 54	353	40	40	P 54	354	39	39	P 56	352	39	38	
1875	2	T 52	354	40	40	P 52	354	40	40	P 53	354	39	40	
1876	2	T 50	355	40	40	P 50	356	39	38	P 53	354	39	40	
1877	1	T 48	356	40	40	P 48	356	40	38	
1878	1	T 46	357	40	40	P 46	358	38	38	
1879	1	T 44	358	40	40	P 44	358	40	39	
1880	1	T 42	359	40	40	P 46	358	40	38	
1881	1	T 40	360	40	40	P 45	358	38	38	
1882	1	T 38	361	40	40	P 42	360	38	38	
1883	1	T 36	362	40	40	P 38	362	39	38	
1884	2	T 34	363	40	40	P 36	362	38	40	P 36	362	38	40	
1885	2	T 32	364	40	40	P 34	364	40	38	P 32	364	39	40	
1886	2	T 30	365	40	40	P 30	366	39	36	P 32	364	39	40	
1887	2	T 28	366	40	40	P 29	366	38	38	P 28	366	39	39	
1888	2	T 26	367	40	40	P 26	368	39	36	P 26	368	39	38	
1889	2	T 24	368	40	40	P 24	368	38	38	P 24	368	38	40	
1890	2	T 22	369	40	40	P 24	370	38	38	P 22	370	40	38	
1891	2	T 20	370	40	40	P 20	370	40	40	P 20	370	38	40	
1892	2	T 22	371	40	40	P 22	370	40	41	P 20	370	38	40	
1893	2	T 24	372	40	40	P 24	372	38	38	P 26	372	36	39	
1894	2	T 26	373	40	40	P 26	374	39	38	P 26	372	36	39	
1895	1	T 28	374	40	40	P 28	374	38	40	
1896	2	T 30	375	40	40	P 28	374	38	40	P 31	375	3	39	
1897	2	T 32	376	40	40	P 34	376	37	38	P 34	376	37	40	
1898	2	T 34	377	40	40	P 34	376	38	40	P 34	376	37	40	
1899	1	T 36	378	40	40	P 38	378	37	39	
1900	1	T 38	379	40	40	P 38	379	39	39	
1901	1	T 40	380	40	40	P 38	380	39	38	
1902	1	T 42	381	40	40	P 42	382	40	38	
1903	1	T 44	382	40	40	P 42	382	38	38	
1904	1	T 46	383	40	40	P 44	382	40	38	
1905	1	T 48	384	40	40	P 44	382	38	39	
1906	1	T 50	385	40	40	P 46	384	38	38	
1907	2	T 52	386	40	40	P 48	384	38	38	P 50	386	40	38	
1908	2	T 54	387	40	40	P 54	388	39	39	P 48	384	38	39	
1909	2	T 56	388	40	40	P 50	386	40	38	P 58	388	2	38	
1910	2	T 58	389	40	40	P 56	388	39	39	P 58	388	2	38	
1911	2	T 60	390	40	40	P 61	390	38	38	P 60	390	39	39	
1912	2	T 62	391	40	40	P 62	390	38	40	P 60	390	39	39	
1913	2	T 64	392	40	40	P 64	392	40	38	P 64	392	40	40	
1914	2	T 66	393	40	40	P 66	394	40	38	P 66	394	39	38	
1915	2	T 68	394	40	40	P 68	394	39	38	P 68	394	39	39	
1916	2	T 70	395	40	40	P 70	396	40	39	P 68	394	39	39	
1917	1	T 72	396	40	40	P 72	396	39	40	
1918	1	T 74	397	40	40	P 74	396	40	40	
1919	1	T 76	398	40	40	P 78	398	38	38	
1920	1	T 78	399	40	40	P 76	398	40	39	
1921	2	T 80	400	40	40	P 78	399	39	39	P 78	399	39	39	
1922	2	T 82	401	40	40	P 78	400	40	38	P 80	400	38	39	
1923	2	T 84	402	40	40	P 84	402	38	39	P 84	402	40	38	
1924	2	T 86	403	40	40	P 84	402	40	39	P 86	403	39	39	
1925	2	T 88	404	40	40	P 86	404	39	38	P 88	404	38	38	
1926	2	T 90	405	40	40	P 88	404	38	39	P 90	406	38	38	
1927	2	T 92	406	40	40	P 92	406	40	38	P 92	406	40	39	
1928	2	T 94	407	40	40	P 94	406	39	40	P 92	406	40	39	
1929	1	T 96	408	40	40	P 94	406	39	40	
1930	0	T 98	409	40	40	
1931	1	T 100	410	40	40	P 100	410	40	39	
1932	1	T 102	411	40	40	P 100	410	40	38	
1933	1	T 104	412	40	40	P 102	412	38	38	
1934	2	T 106	413	40	40	P 104	412	39	39	P 106	412	39	41	
1935	3	T 108	414	40	40	P 105	412	38	38	P 106	412	39	40	P 106	412	39	40	
1936	3	T 110	415	40	40	P 110	414	40	40	P 108	414	38	40	P 106	412	39	40	
1937	2	T 112	416	40	40	P 112	416	39	39	P 108	414	38	40	
1938	1	T 114	417	40	40	P 114	418	38	38	
1939	1	T 116	418	40	40	P 116	418	39	40	
1940	1	T 118	419	40	40	P 118	418	39	41	
1941	1	T 120	420	40	40	P 120	420	39	40	
1942	1	T 122	419	40	40	P 124	418	37	40	
1943	1	T 124	418	40	40	P 124	418	40	38	
1944	1	T 126	417	40	40	P 126	416	39	40	
1945	1	T 128	416	40	40	P 128	416	39	38	
1946	1	T 130	415	40	40	P 128	416	39	39	
1947	1	T 132	414	40	40	P 130	415	39	39	
1948	1	T 134	413	40	40	P 130	416	39	38	
1949	1	T 136	412	40	40	P 136	412	40	39	
1950	1	T 138	411	40	40	P 132	414	39	40	
1951	1	T 140	410	40	40	P 134	414	40	38	
1952	1	T 142	409	40	40	P 138	411	39	39	
1953	1	T 144	408	40	40	P 138	412	39	38	
1954	1	T 146	407	40	40	P 144	408	40	39	
1955	2	T 148	406	40	40	P 140	410	40	38	P 146	406	39	41	
1956	2	T 150	405	40	40	P 142	410	39	38	P 146	406	39	40	
1957	2	T 152	404	40	40	P 148	406	38	40	P 150	406	39	38	
1958	2	T 154	403	40	40	P 150	406	39	39	P 152	406	39	36	
1959	2	T 156	402	40	40	P 152	406	39	37	P 154	404	40	38	
1960	2	T 158	401	40	40	P 158	400	40	40	P 154	404	38	38	
1961	2	T 160	400	40	40	P 156	402	39	38	P 156	402	39	39	
1962	2	T 162	399	40	40	P 162	399	40	39	P 160	400	39	38	
1963	2	T 164	398	40	40	P 160	400	39	39	P 160	400	39	38	
1964	1	T 166	397	40	40	P 166	396	40	40	
1965	1	T 168	396	40	40	P 168	396	40	38	
1966	1	T 170	395	40	40	P 168	396	39	39	
1967	1	T 172	394	40	40	P 170	396	39	38	
1968	3	T 174	393	40	40	P 174	392	40	40	P 172	394	39	40	P 172	394	39	40	
1969	3	T 176	392	40	40	P 172	394	39	38	P 176	392	38	40	P 172	394	39	40	
1970	2	T 178	391	40	40	P 178	391	39	39	P 178	392	39	38	
1971	2	T 180	390	40	40	P 180	390	40	38	P 181	390	39	39	
1972	2	T 182	389	40	40	P 182	390	40	38	P 181	390	39	39	
1973	2	T 184	388	40	40	P 184	388	39	40	P 186	388	37	40	
1974	2	T 186	387	40	40	P 186	388	38	38	P 187	388	37	38	
1975	2	T 188	386	40	40	P 188	386	39	40	P 188	386	40	40	
1976	2	T 190	385	40	40	P 190	386	40	38	P 188	386	40	40	
1977	1	T 192	384	40	40	P 192	384	38	38	
1978	1	T 194	383	40	40	P 192	384	38	38	
1979	1	T 196	382	40	40	P 197	384	39	37	
1980	2	T 198	381	40	40	P 198	382	40	38	P 199	382	39	38	
1981	2	T 200	380	40	40	P 200	380	39	38	P 199	382	39	38	
1982	1	T 202	379	40	40	P 202	379	40	39	
1983	1	T 204	378	40	40	P 204	378	39	39	
1984	1	T 206	377	40	40	P 206	378	40	38	
1985	1	T 208	376	40	40	P 206	378	39	38	
1986	3	T 210	375	40	40	P 208	376	39	38	P 208	376	39	38	P 208	376	39	39	
1987	3	T 212	374	40	40	P 212	374	38	39	P 208	376	39	38	P 208	376	39	39	
1988	1	T 214	373	40	40	P 214	374	39	36	
1989	2	T 216	372	40	40	P 216	372	39	38	P 216	372	39	39	
1990	2	T 218	371	40	40	P 218	370	40	41	P 219	370	39	40	
1991	2	T 220	370	40	40	P 220	370	38	38	P 219	370	39	40	
1992	1	T 222	369	40	40	P 223	370	38	38	
1993	1	T 224	368	40	40	P 224	368	40	38	
1994	1	T 226	367	40	40	P 226	368	40	38	
1995	1	T 228	366	40	40	P 228	366	40	38	
1996	1	T 230	365	40	40	P 230	366	39	38	
1997	1	T 232	364	40	40	P 232	364	40	39	
1998	1	T 234	363	40	40	P 231	366	38	39	
1999	1	T 236	362	40	40	P 232	364	40	38	
2000	1	T 238	361	40	40	P 234	363	38	39	
