1	1	T 80	80	40	40	P 56	56	85	85	
2	1	T 82	81	40	40	P 56	56	85	85	
3	1	T 84	82	40	40	P 70	56	71	85	
4	1	T 86	83	40	40	P 70	56	71	85	
5	1	T 88	84	40	40	P 70	70	85	71	
6	1	T 90	85	40	40	P 70	70	85	71	
7	1	T 92	86	40	40	P 70	70	85	71	
8	1	T 94	87	40	40	P 70	70	85	85	
9	1	T 96	88	40	40	P 70	70	57	85	
10	1	T 98	89	40	40	P 84	70	71	85	
11	1	T 100	90	40	40	P 84	70	71	85	
12	1	T 102	91	40	40	P 84	70	85	85	
13	1	T 104	92	40	40	P 84	70	85	85	
14	1	T 106	93	40	40	P 84	70	85	85	
15	1	T 108	94	40	40	P 84	70	85	85	
16	1	T 110	95	40	40	P 84	70	85	85	
17	1	T 112	96	40	40	P 98	70	71	85	
18	1	T 114	97	40	40	P 98	70	71	85	
19	1	T 116	98	40	40	P 98	84	85	71	
20	1	T 118	99	40	40	P 98	84	85	71	
21	1	T 120	100	40	40	P 98	84	85	71	
22	1	T 122	101	40	40	P 98	84	85	85	
23	1	T 124	102	40	40	P 98	84	85	43	
24	1	T 126	103	40	40	P 112	84	71	85	
25	1	T 128	104	40	40	P 112	84	43	85	
26	1	T 130	105	40	40	P 112	84	85	85	
27	1	T 132	106	40	40	P 112	84	85	85	
28	1	T 134	107	40	40	P 112	84	85	85	
29	1	T 136	108	40	40	P 112	84	85	85	
30	1	T 138	109	40	40	P 112	84	85	85	
31	1	T 140	110	40	40	P 126	84	71	85	
32	1	T 142	111	40	40	P 126	84	71	85	
33	1	T 144	112	40	40	P 126	98	85	71	
34	1	T 146	113	40	40	P 126	98	85	71	
35	1	T 148	114	40	40	P 126	98	85	71	
36	1	T 150	115	40	40	P 126	98	85	85	
37	1	T 152	116	40	40	P 126	98	85	85	
38	1	T 154	117	40	40	P 140	98	71	85	
39	1	T 156	118	40	40	P 140	98	71	85	
40	1	T 158	119	40	40	P 140	98	85	85	
41	1	T 160	120	40	40	P 140	98	85	85	
42	1	T 162	121	40	40	P 140	98	85	43	
43	1	T 164	122	40	40	P 140	98	85	85	
44	1	T 166	123	40	40	P 140	98	85	85	
45	1	T 168	124	40	40	P 154	98	71	85	
46	1	T 170	125	40	40	P 154	98	71	85	
47	1	T 172	126	40	40	P 154	112	85	71	
48	1	T 174	127	40	40	P 154	112	85	71	
49	1	T 176	128	40	40	P 154	112	85	71	
50	1	T 178	129	40	40	P 154	112	85	85	
51	1	T 180	130	40	40	P 154	112	85	85	
52	1	T 182	131	40	40	P 168	112	71	85	
53	1	T 184	132	40	40	P 168	112	71	85	
54	1	T 186	133	40	40	P 168	112	85	85	
55	1	T 188	134	40	40	P 168	112	85	85	
56	1	T 190	135	40	40	P 168	112	85	85	
57	1	T 192	136	40	40	P 168	112	85	85	
58	1	T 194	137	40	40	P 168	112	85	85	
59	1	T 196	138	40	40	P 182	112	71	85	
60	1	T 198	139	40	40	P 182	112	71	85	
61	1	T 200	140	40	40	P 182	126	85	71	
62	1	T 202	141	40	40	P 182	126	85	71	
63	1	T 204	142	40	40	P 182	126	85	71	
64	1	T 206	143	40	40	P 182	126	85	85	
65	1	T 208	144	40	40	P 182	126	85	85	
66	1	T 210	145	40	40	P 196	126	71	85	
67	1	T 212	146	40	40	P 196	126	71	85	
68	1	T 214	147	40	40	P 196	126	85	85	
69	1	T 216	148	40	40	P 196	126	85	85	
70	1	T 218	149	40	40	P 196	126	85	85	
71	1	T 220	150	40	40	P 196	126	85	85	
72	1	T 222	151	40	40	P 196	126	85	85	
73	1	T 224	152	40	40	P 210	126	71	85	
74	1	T 226	153	40	40	P 210	126	71	85	
75	1	T 228	154	40	40	P 210	140	85	71	
76	1	T 230	155	40	40	P 210	140	85	71	
77	1	T 232	156	40	40	P 210	140	85	71	
78	1	T 234	157	40	40	P 210	140	85	85	
79	1	T 236	158	40	40	P 210	140	85	85	
80	1	T 238	159	40	40	P 224	140	71	85	
81	1	T 240	160	40	40	P 224	140	71	85	
82	1	T 242	161	40	40	P 224	140	85	85	
83	1	T 244	162	40	40	P 224	140	85	85	
84	1	T 246	163	40	40	P 224	140	85	85	
85	1	T 248	164	40	40	P 224	140	85	85	
86	1	T 250	165	40	40	P 224	140	57	85	
87	1	T 252	166	40	40	P 238	140	71	85	
88	1	T 254	167	40	40	P 238	140	71	85	
89	1	T 256	168	40	40	P 238	154	85	71	
90	1	T 258	169	40	40	P 238	154	85	71	
91	1	T 260	170	40	40	P 238	154	85	71	
92	1	T 262	171	40	40	P 238	154	85	85	
93	1	T 264	172	40	40	P 238	154	85	85	
94	1	T 266	173	40	40	P 252	154	71	85	
95	1	T 268	174	40	40	P 252	154	71	85	
96	1	T 270	175	40	40	P 252	154	85	85	
97	1	T 272	176	40	40	P 252	154	85	85	
98	1	T 274	177	40	40	P 252	154	85	43	
99	1	T 276	178	40	40	P 252	154	85	85	
100	1	T 278	179	40	40	P 252	154	85	85	
101	1	T 280	180	40	40	P 266	154	71	85	
102	1	T 282	181	40	40	P 266	154	71	85	
103	1	T 284	182	40	40	P 266	168	85	71	
104	1	T 286	183	40	40	P 266	168	85	71	
105	1	T 288	184	40	40	P 266	168	85	71	
106	1	T 290	185	40	40	P 266	168	85	85	
107	1	T 292	186	40	40	P 266	168	85	85	
108	1	T 294	187	40	40	P 280	168	71	85	
109	1	T 296	188	40	40	P 280	168	71	85	
110	1	T 298	189	40	40	P 280	168	85	85	
111	1	T 300	190	40	40	P 280	168	85	43	
112	1	T 302	191	40	40	P 280	168	85	85	
113	1	T 304	192	40	40	P 280	168	85	85	
114	1	T 306	193	40	40	P 280	168	85	85	
115	1	T 308	194	40	40	P 322	168	43	85	
116	1	T 310	195	40	40	P 294	168	71	85	
117	1	T 312	196	40	40	P 294	182	85	71	
118	1	T 314	197	40	40	P 294	182	85	71	
119	1	T 316	198	40	40	P 294	182	85	71	
120	1	T 318	199	40	40	P 294	182	85	85	
121	1	T 320	200	40	40	P 294	182	85	85	
122	1	T 322	201	40	40	P 308	182	71	85	
123	1	T 324	202	40	40	P 308	182	71	85	
124	1	T 326	203	40	40	P 308	182	85	85	
125	1	T 328	204	40	40	P 308	182	85	85	
126	1	T 330	205	40	40	P 308	182	85	85	
127	1	T 332	206	40	40	P 308	182	85	85	
128	1	T 334	207	40	40	P 308	182	85	85	
129	1	T 336	208	40	40	P 322	182	71	85	
130	1	T 338	209	40	40	P 322	182	71	85	
131	1	T 340	210	40	40	P 350	224	57	43	
132	1	T 342	211	40	40	P 322	196	85	71	
133	1	T 344	212	40	40	P 322	196	85	71	
134	1	T 346	213	40	40	P 322	196	85	85	
135	1	T 348	214	40	40	P 322	196	85	85	
136	1	T 350	215	40	40	P 336	196	71	85	
137	1	T 352	216	40	40	P 336	196	71	85	
138	1	T 354	217	40	40	P 336	196	85	85	
139	1	T 356	218	40	40	P 336	196	85	85	
140	1	T 358	219	40	40	P 336	196	85	85	
141	1	T 360	220	40	40	P 336	196	85	85	
142	1	T 362	221	40	40	P 336	196	85	85	
143	1	T 364	222	40	40	P 350	196	71	85	
144	1	T 366	223	40	40	P 350	196	71	85	
145	1	T 368	224	40	40	P 350	210	85	71	
146	1	T 370	225	40	40	P 350	210	85	71	
147	1	T 372	226	40	40	P 350	210	85	71	
148	1	T 374	227	40	40	P 350	210	85	85	
149	1	T 376	228	40	40	P 350	210	85	85	
150	1	T 378	229	40	40	P 392	210	43	85	
151	1	T 380	230	40	40	P 364	210	71	43	
152	1	T 382	231	40	40	P 364	210	85	85	
153	1	T 384	232	40	40	P 364	210	85	85	
154	1	T 386	233	40	40	P 364	210	85	85	
155	1	T 388	234	40	40	P 364	210	85	85	
156	1	T 390	235	40	40	P 364	210	85	85	
157	1	T 392	236	40	40	P 378	210	71	85	
158	1	T 394	237	40	40	P 378	210	71	85	
159	1	T 396	238	40	40	P 378	224	85	71	
160	1	T 398	239	40	40	P 378	224	85	71	
161	1	T 400	240	40	40	P 378	224	85	71	
162	1	T 402	241	40	40	P 378	224	85	85	
163	1	T 404	242	40	40	P 378	224	85	85	
164	1	T 406	243	40	40	P 392	224	71	85	
165	1	T 408	244	40	40	P 392	224	71	85	
166	1	T 410	245	40	40	P 392	224	85	85	
167	1	T 412	246	40	40	P 392	224	85	85	
168	1	T 414	247	40	40	P 392	266	43	43	
169	1	T 416	248	40	40	P 392	224	43	43	
170	1	T 418	249	40	40	P 392	224	85	85	
171	1	T 420	250	40	40	P 406	224	71	85	
172	1	T 422	251	40	40	P 406	224	71	85	
173	1	T 424	252	40	40	P 434	238	57	43	
174	1	T 426	253	40	40	P 406	238	85	71	
175	1	T 428	254	40	40	P 406	238	85	71	
176	1	T 430	255	40	40	P 406	238	85	85	
177	1	T 432	256	40	40	P 406	238	85	85	
178	1	T 434	257	40	40	P 420	238	71	85	
179	1	T 436	258	40	40	P 420	238	71	85	
180	1	T 438	259	40	40	P 420	238	85	85	
181	1	T 440	260	40	40	P 420	238	85	85	
182	1	T 442	261	40	40	P 420	238	85	85	
183	1	T 444	262	40	40	P 420	238	85	85	
184	1	T 446	263	40	40	P 420	238	85	85	
185	1	T 448	264	40	40	P 434	238	71	85	
186	1	T 450	265	40	40	P 434	238	71	57	
187	1	T 452	266	40	40	P 434	252	85	71	
188	1	T 454	267	40	40	P 434	252	85	71	
189	1	T 456	268	40	40	P 434	252	85	71	
190	1	T 458	269	40	40	P 434	252	85	85	
191	1	T 460	270	40	40	P 434	252	85	85	
192	1	T 462	271	40	40	P 448	252	71	85	
193	1	T 464	272	40	40	P 448	252	71	85	
194	1	T 466	273	40	40	P 448	252	85	85	
195	1	T 468	274	40	40	P 448	252	85	85	
196	1	T 470	275	40	40	P 448	252	85	85	
197	1	T 472	276	40	40	P 448	252	85	85	
198	1	T 474	277	40	40	P 448	252	85	85	
199	1	T 476	278	40	40	P 462	252	71	85	
200	1	T 478	279	40	40	P 462	252	71	85	
201	1	T 480	280	40	40	P 462	266	85	71	
202	1	T 482	281	40	40	P 462	266	85	71	
203	1	T 484	282	40	40	P 462	266	85	71	
204	1	T 486	283	40	40	P 462	266	85	85	
205	1	T 488	284	40	40	P 462	266	85	85	
206	1	T 490	285	40	40	P 504	266	43	85	
207	1	T 492	286	40	40	P 476	266	71	85	
208	1	T 494	287	40	40	P 476	266	85	85	
209	1	T 496	288	40	40	P 476	266	85	85	
210	1	T 498	289	40	40	P 476	266	85	85	
211	1	T 500	290	40	40	P 476	266	85	85	
212	1	T 502	291	40	40	P 476	266	85	85	
213	1	T 504	292	40	40	P 490	266	71	85	
214	1	T 506	293	40	40	P 490	266	71	85	
215	1	T 508	294	40	40	P 490	280	85	71	
216	1	T 510	295	40	40	P 490	280	85	71	
217	1	T 512	296	40	40	P 490	280	85	71	
218	1	T 514	297	40	40	P 490	280	85	85	
219	1	T 516	298	40	40	P 490	280	85	85	
220	1	T 518	299	40	40	P 504	280	71	85	
221	1	T 520	300	40	40	P 504	280	71	85	
222	1	T 522	301	40	40	P 504	280	85	85	
223	1	T 524	302	40	40	P 504	280	85	85	
224	1	T 526	303	40	40	P 504	280	85	85	
225	1	T 528	304	40	40	P 504	280	85	85	
226	1	T 530	305	40	40	P 504	280	85	85	
227	1	T 532	306	40	40	P 518	280	71	85	
228	1	T 534	307	40	40	P 518	280	71	85	
229	1	T 536	308	40	40	P 518	294	85	71	
230	1	T 538	309	40	40	P 518	294	85	71	
231	1	T 540	310	40	40	P 518	294	85	71	
232	1	T 542	311	40	40	P 518	294	85	85	
233	1	T 544	312	40	40	P 518	294	85	85	
234	1	T 546	313	40	40	P 532	294	71	85	
235	1	T 548	314	40	40	P 532	294	71	85	
236	1	T 550	315	40	40	P 532	294	85	85	
237	1	T 552	316	40	40	P 532	294	85	85	
238	1	T 554	317	40	40	P 532	294	85	85	
239	1	T 556	318	40	40	P 532	294	85	85	
240	1	T 558	319	40	40	P 532	294	85	85	
241	1	T 560	320	40	40	P 546	294	71	85	
242	1	T 562	321	40	40	P 546	294	71	85	
243	1	T 564	322	40	40	P 546	308	85	71	
244	1	T 566	323	40	40	P 546	308	85	71	
245	1	T 568	324	40	40	P 546	308	85	71	
246	1	T 570	325	40	40	P 546	308	85	85	
247	1	T 572	326	40	40	P 546	308	85	85	
248	1	T 574	327	40	40	P 560	308	71	85	
249	1	T 576	328	40	40	P 560	308	71	85	
250	1	T 578	329	40	40	P 560	308	85	85	
251	1	T 580	330	40	40	P 560	308	85	85	
252	1	T 582	331	40	40	P 560	308	85	85	
253	1	T 584	332	40	40	P 560	308	43	43	
254	1	T 586	333	40	40	P 560	308	85	85	
255	1	T 588	334	40	40	P 574	308	71	85	
256	1	T 590	335	40	40	P 574	308	71	85	
257	1	T 592	336	40	40	P 574	322	85	71	
258	1	T 594	337	40	40	P 574	322	85	71	
259	1	T 596	338	40	40	P 574	322	85	71	
260	1	T 598	339	40	40	P 574	322	85	85	
261	1	T 600	340	40	40	P 574	322	85	85	
262	1	T 602	341	40	40	P 588	322	71	85	
263	1	T 604	342	40	40	P 588	322	71	85	
264	1	T 606	343	40	40	P 588	322	85	85	
265	1	T 608	344	40	40	P 588	322	85	85	
266	1	T 610	345	40	40	P 588	322	85	85	
267	1	T 612	346	40	40	P 588	322	85	85	
268	1	T 614	347	40	40	P 588	322	85	85	
269	1	T 616	348	40	40	P 602	322	71	85	
270	1	T 618	349	40	40	P 602	322	71	85	
271	1	T 620	350	40	40	P 602	336	85	71	
272	1	T 622	351	40	40	P 602	336	85	71	
273	1	T 624	352	40	40	P 602	336	85	71	
274	1	T 626	353	40	40	P 602	336	85	85	
275	1	T 628	354	40	40	P 602	336	85	85	
276	1	T 630	355	40	40	P 616	336	71	85	
277	1	T 632	356	40	40	P 616	336	71	85	
278	1	T 634	357	40	40	P 616	336	85	85	
279	1	T 636	358	40	40	P 616	336	85	85	
280	1	T 638	359	40	40	P 616	336	85	85	
281	1	T 640	360	40	40	P 616	336	85	85	
282	1	T 642	361	40	40	P 616	336	85	85	
283	1	T 644	362	40	40	P 630	336	71	85	
284	1	T 646	363	40	40	P 630	336	71	85	
285	1	T 648	364	40	40	P 630	350	85	71	
286	1	T 650	365	40	40	P 630	350	85	71	
287	1	T 652	366	40	40	P 630	350	85	71	
288	1	T 654	367	40	40	P 630	350	85	85	
289	1	T 656	368	40	40	P 630	350	85	85	
290	1	T 658	369	40	40	P 644	350	71	85	
291	1	T 660	370	40	40	P 644	350	71	85	
292	1	T 658	371	40	40	P 644	350	71	85	
293	1	T 656	372	40	40	P 672	350	43	85	
294	1	T 654	373	40	40	P 630	350	85	85	
295	1	T 652	374	40	40	P 630	350	85	85	
296	1	T 650	375	40	40	P 630	350	85	85	
297	1	T 648	376	40	40	P 630	350	85	85	
298	1	T 646	377	40	40	P 630	350	71	85	
299	1	T 644	378	40	40	P 630	364	71	71	
300	1	T 642	379	40	40	P 616	364	85	71	
301	1	T 640	380	40	40	P 616	364	85	71	
302	1	T 638	381	40	40	P 616	364	85	85	
303	1	T 636	382	40	40	P 616	364	85	85	
304	1	T 634	383	40	40	P 616	364	85	85	
305	1	T 632	384	40	40	P 644	406	43	43	
306	1	T 630	385	40	40	P 616	364	71	85	
307	1	T 628	386	40	40	P 644	364	43	85	
308	1	T 626	387	40	40	P 602	364	85	85	
309	1	T 624	388	40	40	P 602	364	85	85	
310	1	T 622	389	40	40	P 602	364	85	85	
311	1	T 620	390	40	40	P 602	364	85	85	
312	1	T 618	391	40	40	P 602	364	71	85	
313	1	T 616	392	40	40	P 602	378	71	71	
314	1	T 614	393	40	40	P 588	378	85	71	
315	1	T 612	394	40	40	P 588	378	43	71	
316	1	T 610	395	40	40	P 588	406	85	57	
317	1	T 608	396	40	40	P 588	378	85	57	
318	1	T 606	397	40	40	P 588	378	85	85	
319	1	T 604	398	40	40	P 588	378	71	85	
320	1	T 602	399	40	40	P 588	378	71	85	
321	1	T 600	400	40	40	P 574	378	85	85	
322	1	T 598	401	40	40	P 574	378	43	85	
323	1	T 596	402	40	40	P 574	378	85	85	
324	1	T 594	403	40	40	P 574	378	85	85	
325	1	T 592	404	40	40	P 574	378	85	85	
326	1	T 590	405	40	40	P 574	378	71	85	
327	1	T 588	406	40	40	P 574	392	71	71	
328	1	T 586	407	40	40	P 560	392	85	71	
329	1	T 584	408	40	40	P 560	392	85	71	
330	1	T 582	409	40	40	P 560	392	85	85	
331	1	T 580	410	40	40	P 560	392	85	85	
332	1	T 578	411	40	40	P 560	392	85	85	
333	1	T 576	412	40	40	P 560	392	71	85	
334	1	T 574	413	40	40	P 560	392	71	85	
335	1	T 572	414	40	40	P 546	392	85	85	
336	1	T 570	415	40	40	P 546	392	85	85	
337	1	T 568	416	40	40	P 546	392	85	85	
338	1	T 566	417	40	40	P 546	392	85	85	
339	1	T 564	418	40	40	P 546	392	85	85	
340	1	T 562	419	40	40	P 546	392	71	85	
341	1	T 560	420	40	40	P 546	406	71	71	
342	1	T 558	419	40	40	P 532	392	85	85	
343	1	T 556	418	40	40	P 532	434	85	43	
344	1	T 554	417	40	40	P 532	392	85	85	
345	1	T 552	416	40	40	P 532	392	85	85	
346	1	T 550	415	40	40	P 532	392	85	85	
347	1	T 548	414	40	40	P 532	392	71	85	
348	1	T 546	413	40	40	P 532	392	71	85	
349	1	T 544	412	40	40	P 518	392	85	85	
350	1	T 542	411	40	40	P 518	392	85	57	
351	1	T 540	410	40	40	P 518	392	85	85	
352	1	T 538	409	40	40	P 518	392	85	85	
353	1	T 536	408	40	40	P 518	420	85	43	
354	1	T 534	407	40	40	P 518	392	71	71	
355	1	T 532	406	40	40	P 518	392	71	71	
356	1	T 530	405	40	40	P 504	378	85	85	
357	1	T 528	404	40	40	P 504	378	85	85	
358	1	T 526	403	40	40	P 504	378	85	85	
359	1	T 524	402	40	40	P 504	378	85	85	
360	1	T 522	401	40	40	P 504	378	85	85	
361	1	T 520	400	40	40	P 504	378	71	85	
362	1	T 518	399	40	40	P 504	378	71	85	
363	1	T 516	398	40	40	P 490	378	85	85	
364	1	T 514	397	40	40	P 490	406	85	57	
365	1	T 512	396	40	40	P 490	378	85	85	
366	1	T 510	395	40	40	P 490	378	85	85	
367	1	T 508	394	40	40	P 490	378	85	71	
368	1	T 506	393	40	40	P 490	378	71	71	
369	1	T 504	392	40	40	P 490	378	71	71	
370	1	T 502	391	40	40	P 476	364	85	85	
371	1	T 500	390	40	40	P 476	364	85	85	
372	1	T 498	389	40	40	P 476	364	85	85	
373	1	T 496	388	40	40	P 476	364	85	85	
374	1	T 494	387	40	40	P 476	364	85	85	
375	1	T 492	386	40	40	P 476	364	71	85	
376	1	T 490	385	40	40	P 476	364	71	85	
377	1	T 488	384	40	40	P 462	364	85	85	
378	1	T 486	383	40	40	P 462	364	85	85	
379	1	T 484	382	40	40	P 462	364	85	85	
380	1	T 482	381	40	40	P 462	364	85	85	
381	1	T 480	380	40	40	P 462	364	85	71	
382	1	T 478	379	40	40	P 462	364	71	71	
383	1	T 476	378	40	40	P 462	364	71	71	
384	1	T 474	377	40	40	P 448	350	85	85	
385	1	T 472	376	40	40	P 448	350	85	85	
386	1	T 470	375	40	40	P 448	350	85	85	
387	1	T 468	374	40	40	P 448	350	85	85	
388	1	T 466	373	40	40	P 448	350	85	85	
389	1	T 464	372	40	40	P 448	350	71	85	
390	1	T 462	371	40	40	P 448	350	71	85	
391	1	T 460	370	40	40	P 434	350	85	85	
392	1	T 458	369	40	40	P 434	350	85	85	
393	1	T 456	368	40	40	P 434	350	85	85	
394	1	T 454	367	40	40	P 434	350	85	85	
395	1	T 452	366	40	40	P 434	350	85	71	
396	1	T 450	365	40	40	P 434	350	71	71	
397	1	T 448	364	40	40	P 434	350	71	71	
398	1	T 446	363	40	40	P 462	336	43	85	
399	1	T 444	362	40	40	P 420	336	85	85	
400	1	T 442	361	40	40	P 420	336	85	85	
401	1	T 440	360	40	40	P 420	336	85	85	
402	1	T 438	359	40	40	P 420	336	85	85	
403	1	T 436	358	40	40	P 420	378	71	43	
404	1	T 434	357	40	40	P 420	336	71	85	
405	1	T 432	356	40	40	P 406	336	85	85	
406	1	T 430	355	40	40	P 406	336	85	85	
407	1	T 428	354	40	40	P 406	336	85	85	
408	1	T 426	353	40	40	P 406	336	85	85	
409	1	T 424	352	40	40	P 406	336	85	43	
410	1	T 422	351	40	40	P 406	336	71	71	
411	1	T 420	350	40	40	P 406	336	71	71	
412	1	T 418	349	40	40	P 392	322	85	85	
413	1	T 416	348	40	40	P 434	322	43	85	
414	1	T 414	347	40	40	P 392	322	85	85	
415	1	T 412	346	40	40	P 392	322	43	85	
416	1	T 410	345	40	40	P 392	322	85	85	
417	1	T 408	344	40	40	P 392	322	71	85	
418	1	T 406	343	40	40	P 392	322	71	85	
419	1	T 404	342	40	40	P 378	322	85	85	
420	1	T 402	341	40	40	P 378	322	85	85	
421	1	T 400	340	40	40	P 378	322	85	85	
422	1	T 398	339	40	40	P 378	322	85	85	
423	1	T 396	338	40	40	P 378	322	85	71	
424	1	T 394	337	40	40	P 378	322	71	71	
425	1	T 392	336	40	40	P 378	322	71	71	
426	1	T 390	335	40	40	P 364	308	85	85	
427	1	T 388	334	40	40	P 364	308	85	85	
428	1	T 386	333	40	40	P 364	308	85	85	
429	1	T 384	332	40	40	P 364	308	85	85	
430	1	T 382	331	40	40	P 364	308	85	85	
431	1	T 380	330	40	40	P 364	308	71	85	
432	1	T 378	329	40	40	P 364	308	71	85	
433	1	T 376	328	40	40	P 350	308	85	85	
434	1	T 374	327	40	40	P 350	308	85	85	
435	1	T 372	326	40	40	P 350	308	85	85	
436	1	T 370	325	40	40	P 350	308	85	85	
437	1	T 368	324	40	40	P 350	308	85	71	
438	1	T 366	323	40	40	P 350	308	71	71	
439	1	T 364	322	40	40	P 350	308	71	71	
440	1	T 362	321	40	40	P 336	294	85	85	
441	1	T 360	320	40	40	P 336	294	85	85	
442	1	T 358	319	40	40	P 336	294	85	85	
443	1	T 356	318	40	40	P 336	294	85	85	
444	1	T 354	317	40	40	P 336	294	85	85	
445	1	T 352	316	40	40	P 336	294	71	85	
446	1	T 350	315	40	40	P 336	294	71	85	
447	1	T 348	314	40	40	P 364	294	43	85	
448	1	T 346	313	40	40	P 364	294	43	85	
449	1	T 344	312	40	40	P 322	294	85	85	
450	1	T 342	311	40	40	P 322	294	85	85	
451	1	T 340	310	40	40	P 322	294	85	71	
452	1	T 338	309	40	40	P 322	294	71	71	
453	1	T 336	308	40	40	P 322	294	71	71	
454	1	T 334	307	40	40	P 308	280	85	85	
455	1	T 332	306	40	40	P 308	280	85	85	
456	1	T 330	305	40	40	P 308	322	85	43	
457	1	T 328	304	40	40	P 308	280	85	85	
458	1	T 326	303	40	40	P 308	280	85	85	
459	1	T 324	302	40	40	P 308	280	71	85	
460	1	T 322	301	40	40	P 308	280	71	85	
461	1	T 320	300	40	40	P 294	280	85	85	
462	1	T 318	299	40	40	P 294	280	85	85	
463	1	T 316	298	40	40	P 294	280	85	85	
464	1	T 314	297	40	40	P 294	280	85	85	
465	1	T 312	296	40	40	P 294	280	85	71	
466	1	T 310	295	40	40	P 294	280	71	71	
467	1	T 308	294	40	40	P 294	280	71	71	
468	1	T 306	293	40	40	P 280	266	85	85	
469	1	T 304	292	40	40	P 280	266	85	85	
470	1	T 302	291	40	40	P 280	266	85	85	
471	1	T 300	290	40	40	P 280	266	85	85	
472	1	T 298	289	40	40	P 280	266	85	43	
473	1	T 296	288	40	40	P 280	266	71	85	
474	1	T 294	287	40	40	P 280	266	71	85	
475	1	T 292	286	40	40	P 266	266	85	85	
476	1	T 290	285	40	40	P 266	266	85	85	
477	1	T 288	284	40	40	P 266	266	85	85	
478	1	T 286	283	40	40	P 266	266	85	85	
479	1	T 284	282	40	40	P 266	266	85	71	
480	1	T 282	281	40	40	P 266	266	71	71	
481	1	T 280	280	40	40	P 266	266	71	43	
482	1	T 278	279	40	40	P 294	252	43	85	
483	1	T 276	278	40	40	P 252	252	85	85	
484	1	T 274	277	40	40	P 252	252	85	85	
485	1	T 272	276	40	40	P 252	252	85	85	
486	1	T 270	275	40	40	P 252	252	85	43	
487	1	T 268	274	40	40	P 252	252	71	43	
488	1	T 266	273	40	40	P 252	252	71	85	
489	1	T 264	272	40	40	P 238	252	85	85	
490	1	T 262	271	40	40	P 238	252	85	85	
491	1	T 260	270	40	40	P 238	252	85	85	
492	1	T 258	269	40	40	P 238	252	85	85	
493	1	T 256	268	40	40	P 238	252	85	71	
494	1	T 254	267	40	40	P 238	252	71	71	
495	1	T 252	266	40	40	P 238	252	71	71	
496	1	T 250	265	40	40	P 224	238	85	85	
497	1	T 248	264	40	40	P 224	238	85	85	
498	1	T 246	263	40	40	P 224	238	85	85	
499	1	T 244	262	40	40	P 224	238	85	85	
500	1	T 242	261	40	40	P 224	238	85	43	
501	1	T 240	260	40	40	P 224	238	71	85	
502	1	T 238	259	40	40	P 224	238	71	85	
503	1	T 236	258	40	40	P 210	238	85	85	
504	1	T 234	257	40	40	P 210	238	85	85	
505	1	T 232	256	40	40	P 210	238	85	85	
506	1	T 230	255	40	40	P 210	238	85	85	
507	1	T 228	254	40	40	P 210	238	85	71	
508	1	T 226	253	40	40	P 210	238	71	71	
509	1	T 224	252	40	40	P 210	238	71	71	
510	1	T 222	251	40	40	P 196	224	85	85	
511	1	T 220	250	40	40	P 196	224	85	85	
512	1	T 218	249	40	40	P 196	224	85	85	
513	1	T 216	248	40	40	P 196	224	85	85	
514	1	T 214	247	40	40	P 196	224	85	85	
515	1	T 212	246	40	40	P 196	224	71	85	
516	1	T 210	245	40	40	P 196	224	71	85	
517	1	T 208	244	40	40	P 182	224	85	85	
518	1	T 206	243	40	40	P 224	224	43	85	
519	1	T 204	242	40	40	P 182	224	85	85	
520	1	T 202	241	40	40	P 182	224	85	85	
521	1	T 200	240	40	40	P 182	224	85	71	
522	1	T 198	239	40	40	P 182	224	71	71	
523	1	T 196	238	40	40	P 182	224	71	71	
524	1	T 194	237	40	40	P 168	210	85	85	
525	1	T 192	236	40	40	P 168	210	85	85	
526	1	T 190	235	40	40	P 168	210	85	85	
527	1	T 188	234	40	40	P 168	210	85	85	
528	1	T 186	233	40	40	P 168	210	85	85	
529	1	T 184	232	40	40	P 168	210	71	85	
530	1	T 182	231	40	40	P 168	210	71	85	
531	1	T 180	230	40	40	P 154	210	85	85	
532	1	T 178	229	40	40	P 154	210	85	85	
533	1	T 176	228	40	40	P 154	210	85	85	
534	1	T 174	227	40	40	P 154	210	85	85	
535	1	T 172	226	40	40	P 182	210	57	71	
536	1	T 170	225	40	40	P 154	210	71	71	
537	1	T 168	224	40	40	P 154	210	71	71	
538	1	T 166	223	40	40	P 140	196	85	85	
539	1	T 164	222	40	40	P 140	196	85	57	
540	1	T 162	221	40	40	P 140	196	85	85	
541	1	T 160	220	40	40	P 140	196	85	85	
542	1	T 158	219	40	40	P 140	196	85	85	
543	1	T 156	218	40	40	P 140	196	71	85	
544	1	T 154	217	40	40	P 140	196	71	85	
545	1	T 152	216	40	40	P 126	196	85	85	
546	1	T 150	215	40	40	P 126	196	85	85	
547	1	T 148	214	40	40	P 126	196	85	85	
548	1	T 146	213	40	40	P 126	196	85	85	
549	1	T 144	212	40	40	P 126	196	85	71	
550	1	T 142	211	40	40	P 126	196	71	71	
551	1	T 140	210	40	40	P 126	196	71	71	
552	1	T 138	209	40	40	P 112	182	85	85	
553	1	T 136	208	40	40	P 112	182	85	57	
554	1	T 134	207	40	40	P 112	182	85	85	
555	1	T 132	206	40	40	P 112	182	85	85	
556	1	T 130	205	40	40	P 112	182	85	85	
557	1	T 128	204	40	40	P 112	182	71	85	
558	1	T 126	203	40	40	P 112	182	71	85	
559	1	T 124	202	40	40	P 98	182	85	85	
560	1	T 122	201	40	40	P 98	182	85	85	
561	1	T 120	200	40	40	P 98	182	85	85	
562	1	T 118	199	40	40	P 98	182	85	85	
563	1	T 116	198	40	40	P 98	182	85	71	
564	1	T 114	197	40	40	P 98	182	71	71	
565	1	T 112	196	40	40	P 98	182	43	71	
566	1	T 110	195	40	40	P 84	168	85	85	
567	1	T 108	194	40	40	P 84	168	85	85	
568	1	T 106	193	40	40	P 84	168	85	85	
569	1	T 104	192	40	40	P 84	168	85	85	
570	1	T 102	191	40	40	P 112	210	57	43	
571	1	T 100	190	40	40	P 84	168	71	85	
572	1	T 98	189	40	40	P 84	168	71	85	
573	1	T 96	188	40	40	P 70	168	85	85	
574	1	T 94	187	40	40	P 70	168	85	85	
575	1	T 92	186	40	40	P 70	168	85	85	
576	1	T 90	185	40	40	P 70	168	85	85	
577	1	T 88	184	40	40	P 70	168	85	71	
578	1	T 86	183	40	40	P 70	168	71	71	
579	1	T 84	182	40	40	P 70	168	71	71	
580	1	T 82	181	40	40	P 56	154	85	85	
581	1	T 80	180	40	40	P 56	154	85	85	
582	1	T 78	179	40	40	P 56	154	85	85	
583	1	T 76	178	40	40	P 56	154	85	85	
584	1	T 74	177	40	40	P 56	154	85	85	
585	1	T 72	176	40	40	P 56	154	71	85	
586	1	T 70	175	40	40	P 56	154	71	85	
587	1	T 68	174	40	40	P 42	154	85	85	
588	1	T 66	173	40	40	P 42	154	85	85	
589	1	T 64	172	40	40	P 42	154	85	85	
590	1	T 62	171	40	40	P 42	154	85	85	
591	1	T 60	170	40	40	P 42	154	85	71	
592	1	T 58	169	40	40	P 42	182	71	43	
593	1	T 56	168	40	40	P 42	154	71	71	
594	1	T 54	167	40	40	P 28	140	85	85	
595	1	T 52	166	40	40	P 28	140	85	85	
596	1	T 50	165	40	40	P 28	140	85	85	
597	1	T 48	164	40	40	P 28	140	85	85	
598	1	T 46	163	40	40	P 28	140	85	85	
599	1	T 44	162	40	40	P 28	140	71	43	
600	1	T 42	161	40	40	P 28	140	71	85	
601	1	T 40	160	40	40	P 14	140	85	85	
602	1	T 38	159	40	40	P 14	140	85	85	
603	1	T 36	158	40	40	P 14	140	85	85	
604	1	T 34	157	40	40	P 14	140	85	85	
605	1	T 32	156	40	40	P 14	140	85	71	
606	1	T 30	155	40	40	P 14	140	71	71	
607	1	T 28	154	40	40	P 14	140	71	71	
608	1	T 26	153	40	40	P 0	126	85	85	
609	1	T 24	152	40	40	P 0	126	85	85	
610	1	T 22	151	40	40	P 0	126	85	85	
611	1	T 20	150	40	40	P 0	126	85	85	
612	1	T 22	149	40	40	P 0	126	85	85	
613	1	T 24	148	40	40	P 0	126	85	85	
614	1	T 26	147	40	40	P 0	126	85	85	
615	1	T 28	146	40	40	P 14	126	71	43	
616	1	T 30	145	40	40	P 14	126	71	85	
617	1	T 32	144	40	40	P 14	126	85	85	
618	1	T 34	143	40	40	P 14	126	85	85	
619	1	T 36	142	40	40	P 14	126	43	71	
620	1	T 38	141	40	40	P 14	126	85	71	
621	1	T 40	140	40	40	P 14	126	85	71	
622	1	T 42	139	40	40	P 28	112	71	85	
623	1	T 44	138	40	40	P 28	112	71	85	
624	1	T 46	137	40	40	P 28	112	85	85	
625	1	T 48	136	40	40	P 28	112	85	85	
626	1	T 50	135	40	40	P 28	112	85	85	
627	1	T 52	134	40	40	P 28	112	85	85	
628	1	T 54	133	40	40	P 28	112	85	85	
629	1	T 56	132	40	40	P 42	112	71	85	
630	1	T 58	131	40	40	P 42	112	71	85	
631	1	T 60	130	40	40	P 42	112	85	85	
632	1	T 62	129	40	40	P 42	112	85	85	
633	1	T 64	128	40	40	P 42	112	85	71	
634	1	T 66	127	40	40	P 42	112	85	71	
635	1	T 68	126	40	40	P 42	112	85	71	
636	1	T 70	125	40	40	P 56	98	71	85	
637	1	T 72	124	40	40	P 56	98	71	85	
638	1	T 74	123	40	40	P 56	98	85	85	
639	1	T 76	122	40	40	P 56	98	85	85	
640	1	T 78	121	40	40	P 56	140	85	43	
641	1	T 80	120	40	40	P 56	98	85	85	
642	1	T 82	119	40	40	P 56	98	85	85	
643	1	T 84	118	40	40	P 70	98	71	85	
644	1	T 86	117	40	40	P 70	98	71	85	
645	1	T 88	116	40	40	P 70	98	85	85	
646	1	T 90	115	40	40	P 70	98	85	85	
647	1	T 92	114	40	40	P 70	98	85	71	
648	1	T 94	113	40	40	P 70	98	85	71	
649	1	T 96	112	40	40	P 70	98	85	71	
650	1	T 98	111	40	40	P 84	84	71	85	
651	1	T 100	110	40	40	P 84	84	71	85	
652	1	T 102	109	40	40	P 84	84	85	85	
653	1	T 104	108	40	40	P 84	84	85	85	
654	1	T 106	107	40	40	P 84	84	85	85	
655	1	T 108	106	40	40	P 84	84	85	85	
656	1	T 110	105	40	40	P 84	84	85	85	
657	1	T 112	104	40	40	P 98	84	71	85	
658	1	T 114	103	40	40	P 98	84	71	85	
659	1	T 116	102	40	40	P 98	84	85	85	
660	1	T 118	101	40	40	P 98	84	85	85	
661	1	T 120	100	40	40	P 98	84	85	71	
662	1	T 122	99	40	40	P 98	84	85	71	
663	1	T 124	98	40	40	P 98	84	85	71	
664	1	T 126	97	40	40	P 112	70	71	85	
665	1	T 128	96	40	40	P 112	70	71	85	
666	1	T 130	95	40	40	P 112	70	85	85	
667	1	T 132	94	40	40	P 112	70	85	85	
668	1	T 134	93	40	40	P 112	70	85	85	
669	1	T 136	92	40	40	P 112	70	85	85	
670	1	T 138	91	40	40	P 112	70	85	85	
671	1	T 140	90	40	40	P 126	70	71	85	
672	1	T 142	89	40	40	P 126	70	71	85	
673	1	T 144	88	40	40	P 126	70	85	85	
674	1	T 146	87	40	40	P 126	70	85	85	
675	1	T 148	86	40	40	P 126	70	85	71	
676	1	T 150	85	40	40	P 126	70	85	71	
677	1	T 152	84	40	40	P 126	70	85	71	
678	1	T 154	83	40	40	P 140	56	71	85	
679	1	T 156	82	40	40	P 140	56	71	85	
680	1	T 158	81	40	40	P 140	56	43	85	
681	1	T 160	80	40	40	P 140	56	85	85	
682	1	T 162	79	40	40	P 140	56	85	85	
683	1	T 164	78	40	40	P 140	56	85	85	
684	1	T 166	77	40	40	P 140	56	85	85	
685	1	T 168	76	40	40	P 154	56	71	85	
686	1	T 170	75	40	40	P 154	56	71	85	
687	1	T 172	74	40	40	P 154	56	85	85	
688	1	T 174	73	40	40	P 154	56	85	85	
689	1	T 176	72	40	40	P 154	56	85	71	
690	1	T 178	71	40	40	P 154	56	85	71	
691	1	T 180	70	40	40	P 154	56	85	71	
692	1	T 182	69	40	40	P 196	42	43	85	
693	1	T 184	68	40	40	P 168	42	71	85	
694	1	T 186	67	40	40	P 168	42	85	85	
695	1	T 188	66	40	40	P 168	42	85	85	
696	1	T 190	65	40	40	P 168	42	85	85	
697	1	T 192	64	40	40	P 168	42	85	85	
698	1	T 194	63	40	40	P 168	42	85	85	
699	1	T 196	62	40	40	P 182	42	71	85	
700	1	T 198	61	40	40	P 182	42	71	85	
701	1	T 200	60	40	40	P 182	42	85	85	
702	1	T 202	59	40	40	P 182	42	85	85	
703	1	T 204	58	40	40	P 182	42	85	71	
704	1	T 206	57	40	40	P 182	42	85	71	
705	1	T 208	56	40	40	P 182	42	85	71	
706	1	T 210	55	40	40	P 196	28	71	85	
707	1	T 212	54	40	40	P 196	28	71	85	
708	1	T 214	53	40	40	P 196	28	85	85	
709	1	T 216	52	40	40	P 196	28	85	85	
710	1	T 218	51	40	40	P 196	28	85	85	
711	1	T 220	50	40	40	P 196	28	85	85	
712	1	T 222	49	40	40	P 196	28	85	85	
713	1	T 224	48	40	40	P 238	28	43	85	
714	1	T 226	47	40	40	P 210	28	71	85	
715	1	T 228	46	40	40	P 210	28	85	85	
716	1	T 230	45	40	40	P 210	28	85	43	
717	1	T 232	44	40	40	P 210	28	85	71	
718	1	T 234	43	40	40	P 210	28	85	71	
719	1	T 236	42	40	40	P 210	28	85	71	
720	1	T 238	41	40	40	P 224	14	71	85	
721	1	T 240	40	40	40	P 224	14	71	85	
722	1	T 242	39	40	40	P 224	14	85	85	
723	1	T 244	38	40	40	P 224	14	85	85	
724	1	T 246	37	40	40	P 224	14	85	85	
725	1	T 248	36	40	40	P 224	14	85	85	
726	1	T 250	35	40	40	P 224	14	85	85	
727	1	T 252	34	40	40	P 238	14	71	85	
728	1	T 254	33	40	40	P 238	14	71	85	
729	1	T 256	32	40	40	P 238	14	85	85	
730	1	T 258	31	40	40	P 238	14	85	85	
731	1	T 260	30	40	40	P 238	14	85	71	
732	1	T 262	29	40	40	P 238	14	85	71	
733	1	T 264	28	40	40	P 238	14	85	71	
734	1	T 266	27	40	40	P 252	0	71	85	
735	1	T 268	26	40	40	P 252	0	71	85	
736	1	T 270	25	40	40	P 252	0	85	85	
737	1	T 272	24	40	40	P 252	0	85	85	
738	1	T 274	23	40	40	P 252	0	85	85	
739	1	T 276	22	40	40	P 252	0	85	85	
740	1	T 278	21	40	40	P 252	0	85	85	
741	1	T 280	20	40	40	P 266	0	71	85	
742	1	T 282	21	40	40	P 266	0	71	85	
743	1	T 284	22	40	40	P 266	0	85	85	
744	1	T 286	23	40	40	P 266	0	85	85	
745	1	T 288	24	40	40	P 266	0	85	85	
746	1	T 290	25	40	40	P 266	0	85	85	
747	1	T 292	26	40	40	P 266	0	85	85	
748	1	T 294	27	40	40	P 280	0	71	85	
749	1	T 296	28	40	40	P 280	14	71	71	
750	1	T 298	29	40	40	P 280	14	85	71	
751	1	T 300	30	40	40	P 280	14	85	71	
752	1	T 302	31	40	40	P 280	14	85	85	
753	1	T 304	32	40	40	P 280	14	85	85	
754	1	T 306	33	40	40	P 280	14	85	85	
755	1	T 308	34	40	40	P 294	14	71	85	
756	1	T 310	35	40	40	P 294	14	71	85	
757	1	T 312	36	40	40	P 294	14	85	85	
758	1	T 314	37	40	40	P 294	14	85	85	
759	1	T 316	38	40	40	P 336	14	43	85	
760	1	T 318	39	40	40	P 294	14	85	57	
761	1	T 320	40	40	40	P 294	14	85	85	
762	1	T 322	41	40	40	P 308	14	71	85	
763	1	T 324	42	40	40	P 308	28	71	71	
764	1	T 326	43	40	40	P 308	28	85	71	
765	1	T 328	44	40	40	P 308	28	85	71	
766	1	T 330	45	40	40	P 308	28	85	85	
767	1	T 332	46	40	40	P 308	28	85	85	
768	1	T 334	47	40	40	P 308	28	85	85	
769	1	T 336	48	40	40	P 322	28	71	85	
770	1	T 338	49	40	40	P 322	28	71	85	
771	1	T 340	50	40	40	P 322	28	85	85	
772	1	T 342	51	40	40	P 322	28	85	43	
773	1	T 344	52	40	40	P 322	28	85	85	
774	1	T 346	53	40	40	P 322	28	85	85	
775	1	T 348	54	40	40	P 322	28	85	85	
776	1	T 350	55	40	40	P 336	28	71	57	
777	1	T 352	56	40	40	P 336	42	71	71	
778	1	T 354	57	40	40	P 336	42	85	71	
779	1	T 356	58	40	40	P 336	42	43	71	
780	1	T 358	59	40	40	P 336	42	85	85	
781	1	T 360	60	40	40	P 336	42	85	85	
782	1	T 362	61	40	40	P 336	42	85	85	
783	1	T 364	62	40	40	P 350	42	71	85	
784	1	T 366	63	40	40	P 350	42	71	85	
785	1	T 368	64	40	40	P 350	42	85	85	
786	1	T 370	65	40	40	P 350	42	85	85	
787	1	T 372	66	40	40	P 350	42	85	85	
788	1	T 374	67	40	40	P 350	42	85	85	
789	1	T 376	68	40	40	P 350	42	85	85	
790	1	T 378	69	40	40	P 364	42	71	85	
791	1	T 380	70	40	40	P 364	56	71	71	
792	1	T 382	71	40	40	P 364	56	85	71	
793	1	T 384	72	40	40	P 364	56	85	71	
794	1	T 386	73	40	40	P 364	56	85	85	
795	1	T 388	74	40	40	P 364	56	85	85	
796	1	T 390	75	40	40	P 364	56	85	85	
797	1	T 392	76	40	40	P 378	56	71	85	
798	1	T 394	77	40	40	P 378	56	71	85	
799	1	T 396	78	40	40	P 378	56	85	85	
800	1	T 398	79	40	40	P 378	56	85	85	
801	1	T 400	80	40	40	P 378	56	85	85	
802	1	T 402	81	40	40	P 378	56	85	85	
803	1	T 404	82	40	40	P 378	56	85	85	
804	1	T 406	83	40	40	P 392	56	71	85	
805	1	T 408	84	40	40	P 392	70	71	71	
806	1	T 410	85	40	40	P 392	70	85	71	
807	1	T 412	86	40	40	P 392	70	85	71	
808	1	T 414	87	40	40	P 392	70	85	85	
809	1	T 416	88	40	40	P 392	70	85	85	
810	1	T 418	89	40	40	P 392	70	85	85	
811	1	T 420	90	40	40	P 406	70	71	85	
812	1	T 422	91	40	40	P 406	70	71	85	
813	1	T 424	92	40	40	P 406	70	85	85	
814	1	T 426	93	40	40	P 406	70	85	85	
815	1	T 428	94	40	40	P 406	70	85	85	
816	1	T 430	95	40	40	P 406	70	85	85	
817	1	T 432	96	40	40	P 406	70	85	85	
818	1	T 434	97	40	40	P 420	70	71	85	
819	1	T 436	98	40	40	P 420	84	71	71	
820	1	T 438	99	40	40	P 420	84	85	71	
821	1	T 440	100	40	40	P 420	84	85	71	
822	1	T 442	101	40	40	P 420	84	85	85	
823	1	T 444	102	40	40	P 420	84	85	85	
824	1	T 446	103	40	40	P 420	84	85	43	
825	1	T 448	104	40	40	P 434	84	71	85	
826	1	T 450	105	40	40	P 434	84	71	85	
827	1	T 452	106	40	40	P 434	84	85	85	
828	1	T 454	107	40	40	P 434	84	85	85	
829	1	T 456	108	40	40	P 434	84	85	85	
830	1	T 458	109	40	40	P 434	84	85	85	
831	1	T 460	110	40	40	P 434	84	85	85	
832	1	T 462	111	40	40	P 448	84	71	85	
833	1	T 464	112	40	40	P 448	98	71	71	
834	1	T 466	113	40	40	P 448	98	85	71	
835	1	T 468	114	40	40	P 448	98	85	71	
836	1	T 470	115	40	40	P 448	98	85	85	
837	1	T 472	116	40	40	P 448	98	85	85	
838	1	T 474	117	40	40	P 448	98	85	85	
839	1	T 476	118	40	40	P 462	98	71	85	
840	1	T 478	119	40	40	P 462	98	71	85	
841	1	T 480	120	40	40	P 462	98	85	85	
842	1	T 482	121	40	40	P 504	98	43	85	
843	1	T 484	122	40	40	P 462	98	85	85	
844	1	T 486	123	40	40	P 462	98	85	85	
845	1	T 488	124	40	40	P 462	98	85	85	
846	1	T 490	125	40	40	P 476	98	71	85	
847	1	T 492	126	40	40	P 476	112	71	71	
848	1	T 494	127	40	40	P 476	112	85	71	
849	1	T 496	128	40	40	P 476	112	85	71	
850	1	T 498	129	40	40	P 476	112	85	85	
851	1	T 500	130	40	40	P 476	112	85	85	
852	1	T 502	131	40	40	P 476	112	85	85	
853	1	T 504	132	40	40	P 490	112	71	85	
854	1	T 506	133	40	40	P 490	112	71	85	
855	1	T 508	134	40	40	P 490	112	85	85	
856	1	T 510	135	40	40	P 490	112	85	85	
857	1	T 512	136	40	40	P 490	112	85	85	
858	1	T 514	137	40	40	P 490	112	85	85	
859	1	T 516	138	40	40	P 490	112	85	85	
860	1	T 518	139	40	40	P 504	112	71	85	
861	1	T 520	140	40	40	P 504	126	71	71	
862	1	T 522	141	40	40	P 504	126	85	71	
863	1	T 524	142	40	40	P 504	126	85	71	
864	1	T 526	143	40	40	P 504	126	85	85	
865	1	T 528	144	40	40	P 504	126	85	85	
866	1	T 530	145	40	40	P 504	126	85	85	
867	1	T 532	146	40	40	P 518	126	71	85	
868	1	T 534	147	40	40	P 518	126	71	85	
869	1	T 536	148	40	40	P 518	126	85	85	
870	1	T 538	149	40	40	P 518	126	85	85	
871	1	T 540	150	40	40	P 518	126	85	85	
872	1	T 542	151	40	40	P 518	126	85	85	
873	1	T 544	152	40	40	P 518	126	85	85	
874	1	T 546	153	40	40	P 532	126	71	85	
875	1	T 548	154	40	40	P 532	140	71	71	
876	1	T 550	155	40	40	P 532	140	85	71	
877	1	T 552	156	40	40	P 532	140	85	71	
878	1	T 554	157	40	40	P 532	140	85	85	
879	1	T 556	158	40	40	P 532	140	85	85	
880	1	T 558	159	40	40	P 532	140	85	85	
881	1	T 560	160	40	40	P 546	140	71	85	
882	1	T 562	161	40	40	P 546	140	71	85	
883	1	T 564	162	40	40	P 546	140	85	85	
884	1	T 566	163	40	40	P 546	140	85	85	
885	1	T 568	164	40	40	P 546	140	85	85	
886	1	T 570	165	40	40	P 546	140	43	85	
887	1	T 572	166	40	40	P 546	140	85	85	
888	1	T 574	167	40	40	P 560	140	71	85	
889	1	T 576	168	40	40	P 560	154	71	71	
890	1	T 578	169	40	40	P 560	154	85	71	
891	1	T 580	170	40	40	P 560	154	85	71	
892	1	T 582	171	40	40	P 560	154	85	85	
893	1	T 584	172	40	40	P 560	154	85	85	
894	1	T 586	173	40	40	P 560	154	85	85	
895	1	T 588	174	40	40	P 574	154	71	85	
896	1	T 590	175	40	40	P 574	154	71	85	
897	1	T 592	176	40	40	P 574	154	85	85	
898	1	T 594	177	40	40	P 574	154	85	85	
899	1	T 596	178	40	40	P 574	154	85	85	
900	1	T 598	179	40	40	P 574	154	85	85	
901	1	T 600	180	40	40	P 574	154	85	85	
902	1	T 602	181	40	40	P 588	154	71	85	
903	1	T 604	182	40	40	P 616	168	43	71	
904	1	T 606	183	40	40	P 588	168	85	71	
905	1	T 608	184	40	40	P 588	168	85	71	
906	1	T 610	185	40	40	P 588	168	85	85	
907	1	T 612	186	40	40	P 588	168	85	85	
908	1	T 614	187	40	40	P 588	168	85	85	
909	1	T 616	188	40	40	P 602	168	71	85	
910	1	T 618	189	40	40	P 602	168	71	43	
911	1	T 620	190	40	40	P 602	168	85	85	
912	1	T 622	191	40	40	P 602	168	85	85	
913	1	T 624	192	40	40	P 602	168	85	85	
914	1	T 626	193	40	40	P 602	168	85	85	
915	1	T 628	194	40	40	P 602	168	85	85	
916	1	T 630	195	40	40	P 616	168	71	85	
917	1	T 632	196	40	40	P 616	182	71	71	
918	1	T 634	197	40	40	P 616	182	85	71	
919	1	T 636	198	40	40	P 616	182	85	71	
920	1	T 638	199	40	40	P 616	182	85	85	
921	1	T 640	200	40	40	P 616	182	85	85	
922	1	T 642	201	40	40	P 616	182	85	85	
923	1	T 644	202	40	40	P 630	182	71	85	
924	1	T 646	203	40	40	P 630	182	71	43	
925	1	T 648	204	40	40	P 630	182	85	85	
926	1	T 650	205	40	40	P 630	182	85	85	
927	1	T 652	206	40	40	P 630	182	85	85	
928	1	T 654	207	40	40	P 630	182	85	85	
929	1	T 656	208	40	40	P 630	182	85	85	
930	1	T 658	209	40	40	P 644	182	71	85	
931	1	T 660	210	40	40	P 644	196	71	71	
932	1	T 658	211	40	40	P 644	196	71	71	
933	1	T 656	212	40	40	P 630	196	85	71	
934	1	T 654	213	40	40	P 630	196	85	85	
935	1	T 652	214	40	40	P 630	196	85	85	
936	1	T 650	215	40	40	P 630	196	43	85	
937	1	T 648	216	40	40	P 630	196	85	85	
938	1	T 646	217	40	40	P 630	196	71	85	
939	1	T 644	218	40	40	P 630	196	71	85	
940	1	T 642	219	40	40	P 616	196	85	85	
941	1	T 640	220	40	40	P 616	196	85	85	
942	1	T 638	221	40	40	P 616	196	85	85	
943	1	T 636	222	40	40	P 616	196	43	85	
944	1	T 634	223	40	40	P 616	196	85	85	
945	1	T 632	224	40	40	P 616	210	71	71	
946	1	T 630	225	40	40	P 616	210	71	71	
947	1	T 628	226	40	40	P 602	210	85	71	
948	1	T 626	227	40	40	P 602	210	85	85	
949	1	T 624	228	40	40	P 602	210	85	85	
950	1	T 622	229	40	40	P 602	210	85	85	
951	1	T 620	230	40	40	P 602	210	85	85	
952	1	T 618	231	40	40	P 602	210	71	85	
953	1	T 616	232	40	40	P 602	210	71	85	
954	1	T 614	233	40	40	P 588	210	85	85	
955	1	T 612	234	40	40	P 588	210	85	85	
956	1	T 610	235	40	40	P 588	210	85	85	
957	1	T 608	236	40	40	P 588	210	85	85	
958	1	T 606	237	40	40	P 588	210	85	85	
959	1	T 604	238	40	40	P 588	224	71	71	
960	1	T 602	239	40	40	P 588	224	71	71	
961	1	T 600	240	40	40	P 574	224	85	71	
962	1	T 598	241	40	40	P 574	224	85	85	
963	1	T 596	242	40	40	P 574	224	85	85	
964	1	T 594	243	40	40	P 574	224	85	85	
965	1	T 592	244	40	40	P 574	224	85	85	
966	1	T 590	245	40	40	P 574	224	71	85	
967	1	T 588	246	40	40	P 574	224	71	43	
968	1	T 586	247	40	40	P 560	224	85	85	
969	1	T 584	248	40	40	P 560	224	85	85	
970	1	T 582	249	40	40	P 560	224	85	85	
971	1	T 580	250	40	40	P 560	224	85	85	
972	1	T 578	251	40	40	P 560	224	85	85	
973	1	T 576	252	40	40	P 560	238	71	71	
974	1	T 574	253	40	40	P 560	238	71	71	
975	1	T 572	254	40	40	P 546	238	85	71	
976	1	T 570	255	40	40	P 546	238	85	85	
977	1	T 568	256	40	40	P 546	238	85	85	
978	1	T 566	257	40	40	P 546	238	85	85	
979	1	T 564	258	40	40	P 546	238	85	85	
980	1	T 562	259	40	40	P 546	238	71	85	
981	1	T 560	260	40	40	P 546	238	71	85	
982	1	T 558	261	40	40	P 532	280	85	43	
983	1	T 556	262	40	40	P 532	238	85	85	
984	1	T 554	263	40	40	P 532	238	85	85	
985	1	T 552	264	40	40	P 532	238	85	85	
986	1	T 550	265	40	40	P 532	238	85	85	
987	1	T 548	266	40	40	P 532	252	71	71	
988	1	T 546	267	40	40	P 560	252	43	71	
989	1	T 544	268	40	40	P 518	252	85	71	
990	1	T 542	269	40	40	P 518	252	85	43	
991	1	T 540	270	40	40	P 518	252	85	85	
992	1	T 538	271	40	40	P 518	252	85	85	
993	1	T 536	272	40	40	P 518	252	85	85	
994	1	T 534	273	40	40	P 518	252	71	85	
995	1	T 532	274	40	40	P 518	252	71	85	
996	1	T 530	275	40	40	P 504	252	85	85	
997	1	T 528	276	40	40	P 504	252	85	85	
998	1	T 526	277	40	40	P 504	252	85	85	
999	1	T 524	278	40	40	P 504	252	85	85	
1000	1	T 522	279	40	40	P 504	252	85	85	
1001	1	T 520	280	40	40	P 504	294	71	43	
1002	1	T 518	281	40	40	P 504	266	71	71	
1003	1	T 516	282	40	40	P 490	266	85	71	
1004	1	T 514	283	40	40	P 490	266	85	85	
1005	1	T 512	284	40	40	P 490	266	85	85	
1006	1	T 510	285	40	40	P 490	266	85	85	
1007	1	T 508	286	40	40	P 490	266	85	85	
1008	1	T 506	287	40	40	P 490	266	71	85	
1009	1	T 504	288	40	40	P 490	266	71	85	
1010	1	T 502	289	40	40	P 476	266	85	85	
1011	1	T 500	290	40	40	P 476	266	85	85	
1012	1	T 498	291	40	40	P 476	266	85	85	
1013	1	T 496	292	40	40	P 476	266	85	85	
1014	1	T 494	293	40	40	P 476	266	85	85	
1015	1	T 492	294	40	40	P 476	280	71	71	
1016	1	T 490	295	40	40	P 476	280	71	71	
1017	1	T 488	296	40	40	P 462	280	85	71	
1018	1	T 486	297	40	40	P 462	280	85	85	
1019	1	T 484	298	40	40	P 462	280	85	85	
1020	1	T 482	299	40	40	P 462	280	43	43	
1021	1	T 480	300	40	40	P 462	280	85	85	
1022	1	T 478	301	40	40	P 462	280	71	85	
1023	1	T 476	302	40	40	P 462	280	71	85	
1024	1	T 474	303	40	40	P 448	280	85	85	
1025	1	T 472	304	40	40	P 448	280	85	85	
1026	1	T 470	305	40	40	P 448	280	85	85	
1027	1	T 468	306	40	40	P 448	280	85	85	
1028	1	T 466	307	40	40	P 448	280	85	85	
1029	1	T 464	308	40	40	P 448	294	71	71	
1030	1	T 462	309	40	40	P 448	294	71	71	
1031	1	T 460	310	40	40	P 434	294	85	71	
1032	1	T 458	311	40	40	P 434	294	85	85	
1033	1	T 456	312	40	40	P 434	294	85	85	
1034	1	T 454	313	40	40	P 434	294	85	85	
1035	1	T 452	314	40	40	P 434	294	85	85	
1036	1	T 450	315	40	40	P 434	294	71	85	
1037	1	T 448	316	40	40	P 462	294	43	85	
1038	1	T 446	317	40	40	P 420	336	85	43	
1039	1	T 444	318	40	40	P 420	294	85	85	
1040	1	T 442	319	40	40	P 420	294	85	85	
1041	1	T 440	320	40	40	P 420	294	85	85	
1042	1	T 438	321	40	40	P 420	294	85	85	
1043	1	T 436	322	40	40	P 420	308	71	71	
1044	1	T 434	323	40	40	P 448	308	43	71	
1045	1	T 432	324	40	40	P 406	308	85	71	
1046	1	T 430	325	40	40	P 406	308	85	85	
1047	1	T 428	326	40	40	P 406	308	85	85	
1048	1	T 426	327	40	40	P 406	308	85	85	
1049	1	T 424	328	40	40	P 406	308	85	85	
1050	1	T 422	329	40	40	P 406	308	71	85	
1051	1	T 420	330	40	40	P 406	308	71	85	
1052	1	T 418	331	40	40	P 392	308	85	85	
1053	1	T 416	332	40	40	P 392	308	85	85	
1054	1	T 414	333	40	40	P 392	308	85	85	
1055	1	T 412	334	40	40	P 392	308	85	85	
1056	1	T 410	335	40	40	P 392	308	85	85	
1057	1	T 408	336	40	40	P 392	322	71	71	
1058	1	T 406	337	40	40	P 392	322	71	71	
1059	1	T 404	338	40	40	P 378	322	85	71	
1060	1	T 402	339	40	40	P 378	322	85	85	
1061	1	T 400	340	40	40	P 378	322	85	85	
1062	1	T 398	341	40	40	P 378	322	85	85	
1063	1	T 396	342	40	40	P 378	322	85	85	
1064	1	T 394	343	40	40	P 378	322	71	85	
1065	1	T 392	344	40	40	P 378	322	71	85	
1066	1	T 390	345	40	40	P 364	364	85	43	
1067	1	T 388	346	40	40	P 364	322	85	85	
1068	1	T 386	347	40	40	P 364	322	85	85	
1069	1	T 384	348	40	40	P 364	322	85	85	
1070	1	T 382	349	40	40	P 364	322	85	85	
1071	1	T 380	350	40	40	P 364	336	71	71	
1072	1	T 378	351	40	40	P 364	336	71	71	
1073	1	T 376	352	40	40	P 350	336	85	71	
1074	1	T 374	353	40	40	P 350	336	85	85	
1075	1	T 372	354	40	40	P 350	336	85	85	
1076	1	T 370	355	40	40	P 350	336	85	85	
1077	1	T 368	356	40	40	P 350	336	85	85	
1078	1	T 366	357	40	40	P 378	336	43	85	
1079	1	T 364	358	40	40	P 350	336	71	85	
1080	1	T 362	359	40	40	P 336	336	85	85	
1081	1	T 360	360	40	40	P 336	336	85	85	
1082	1	T 358	361	40	40	P 336	336	43	85	
1083	1	T 356	362	40	40	P 336	336	85	85	
1084	1	T 354	363	40	40	P 336	336	85	85	
1085	1	T 352	364	40	40	P 336	350	71	71	
1086	1	T 350	365	40	40	P 336	350	71	71	
1087	1	T 348	366	40	40	P 322	350	85	71	
1088	1	T 346	367	40	40	P 322	350	85	85	
1089	1	T 344	368	40	40	P 322	350	85	85	
1090	1	T 342	369	40	40	P 322	350	85	85	
1091	1	T 340	370	40	40	P 322	350	85	85	
1092	1	T 338	371	40	40	P 322	350	71	85	
1093	1	T 336	372	40	40	P 322	350	71	85	
1094	1	T 334	373	40	40	P 308	350	85	85	
1095	1	T 332	374	40	40	P 308	350	85	85	
1096	1	T 330	375	40	40	P 308	350	85	85	
1097	1	T 328	376	40	40	P 308	350	85	57	
1098	1	T 326	377	40	40	P 308	350	85	85	
1099	1	T 324	378	40	40	P 308	364	71	71	
1100	1	T 322	379	40	40	P 308	364	71	71	
1101	1	T 320	380	40	40	P 294	364	85	71	
1102	1	T 318	381	40	40	P 294	364	85	85	
1103	1	T 316	382	40	40	P 294	392	85	57	
1104	1	T 314	383	40	40	P 294	364	85	85	
1105	1	T 312	384	40	40	P 294	364	85	85	
1106	1	T 310	385	40	40	P 294	406	71	43	
1107	1	T 308	386	40	40	P 294	364	71	85	
1108	1	T 306	387	40	40	P 280	364	85	85	
1109	1	T 304	388	40	40	P 280	364	85	85	
1110	1	T 302	389	40	40	P 280	364	85	85	
1111	1	T 300	390	40	40	P 280	364	85	85	
1112	1	T 298	391	40	40	P 280	364	85	85	
1113	1	T 296	392	40	40	P 280	378	71	71	
1114	1	T 294	393	40	40	P 280	378	71	71	
1115	1	T 292	394	40	40	P 266	378	85	71	
1116	1	T 290	395	40	40	P 266	378	43	85	
1117	1	T 288	396	40	40	P 266	378	43	43	
1118	1	T 286	397	40	40	P 266	378	85	85	
1119	1	T 284	398	40	40	P 266	378	85	85	
1120	1	T 282	399	40	40	P 266	378	71	85	
1121	1	T 280	400	40	40	P 266	378	71	85	
1122	1	T 278	401	40	40	P 252	378	85	85	
1123	1	T 276	402	40	40	P 252	378	85	85	
1124	1	T 274	403	40	40	P 252	378	85	85	
1125	1	T 272	404	40	40	P 252	378	85	85	
1126	1	T 270	405	40	40	P 252	378	85	85	
1127	1	T 268	406	40	40	P 252	392	71	71	
1128	1	T 266	407	40	40	P 252	392	71	71	
1129	1	T 264	408	40	40	P 238	392	85	71	
1130	1	T 262	409	40	40	P 238	392	85	85	
1131	1	T 260	410	40	40	P 238	392	85	85	
1132	1	T 258	411	40	40	P 238	392	85	85	
1133	1	T 256	412	40	40	P 238	392	85	85	
1134	1	T 254	413	40	40	P 238	392	71	85	
1135	1	T 252	414	40	40	P 238	392	71	85	
1136	1	T 250	415	40	40	P 224	392	85	85	
1137	1	T 248	416	40	40	P 224	392	85	85	
1138	1	T 246	417	40	40	P 224	392	85	85	
1139	1	T 244	418	40	40	P 224	392	85	85	
1140	1	T 242	419	40	40	P 224	392	85	85	
1141	1	T 240	420	40	40	P 224	406	71	71	
1142	1	T 238	419	40	40	P 224	392	71	85	
1143	1	T 236	418	40	40	P 210	392	85	57	
1144	1	T 234	417	40	40	P 210	392	85	85	
1145	1	T 232	416	40	40	P 210	392	85	85	
1146	1	T 230	415	40	40	P 210	392	85	85	
1147	1	T 228	414	40	40	P 210	392	85	85	
1148	1	T 226	413	40	40	P 210	392	71	85	
1149	1	T 224	412	40	40	P 210	392	71	85	
1150	1	T 222	411	40	40	P 196	392	85	85	
1151	1	T 220	410	40	40	P 196	392	85	85	
1152	1	T 218	409	40	40	P 196	392	85	85	
1153	1	T 216	408	40	40	P 196	392	85	71	
1154	1	T 214	407	40	40	P 196	392	85	71	
1155	1	T 212	406	40	40	P 196	392	71	71	
1156	1	T 210	405	40	40	P 196	378	71	57	
1157	1	T 208	404	40	40	P 182	378	85	85	
1158	1	T 206	403	40	40	P 182	378	85	85	
1159	1	T 204	402	40	40	P 182	378	85	85	
1160	1	T 202	401	40	40	P 182	378	85	85	
1161	1	T 200	400	40	40	P 182	378	85	43	
1162	1	T 198	399	40	40	P 182	378	71	85	
1163	1	T 196	398	40	40	P 182	378	43	43	
1164	1	T 194	397	40	40	P 168	378	85	85	
1165	1	T 192	396	40	40	P 168	378	43	43	
1166	1	T 190	395	40	40	P 168	406	85	57	
1167	1	T 188	394	40	40	P 168	378	85	71	
1168	1	T 186	393	40	40	P 168	378	85	71	
1169	1	T 184	392	40	40	P 168	378	71	71	
1170	1	T 182	391	40	40	P 168	364	71	85	
1171	1	T 180	390	40	40	P 154	364	85	85	
1172	1	T 178	389	40	40	P 154	364	85	85	
1173	1	T 176	388	40	40	P 154	364	85	85	
1174	1	T 174	387	40	40	P 154	364	85	85	
1175	1	T 172	386	40	40	P 182	364	57	85	
1176	1	T 170	385	40	40	P 154	364	71	85	
1177	1	T 168	384	40	40	P 154	364	71	85	
1178	1	T 166	383	40	40	P 140	364	85	85	
1179	1	T 164	382	40	40	P 140	364	85	85	
1180	1	T 162	381	40	40	P 140	364	85	85	
1181	1	T 160	380	40	40	P 140	364	85	71	
1182	1	T 158	379	40	40	P 140	364	85	71	
1183	1	T 156	378	40	40	P 140	364	71	71	
1184	1	T 154	377	40	40	P 140	350	71	85	
1185	1	T 152	376	40	40	P 126	350	85	57	
1186	1	T 150	375	40	40	P 126	350	85	85	
1187	1	T 148	374	40	40	P 126	350	85	85	
1188	1	T 146	373	40	40	P 126	350	85	85	
1189	1	T 144	372	40	40	P 126	350	85	85	
1190	1	T 142	371	40	40	P 126	350	71	85	
1191	1	T 140	370	40	40	P 126	350	71	85	
1192	1	T 138	369	40	40	P 112	350	85	85	
1193	1	T 136	368	40	40	P 112	350	43	85	
1194	1	T 134	367	40	40	P 112	350	85	85	
1195	1	T 132	366	40	40	P 112	350	85	71	
1196	1	T 130	365	40	40	P 112	350	85	71	
1197	1	T 128	364	40	40	P 112	350	71	71	
1198	1	T 126	363	40	40	P 112	336	43	85	
1199	1	T 124	362	40	40	P 98	336	85	85	
1200	1	T 122	361	40	40	P 98	336	85	85	
1201	1	T 120	360	40	40	P 98	336	85	85	
1202	1	T 118	359	40	40	P 98	336	85	85	
1203	1	T 116	358	40	40	P 98	336	85	85	
1204	1	T 114	357	40	40	P 98	336	71	85	
1205	1	T 112	356	40	40	P 98	336	71	85	
1206	1	T 110	355	40	40	P 84	336	85	85	
1207	1	T 108	354	40	40	P 84	336	85	85	
1208	1	T 106	353	40	40	P 84	336	85	85	
1209	1	T 104	352	40	40	P 84	336	85	71	
1210	1	T 102	351	40	40	P 84	336	85	71	
1211	1	T 100	350	40	40	P 84	336	71	43	
1212	1	T 98	349	40	40	P 84	322	71	85	
1213	1	T 96	348	40	40	P 70	322	85	85	
1214	1	T 94	347	40	40	P 70	322	85	85	
1215	1	T 92	346	40	40	P 70	322	85	85	
1216	1	T 90	345	40	40	P 70	322	85	85	
1217	1	T 88	344	40	40	P 70	322	85	85	
1218	1	T 86	343	40	40	P 70	322	71	85	
1219	1	T 84	342	40	40	P 70	322	71	85	
1220	1	T 82	341	40	40	P 56	322	85	85	
1221	1	T 80	340	40	40	P 56	322	85	85	
1222	1	T 78	339	40	40	P 56	322	85	85	
1223	1	T 76	338	40	40	P 56	322	85	71	
1224	1	T 74	337	40	40	P 56	322	85	71	
1225	1	T 72	336	40	40	P 56	322	71	71	
1226	1	T 70	335	40	40	P 56	308	71	85	
1227	1	T 68	334	40	40	P 42	308	85	85	
1228	1	T 66	333	40	40	P 42	308	85	85	
1229	1	T 64	332	40	40	P 42	308	85	85	
1230	1	T 62	331	40	40	P 42	308	85	85	
1231	1	T 60	330	40	40	P 42	308	85	85	
1232	1	T 58	329	40	40	P 42	308	71	85	
1233	1	T 56	328	40	40	P 42	308	71	85	
1234	1	T 54	327	40	40	P 28	308	85	85	
1235	1	T 52	326	40	40	P 28	308	85	85	
1236	1	T 50	325	40	40	P 28	308	85	85	
1237	1	T 48	324	40	40	P 28	308	85	71	
1238	1	T 46	323	40	40	P 28	308	85	71	
1239	1	T 44	322	40	40	P 28	308	71	71	
1240	1	T 42	321	40	40	P 28	294	71	85	
1241	1	T 40	320	40	40	P 14	294	85	85	
1242	1	T 38	319	40	40	P 14	294	85	85	
1243	1	T 36	318	40	40	P 14	294	85	85	
1244	1	T 34	317	40	40	P 14	294	85	85	
1245	1	T 32	316	40	40	P 14	294	85	85	
1246	1	T 30	315	40	40	P 14	294	71	43	
1247	1	T 28	314	40	40	P 14	294	71	85	
1248	1	T 26	313	40	40	P 0	294	85	85	
1249	1	T 24	312	40	40	P 0	294	85	85	
1250	1	T 22	311	40	40	P 0	294	85	85	
1251	1	T 20	310	40	40	P 0	294	85	71	
1252	1	T 22	309	40	40	P 0	294	85	71	
1253	1	T 24	308	40	40	P 0	294	85	71	
1254	1	T 26	307	40	40	P 0	280	85	85	
1255	1	T 28	306	40	40	P 14	280	71	85	
1256	1	T 30	305	40	40	P 14	280	71	85	
1257	1	T 32	304	40	40	P 14	280	85	85	
1258	1	T 34	303	40	40	P 14	280	85	85	
1259	1	T 36	302	40	40	P 14	280	85	85	
1260	1	T 38	301	40	40	P 14	280	85	85	
1261	1	T 40	300	40	40	P 14	280	85	85	
1262	1	T 42	299	40	40	P 28	280	71	85	
1263	1	T 44	298	40	40	P 28	280	71	85	
1264	1	T 46	297	40	40	P 28	280	85	85	
1265	1	T 48	296	40	40	P 28	280	85	71	
1266	1	T 50	295	40	40	P 28	280	85	71	
1267	1	T 52	294	40	40	P 28	280	85	71	
1268	1	T 54	293	40	40	P 28	266	85	85	
1269	1	T 56	292	40	40	P 42	266	71	57	
1270	1	T 58	291	40	40	P 42	266	71	85	
1271	1	T 60	290	40	40	P 42	266	43	85	
1272	1	T 62	289	40	40	P 42	266	85	85	
1273	1	T 64	288	40	40	P 42	266	85	85	
1274	1	T 66	287	40	40	P 42	266	85	85	
1275	1	T 68	286	40	40	P 42	266	85	85	
1276	1	T 70	285	40	40	P 56	266	71	85	
1277	1	T 72	284	40	40	P 56	266	71	85	
1278	1	T 74	283	40	40	P 56	266	85	85	
1279	1	T 76	282	40	40	P 56	266	85	71	
1280	1	T 78	281	40	40	P 56	266	85	71	
1281	1	T 80	280	40	40	P 56	266	85	71	
1282	1	T 82	279	40	40	P 56	252	85	85	
1283	1	T 84	278	40	40	P 70	252	71	85	
1284	1	T 86	277	40	40	P 70	252	71	85	
1285	1	T 88	276	40	40	P 70	252	85	85	
1286	1	T 90	275	40	40	P 70	252	85	85	
1287	1	T 92	274	40	40	P 70	252	85	85	
1288	1	T 94	273	40	40	P 70	252	85	85	
1289	1	T 96	272	40	40	P 70	252	85	85	
1290	1	T 98	271	40	40	P 84	252	71	85	
1291	1	T 100	270	40	40	P 84	252	71	85	
1292	1	T 102	269	40	40	P 84	252	85	85	
1293	1	T 104	268	40	40	P 84	252	85	71	
1294	1	T 106	267	40	40	P 84	252	85	71	
1295	1	T 108	266	40	40	P 84	252	85	71	
1296	1	T 110	265	40	40	P 84	238	85	85	
1297	1	T 112	264	40	40	P 98	238	71	85	
1298	1	T 114	263	40	40	P 98	238	71	85	
1299	1	T 116	262	40	40	P 98	238	85	85	
1300	1	T 118	261	40	40	P 98	238	85	85	
1301	1	T 120	260	40	40	P 98	238	85	85	
1302	1	T 122	259	40	40	P 98	238	85	85	
1303	1	T 124	258	40	40	P 98	238	85	85	
1304	1	T 126	257	40	40	P 112	238	71	85	
1305	1	T 128	256	40	40	P 112	238	71	85	
1306	1	T 130	255	40	40	P 112	238	85	85	
1307	1	T 132	254	40	40	P 112	238	85	71	
1308	1	T 134	253	40	40	P 112	238	85	71	
1309	1	T 136	252	40	40	P 112	238	85	71	
1310	1	T 138	251	40	40	P 112	224	85	85	
1311	1	T 140	250	40	40	P 126	224	71	85	
1312	1	T 142	249	40	40	P 126	224	71	85	
1313	1	T 144	248	40	40	P 126	224	85	85	
1314	1	T 146	247	40	40	P 126	224	85	85	
1315	1	T 148	246	40	40	P 126	224	85	85	
1316	1	T 150	245	40	40	P 126	224	85	85	
1317	1	T 152	244	40	40	P 126	224	85	85	
1318	1	T 154	243	40	40	P 140	224	71	85	
1319	1	T 156	242	40	40	P 140	224	71	85	
1320	1	T 158	241	40	40	P 140	224	85	85	
1321	1	T 160	240	40	40	P 140	224	85	71	
1322	1	T 162	239	40	40	P 140	224	85	71	
1323	1	T 164	238	40	40	P 140	224	85	71	
1324	1	T 166	237	40	40	P 140	252	85	43	
1325	1	T 168	236	40	40	P 154	210	71	85	
1326	1	T 170	235	40	40	P 154	210	71	85	
1327	1	T 172	234	40	40	P 154	210	85	85	
1328	1	T 174	233	40	40	P 154	210	85	85	
1329	1	T 176	232	40	40	P 154	210	85	85	
1330	1	T 178	231	40	40	P 154	210	85	85	
1331	1	T 180	230	40	40	P 154	210	85	85	
1332	1	T 182	229	40	40	P 168	210	71	85	
1333	1	T 184	228	40	40	P 168	210	71	85	
1334	1	T 186	227	40	40	P 168	210	85	85	
1335	1	T 188	226	40	40	P 168	210	85	71	
1336	1	T 190	225	40	40	P 168	210	85	71	
1337	1	T 192	224	40	40	P 168	210	85	71	
1338	1	T 194	223	40	40	P 168	196	85	85	
1339	1	T 196	222	40	40	P 182	196	71	85	
1340	1	T 198	221	40	40	P 182	196	71	85	
1341	1	T 200	220	40	40	P 182	196	85	85	
1342	1	T 202	219	40	40	P 182	196	85	85	
1343	1	T 204	218	40	40	P 182	196	85	85	
1344	1	T 206	217	40	40	P 182	196	85	85	
1345	1	T 208	216	40	40	P 182	196	85	85	
1346	1	T 210	215	40	40	P 196	196	71	85	
1347	1	T 212	214	40	40	P 196	196	71	85	
1348	1	T 214	213	40	40	P 196	196	85	85	
1349	1	T 216	212	40	40	P 196	196	85	71	
1350	1	T 218	211	40	40	P 196	196	85	71	
1351	1	T 220	210	40	40	P 196	196	85	71	
1352	1	T 222	209	40	40	P 196	182	85	85	
1353	1	T 224	208	40	40	P 210	182	71	85	
1354	1	T 226	207	40	40	P 210	182	71	85	
1355	1	T 228	206	40	40	P 210	182	85	85	
1356	1	T 230	205	40	40	P 210	182	85	85	
1357	1	T 232	204	40	40	P 210	182	85	85	
1358	1	T 234	203	40	40	P 210	182	85	85	
1359	1	T 236	202	40	40	P 210	182	85	85	
1360	1	T 238	201	40	40	P 224	182	71	43	
1361	1	T 240	200	40	40	P 224	182	43	85	
1362	1	T 242	199	40	40	P 224	182	85	85	
1363	1	T 244	198	40	40	P 224	182	85	71	
1364	1	T 246	197	40	40	P 224	182	85	71	
1365	1	T 248	196	40	40	P 224	182	85	71	
1366	1	T 250	195	40	40	P 224	168	85	85	
1367	1	T 252	194	40	40	P 238	168	71	85	
1368	1	T 254	193	40	40	P 238	168	71	85	
1369	1	T 256	192	40	40	P 238	168	85	85	
1370	1	T 258	191	40	40	P 238	168	85	85	
1371	1	T 260	190	40	40	P 238	168	85	85	
1372	1	T 262	189	40	40	P 280	168	43	85	
1373	1	T 264	188	40	40	P 238	168	85	43	
1374	1	T 266	187	40	40	P 252	168	71	85	
1375	1	T 268	186	40	40	P 252	168	71	85	
1376	1	T 270	185	40	40	P 252	168	85	85	
1377	1	T 272	184	40	40	P 252	168	85	71	
1378	1	T 274	183	40	40	P 252	168	85	71	
1379	1	T 276	182	40	40	P 252	168	85	71	
1380	1	T 278	181	40	40	P 252	154	85	85	
1381	1	T 280	180	40	40	P 266	154	71	85	
1382	1	T 282	179	40	40	P 266	154	71	85	
1383	1	T 284	178	40	40	P 266	154	85	85	
1384	1	T 286	177	40	40	P 266	154	85	85	
1385	1	T 288	176	40	40	P 266	154	85	85	
1386	1	T 290	175	40	40	P 266	154	85	85	
1387	1	T 292	174	40	40	P 266	154	85	85	
1388	1	T 294	173	40	40	P 280	154	71	85	
1389	1	T 296	172	40	40	P 280	154	71	85	
1390	1	T 298	171	40	40	P 280	154	85	85	
1391	1	T 300	170	40	40	P 280	154	85	71	
1392	1	T 302	169	40	40	P 280	154	85	71	
1393	1	T 304	168	40	40	P 280	154	85	71	
1394	1	T 306	167	40	40	P 280	140	85	85	
1395	1	T 308	166	40	40	P 294	140	71	85	
1396	1	T 310	165	40	40	P 294	140	71	85	
1397	1	T 312	164	40	40	P 294	140	85	85	
1398	1	T 314	163	40	40	P 294	140	85	85	
1399	1	T 316	162	40	40	P 294	140	85	85	
1400	1	T 318	161	40	40	P 294	140	85	85	
1401	1	T 320	160	40	40	P 294	140	85	85	
1402	1	T 322	159	40	40	P 308	140	71	85	
1403	1	T 324	158	40	40	P 308	140	71	85	
1404	1	T 326	157	40	40	P 308	140	85	85	
1405	1	T 328	156	40	40	P 308	140	85	71	
1406	1	T 330	155	40	40	P 308	140	85	71	
1407	1	T 332	154	40	40	P 308	140	85	71	
1408	1	T 334	153	40	40	P 308	126	85	85	
1409	1	T 336	152	40	40	P 322	126	71	85	
1410	1	T 338	151	40	40	P 322	126	71	85	
1411	1	T 340	150	40	40	P 322	126	85	85	
1412	1	T 342	149	40	40	P 322	126	85	85	
1413	1	T 344	148	40	40	P 322	126	85	85	
1414	1	T 346	147	40	40	P 322	126	85	85	
1415	1	T 348	146	40	40	P 322	126	85	85	
1416	1	T 350	145	40	40	P 336	126	71	85	
1417	1	T 352	144	40	40	P 336	126	71	85	
1418	1	T 354	143	40	40	P 336	126	85	85	
1419	1	T 356	142	40	40	P 336	126	85	71	
1420	1	T 358	141	40	40	P 336	126	85	71	
1421	1	T 360	140	40	40	P 336	126	85	43	
1422	1	T 362	139	40	40	P 336	112	85	85	
1423	1	T 364	138	40	40	P 350	112	71	85	
1424	1	T 366	137	40	40	P 350	112	71	85	
1425	1	T 368	136	40	40	P 350	112	85	85	
1426	1	T 370	135	40	40	P 350	112	43	85	
1427	1	T 372	134	40	40	P 350	112	85	85	
1428	1	T 374	133	40	40	P 350	112	85	85	
1429	1	T 376	132	40	40	P 350	112	85	85	
1430	1	T 378	131	40	40	P 364	112	71	85	
1431	1	T 380	130	40	40	P 364	112	71	85	
1432	1	T 382	129	40	40	P 364	112	85	85	
1433	1	T 384	128	40	40	P 364	112	85	71	
1434	1	T 386	127	40	40	P 364	112	85	71	
1435	1	T 388	126	40	40	P 364	112	85	71	
1436	1	T 390	125	40	40	P 364	98	85	85	
1437	1	T 392	124	40	40	P 378	98	71	85	
1438	1	T 394	123	40	40	P 378	98	71	85	
1439	1	T 396	122	40	40	P 378	98	85	85	
1440	1	T 398	121	40	40	P 378	98	85	85	
1441	1	T 400	120	40	40	P 378	98	85	85	
1442	1	T 402	119	40	40	P 378	98	85	85	
1443	1	T 404	118	40	40	P 378	98	85	85	
1444	1	T 406	117	40	40	P 392	98	71	85	
1445	1	T 408	116	40	40	P 392	98	71	85	
1446	1	T 410	115	40	40	P 392	98	85	85	
1447	1	T 412	114	40	40	P 392	98	85	71	
1448	1	T 414	113	40	40	P 392	98	85	71	
1449	1	T 416	112	40	40	P 392	98	85	71	
1450	1	T 418	111	40	40	P 392	84	85	85	
1451	1	T 420	110	40	40	P 406	84	71	85	
1452	1	T 422	109	40	40	P 406	84	71	85	
1453	1	T 424	108	40	40	P 406	84	85	85	
1454	1	T 426	107	40	40	P 406	84	85	43	
1455	1	T 428	106	40	40	P 406	84	85	85	
1456	1	T 430	105	40	40	P 406	84	85	85	
1457	1	T 432	104	40	40	P 406	84	85	85	
1458	1	T 434	103	40	40	P 420	84	43	85	
1459	1	T 436	102	40	40	P 420	84	71	85	
1460	1	T 438	101	40	40	P 420	84	85	85	
1461	1	T 440	100	40	40	P 420	84	85	71	
1462	1	T 442	99	40	40	P 420	112	85	43	
1463	1	T 444	98	40	40	P 420	84	85	71	
1464	1	T 446	97	40	40	P 420	70	85	85	
1465	1	T 448	96	40	40	P 434	70	71	85	
1466	1	T 450	95	40	40	P 434	70	71	85	
1467	1	T 452	94	40	40	P 434	70	85	85	
1468	1	T 454	93	40	40	P 434	70	85	85	
1469	1	T 456	92	40	40	P 434	70	85	85	
1470	1	T 458	91	40	40	P 434	70	85	85	
1471	1	T 460	90	40	40	P 434	70	85	85	
1472	1	T 462	89	40	40	P 448	70	71	85	
1473	1	T 464	88	40	40	P 448	70	71	85	
1474	1	T 466	87	40	40	P 448	70	85	85	
1475	1	T 468	86	40	40	P 448	70	85	71	
1476	1	T 470	85	40	40	P 448	70	85	71	
1477	1	T 472	84	40	40	P 448	70	85	71	
1478	1	T 474	83	40	40	P 448	56	85	85	
1479	1	T 476	82	40	40	P 462	56	71	85	
1480	1	T 478	81	40	40	P 462	56	71	85	
1481	1	T 480	80	40	40	P 462	56	85	85	
1482	1	T 482	79	40	40	P 462	56	85	85	
1483	1	T 484	78	40	40	P 462	56	85	43	
1484	1	T 486	77	40	40	P 462	56	85	85	
1485	1	T 488	76	40	40	P 462	56	85	85	
1486	1	T 490	75	40	40	P 476	56	71	85	
1487	1	T 492	74	40	40	P 476	56	71	85	
1488	1	T 494	73	40	40	P 476	56	85	85	
1489	1	T 496	72	40	40	P 476	56	85	71	
1490	1	T 498	71	40	40	P 476	56	85	71	
1491	1	T 500	70	40	40	P 518	56	43	71	
1492	1	T 502	69	40	40	P 476	42	85	85	
1493	1	T 504	68	40	40	P 490	42	71	85	
1494	1	T 506	67	40	40	P 490	42	71	85	
1495	1	T 508	66	40	40	P 490	42	85	43	
1496	1	T 510	65	40	40	P 490	42	85	85	
1497	1	T 512	64	40	40	P 490	42	85	85	
1498	1	T 514	63	40	40	P 490	42	85	85	
1499	1	T 516	62	40	40	P 490	42	85	85	
1500	1	T 518	61	40	40	P 504	42	71	85	
1501	1	T 520	60	40	40	P 504	42	71	85	
1502	1	T 522	59	40	40	P 504	42	85	85	
1503	1	T 524	58	40	40	P 504	42	85	71	
1504	1	T 526	57	40	40	P 504	42	85	71	
1505	1	T 528	56	40	40	P 504	42	85	71	
1506	1	T 530	55	40	40	P 504	28	85	85	
1507	1	T 532	54	40	40	P 518	28	71	85	
1508	1	T 534	53	40	40	P 518	28	71	85	
1509	1	T 536	52	40	40	P 518	28	85	85	
1510	1	T 538	51	40	40	P 518	28	85	85	
1511	1	T 540	50	40	40	P 518	28	85	85	
1512	1	T 542	49	40	40	P 518	28	85	85	
1513	1	T 544	48	40	40	P 518	28	85	85	
1514	1	T 546	47	40	40	P 532	28	71	85	
1515	1	T 548	46	40	40	P 532	28	71	85	
1516	1	T 550	45	40	40	P 532	28	85	85	
1517	1	T 552	44	40	40	P 532	28	85	71	
1518	1	T 554	43	40	40	P 532	28	85	71	
1519	1	T 556	42	40	40	P 532	28	85	71	
1520	1	T 558	41	40	40	P 532	14	85	85	
1521	1	T 560	40	40	40	P 546	14	71	85	
1522	1	T 562	39	40	40	P 546	14	71	85	
1523	1	T 564	38	40	40	P 546	14	85	85	
1524	1	T 566	37	40	40	P 546	14	85	85	
1525	1	T 568	36	40	40	P 546	14	85	85	
1526	1	T 570	35	40	40	P 546	14	85	85	
1527	1	T 572	34	40	40	P 546	14	85	85	
1528	1	T 574	33	40	40	P 560	14	71	85	
1529	1	T 576	32	40	40	P 560	14	71	85	
1530	1	T 578	31	40	40	P 560	14	85	85	
1531	1	T 580	30	40	40	P 560	14	85	71	
1532	1	T 582	29	40	40	P 560	14	85	71	
1533	1	T 584	28	40	40	P 560	14	85	71	
1534	1	T 586	27	40	40	P 560	0	85	85	
1535	1	T 588	26	40	40	P 574	0	71	85	
1536	1	T 590	25	40	40	P 574	0	71	85	
1537	1	T 592	24	40	40	P 574	0	85	85	
1538	1	T 594	23	40	40	P 574	0	85	85	
1539	1	T 596	22	40	40	P 574	0	85	85	
1540	1	T 598	21	40	40	P 574	0	85	85	
1541	1	T 600	20	40	40	P 616	42	43	43	
1542	1	T 602	21	40	40	P 588	0	71	85	
1543	1	T 604	22	40	40	P 588	0	71	85	
1544	1	T 606	23	40	40	P 588	0	85	85	
1545	1	T 608	24	40	40	P 588	0	85	85	
1546	1	T 610	25	40	40	P 588	42	85	43	
1547	1	T 612	26	40	40	P 588	0	85	85	
1548	1	T 614	27	40	40	P 588	0	85	85	
1549	1	T 616	28	40	40	P 602	14	71	71	
1550	1	T 618	29	40	40	P 602	14	71	71	
1551	1	T 620	30	40	40	P 602	14	85	71	
1552	1	T 622	31	40	40	P 602	14	85	85	
1553	1	T 624	32	40	40	P 602	14	85	85	
1554	1	T 626	33	40	40	P 602	42	85	57	
1555	1	T 628	34	40	40	P 602	14	85	85	
1556	1	T 630	35	40	40	P 616	14	71	43	
1557	1	T 632	36	40	40	P 616	14	71	85	
1558	1	T 634	37	40	40	P 616	14	85	85	
1559	1	T 636	38	40	40	P 616	56	85	43	
1560	1	T 638	39	40	40	P 616	14	85	85	
1561	1	T 640	40	40	40	P 616	14	85	85	
1562	1	T 642	41	40	40	P 616	14	85	85	
1563	1	T 644	42	40	40	P 630	28	71	71	
1564	1	T 646	43	40	40	P 630	28	71	71	
1565	1	T 648	44	40	40	P 630	28	85	71	
1566	1	T 650	45	40	40	P 630	28	85	85	
1567	1	T 652	46	40	40	P 630	28	85	85	
1568	1	T 654	47	40	40	P 630	28	85	85	
1569	1	T 656	48	40	40	P 630	28	85	85	
1570	1	T 658	49	40	40	P 644	28	71	85	
1571	1	T 660	50	40	40	P 644	28	71	85	
1572	1	T 658	51	40	40	P 644	28	71	85	
1573	1	T 656	52	40	40	P 630	28	85	85	
1574	1	T 654	53	40	40	P 630	28	85	85	
1575	1	T 652	54	40	40	P 672	28	43	85	
1576	1	T 650	55	40	40	P 630	28	85	85	
1577	1	T 648	56	40	40	P 630	42	85	71	
1578	1	T 646	57	40	40	P 630	42	71	71	
1579	1	T 644	58	40	40	P 630	42	71	43	
1580	1	T 642	59	40	40	P 616	42	85	85	
1581	1	T 640	60	40	40	P 616	42	85	85	
1582	1	T 638	61	40	40	P 616	42	85	85	
1583	1	T 636	62	40	40	P 616	84	85	43	
1584	1	T 634	63	40	40	P 616	84	85	43	
1585	1	T 632	64	40	40	P 616	42	71	85	
1586	1	T 630	65	40	40	P 616	42	71	85	
1587	1	T 628	66	40	40	P 644	42	43	85	
1588	1	T 626	67	40	40	P 602	42	85	85	
1589	1	T 624	68	40	40	P 602	42	85	57	
1590	1	T 622	69	40	40	P 602	42	85	85	
1591	1	T 620	70	40	40	P 602	56	85	71	
1592	1	T 618	71	40	40	P 602	56	71	71	
1593	1	T 616	72	40	40	P 602	56	71	71	
1594	1	T 614	73	40	40	P 588	56	85	85	
1595	1	T 612	74	40	40	P 588	56	85	85	
1596	1	T 610	75	40	40	P 588	56	85	85	
1597	1	T 608	76	40	40	P 588	56	85	85	
1598	1	T 606	77	40	40	P 588	56	85	85	
1599	1	T 604	78	40	40	P 588	56	71	85	
1600	1	T 602	79	40	40	P 588	56	71	85	
1601	1	T 600	80	40	40	P 574	56	85	85	
1602	1	T 598	81	40	40	P 574	56	85	85	
1603	1	T 596	82	40	40	P 574	56	85	85	
1604	1	T 594	83	40	40	P 574	56	85	85	
1605	1	T 592	84	40	40	P 574	70	85	71	
1606	1	T 590	85	40	40	P 574	70	71	71	
1607	1	T 588	86	40	40	P 574	70	71	71	
1608	1	T 586	87	40	40	P 560	70	57	85	
1609	1	T 584	88	40	40	P 560	70	85	85	
1610	1	T 582	89	40	40	P 560	70	85	85	
1611	1	T 580	90	40	40	P 560	70	85	85	
1612	1	T 578	91	40	40	P 560	70	85	85	
1613	1	T 576	92	40	40	P 560	70	71	85	
1614	1	T 574	93	40	40	P 560	70	71	85	
1615	1	T 572	94	40	40	P 546	70	85	85	
1616	1	T 570	95	40	40	P 546	70	85	85	
1617	1	T 568	96	40	40	P 546	70	85	85	
1618	1	T 566	97	40	40	P 546	70	85	85	
1619	1	T 564	98	40	40	P 546	84	85	43	
1620	1	T 562	99	40	40	P 546	84	71	43	
1621	1	T 560	100	40	40	P 546	84	71	71	
1622	1	T 558	101	40	40	P 532	84	85	85	
1623	1	T 556	102	40	40	P 532	84	85	85	
1624	1	T 554	103	40	40	P 574	84	43	85	
1625	1	T 552	104	40	40	P 532	84	85	85	
1626	1	T 550	105	40	40	P 532	84	85	85	
1627	1	T 548	106	40	40	P 532	84	71	85	
1628	1	T 546	107	40	40	P 532	84	71	85	
1629	1	T 544	108	40	40	P 518	84	85	85	
1630	1	T 542	109	40	40	P 518	84	85	85	
1631	1	T 540	110	40	40	P 518	84	85	85	
1632	1	T 538	111	40	40	P 518	84	85	85	
1633	1	T 536	112	40	40	P 518	98	85	71	
1634	1	T 534	113	40	40	P 518	98	71	71	
1635	1	T 532	114	40	40	P 518	98	71	71	
1636	1	T 530	115	40	40	P 504	98	85	85	
1637	1	T 528	116	40	40	P 504	98	85	85	
1638	1	T 526	117	40	40	P 504	98	85	85	
1639	1	T 524	118	40	40	P 504	98	85	85	
1640	1	T 522	119	40	40	P 504	98	85	85	
1641	1	T 520	120	40	40	P 504	98	71	85	
1642	1	T 518	121	40	40	P 504	98	71	85	
1643	1	T 516	122	40	40	P 490	98	85	85	
1644	1	T 514	123	40	40	P 490	98	85	85	
1645	1	T 512	124	40	40	P 490	98	85	85	
1646	1	T 510	125	40	40	P 490	98	85	85	
1647	1	T 508	126	40	40	P 490	112	85	71	
1648	1	T 506	127	40	40	P 490	112	71	71	
1649	1	T 504	128	40	40	P 490	112	71	71	
1650	1	T 502	129	40	40	P 476	112	85	85	
1651	1	T 500	130	40	40	P 476	140	85	57	
1652	1	T 498	131	40	40	P 476	140	43	57	
1653	1	T 496	132	40	40	P 476	112	85	85	
1654	1	T 494	133	40	40	P 476	154	85	43	
1655	1	T 492	134	40	40	P 476	112	71	85	
1656	1	T 490	135	40	40	P 476	112	71	85	
1657	1	T 488	136	40	40	P 462	112	85	85	
1658	1	T 486	137	40	40	P 462	112	85	85	
1659	1	T 484	138	40	40	P 462	112	85	85	
1660	1	T 482	139	40	40	P 462	112	85	85	
1661	1	T 480	140	40	40	P 462	126	85	71	
1662	1	T 478	141	40	40	P 462	126	71	71	
1663	1	T 476	142	40	40	P 462	126	71	71	
1664	1	T 474	143	40	40	P 448	126	85	85	
1665	1	T 472	144	40	40	P 448	126	85	85	
1666	1	T 470	145	40	40	P 448	126	85	85	
1667	1	T 468	146	40	40	P 448	126	85	85	
1668	1	T 466	147	40	40	P 448	126	85	85	
1669	1	T 464	148	40	40	P 448	126	71	85	
1670	1	T 462	149	40	40	P 448	126	71	85	
1671	1	T 460	150	40	40	P 434	126	85	85	
1672	1	T 458	151	40	40	P 434	126	85	85	
1673	1	T 456	152	40	40	P 434	126	85	85	
1674	1	T 454	153	40	40	P 434	126	85	85	
1675	1	T 452	154	40	40	P 434	140	85	71	
1676	1	T 450	155	40	40	P 434	140	71	71	
1677	1	T 448	156	40	40	P 434	140	71	43	
1678	1	T 446	157	40	40	P 420	140	85	85	
1679	1	T 444	158	40	40	P 420	140	85	85	
1680	1	T 442	159	40	40	P 420	140	85	85	
1681	1	T 440	160	40	40	P 420	140	85	85	
1682	1	T 438	161	40	40	P 420	140	85	85	
1683	1	T 436	162	40	40	P 420	140	71	85	
1684	1	T 434	163	40	40	P 420	140	71	85	
1685	1	T 432	164	40	40	P 406	140	85	85	
1686	1	T 430	165	40	40	P 406	140	85	85	
1687	1	T 428	166	40	40	P 406	140	85	85	
1688	1	T 426	167	40	40	P 406	140	85	85	
1689	1	T 424	168	40	40	P 406	154	85	71	
1690	1	T 422	169	40	40	P 406	154	71	71	
1691	1	T 420	170	40	40	P 406	154	71	43	
1692	1	T 418	171	40	40	P 392	154	85	85	
1693	1	T 416	172	40	40	P 392	154	85	85	
1694	1	T 414	173	40	40	P 392	154	85	85	
1695	1	T 412	174	40	40	P 392	154	85	85	
1696	1	T 410	175	40	40	P 392	154	85	85	
1697	1	T 408	176	40	40	P 392	154	71	85	
1698	1	T 406	177	40	40	P 392	154	71	85	
1699	1	T 404	178	40	40	P 378	154	85	85	
1700	1	T 402	179	40	40	P 378	154	85	85	
1701	1	T 400	180	40	40	P 378	154	85	85	
1702	1	T 398	181	40	40	P 378	154	85	85	
1703	1	T 396	182	40	40	P 378	168	85	71	
1704	1	T 394	183	40	40	P 378	168	71	71	
1705	1	T 392	184	40	40	P 378	168	71	71	
1706	1	T 390	185	40	40	P 364	168	85	85	
1707	1	T 388	186	40	40	P 364	168	85	85	
1708	1	T 386	187	40	40	P 364	168	85	85	
1709	1	T 384	188	40	40	P 364	168	85	85	
1710	1	T 382	189	40	40	P 364	168	85	85	
1711	1	T 380	190	40	40	P 364	168	71	85	
1712	1	T 378	191	40	40	P 364	168	71	85	
1713	1	T 376	192	40	40	P 350	168	85	85	
1714	1	T 374	193	40	40	P 350	168	85	85	
1715	1	T 372	194	40	40	P 350	168	85	85	
1716	1	T 370	195	40	40	P 350	168	85	85	
1717	1	T 368	196	40	40	P 350	182	85	71	
1718	1	T 366	197	40	40	P 350	182	71	71	
1719	1	T 364	198	40	40	P 350	182	71	71	
1720	1	T 362	199	40	40	P 336	182	85	85	
1721	1	T 360	200	40	40	P 336	182	85	85	
1722	1	T 358	201	40	40	P 336	182	85	85	
1723	1	T 356	202	40	40	P 336	182	85	85	
1724	1	T 354	203	40	40	P 336	182	85	85	
1725	1	T 352	204	40	40	P 336	182	71	43	
1726	1	T 350	205	40	40	P 336	182	71	85	
1727	1	T 348	206	40	40	P 322	182	85	85	
1728	1	T 346	207	40	40	P 322	182	85	85	
1729	1	T 344	208	40	40	P 322	182	85	85	
1730	1	T 342	209	40	40	P 322	182	85	85	
1731	1	T 340	210	40	40	P 322	196	85	71	
1732	1	T 338	211	40	40	P 322	196	71	71	
1733	1	T 336	212	40	40	P 322	196	71	71	
1734	1	T 334	213	40	40	P 308	196	85	85	
1735	1	T 332	214	40	40	P 308	196	85	85	
1736	1	T 330	215	40	40	P 308	196	85	85	
1737	1	T 328	216	40	40	P 308	196	85	85	
1738	1	T 326	217	40	40	P 308	196	85	85	
1739	1	T 324	218	40	40	P 308	196	71	85	
1740	1	T 322	219	40	40	P 308	196	71	85	
1741	1	T 320	220	40	40	P 294	196	85	85	
1742	1	T 318	221	40	40	P 294	196	85	85	
1743	1	T 316	222	40	40	P 294	196	85	85	
1744	1	T 314	223	40	40	P 294	196	85	85	
1745	1	T 312	224	40	40	P 294	210	85	71	
1746	1	T 310	225	40	40	P 294	210	71	71	
1747	1	T 308	226	40	40	P 294	210	71	71	
1748	1	T 306	227	40	40	P 280	210	85	85	
1749	1	T 304	228	40	40	P 280	210	85	85	
1750	1	T 302	229	40	40	P 280	210	85	85	
1751	1	T 300	230	40	40	P 280	210	85	85	
1752	1	T 298	231	40	40	P 280	210	85	85	
1753	1	T 296	232	40	40	P 280	210	71	85	
1754	1	T 294	233	40	40	P 280	210	71	85	
1755	1	T 292	234	40	40	P 266	210	85	85	
1756	1	T 290	235	40	40	P 266	210	85	85	
1757	1	T 288	236	40	40	P 266	210	85	85	
1758	1	T 286	237	40	40	P 266	210	85	85	
1759	1	T 284	238	40	40	P 266	224	85	71	
1760	1	T 282	239	40	40	P 266	224	71	71	
1761	1	T 280	240	40	40	P 266	224	71	71	
1762	1	T 278	241	40	40	P 252	224	85	57	
1763	1	T 276	242	40	40	P 252	224	85	85	
1764	1	T 274	243	40	40	P 252	224	85	85	
1765	1	T 272	244	40	40	P 252	224	85	85	
1766	1	T 270	245	40	40	P 252	224	85	85	
1767	1	T 268	246	40	40	P 252	224	71	85	
1768	1	T 266	247	40	40	P 252	224	71	85	
1769	1	T 264	248	40	40	P 238	224	85	85	
1770	1	T 262	249	40	40	P 238	224	85	85	
1771	1	T 260	250	40	40	P 238	224	85	85	
1772	1	T 258	251	40	40	P 238	224	85	57	
1773	1	T 256	252	40	40	P 238	238	85	71	
1774	1	T 254	253	40	40	P 238	238	71	71	
1775	1	T 252	254	40	40	P 238	238	71	71	
1776	1	T 250	255	40	40	P 224	238	85	85	
1777	1	T 248	256	40	40	P 224	238	85	85	
1778	1	T 246	257	40	40	P 224	238	43	85	
1779	1	T 244	258	40	40	P 224	238	85	85	
1780	1	T 242	259	40	40	P 224	238	85	85	
1781	1	T 240	260	40	40	P 224	238	71	85	
1782	1	T 238	261	40	40	P 224	238	43	85	
1783	1	T 236	262	40	40	P 210	238	85	85	
1784	1	T 234	263	40	40	P 210	238	85	85	
1785	1	T 232	264	40	40	P 210	238	85	85	
1786	1	T 230	265	40	40	P 210	238	85	85	
1787	1	T 228	266	40	40	P 210	252	85	71	
1788	1	T 226	267	40	40	P 210	252	71	71	
1789	1	T 224	268	40	40	P 210	252	71	71	
1790	1	T 222	269	40	40	P 196	252	85	85	
1791	1	T 220	270	40	40	P 196	252	85	85	
1792	1	T 218	271	40	40	P 196	252	85	85	
1793	1	T 216	272	40	40	P 196	252	85	43	
1794	1	T 214	273	40	40	P 196	252	85	85	
1795	1	T 212	274	40	40	P 196	252	71	85	
1796	1	T 210	275	40	40	P 196	252	71	85	
1797	1	T 208	276	40	40	P 182	252	85	85	
1798	1	T 206	277	40	40	P 182	252	85	85	
1799	1	T 204	278	40	40	P 182	252	85	85	
1800	1	T 202	279	40	40	P 182	252	85	85	
1801	1	T 200	280	40	40	P 182	266	85	71	
1802	1	T 198	281	40	40	P 182	266	71	71	
1803	1	T 196	282	40	40	P 182	266	71	71	
1804	1	T 194	283	40	40	P 168	266	85	85	
1805	1	T 192	284	40	40	P 168	266	85	85	
1806	1	T 190	285	40	40	P 168	266	85	85	
1807	1	T 188	286	40	40	P 168	266	85	85	
1808	1	T 186	287	40	40	P 168	266	85	85	
1809	1	T 184	288	40	40	P 168	266	71	85	
1810	1	T 182	289	40	40	P 168	266	71	85	
1811	1	T 180	290	40	40	P 154	266	85	85	
1812	1	T 178	291	40	40	P 154	266	85	85	
1813	1	T 176	292	40	40	P 154	266	85	85	
1814	1	T 174	293	40	40	P 154	266	85	85	
1815	1	T 172	294	40	40	P 154	280	85	71	
1816	1	T 170	295	40	40	P 154	280	71	71	
1817	1	T 168	296	40	40	P 154	280	71	71	
1818	1	T 166	297	40	40	P 140	280	85	85	
1819	1	T 164	298	40	40	P 140	280	85	85	
1820	1	T 162	299	40	40	P 140	280	85	85	
1821	1	T 160	300	40	40	P 140	280	85	85	
1822	1	T 158	301	40	40	P 140	280	85	85	
1823	1	T 156	302	40	40	P 140	280	71	85	
1824	1	T 154	303	40	40	P 140	280	71	85	
1825	1	T 152	304	40	40	P 126	280	85	85	
1826	1	T 150	305	40	40	P 126	280	85	85	
1827	1	T 148	306	40	40	P 126	280	85	85	
1828	1	T 146	307	40	40	P 126	280	85	85	
1829	1	T 144	308	40	40	P 126	294	85	71	
1830	1	T 142	309	40	40	P 126	294	71	71	
1831	1	T 140	310	40	40	P 126	294	71	71	
1832	1	T 138	311	40	40	P 112	322	85	57	
1833	1	T 136	312	40	40	P 112	294	85	85	
1834	1	T 134	313	40	40	P 112	294	85	85	
1835	1	T 132	314	40	40	P 112	294	85	85	
1836	1	T 130	315	40	40	P 112	294	85	85	
1837	1	T 128	316	40	40	P 112	294	71	85	
1838	1	T 126	317	40	40	P 112	294	71	85	
1839	1	T 124	318	40	40	P 98	294	85	85	
1840	1	T 122	319	40	40	P 98	294	85	85	
1841	1	T 120	320	40	40	P 98	294	85	85	
1842	1	T 118	321	40	40	P 98	294	85	85	
1843	1	T 116	322	40	40	P 98	308	85	71	
1844	1	T 114	323	40	40	P 98	308	71	71	
1845	1	T 112	324	40	40	P 98	308	71	71	
1846	1	T 110	325	40	40	P 84	308	85	85	
1847	1	T 108	326	40	40	P 84	308	85	85	
1848	1	T 106	327	40	40	P 84	308	85	85	
1849	1	T 104	328	40	40	P 84	308	85	85	
1850	1	T 102	329	40	40	P 84	308	85	85	
1851	1	T 100	330	40	40	P 84	308	71	85	
1852	1	T 98	331	40	40	P 84	308	71	85	
1853	1	T 96	332	40	40	P 70	308	85	85	
1854	1	T 94	333	40	40	P 70	308	85	85	
1855	1	T 92	334	40	40	P 70	308	85	85	
1856	1	T 90	335	40	40	P 70	308	85	85	
1857	1	T 88	336	40	40	P 70	322	85	71	
1858	1	T 86	337	40	40	P 70	322	71	71	
1859	1	T 84	338	40	40	P 70	322	71	71	
1860	1	T 82	339	40	40	P 56	322	85	85	
1861	1	T 80	340	40	40	P 56	322	85	43	
1862	1	T 78	341	40	40	P 56	322	85	85	
1863	1	T 76	342	40	40	P 56	322	85	85	
1864	1	T 74	343	40	40	P 56	322	85	85	
1865	1	T 72	344	40	40	P 56	322	71	85	
1866	1	T 70	345	40	40	P 56	322	71	85	
1867	1	T 68	346	40	40	P 42	322	85	85	
1868	1	T 66	347	40	40	P 42	322	85	85	
1869	1	T 64	348	40	40	P 42	322	85	85	
1870	1	T 62	349	40	40	P 42	322	85	85	
1871	1	T 60	350	40	40	P 42	336	85	71	
1872	1	T 58	351	40	40	P 42	336	71	71	
1873	1	T 56	352	40	40	P 42	336	71	71	
1874	1	T 54	353	40	40	P 28	336	85	85	
1875	1	T 52	354	40	40	P 28	336	85	85	
1876	1	T 50	355	40	40	P 28	336	85	85	
1877	1	T 48	356	40	40	P 28	336	85	85	
1878	1	T 46	357	40	40	P 28	336	85	85	
1879	1	T 44	358	40	40	P 28	336	71	85	
1880	1	T 42	359	40	40	P 28	336	71	85	
1881	1	T 40	360	40	40	P 14	336	85	85	
1882	1	T 38	361	40	40	P 14	336	85	85	
1883	1	T 36	362	40	40	P 14	336	85	85	
1884	1	T 34	363	40	40	P 14	336	85	85	
1885	1	T 32	364	40	40	P 14	350	85	71	
1886	1	T 30	365	40	40	P 14	350	71	71	
1887	1	T 28	366	40	40	P 14	350	71	71	
1888	1	T 26	367	40	40	P 0	350	85	85	
1889	1	T 24	368	40	40	P 0	350	85	85	
1890	1	T 22	369	40	40	P 0	350	85	85	
1891	1	T 20	370	40	40	P 0	350	85	85	
1892	1	T 22	371	40	40	P 0	350	85	85	
1893	1	T 24	372	40	40	P 0	350	85	85	
1894	1	T 26	373	40	40	P 0	350	85	85	
1895	1	T 28	374	40	40	P 14	350	71	85	
1896	1	T 30	375	40	40	P 42	350	43	85	
1897	1	T 32	376	40	40	P 14	350	85	85	
1898	1	T 34	377	40	40	P 14	350	85	85	
1899	1	T 36	378	40	40	P 14	364	85	71	
1900	1	T 38	379	40	40	P 14	364	85	71	
1901	1	T 40	380	40	40	P 14	364	85	71	
1902	1	T 42	381	40	40	P 28	364	71	85	
1903	1	T 44	382	40	40	P 28	364	71	85	
1904	1	T 46	383	40	40	P 28	364	85	85	
1905	1	T 48	384	40	40	P 28	364	85	85	
1906	1	T 50	385	40	40	P 28	364	85	85	
1907	1	T 52	386	40	40	P 28	364	85	85	
1908	1	T 54	387	40	40	P 28	364	85	85	
1909	1	T 56	388	40	40	P 42	364	71	85	
1910	1	T 58	389	40	40	P 42	364	71	85	
1911	1	T 60	390	40	40	P 42	364	85	85	
1912	1	T 62	391	40	40	P 42	364	85	85	
1913	1	T 64	392	40	40	P 42	378	85	71	
1914	1	T 66	393	40	40	P 42	378	85	71	
1915	1	T 68	394	40	40	P 42	378	85	71	
1916	1	T 70	395	40	40	P 56	378	71	85	
1917	1	T 72	396	40	40	P 56	378	71	85	
1918	1	T 74	397	40	40	P 56	378	85	85	
1919	1	T 76	398	40	40	P 56	378	85	85	
1920	1	T 78	399	40	40	P 56	378	85	85	
1921	1	T 80	400	40	40	P 56	378	85	85	
1922	1	T 82	401	40	40	P 56	378	85	85	
1923	1	T 84	402	40	40	P 70	378	71	85	
1924	1	T 86	403	40	40	P 70	378	71	85	
1925	1	T 88	404	40	40	P 70	378	85	85	
1926	1	T 90	405	40	40	P 70	378	85	85	
1927	1	T 92	406	40	40	P 70	392	85	71	
1928	1	T 94	407	40	40	P 70	392	85	71	
1929	1	T 96	408	40	40	P 70	392	85	71	
1930	1	T 98	409	40	40	P 84	392	71	85	
1931	1	T 100	410	40	40	P 84	392	71	85	
1932	1	T 102	411	40	40	P 84	392	85	85	
1933	1	T 104	412	40	40	P 84	392	85	85	
1934	1	T 106	413	40	40	P 84	392	85	85	
1935	1	T 108	414	40	40	P 84	392	85	85	
1936	1	T 110	415	40	40	P 84	392	57	85	
1937	1	T 112	416	40	40	P 98	434	43	43	
1938	1	T 114	417	40	40	P 98	392	71	85	
1939	1	T 116	418	40	40	P 98	392	85	57	
1940	1	T 118	419	40	40	P 98	392	85	85	
1941	1	T 120	420	40	40	P 98	406	85	43	
1942	1	T 122	419	40	40	P 98	392	85	85	
1943	1	T 124	418	40	40	P 98	392	85	85	
1944	1	T 126	417	40	40	P 112	392	71	85	
1945	1	T 128	416	40	40	P 112	392	71	85	
1946	1	T 130	415	40	40	P 112	392	85	85	
1947	1	T 132	414	40	40	P 112	392	85	85	
1948	1	T 134	413	40	40	P 112	392	85	85	
1949	1	T 136	412	40	40	P 112	392	85	85	
1950	1	T 138	411	40	40	P 112	392	85	85	
1951	1	T 140	410	40	40	P 126	392	71	85	
1952	1	T 142	409	40	40	P 126	392	71	85	
1953	1	T 144	408	40	40	P 126	392	85	71	
1954	1	T 146	407	40	40	P 126	392	85	71	
1955	1	T 148	406	40	40	P 126	392	85	71	
1956	1	T 150	405	40	40	P 126	378	85	85	
1957	1	T 152	404	40	40	P 126	378	85	85	
1958	1	T 154	403	40	40	P 140	378	71	85	
1959	1	T 156	402	40	40	P 140	378	71	85	
1960	1	T 158	401	40	40	P 140	378	85	85	
1961	1	T 160	400	40	40	P 140	378	85	85	
1962	1	T 162	399	40	40	P 140	378	85	85	
1963	1	T 164	398	40	40	P 140	378	85	85	
1964	1	T 166	397	40	40	P 140	378	85	85	
1965	1	T 168	396	40	40	P 154	378	71	85	
1966	1	T 170	395	40	40	P 154	378	71	85	
1967	1	T 172	394	40	40	P 154	378	85	71	
1968	1	T 174	393	40	40	P 154	378	85	71	
1969	1	T 176	392	40	40	P 154	378	85	71	
1970	1	T 178	391	40	40	P 154	364	85	85	
1971	1	T 180	390	40	40	P 154	364	85	85	
1972	1	T 182	389	40	40	P 168	364	71	85	
1973	1	T 184	388	40	40	P 168	364	71	85	
1974	1	T 186	387	40	40	P 168	364	85	85	
1975	1	T 188	386	40	40	P 168	406	85	43	
1976	1	T 190	385	40	40	P 168	364	85	85	
1977	1	T 192	384	40	40	P 168	364	85	85	
1978	1	T 194	383	40	40	P 168	364	85	85	
1979	1	T 196	382	40	40	P 182	364	71	85	
1980	1	T 198	381	40	40	P 182	364	71	85	
1981	1	T 200	380	40	40	P 182	364	85	71	
1982	1	T 202	379	40	40	P 182	364	85	71	
1983	1	T 204	378	40	40	P 182	364	85	71	
1984	1	T 206	377	40	40	P 182	350	85	85	
1985	1	T 208	376	40	40	P 182	350	85	85	
1986	1	T 210	375	40	40	P 196	350	71	85	
1987	1	T 212	374	40	40	P 196	350	71	85	
1988	1	T 214	373	40	40	P 196	350	85	85	
1989	1	T 216	372	40	40	P 196	350	85	85	
1990	1	T 218	371	40	40	P 196	350	85	85	
1991	1	T 220	370	40	40	P 196	350	85	85	
1992	1	T 222	369	40	40	P 196	350	85	85	
1993	1	T 224	368	40	40	P 210	350	71	85	
1994	1	T 226	367	40	40	P 210	350	71	85	
1995	1	T 228	366	40	40	P 210	350	85	71	
1996	1	T 230	365	40	40	P 210	350	85	71	
1997	1	T 232	364	40	40	P 210	350	85	71	
1998	1	T 234	363	40	40	P 210	336	85	85	
1999	1	T 236	362	40	40	P 210	336	85	85	
2000	1	T 238	361	40	40	P 224	336	71	85	
