frame	IoU
1	0.907029
2	0.907029
3	0.604686
4	0.907029
5	0.907029
6	0.907029
7	0.907029
8	0.604686
9	0.604686
10	0.907029
11	0.604686
12	0.907029
13	0.907029
14	0.907029
15	0.604686
16	0.604686
17	0.604686
20	0.604686
21	0.604686
22	0.907029
23	0.604686
24	0.907029
25	0.907029
26	0.604686
27	0.907029
28	0.907029
29	0.604686
30	0.604686
31	0.907029
32	0.907029
33	0.604686
34	0.907029
35	0.907029
36	0.604686
37	0.604686
38	0.604686
41	0.604686
42	0.403124
43	0.604686
44	0.907029
45	0.907029
46	0.907029
47	0.907029
48	0.604686
49	0.907029
50	0.604686
51	0.604686
52	0.907029
53	0.604686
54	0.907029
55	0.907029
57	0.907029
58	0.604686
59	0.907029
62	0.907029
63	0.604686
64	0.907029
65	0.907029
66	0.302343
67	0.907029
68	0.907029
69	0.907029
70	0.907029
71	0.907029
72	0.604686
73	0.907029
74	0.907029
75	0.604686
76	0.907029
77	0.907029
78	0.604686
79	0.604686
80	0.907029
83	0.907029
84	0.907029
85	0.907029
86	0.907029
87	0.907029
88	0.907029
89	0.907029
90	0.907029
91	0.907029
92	0.907029
93	0.604686
94	0.604686
95	0.907029
96	0.604686
97	0.907029
98	0.907029
99	0.604686
100	0.604686
101	0.907029
103	0.907029
104	0.907029
105	0.907029
106	0.907029
107	0.907029
108	0.907029
109	0.907029
110	0.907029
111	0.604686
112	0.907029
113	0.604686
114	0.604686
115	0.604686
116	0.907029
117	0.907029
118	0.604686
119	0.907029
120	0.403124
121	0.604686
122	0.907029
124	0.907029
125	0.403124
126	0.907029
127	0.907029
128	0.907029
129	0.907029
130	0.907029
131	0.907029
132	0.907029
133	0.907029
134	0.604686
135	0.604686
136	0.604686
137	0.907029
138	0.604686
139	0.907029
140	0.907029
141	0.604686
142	0.604686
143	0.907029
146	0.604686
147	0.907029
148	0.907029
149	0.604686
150	0.907029
151	0.907029
152	0.604686
153	0.907029
154	0.907029
155	0.604686
156	0.604686
157	0.604686
158	0.907029
159	0.604686
160	0.907029
161	0.604686
162	0.604686
163	0.604686
166	0.907029
167	0.604686
168	0.907029
169	0.907029
170	0.907029
171	0.907029
172	0.604686
173	0.907029
174	0.907029
175	0.907029
176	0.907029
177	0.604686
178	0.604686
179	0.403124
180	0.907029
181	0.907029
182	0.907029
183	0.907029
184	0.604686
185	0.907029
188	0.907029
189	0.604686
190	0.403124
191	0.403124
192	0.907029
193	0.907029
194	0.907029
195	0.403124
196	0.907029
197	0.403124
198	0.604686
199	0.604686
200	0.907029
201	0.604686
202	0.604686
204	0.907029
205	0.604686
206	0.907029
208	0.907029
209	0.907029
210	0.907029
211	0.604686
212	0.907029
213	0.604686
214	0.604686
215	0.604686
216	0.604686
217	0.907029
218	0.604686
219	0.604686
220	0.604686
221	0.604686
222	0.907029
223	0.907029
225	0.604686
226	0.604686
227	0.907029
230	0.907029
231	0.907029
232	0.604686
233	0.907029
234	0.907029
235	0.907029
236	0.604686
237	0.907029
238	0.604686
239	0.604686
240	0.604686
241	0.604686
242	0.907029
243	0.604686
244	0.907029
246	0.604686
247	0.604686
248	0.453515
251	0.604686
252	0.907029
253	0.604686
254	0.907029
255	0.907029
256	0.907029
257	0.907029
258	0.907029
259	0.907029
260	0.907029
261	0.604686
262	0.907029
263	0.907029
264	0.907029
265	0.907029
266	0.907029
267	0.604686
268	0.604686
269	0.907029
272	0.604686
273	0.907029
274	0.907029
275	0.907029
276	0.907029
277	0.907029
278	0.907029
279	0.604686
280	0.604686
281	0.907029
282	0.604686
283	0.907029
284	0.907029
285	0.907029
286	0.907029
287	0.907029
288	0.453515
289	0.604686
290	0.907029
292	0.907029
293	0.604686
294	0.907029
295	0.907029
296	0.907029
297	0.907029
298	0.604686
299	0.907029
300	0.907029
301	0.604686
302	0.604686
303	0.907029
304	0.907029
305	0.907029
306	0.907029
307	0.907029
308	0.604686
309	0.907029
313	0.907029
314	0.907029
315	0.604686
316	0.907029
317	0.604686
318	0.907029
319	0.907029
320	0.907029
322	0.907029
323	0.907029
324	0.907029
325	0.907029
326	0.907029
327	0.907029
328	0.604686
329	0.907029
334	0.907029
335	0.604686
336	0.907029
337	0.907029
338	0.907029
339	0.907029
340	0.604686
341	0.907029
342	0.907029
343	0.604686
344	0.907029
345	0.604686
346	0.907029
347	0.907029
348	0.907029
349	0.604686
350	0.907029
352	0.907029
354	0.907029
355	0.907029
356	0.907029
357	0.604686
358	0.907029
359	0.907029
360	0.907029
361	0.907029
362	0.907029
363	0.604686
364	0.604686
365	0.907029
366	0.403124
367	0.604686
368	0.907029
369	0.907029
370	0.604686
371	0.604686
375	0.907029
376	0.604686
377	0.907029
378	0.604686
379	0.604686
380	0.907029
381	0.907029
382	0.907029
383	0.907029
384	0.907029
385	0.604686
386	0.604686
387	0.907029
388	0.907029
389	0.907029
390	0.907029
391	0.604686
392	0.604686
393	0.907029
397	0.907029
398	0.403124
399	0.604686
400	0.907029
401	0.907029
402	0.907029
403	0.403124
404	0.907029
405	0.907029
406	0.604686
407	0.907029
408	0.604686
409	0.907029
410	0.907029
411	0.907029
412	0.907029
413	0.604686
414	0.907029
417	0.604686
418	0.907029
419	0.907029
420	0.907029
421	0.907029
422	0.907029
423	0.907029
424	0.604686
425	0.907029
426	0.604686
427	0.604686
428	0.907029
429	0.604686
430	0.907029
431	0.907029
432	0.907029
433	0.907029
434	0.604686
435	0.604686
438	0.907029
439	0.907029
440	0.907029
441	0.604686
442	0.907029
443	0.907029
444	0.907029
445	0.907029
446	0.907029
448	0.604686
449	0.604686
450	0.604686
451	0.907029
452	0.604686
453	0.907029
454	0.604686
455	0.604686
456	0.604686
459	0.907029
460	0.604686
461	0.403124
462	0.907029
463	0.604686
464	0.604686
465	0.907029
466	0.907029
467	0.907029
469	0.604686
470	0.604686
471	0.907029
472	0.907029
473	0.907029
474	0.907029
475	0.907029
476	0.604686
477	0.604686
481	0.907029
482	0.907029
483	0.907029
484	0.907029
485	0.907029
486	0.907029
487	0.907029
488	0.907029
490	0.604686
491	0.604686
492	0.604686
493	0.604686
494	0.907029
495	0.907029
496	0.604686
497	0.604686
498	0.604686
501	0.907029
502	0.907029
503	0.907029
504	0.604686
505	0.907029
506	0.604686
507	0.604686
508	0.604686
509	0.907029
510	0.907029
511	0.604686
512	0.604686
513	0.403124
514	0.604686
515	0.907029
516	0.604686
517	0.604686
518	0.604686
522	0.907029
523	0.907029
524	0.907029
525	0.907029
526	0.907029
527	0.907029
528	0.604686
529	0.907029
530	0.907029
532	0.907029
533	0.604686
534	0.604686
535	0.604686
536	0.907029
537	0.907029
538	0.604686
539	0.604686
540	0.604686
544	0.604686
545	0.604686
546	0.907029
547	0.907029
548	0.907029
549	0.604686
550	0.907029
551	0.604686
552	0.604686
553	0.604686
554	0.403124
555	0.907029
556	0.907029
557	0.604686
558	0.907029
559	0.907029
560	0.604686
561	0.604686
563	0.907029
565	0.907029
566	0.604686
567	0.907029
568	0.907029
569	0.907029
570	0.604686
571	0.907029
572	0.907029
574	0.604686
575	0.604686
576	0.604686
577	0.907029
578	0.907029
579	0.907029
580	0.604686
581	0.604686
582	0.604686
585	0.907029
586	0.907029
587	0.604686
588	0.907029
589	0.907029
590	0.907029
591	0.907029
592	0.907029
593	0.907029
595	0.604686
596	0.604686
597	0.403124
598	0.907029
599	0.907029
600	0.907029
601	0.604686
602	0.604686
603	0.907029
606	0.907029
607	0.907029
608	0.403124
609	0.604686
610	0.604686
611	0.907029
612	0.907029
613	0.907029
614	0.907029
615	0.907029
616	0.604686
617	0.604686
618	0.604686
619	0.907029
620	0.907029
621	0.907029
623	0.907029
624	0.604686
625	0.604686
626	0.907029
628	0.604686
629	0.604686
630	0.604686
631	0.604686
632	0.907029
633	0.907029
634	0.907029
635	0.907029
636	0.907029
637	0.907029
638	0.604686
639	0.604686
640	0.907029
641	0.604686
642	0.907029
643	0.907029
644	0.907029
645	0.604686
646	0.907029
649	0.604686
650	0.604686
651	0.907029
652	0.907029
653	0.907029
654	0.907029
655	0.907029
656	0.907029
657	0.907029
658	0.907029
659	0.604686
660	0.907029
661	0.907029
662	0.907029
663	0.907029
664	0.907029
665	0.907029
666	0.604686
667	0.604686
669	0.604686
670	0.604686
671	0.604686
672	0.604686
673	0.907029
674	0.604686
675	0.907029
676	0.907029
677	0.907029
678	0.907029
679	0.604686
680	0.604686
681	0.604686
682	0.604686
683	0.604686
684	0.907029
685	0.907029
686	0.907029
687	0.604686
688	0.403124
689	0.907029
692	0.907029
693	0.907029
694	0.403124
695	0.907029
696	0.907029
697	0.907029
698	0.907029
699	0.907029
700	0.604686
701	0.604686
702	0.604686
703	0.604686
704	0.907029
705	0.907029
708	0.604686
709	0.907029
710	0.907029
712	0.907029
713	0.604686
714	0.604686
715	0.604686
716	0.907029
717	0.604686
718	0.907029
719	0.907029
720	0.604686
721	0.604686
722	0.604686
723	0.604686
724	0.604686
725	0.604686
726	0.907029
728	0.907029
729	0.604686
730	0.907029
731	0.907029
734	0.604686
735	0.604686
736	0.907029
737	0.907029
738	0.907029
739	0.907029
740	0.907029
741	0.907029
742	0.907029
744	0.907029
745	0.604686
746	0.907029
747	0.604686
748	0.604686
749	0.907029
750	0.604686
751	0.907029
752	0.907029
755	0.907029
756	0.907029
757	0.604686
758	0.907029
759	0.604686
760	0.604686
761	0.907029
762	0.907029
766	0.907029
767	0.604686
768	0.604686
769	0.604686
770	0.907029
771	0.604686
772	0.907029
776	0.907029
777	0.907029
778	0.907029
779	0.907029
780	0.907029
781	0.907029
782	0.907029
783	0.907029
784	0.907029
786	0.604686
787	0.907029
788	0.907029
789	0.907029
790	0.604686
791	0.907029
792	0.604686
793	0.604686
797	0.907029
798	0.604686
799	0.907029
800	0.907029
801	0.604686
802	0.907029
803	0.604686
804	0.907029
807	0.907029
808	0.907029
809	0.604686
810	0.907029
811	0.907029
812	0.907029
813	0.604686
814	0.907029
815	0.907029
818	0.907029
819	0.604686
820	0.604686
821	0.604686
822	0.907029
823	0.604686
824	0.604686
825	0.907029
828	0.907029
829	0.907029
830	0.907029
831	0.907029
832	0.604686
833	0.907029
834	0.604686
835	0.604686
840	0.604686
841	0.907029
842	0.907029
843	0.907029
844	0.907029
845	0.907029
846	0.604686
847	0.907029
848	0.907029
849	0.907029
850	0.907029
851	0.604686
852	0.907029
853	0.907029
854	0.907029
855	0.604686
856	0.604686
861	0.907029
862	0.604686
863	0.907029
864	0.907029
865	0.604686
866	0.907029
867	0.907029
868	0.907029
870	0.604686
871	0.907029
872	0.604686
873	0.907029
874	0.907029
875	0.907029
876	0.604686
877	0.604686
882	0.604686
883	0.907029
884	0.604686
885	0.907029
886	0.403124
887	0.907029
888	0.907029
891	0.907029
892	0.907029
893	0.907029
894	0.604686
895	0.907029
896	0.907029
897	0.604686
898	0.604686
902	0.604686
903	0.604686
904	0.907029
905	0.907029
906	0.907029
907	0.907029
908	0.604686
909	0.907029
910	0.907029
912	0.907029
913	0.907029
914	0.604686
915	0.604686
916	0.907029
917	0.907029
918	0.604686
919	0.604686
923	0.907029
924	0.907029
925	0.604686
926	0.604686
927	0.907029
928	0.604686
929	0.907029
930	0.907029
931	0.604686
932	0.907029
933	0.907029
934	0.907029
935	0.907029
936	0.604686
937	0.604686
938	0.604686
939	0.907029
943	0.604686
944	0.604686
945	0.907029
946	0.907029
947	0.604686
948	0.907029
949	0.604686
950	0.907029
951	0.907029
952	0.907029
953	0.907029
954	0.907029
955	0.907029
956	0.907029
957	0.907029
958	0.604686
959	0.604686
960	0.907029
962	0.907029
963	0.907029
964	0.604686
965	0.604686
966	0.907029
967	0.907029
968	0.403124
969	0.604686
970	0.907029
971	0.907029
972	0.604686
973	0.907029
974	0.907029
975	0.907029
976	0.907029
977	0.907029
978	0.604686
979	0.907029
980	0.604686
981	0.907029
985	0.604686
986	0.604686
987	0.907029
988	0.907029
989	0.907029
990	0.604686
991	0.604686
992	0.907029
993	0.604686
994	0.907029
995	0.907029
996	0.907029
997	0.907029
998	0.907029
999	0.907029
1000	0.907029
1001	0.907029
1002	0.907029
1006	0.907029
1007	0.604686
1008	0.907029
1009	0.907029
1010	0.907029
1011	0.604686
1012	0.604686
1013	0.604686
1014	0.907029
1015	0.907029
1016	0.907029
1017	0.907029
1018	0.907029
1019	0.907029
1020	0.907029
1021	0.604686
1022	0.604686
1023	0.907029
1027	0.604686
1028	0.604686
1029	0.907029
1030	0.907029
1031	0.907029
1032	0.604686
1033	0.604686
1034	0.907029
1035	0.907029
1036	0.604686
1037	0.907029
1038	0.604686
1039	0.604686
1040	0.907029
1041	0.907029
1042	0.604686
1043	0.907029
1044	0.907029
1048	0.604686
1049	0.604686
1050	0.907029
1051	0.907029
1052	0.604686
1053	0.604686
1054	0.604686
1055	0.907029
1056	0.907029
1057	0.907029
1058	0.907029
1059	0.907029
1060	0.604686
1061	0.907029
1062	0.604686
1063	0.907029
1064	0.604686
1065	0.907029
1069	0.604686
1070	0.604686
1071	0.907029
1072	0.907029
1073	0.907029
1074	0.604686
1075	0.907029
1076	0.604686
1077	0.604686
1078	0.907029
1079	0.907029
1080	0.604686
1081	0.604686
1082	0.907029
1083	0.907029
1084	0.907029
1085	0.907029
1086	0.907029
1090	0.604686
1091	0.604686
1092	0.604686
1093	0.604686
1094	0.907029
1095	0.907029
1096	0.604686
1097	0.604686
1099	0.604686
1100	0.907029
1101	0.604686
1102	0.907029
1103	0.907029
1104	0.907029
1105	0.907029
1106	0.907029
1107	0.907029
1110	0.907029
1111	0.907029
1112	0.604686
1113	0.907029
1114	0.907029
1115	0.604686
1116	0.907029
1117	0.604686
1118	0.604686
1119	0.907029
1120	0.907029
1121	0.907029
1122	0.403124
1123	0.907029
1124	0.907029
1125	0.907029
1126	0.604686
1127	0.604686
1128	0.907029
1132	0.604686
1133	0.604686
1134	0.907029
1135	0.907029
1136	0.604686
1137	0.604686
1138	0.907029
1139	0.907029
1140	0.604686
1141	0.907029
1142	0.907029
1143	0.403124
1144	0.907029
1145	0.907029
1146	0.907029
1147	0.604686
1148	0.907029
1152	0.907029
1153	0.907029
1154	0.907029
1155	0.907029
1156	0.907029
1157	0.604686
1158	0.907029
1159	0.907029
1160	0.907029
1161	0.907029
1163	0.907029
1164	0.907029
1165	0.907029
1166	0.907029
1167	0.604686
1168	0.604686
1169	0.604686
1170	0.604686
1173	0.907029
1174	0.907029
1175	0.604686
1176	0.907029
1177	0.907029
1178	0.604686
1179	0.907029
1180	0.604686
1181	0.907029
1184	0.907029
1185	0.907029
1186	0.907029
1187	0.604686
1188	0.907029
1189	0.604686
1190	0.907029
1191	0.907029
1194	0.907029
1195	0.604686
1196	0.907029
1197	0.907029
1198	0.907029
1199	0.604686
1200	0.604686
1201	0.604686
1202	0.907029
1205	0.907029
1206	0.907029
1207	0.604686
1208	0.604686
1209	0.907029
1210	0.604686
1211	0.604686
1212	0.907029
1216	0.604686
1217	0.604686
1218	0.604686
1219	0.907029
1220	0.907029
1221	0.604686
1222	0.907029
1223	0.907029
1225	0.907029
1226	0.907029
1227	0.907029
1228	0.604686
1229	0.907029
1230	0.604686
1231	0.907029
1232	0.907029
1237	0.403124
1238	0.604686
1239	0.604686
1240	0.907029
1241	0.907029
1242	0.604686
1243	0.907029
1244	0.907029
1246	0.907029
1247	0.907029
1248	0.907029
1249	0.907029
1250	0.604686
1251	0.907029
1252	0.907029
1253	0.907029
1254	0.604686
1255	0.604686
1259	0.907029
1260	0.604686
1261	0.907029
1262	0.907029
1263	0.907029
1264	0.604686
1265	0.907029
1266	0.403124
1267	0.907029
1269	0.907029
1270	0.907029
1271	0.907029
1272	0.907029
1273	0.907029
1274	0.604686
1275	0.604686
1280	0.907029
1281	0.907029
1282	0.907029
1283	0.907029
1284	0.907029
1285	0.604686
1286	0.907029
1287	0.907029
1289	0.907029
1290	0.604686
1291	0.907029
1292	0.604686
1293	0.907029
1294	0.907029
1295	0.907029
1296	0.604686
1301	0.907029
1302	0.604686
1303	0.907029
1304	0.907029
1305	0.604686
1306	0.604686
1307	0.604686
1308	0.907029
1310	0.604686
1311	0.907029
1312	0.907029
1313	0.604686
1314	0.907029
1315	0.604686
1316	0.907029
1317	0.604686
1318	0.907029
1322	0.907029
1323	0.907029
1324	0.907029
1325	0.907029
1326	0.403124
1327	0.604686
1328	0.604686
1329	0.907029
1332	0.604686
1333	0.907029
1334	0.907029
1335	0.604686
1336	0.604686
1337	0.604686
1338	0.604686
1339	0.907029
1343	0.907029
1344	0.604686
1345	0.907029
1346	0.604686
1347	0.604686
1348	0.907029
1349	0.907029
1350	0.907029
1352	0.907029
1353	0.907029
1354	0.907029
1355	0.604686
1356	0.907029
1357	0.907029
1358	0.604686
1359	0.604686
1360	0.907029
1364	0.604686
1365	0.604686
1366	0.907029
1367	0.907029
1368	0.907029
1369	0.604686
1370	0.907029
1371	0.907029
1373	0.604686
1374	0.907029
1375	0.604686
1376	0.403124
1377	0.907029
1378	0.907029
1379	0.907029
1380	0.604686
1381	0.907029
1385	0.907029
1386	0.604686
1387	0.403124
1388	0.907029
1389	0.907029
1390	0.907029
1391	0.907029
1392	0.907029
1395	0.907029
1396	0.907029
1397	0.604686
1398	0.907029
1399	0.907029
1400	0.907029
1401	0.907029
1402	0.907029
1406	0.907029
1407	0.907029
1408	0.907029
1409	0.907029
1410	0.907029
1411	0.604686
1412	0.907029
1413	0.907029
1415	0.907029
1416	0.907029
1417	0.907029
1418	0.604686
1419	0.604686
1420	0.907029
1421	0.604686
1422	0.907029
1423	0.604686
1427	0.604686
1428	0.907029
1429	0.907029
1430	0.907029
1431	0.907029
1432	0.907029
1433	0.907029
1434	0.907029
1436	0.907029
1437	0.604686
1438	0.907029
1439	0.907029
1440	0.907029
1441	0.907029
1442	0.907029
1443	0.604686
1444	0.604686
1448	0.907029
1449	0.604686
1450	0.907029
1451	0.907029
1452	0.907029
1453	0.907029
1454	0.907029
1455	0.907029
1456	0.453515
1457	0.907029
1458	0.604686
1459	0.604686
1460	0.604686
1461	0.907029
1462	0.907029
1463	0.907029
1464	0.604686
1465	0.604686
1469	0.604686
1470	0.907029
1471	0.907029
1472	0.907029
1473	0.604686
1474	0.604686
1475	0.907029
1476	0.907029
1479	0.907029
1480	0.907029
1481	0.403124
1482	0.604686
1483	0.907029
1484	0.604686
1485	0.604686
1486	0.604686
1490	0.907029
1491	0.604686
1492	0.604686
1493	0.907029
1494	0.403124
1495	0.604686
1496	0.907029
1497	0.604686
1500	0.604686
1501	0.403124
1502	0.604686
1503	0.907029
1504	0.907029
1505	0.907029
1506	0.604686
1507	0.604686
1511	0.907029
1512	0.453515
1513	0.907029
1514	0.907029
1515	0.907029
1516	0.403124
1517	0.907029
1518	0.907029
1519	0.907029
1520	0.907029
1521	0.604686
1522	0.907029
1523	0.907029
1524	0.604686
1525	0.907029
1526	0.604686
1527	0.604686
1528	0.604686
1530	0.604686
1532	0.907029
1533	0.604686
1534	0.907029
1535	0.907029
1536	0.604686
1537	0.907029
1538	0.907029
1539	0.907029
1541	0.907029
1542	0.907029
1543	0.907029
1544	0.907029
1545	0.907029
1546	0.604686
1547	0.907029
1548	0.907029
1549	0.907029
1554	0.604686
1555	0.604686
1556	0.604686
1557	0.907029
1558	0.604686
1559	0.907029
1560	0.604686
1561	0.604686
1562	0.907029
1563	0.604686
1564	0.907029
1565	0.907029
1566	0.907029
1567	0.907029
1568	0.907029
1569	0.907029
1570	0.907029
1572	0.604686
1573	0.604686
1574	0.907029
1576	0.907029
1577	0.604686
1578	0.604686
1579	0.907029
1580	0.604686
1581	0.604686
1582	0.907029
1583	0.604686
1584	0.907029
1585	0.907029
1586	0.907029
1587	0.907029
1588	0.907029
1589	0.604686
1590	0.907029
1591	0.907029
1592	0.907029
1593	0.604686
1594	0.604686
1595	0.604686
1597	0.907029
1598	0.604686
1599	0.604686
1600	0.604686
1601	0.604686
1602	0.604686
1603	0.907029
1604	0.907029
1605	0.907029
1606	0.907029
1607	0.604686
1608	0.907029
1609	0.403124
1610	0.604686
1611	0.907029
1612	0.907029
1613	0.907029
1614	0.907029
1615	0.907029
1616	0.604686
1618	0.604686
1619	0.604686
1620	0.907029
1621	0.907029
1622	0.604686
1623	0.604686
1624	0.907029
1625	0.907029
1626	0.907029
1627	0.907029
1628	0.604686
1629	0.604686
1630	0.604686
1631	0.604686
1632	0.907029
1635	0.907029
1636	0.604686
1637	0.604686
1639	0.907029
1640	0.604686
1641	0.907029
1642	0.907029
1643	0.604686
1644	0.403124
1645	0.604686
1646	0.907029
1647	0.907029
1648	0.907029
1649	0.604686
1650	0.604686
1651	0.907029
1652	0.907029
1653	0.604686
1656	0.604686
1657	0.604686
1658	0.907029
1660	0.907029
1661	0.907029
1662	0.604686
1663	0.907029
1664	0.604686
1665	0.604686
1666	0.604686
1667	0.907029
1668	0.907029
1669	0.907029
1670	0.907029
1671	0.907029
1672	0.403124
1673	0.604686
1674	0.604686
1675	0.907029
1676	0.907029
1677	0.907029
1678	0.604686
1679	0.604686
1681	0.907029
1682	0.604686
1683	0.604686
1684	0.907029
1685	0.604686
1686	0.604686
1687	0.604686
1688	0.907029
1689	0.907029
1690	0.907029
1691	0.907029
1692	0.907029
1693	0.604686
1694	0.907029
1695	0.604686
1696	0.907029
1697	0.907029
1698	0.907029
1699	0.604686
1700	0.604686
1701	0.907029
1702	0.907029
1703	0.604686
1704	0.907029
1705	0.907029
1706	0.604686
1707	0.604686
1708	0.907029
1709	0.403124
1710	0.604686
1711	0.907029
1712	0.604686
1713	0.604686
1714	0.907029
1715	0.907029
1716	0.604686
1717	0.604686
1718	0.907029
1719	0.907029
1720	0.604686
1721	0.604686
1723	0.907029
1724	0.907029
1725	0.907029
1726	0.604686
1727	0.604686
1728	0.604686
1729	0.907029
1730	0.403124
1731	0.907029
1732	0.907029
1733	0.604686
1734	0.907029
1735	0.403124
1736	0.604686
1737	0.907029
1738	0.604686
1739	0.907029
1741	0.604686
1742	0.604686
1744	0.907029
1745	0.907029
1746	0.604686
1747	0.907029
1748	0.604686
1749	0.604686
1750	0.604686
1751	0.907029
1752	0.604686
1753	0.907029
1754	0.604686
1755	0.907029
1756	0.907029
1757	0.604686
1758	0.604686
1759	0.604686
1761	0.907029
1762	0.604686
1763	0.907029
1764	0.907029
1765	0.907029
1766	0.604686
1767	0.604686
1768	0.907029
1769	0.604686
1770	0.604686
1771	0.604686
1772	0.907029
1773	0.604686
1774	0.604686
1775	0.604686
1776	0.907029
1777	0.604686
1778	0.907029
1779	0.604686
1780	0.907029
1781	0.907029
1782	0.604686
1783	0.604686
1784	0.604686
1786	0.907029
1787	0.604686
1788	0.907029
1789	0.907029
1790	0.604686
1791	0.604686
1792	0.604686
1793	0.403124
1794	0.604686
1795	0.907029
1796	0.907029
1797	0.604686
1798	0.907029
1799	0.907029
1800	0.907029
1802	0.907029
1803	0.907029
1804	0.453515
1805	0.604686
1807	0.604686
1808	0.604686
1809	0.907029
1810	0.604686
1811	0.604686
1812	0.604686
1813	0.604686
1814	0.907029
1815	0.907029
1816	0.907029
1817	0.907029
1818	0.907029
1819	0.907029
1820	0.907029
1821	0.907029
1822	0.604686
1824	0.907029
1825	0.604686
1826	0.604686
1828	0.907029
1829	0.403124
1830	0.907029
1831	0.604686
1832	0.907029
1833	0.604686
1834	0.907029
1835	0.403124
1836	0.907029
1837	0.907029
1838	0.907029
1839	0.403124
1840	0.907029
1841	0.604686
1842	0.604686
1843	0.907029
1844	0.907029
1845	0.907029
1846	0.604686
1847	0.604686
1849	0.907029
1850	0.604686
1851	0.604686
1852	0.907029
1853	0.604686
1854	0.604686
1855	0.604686
1856	0.907029
1857	0.907029
1858	0.907029
1859	0.907029
1860	0.604686
1861	0.907029
1862	0.907029
1863	0.604686
1864	0.907029
1866	0.907029
1867	0.604686
1868	0.604686
1870	0.907029
1871	0.403124
1872	0.907029
1873	0.907029
1874	0.604686
1875	0.604686
1876	0.907029
1877	0.907029
1878	0.604686
1879	0.907029
1880	0.907029
1881	0.907029
1882	0.604686
1883	0.907029
1884	0.604686
1885	0.907029
1887	0.907029
1888	0.604686
1889	0.604686
1891	0.907029
1892	0.907029
1893	0.604686
1894	0.907029
1895	0.604686
1896	0.604686
1897	0.604686
1898	0.907029
1899	0.907029
1900	0.907029
1901	0.907029
1902	0.907029
1903	0.907029
1904	0.907029
1905	0.907029
1906	0.907029
1907	0.907029
1910	0.604686
1911	0.604686
1912	0.604686
1913	0.907029
1914	0.604686
1915	0.604686
1916	0.604686
1917	0.604686
1918	0.604686
1919	0.604686
1920	0.907029
1921	0.604686
1922	0.907029
1923	0.907029
1924	0.907029
1925	0.604686
1926	0.907029
1927	0.907029
1931	0.604686
1932	0.604686
1933	0.907029
1934	0.907029
1935	0.907029
1936	0.604686
1937	0.907029
1938	0.604686
1939	0.604686
1940	0.604686
1941	0.907029
1942	0.907029
1943	0.604686
1944	0.907029
1945	0.907029
1946	0.604686
1947	0.907029
1948	0.907029
1952	0.907029
1953	0.604686
1954	0.907029
1955	0.907029
1956	0.907029
1957	0.604686
1958	0.604686
1959	0.604686
1960	0.907029
1961	0.907029
1962	0.907029
1963	0.403124
1964	0.907029
1965	0.907029
1966	0.907029
1967	0.604686
1968	0.403124
1969	0.907029
1972	0.907029
1973	0.604686
1974	0.907029
1975	0.907029
1976	0.907029
1977	0.907029
1978	0.604686
1979	0.907029
1980	0.604686
1981	0.907029
1982	0.907029
1983	0.907029
1984	0.907029
1985	0.907029
1986	0.907029
1987	0.907029
1988	0.907029
1989	0.907029
1990	0.907029
1994	0.907029
1995	0.604686
1996	0.907029
1997	0.907029
1998	0.907029
1999	0.907029
2000	0.604686
