1	1	T 80	80	40	40	P 84	84	42	42	
2	1	T 82	81	40	40	P 84	84	42	42	
3	1	T 84	82	40	40	P 84	84	63	42	
4	1	T 86	83	40	40	P 84	84	42	42	
5	1	T 88	84	40	40	P 84	84	42	42	
6	1	T 90	85	40	40	P 84	84	42	42	
7	1	T 92	86	40	40	P 84	84	42	42	
8	1	T 94	87	40	40	P 84	84	63	42	
9	1	T 96	88	40	40	P 84	84	63	42	
10	1	T 98	89	40	40	P 105	84	42	42	
11	1	T 100	90	40	40	P 105	84	42	63	
12	1	T 102	91	40	40	P 105	84	42	42	
13	1	T 104	92	40	40	P 105	84	42	42	
14	1	T 106	93	40	40	P 105	84	42	42	
15	1	T 108	94	40	40	P 105	84	42	63	
16	1	T 110	95	40	40	P 105	84	42	63	
17	1	T 112	96	40	40	P 105	84	42	63	
18	0	T 114	97	40	40	
19	0	T 116	98	40	40	
20	1	T 118	99	40	40	P 105	105	63	42	
21	1	T 120	100	40	40	P 105	105	63	42	
22	1	T 122	101	40	40	P 126	105	42	42	
23	1	T 124	102	40	40	P 105	105	63	42	
24	1	T 126	103	40	40	P 126	105	42	42	
25	1	T 128	104	40	40	P 126	105	42	42	
26	1	T 130	105	40	40	P 126	105	42	63	
27	1	T 132	106	40	40	P 126	105	42	42	
28	1	T 134	107	40	40	P 126	105	42	42	
29	1	T 136	108	40	40	P 126	105	63	42	
30	1	T 138	109	40	40	P 126	105	63	42	
31	1	T 140	110	40	40	P 147	105	42	42	
32	1	T 142	111	40	40	P 147	105	42	42	
33	1	T 144	112	40	40	P 147	105	42	63	
34	1	T 146	113	40	40	P 147	105	42	42	
35	1	T 148	114	40	40	P 147	105	42	42	
36	1	T 150	115	40	40	P 147	105	42	63	
37	1	T 152	116	40	40	P 147	105	42	63	
38	1	T 154	117	40	40	P 147	105	42	63	
39	0	T 156	118	40	40	
40	0	T 158	119	40	40	
41	1	T 160	120	40	40	P 147	126	63	42	
42	1	T 162	121	40	40	P 147	105	63	63	
43	1	T 164	122	40	40	P 147	126	63	42	
44	1	T 166	123	40	40	P 168	126	42	42	
45	1	T 168	124	40	40	P 168	126	42	42	
46	1	T 170	125	40	40	P 168	126	42	42	
47	1	T 172	126	40	40	P 168	126	42	42	
48	1	T 174	127	40	40	P 168	126	63	42	
49	1	T 176	128	40	40	P 168	126	42	42	
50	1	T 178	129	40	40	P 168	126	63	42	
51	1	T 180	130	40	40	P 168	126	63	42	
52	1	T 182	131	40	40	P 189	126	42	42	
53	1	T 184	132	40	40	P 168	126	63	42	
54	1	T 186	133	40	40	P 189	126	42	42	
55	1	T 188	134	40	40	P 189	126	42	42	
56	0	T 190	135	40	40	
57	1	T 192	136	40	40	P 189	126	42	42	
58	1	T 194	137	40	40	P 189	126	42	63	
59	1	T 196	138	40	40	P 189	147	42	42	
60	0	T 198	139	40	40	
61	0	T 200	140	40	40	
62	1	T 202	141	40	40	P 210	147	42	42	
63	1	T 204	142	40	40	P 189	147	63	42	
64	1	T 206	143	40	40	P 210	147	42	42	
65	1	T 208	144	40	40	P 210	147	42	42	
66	1	T 210	145	40	40	P 189	126	84	63	
67	1	T 212	146	40	40	P 210	147	42	42	
68	1	T 214	147	40	40	P 210	147	42	42	
69	1	T 216	148	40	40	P 210	147	42	42	
70	1	T 218	149	40	40	P 210	147	42	42	
71	1	T 220	150	40	40	P 210	147	42	42	
72	1	T 222	151	40	40	P 210	147	63	42	
73	1	T 224	152	40	40	P 231	147	42	42	
74	1	T 226	153	40	40	P 231	147	42	42	
75	1	T 228	154	40	40	P 231	147	42	63	
76	1	T 230	155	40	40	P 231	147	42	42	
77	1	T 232	156	40	40	P 231	147	42	42	
78	1	T 234	157	40	40	P 231	147	42	63	
79	1	T 236	158	40	40	P 231	147	42	63	
80	1	T 238	159	40	40	P 231	168	42	42	
81	0	T 240	160	40	40	
82	0	T 242	161	40	40	
83	1	T 244	162	40	40	P 252	168	42	42	
84	1	T 246	163	40	40	P 252	168	42	42	
85	1	T 248	164	40	40	P 252	168	42	42	
86	1	T 250	165	40	40	P 252	168	42	42	
87	1	T 252	166	40	40	P 252	168	42	42	
88	1	T 254	167	40	40	P 252	168	42	42	
89	1	T 256	168	40	40	P 252	168	42	42	
90	1	T 258	169	40	40	P 252	168	42	42	
91	1	T 260	170	40	40	P 252	168	42	42	
92	1	T 262	171	40	40	P 252	168	42	42	
93	1	T 264	172	40	40	P 252	168	63	42	
94	1	T 266	173	40	40	P 252	168	63	42	
95	1	T 268	174	40	40	P 273	168	42	42	
96	1	T 270	175	40	40	P 273	168	42	63	
97	1	T 272	176	40	40	P 273	168	42	42	
98	1	T 274	177	40	40	P 273	168	42	42	
99	1	T 276	178	40	40	P 273	168	42	63	
100	1	T 278	179	40	40	P 273	168	42	63	
101	1	T 280	180	40	40	P 273	189	42	42	
102	0	T 282	181	40	40	
103	1	T 284	182	40	40	P 273	189	42	42	
104	1	T 286	183	40	40	P 294	189	42	42	
105	1	T 288	184	40	40	P 294	189	42	42	
106	1	T 290	185	40	40	P 294	189	42	42	
107	1	T 292	186	40	40	P 294	189	42	42	
108	1	T 294	187	40	40	P 294	189	42	42	
109	1	T 296	188	40	40	P 294	189	42	42	
110	1	T 298	189	40	40	P 294	189	42	42	
111	1	T 300	190	40	40	P 294	168	42	63	
112	1	T 302	191	40	40	P 294	189	42	42	
113	1	T 304	192	40	40	P 294	189	63	42	
114	1	T 306	193	40	40	P 294	189	63	42	
115	1	T 308	194	40	40	P 294	189	63	42	
116	1	T 310	195	40	40	P 315	189	42	42	
117	1	T 312	196	40	40	P 315	189	42	42	
118	1	T 314	197	40	40	P 315	189	42	63	
119	1	T 316	198	40	40	P 315	189	42	42	
120	1	T 318	199	40	40	P 315	189	63	63	
121	1	T 320	200	40	40	P 315	189	42	63	
122	1	T 322	201	40	40	P 315	189	42	42	
123	0	T 324	202	40	40	
124	1	T 326	203	40	40	P 336	210	42	42	
125	1	T 328	204	40	40	P 315	189	63	63	
126	1	T 330	205	40	40	P 336	210	42	42	
127	1	T 332	206	40	40	P 336	210	42	42	
128	1	T 334	207	40	40	P 336	210	42	42	
129	1	T 336	208	40	40	P 336	210	42	42	
130	1	T 338	209	40	40	P 336	210	42	42	
131	1	T 340	210	40	40	P 336	210	42	42	
132	1	T 342	211	40	40	P 336	210	42	42	
133	1	T 344	212	40	40	P 336	210	42	42	
134	1	T 346	213	40	40	P 336	210	63	42	
135	1	T 348	214	40	40	P 336	210	63	42	
136	1	T 350	215	40	40	P 336	210	63	42	
137	1	T 352	216	40	40	P 357	210	42	42	
138	1	T 354	217	40	40	P 357	210	42	63	
139	1	T 356	218	40	40	P 357	210	42	42	
140	1	T 358	219	40	40	P 357	210	42	42	
141	1	T 360	220	40	40	P 357	210	42	63	
142	1	T 362	221	40	40	P 357	210	42	63	
143	1	T 364	222	40	40	P 357	231	42	42	
144	0	T 366	223	40	40	
145	0	T 368	224	40	40	
146	1	T 370	225	40	40	P 378	210	42	63	
147	1	T 372	226	40	40	P 378	231	42	42	
148	1	T 374	227	40	40	P 378	231	42	42	
149	1	T 376	228	40	40	P 357	231	63	42	
150	1	T 378	229	40	40	P 378	231	42	42	
151	1	T 380	230	40	40	P 378	231	42	42	
152	1	T 382	231	40	40	P 378	231	42	63	
153	1	T 384	232	40	40	P 378	231	42	42	
154	1	T 386	233	40	40	P 378	231	42	42	
155	1	T 388	234	40	40	P 378	231	63	42	
156	1	T 390	235	40	40	P 378	231	63	42	
157	1	T 392	236	40	40	P 378	231	63	42	
158	1	T 394	237	40	40	P 399	231	42	42	
159	1	T 396	238	40	40	P 399	231	42	63	
160	1	T 398	239	40	40	P 399	231	42	42	
161	1	T 400	240	40	40	P 399	231	42	63	
162	1	T 402	241	40	40	P 399	231	42	63	
163	1	T 404	242	40	40	P 399	231	42	63	
164	0	T 406	243	40	40	
165	0	T 408	244	40	40	
166	1	T 410	245	40	40	P 399	252	42	42	
167	1	T 412	246	40	40	P 399	252	63	42	
168	1	T 414	247	40	40	P 420	252	42	42	
169	1	T 416	248	40	40	P 420	252	42	42	
170	1	T 418	249	40	40	P 420	252	42	42	
171	1	T 420	250	40	40	P 420	252	42	42	
172	1	T 422	251	40	40	P 420	252	42	63	
173	1	T 424	252	40	40	P 420	252	42	42	
174	1	T 426	253	40	40	P 420	252	42	42	
175	1	T 428	254	40	40	P 420	252	42	42	
176	1	T 430	255	40	40	P 420	252	42	42	
177	1	T 432	256	40	40	P 420	252	63	42	
178	1	T 434	257	40	40	P 420	252	63	42	
179	1	T 436	258	40	40	P 420	252	63	63	
180	1	T 438	259	40	40	P 441	252	42	42	
181	1	T 440	260	40	40	P 441	252	42	42	
182	1	T 442	261	40	40	P 441	252	42	42	
183	1	T 444	262	40	40	P 441	252	42	42	
184	1	T 446	263	40	40	P 441	252	42	63	
185	1	T 448	264	40	40	P 441	273	42	42	
186	0	T 450	265	40	40	
187	0	T 452	266	40	40	
188	1	T 454	267	40	40	P 462	273	42	42	
189	1	T 456	268	40	40	P 441	273	63	42	
190	1	T 458	269	40	40	P 441	252	63	63	
191	1	T 460	270	40	40	P 441	252	63	63	
192	1	T 462	271	40	40	P 462	273	42	42	
193	1	T 464	272	40	40	P 462	273	42	42	
194	1	T 466	273	40	40	P 462	273	42	42	
195	1	T 468	274	40	40	P 462	252	63	63	
196	1	T 470	275	40	40	P 462	273	42	42	
197	1	T 472	276	40	40	P 462	252	63	63	
198	1	T 474	277	40	40	P 462	273	63	42	
199	1	T 476	278	40	40	P 462	273	63	42	
200	1	T 478	279	40	40	P 483	273	42	42	
201	1	T 480	280	40	40	P 483	273	42	63	
202	1	T 482	281	40	40	P 483	273	42	63	
203	0	T 484	282	40	40	
204	1	T 486	283	40	40	P 483	273	42	42	
205	1	T 488	284	40	40	P 483	273	42	63	
206	1	T 490	285	40	40	P 483	294	42	42	
207	0	T 492	286	40	40	
208	1	T 494	287	40	40	P 483	294	42	42	
209	1	T 496	288	40	40	P 504	294	42	42	
210	1	T 498	289	40	40	P 504	294	42	42	
211	1	T 500	290	40	40	P 504	273	42	63	
212	1	T 502	291	40	40	P 504	294	42	42	
213	1	T 504	292	40	40	P 483	294	63	42	
214	1	T 506	293	40	40	P 504	294	63	42	
215	1	T 508	294	40	40	P 504	294	63	42	
216	1	T 510	295	40	40	P 504	294	42	63	
217	1	T 512	296	40	40	P 504	294	42	42	
218	1	T 514	297	40	40	P 504	294	63	42	
219	1	T 516	298	40	40	P 504	294	63	42	
220	1	T 518	299	40	40	P 504	294	63	42	
221	1	T 520	300	40	40	P 504	294	63	42	
222	1	T 522	301	40	40	P 525	294	42	42	
223	1	T 524	302	40	40	P 525	294	42	42	
224	0	T 526	303	40	40	
225	1	T 528	304	40	40	P 525	294	42	63	
226	1	T 530	305	40	40	P 525	294	42	63	
227	1	T 532	306	40	40	P 525	315	42	42	
228	0	T 534	307	40	40	
229	0	T 536	308	40	40	
230	1	T 538	309	40	40	P 546	315	42	42	
231	1	T 540	310	40	40	P 546	315	42	42	
232	1	T 542	311	40	40	P 546	294	42	63	
233	1	T 544	312	40	40	P 546	315	42	42	
234	1	T 546	313	40	40	P 546	315	42	42	
235	1	T 548	314	40	40	P 546	315	42	42	
236	1	T 550	315	40	40	P 546	315	63	42	
237	1	T 552	316	40	40	P 546	315	42	42	
238	1	T 554	317	40	40	P 546	315	63	42	
239	1	T 556	318	40	40	P 546	315	63	42	
240	1	T 558	319	40	40	P 546	315	63	42	
241	1	T 560	320	40	40	P 546	315	63	42	
242	1	T 562	321	40	40	P 567	315	42	42	
243	1	T 564	322	40	40	P 567	315	42	63	
244	1	T 566	323	40	40	P 567	315	42	42	
245	0	T 568	324	40	40	
246	1	T 570	325	40	40	P 567	315	42	63	
247	1	T 572	326	40	40	P 567	315	42	63	
248	1	T 574	327	40	40	P 567	294	42	84	
249	0	T 576	328	40	40	
250	0	T 578	329	40	40	
251	1	T 580	330	40	40	P 567	336	63	42	
252	1	T 582	331	40	40	P 588	336	42	42	
253	1	T 584	332	40	40	P 588	315	42	63	
254	1	T 586	333	40	40	P 588	336	42	42	
255	1	T 588	334	40	40	P 588	336	42	42	
256	1	T 590	335	40	40	P 588	336	42	42	
257	1	T 592	336	40	40	P 588	336	42	42	
258	1	T 594	337	40	40	P 588	336	42	42	
259	1	T 596	338	40	40	P 588	336	42	42	
260	1	T 598	339	40	40	P 588	336	42	42	
261	1	T 600	340	40	40	P 588	336	63	42	
262	1	T 602	341	40	40	P 609	336	42	42	
263	1	T 604	342	40	40	P 609	336	42	42	
264	1	T 606	343	40	40	P 609	336	42	42	
265	1	T 608	344	40	40	P 609	336	42	42	
266	1	T 610	345	40	40	P 609	336	42	42	
267	1	T 612	346	40	40	P 609	336	42	63	
268	1	T 614	347	40	40	P 609	336	42	63	
269	1	T 616	348	40	40	P 609	357	42	42	
270	0	T 618	349	40	40	
271	0	T 620	350	40	40	
272	1	T 622	351	40	40	P 609	357	63	42	
273	1	T 624	352	40	40	P 630	357	42	42	
274	1	T 626	353	40	40	P 630	357	42	42	
275	1	T 628	354	40	40	P 630	357	42	42	
276	1	T 630	355	40	40	P 630	357	42	42	
277	1	T 632	356	40	40	P 630	357	42	42	
278	1	T 634	357	40	40	P 630	357	42	42	
279	1	T 636	358	40	40	P 630	336	42	63	
280	1	T 638	359	40	40	P 630	357	42	63	
281	1	T 640	360	40	40	P 630	357	42	42	
282	1	T 642	361	40	40	P 630	357	63	42	
283	1	T 644	362	40	40	P 651	357	42	42	
284	1	T 646	363	40	40	P 651	357	42	42	
285	1	T 648	364	40	40	P 651	357	42	42	
286	1	T 650	365	40	40	P 651	357	42	42	
287	1	T 652	366	40	40	P 651	357	42	42	
288	1	T 654	367	40	40	P 651	336	42	84	
289	1	T 656	368	40	40	P 651	357	42	63	
290	1	T 658	369	40	40	P 651	378	42	42	
291	0	T 660	370	40	40	
292	1	T 658	371	40	40	P 651	378	42	42	
293	1	T 656	372	40	40	P 651	357	42	63	
294	1	T 654	373	40	40	P 651	378	42	42	
295	1	T 652	374	40	40	P 651	378	42	42	
296	1	T 650	375	40	40	P 651	378	42	42	
297	1	T 648	376	40	40	P 651	378	42	42	
298	1	T 646	377	40	40	P 651	378	42	63	
299	1	T 644	378	40	40	P 651	378	42	42	
300	1	T 642	379	40	40	P 651	378	42	42	
301	1	T 640	380	40	40	P 630	378	63	42	
302	1	T 638	381	40	40	P 630	378	63	42	
303	1	T 636	382	40	40	P 630	378	42	42	
304	1	T 634	383	40	40	P 630	378	42	42	
305	1	T 632	384	40	40	P 630	378	42	42	
306	1	T 630	385	40	40	P 630	378	42	42	
307	1	T 628	386	40	40	P 630	378	42	42	
308	1	T 626	387	40	40	P 630	378	42	63	
309	1	T 624	388	40	40	P 630	378	42	42	
310	0	T 622	389	40	40	
311	0	T 620	390	40	40	
312	0	T 618	391	40	40	
313	1	T 616	392	40	40	P 609	399	42	42	
314	1	T 614	393	40	40	P 609	399	42	42	
315	1	T 612	394	40	40	P 609	378	42	63	
316	1	T 610	395	40	40	P 609	399	42	42	
317	1	T 608	396	40	40	P 609	378	42	63	
318	1	T 606	397	40	40	P 609	399	42	42	
319	1	T 604	398	40	40	P 609	399	42	42	
320	1	T 602	399	40	40	P 609	399	42	42	
321	0	T 600	400	40	40	
322	1	T 598	401	40	40	P 588	399	42	42	
323	1	T 596	402	40	40	P 588	399	42	42	
324	1	T 594	403	40	40	P 588	399	42	42	
325	1	T 592	404	40	40	P 588	399	42	42	
326	1	T 590	405	40	40	P 588	399	42	42	
327	1	T 588	406	40	40	P 588	399	42	42	
328	1	T 586	407	40	40	P 588	399	42	63	
329	1	T 584	408	40	40	P 588	399	42	42	
330	0	T 582	409	40	40	
331	0	T 580	410	40	40	
332	0	T 578	411	40	40	
333	0	T 576	412	40	40	
334	1	T 574	413	40	40	P 567	420	42	42	
335	1	T 572	414	40	40	P 567	399	42	63	
336	1	T 570	415	40	40	P 567	420	42	42	
337	1	T 568	416	40	40	P 567	420	42	42	
338	1	T 566	417	40	40	P 567	420	42	42	
339	1	T 564	418	40	40	P 567	420	42	42	
340	1	T 562	419	40	40	P 567	399	42	63	
341	1	T 560	420	40	40	P 567	420	42	42	
342	1	T 558	419	40	40	P 567	420	42	42	
343	1	T 556	418	40	40	P 546	420	63	42	
344	1	T 554	417	40	40	P 546	420	42	42	
345	1	T 552	416	40	40	P 546	420	63	42	
346	1	T 550	415	40	40	P 546	420	42	42	
347	1	T 548	414	40	40	P 546	420	42	42	
348	1	T 546	413	40	40	P 546	420	42	42	
349	1	T 544	412	40	40	P 546	399	42	63	
350	1	T 542	411	40	40	P 546	420	42	42	
351	0	T 540	410	40	40	
352	1	T 538	409	40	40	P 525	399	42	42	
353	0	T 536	408	40	40	
354	1	T 534	407	40	40	P 525	399	42	42	
355	1	T 532	406	40	40	P 525	399	42	42	
356	1	T 530	405	40	40	P 525	399	42	42	
357	1	T 528	404	40	40	P 525	399	42	63	
358	1	T 526	403	40	40	P 525	399	42	42	
359	1	T 524	402	40	40	P 525	399	42	42	
360	1	T 522	401	40	40	P 525	399	42	42	
361	1	T 520	400	40	40	P 525	399	42	42	
362	1	T 518	399	40	40	P 525	399	42	42	
363	1	T 516	398	40	40	P 504	399	63	42	
364	1	T 514	397	40	40	P 504	399	63	42	
365	1	T 512	396	40	40	P 504	399	42	42	
366	1	T 510	395	40	40	P 483	378	63	63	
367	1	T 508	394	40	40	P 504	399	63	42	
368	1	T 506	393	40	40	P 504	399	42	42	
369	1	T 504	392	40	40	P 504	399	42	42	
370	1	T 502	391	40	40	P 504	378	42	63	
371	1	T 500	390	40	40	P 504	378	42	63	
372	0	T 498	389	40	40	
373	0	T 496	388	40	40	
374	0	T 494	387	40	40	
375	1	T 492	386	40	40	P 483	378	42	42	
376	1	T 490	385	40	40	P 483	378	63	42	
377	1	T 488	384	40	40	P 483	378	42	42	
378	1	T 486	383	40	40	P 483	378	63	42	
379	1	T 484	382	40	40	P 483	378	63	42	
380	1	T 482	381	40	40	P 483	378	42	42	
381	1	T 480	380	40	40	P 483	378	42	42	
382	1	T 478	379	40	40	P 483	378	42	42	
383	1	T 476	378	40	40	P 483	378	42	42	
384	1	T 474	377	40	40	P 483	378	42	42	
385	1	T 472	376	40	40	P 462	378	63	42	
386	1	T 470	375	40	40	P 462	378	63	42	
387	1	T 468	374	40	40	P 462	378	42	42	
388	1	T 466	373	40	40	P 462	378	42	42	
389	1	T 464	372	40	40	P 462	378	42	42	
390	1	T 462	371	40	40	P 462	378	42	42	
391	1	T 460	370	40	40	P 462	357	42	63	
392	1	T 458	369	40	40	P 462	357	42	63	
393	1	T 456	368	40	40	P 462	378	42	42	
394	0	T 454	367	40	40	
395	0	T 452	366	40	40	
396	0	T 450	365	40	40	
397	1	T 448	364	40	40	P 441	357	42	42	
398	1	T 446	363	40	40	P 441	357	63	63	
399	1	T 444	362	40	40	P 441	357	63	42	
400	1	T 442	361	40	40	P 441	357	42	42	
401	1	T 440	360	40	40	P 441	357	42	42	
402	1	T 438	359	40	40	P 441	357	42	42	
403	1	T 436	358	40	40	P 420	357	63	63	
404	1	T 434	357	40	40	P 441	357	42	42	
405	1	T 432	356	40	40	P 420	357	42	42	
406	1	T 430	355	40	40	P 420	357	63	42	
407	1	T 428	354	40	40	P 420	357	42	42	
408	1	T 426	353	40	40	P 420	357	63	42	
409	1	T 424	352	40	40	P 420	357	42	42	
410	1	T 422	351	40	40	P 420	357	42	42	
411	1	T 420	350	40	40	P 420	357	42	42	
412	1	T 418	349	40	40	P 420	357	42	42	
413	1	T 416	348	40	40	P 420	336	42	63	
414	1	T 414	347	40	40	P 420	336	42	42	
415	0	T 412	346	40	40	
416	0	T 410	345	40	40	
417	1	T 408	344	40	40	P 399	336	63	42	
418	1	T 406	343	40	40	P 399	336	42	42	
419	1	T 404	342	40	40	P 399	336	42	42	
420	1	T 402	341	40	40	P 399	336	42	42	
421	1	T 400	340	40	40	P 399	336	42	42	
422	1	T 398	339	40	40	P 399	336	42	42	
423	1	T 396	338	40	40	P 399	336	42	42	
424	1	T 394	337	40	40	P 399	336	42	63	
425	1	T 392	336	40	40	P 399	336	42	42	
426	1	T 390	335	40	40	P 378	336	63	42	
427	1	T 388	334	40	40	P 378	336	63	42	
428	1	T 386	333	40	40	P 378	336	42	42	
429	1	T 384	332	40	40	P 378	336	63	42	
430	1	T 382	331	40	40	P 378	336	42	42	
431	1	T 380	330	40	40	P 378	336	42	42	
432	1	T 378	329	40	40	P 378	336	42	42	
433	1	T 376	328	40	40	P 378	336	42	42	
434	1	T 374	327	40	40	P 378	315	42	63	
435	1	T 372	326	40	40	P 378	315	42	63	
436	0	T 370	325	40	40	
437	0	T 368	324	40	40	
438	1	T 366	323	40	40	P 357	315	42	42	
439	1	T 364	322	40	40	P 357	315	42	42	
440	1	T 362	321	40	40	P 357	315	42	42	
441	1	T 360	320	40	40	P 357	315	63	42	
442	1	T 358	319	40	40	P 357	315	42	42	
443	1	T 356	318	40	40	P 357	315	42	42	
444	1	T 354	317	40	40	P 357	315	42	42	
445	1	T 352	316	40	40	P 357	315	42	42	
446	1	T 350	315	40	40	P 357	315	42	42	
447	0	T 348	314	40	40	
448	1	T 346	313	40	40	P 336	315	63	42	
449	1	T 344	312	40	40	P 336	315	63	42	
450	1	T 342	311	40	40	P 336	315	63	42	
451	1	T 340	310	40	40	P 336	315	42	42	
452	1	T 338	309	40	40	P 336	315	63	42	
453	1	T 336	308	40	40	P 336	315	42	42	
454	1	T 334	307	40	40	P 336	294	42	63	
455	1	T 332	306	40	40	P 336	294	42	63	
456	1	T 330	305	40	40	P 336	294	42	63	
457	0	T 328	304	40	40	
458	0	T 326	303	40	40	
459	1	T 324	302	40	40	P 315	294	42	42	
460	1	T 322	301	40	40	P 315	273	42	63	
461	1	T 320	300	40	40	P 315	294	63	63	
462	1	T 318	299	40	40	P 315	294	42	42	
463	1	T 316	298	40	40	P 294	294	63	42	
464	1	T 314	297	40	40	P 315	294	63	42	
465	1	T 312	296	40	40	P 315	294	42	42	
466	1	T 310	295	40	40	P 315	294	42	42	
467	1	T 308	294	40	40	P 315	294	42	42	
468	0	T 306	293	40	40	
469	1	T 304	292	40	40	P 294	294	63	42	
470	1	T 302	291	40	40	P 294	294	63	42	
471	1	T 300	290	40	40	P 294	294	42	42	
472	1	T 298	289	40	40	P 294	294	42	42	
473	1	T 296	288	40	40	P 294	294	42	42	
474	1	T 294	287	40	40	P 294	294	42	42	
475	1	T 292	286	40	40	P 294	294	42	42	
476	1	T 290	285	40	40	P 294	273	42	63	
477	1	T 288	284	40	40	P 294	273	42	63	
478	0	T 286	283	40	40	
479	0	T 284	282	40	40	
480	0	T 282	281	40	40	
481	1	T 280	280	40	40	P 273	273	42	42	
482	1	T 278	279	40	40	P 273	273	42	42	
483	1	T 276	278	40	40	P 273	273	42	42	
484	1	T 274	277	40	40	P 273	273	42	42	
485	1	T 272	276	40	40	P 273	273	42	42	
486	1	T 270	275	40	40	P 273	273	42	42	
487	1	T 268	274	40	40	P 273	273	42	42	
488	1	T 266	273	40	40	P 273	273	42	42	
489	0	T 264	272	40	40	
490	1	T 262	271	40	40	P 252	273	63	42	
491	1	T 260	270	40	40	P 252	273	63	42	
492	1	T 258	269	40	40	P 252	273	63	42	
493	1	T 256	268	40	40	P 252	273	63	42	
494	1	T 254	267	40	40	P 252	273	42	42	
495	1	T 252	266	40	40	P 252	273	42	42	
496	1	T 250	265	40	40	P 252	252	42	63	
497	1	T 248	264	40	40	P 252	252	42	63	
498	1	T 246	263	40	40	P 252	252	42	63	
499	0	T 244	262	40	40	
500	0	T 242	261	40	40	
501	1	T 240	260	40	40	P 231	252	42	42	
502	1	T 238	259	40	40	P 231	252	42	42	
503	1	T 236	258	40	40	P 231	252	42	42	
504	1	T 234	257	40	40	P 231	252	63	42	
505	1	T 232	256	40	40	P 231	252	42	42	
506	1	T 230	255	40	40	P 231	252	63	42	
507	1	T 228	254	40	40	P 231	252	42	63	
508	1	T 226	253	40	40	P 231	252	42	63	
509	1	T 224	252	40	40	P 231	252	42	42	
510	1	T 222	251	40	40	P 210	252	42	42	
511	1	T 220	250	40	40	P 210	252	63	42	
512	1	T 218	249	40	40	P 210	252	63	42	
513	1	T 216	248	40	40	P 210	231	63	63	
514	1	T 214	247	40	40	P 210	252	63	42	
515	1	T 212	246	40	40	P 210	252	42	42	
516	1	T 210	245	40	40	P 210	231	42	63	
517	1	T 208	244	40	40	P 210	231	42	63	
518	1	T 206	243	40	40	P 210	231	42	63	
519	0	T 204	242	40	40	
520	0	T 202	241	40	40	
521	0	T 200	240	40	40	
522	1	T 198	239	40	40	P 189	231	42	42	
523	1	T 196	238	40	40	P 189	231	42	42	
524	1	T 194	237	40	40	P 189	231	42	42	
525	1	T 192	236	40	40	P 189	231	42	42	
526	1	T 190	235	40	40	P 189	231	42	42	
527	1	T 188	234	40	40	P 189	231	42	42	
528	1	T 186	233	40	40	P 189	210	42	63	
529	1	T 184	232	40	40	P 189	231	42	42	
530	1	T 182	231	40	40	P 189	231	42	42	
531	0	T 180	230	40	40	
532	1	T 178	229	40	40	P 168	231	42	42	
533	1	T 176	228	40	40	P 168	231	63	42	
534	1	T 174	227	40	40	P 168	231	63	42	
535	1	T 172	226	40	40	P 168	210	42	63	
536	1	T 170	225	40	40	P 168	231	42	42	
537	1	T 168	224	40	40	P 168	231	42	42	
538	1	T 166	223	40	40	P 168	210	42	63	
539	1	T 164	222	40	40	P 168	210	42	63	
540	1	T 162	221	40	40	P 168	210	42	63	
541	0	T 160	220	40	40	
542	0	T 158	219	40	40	
543	0	T 156	218	40	40	
544	1	T 154	217	40	40	P 147	210	63	42	
545	1	T 152	216	40	40	P 147	210	42	63	
546	1	T 150	215	40	40	P 147	210	42	42	
547	1	T 148	214	40	40	P 147	210	42	42	
548	1	T 146	213	40	40	P 147	210	42	42	
549	1	T 144	212	40	40	P 147	210	42	63	
550	1	T 142	211	40	40	P 147	210	42	42	
551	1	T 140	210	40	40	P 147	210	42	63	
552	1	T 138	209	40	40	P 126	210	63	42	
553	1	T 136	208	40	40	P 126	210	63	42	
554	1	T 134	207	40	40	P 126	210	63	63	
555	1	T 132	206	40	40	P 126	210	42	42	
556	1	T 130	205	40	40	P 126	210	42	42	
557	1	T 128	204	40	40	P 126	189	42	63	
558	1	T 126	203	40	40	P 126	210	42	42	
559	1	T 124	202	40	40	P 126	210	42	42	
560	1	T 122	201	40	40	P 126	189	42	63	
561	1	T 120	200	40	40	P 126	189	42	63	
562	0	T 118	199	40	40	
563	1	T 116	198	40	40	P 105	189	42	42	
564	0	T 114	197	40	40	
565	1	T 112	196	40	40	P 105	189	42	42	
566	1	T 110	195	40	40	P 105	189	42	63	
567	1	T 108	194	40	40	P 105	189	42	42	
568	1	T 106	193	40	40	P 105	189	42	42	
569	1	T 104	192	40	40	P 105	189	42	42	
570	1	T 102	191	40	40	P 105	189	42	63	
571	1	T 100	190	40	40	P 105	189	42	42	
572	1	T 98	189	40	40	P 105	189	42	42	
573	0	T 96	188	40	40	
574	1	T 94	187	40	40	P 84	189	63	42	
575	1	T 92	186	40	40	P 84	189	63	42	
576	1	T 90	185	40	40	P 84	189	63	42	
577	1	T 88	184	40	40	P 84	189	42	42	
578	1	T 86	183	40	40	P 84	189	42	42	
579	1	T 84	182	40	40	P 84	189	42	42	
580	1	T 82	181	40	40	P 84	168	42	63	
581	1	T 80	180	40	40	P 84	168	42	63	
582	1	T 78	179	40	40	P 84	168	42	63	
583	0	T 76	178	40	40	
584	0	T 74	177	40	40	
585	1	T 72	176	40	40	P 63	168	42	42	
586	1	T 70	175	40	40	P 63	168	42	42	
587	1	T 68	174	40	40	P 63	168	42	63	
588	1	T 66	173	40	40	P 63	168	42	42	
589	1	T 64	172	40	40	P 63	168	42	42	
590	1	T 62	171	40	40	P 63	168	42	42	
591	1	T 60	170	40	40	P 63	168	42	42	
592	1	T 58	169	40	40	P 63	168	42	42	
593	1	T 56	168	40	40	P 63	168	42	42	
594	0	T 54	167	40	40	
595	1	T 52	166	40	40	P 42	168	63	42	
596	1	T 50	165	40	40	P 42	168	63	42	
597	1	T 48	164	40	40	P 42	147	63	63	
598	1	T 46	163	40	40	P 42	168	42	42	
599	1	T 44	162	40	40	P 42	168	42	42	
600	1	T 42	161	40	40	P 42	168	42	42	
601	1	T 40	160	40	40	P 42	147	42	63	
602	1	T 38	159	40	40	P 42	147	42	63	
603	1	T 36	158	40	40	P 42	168	42	42	
604	0	T 34	157	40	40	
605	0	T 32	156	40	40	
606	1	T 30	155	40	40	P 21	147	42	42	
607	1	T 28	154	40	40	P 21	147	42	42	
608	1	T 26	153	40	40	P 21	147	63	63	
609	1	T 24	152	40	40	P 21	147	63	42	
610	1	T 22	151	40	40	P 0	147	63	42	
611	1	T 20	150	40	40	P 21	147	42	42	
612	1	T 22	149	40	40	P 21	147	42	42	
613	1	T 24	148	40	40	P 21	147	42	42	
614	1	T 26	147	40	40	P 21	147	42	42	
615	1	T 28	146	40	40	P 21	147	42	42	
616	1	T 30	145	40	40	P 21	147	63	42	
617	1	T 32	144	40	40	P 21	147	63	42	
618	1	T 34	143	40	40	P 21	147	63	42	
619	1	T 36	142	40	40	P 42	147	42	42	
620	1	T 38	141	40	40	P 42	147	42	42	
621	1	T 40	140	40	40	P 42	147	42	42	
622	0	T 42	139	40	40	
623	1	T 44	138	40	40	P 42	126	42	42	
624	1	T 46	137	40	40	P 42	126	42	63	
625	1	T 48	136	40	40	P 42	126	42	63	
626	1	T 50	135	40	40	P 42	126	42	42	
627	0	T 52	134	40	40	
628	1	T 54	133	40	40	P 42	126	63	42	
629	1	T 56	132	40	40	P 42	126	63	42	
630	1	T 58	131	40	40	P 63	126	42	63	
631	1	T 60	130	40	40	P 63	126	42	63	
632	1	T 62	129	40	40	P 63	126	42	42	
633	1	T 64	128	40	40	P 63	126	42	42	
634	1	T 66	127	40	40	P 63	126	42	42	
635	1	T 68	126	40	40	P 63	126	42	42	
636	1	T 70	125	40	40	P 63	126	42	42	
637	1	T 72	124	40	40	P 63	126	42	42	
638	1	T 74	123	40	40	P 63	126	63	42	
639	1	T 76	122	40	40	P 63	126	63	42	
640	1	T 78	121	40	40	P 84	126	42	42	
641	1	T 80	120	40	40	P 84	105	42	63	
642	1	T 82	119	40	40	P 84	126	42	42	
643	1	T 84	118	40	40	P 84	126	42	42	
644	1	T 86	117	40	40	P 84	126	42	42	
645	1	T 88	116	40	40	P 84	105	42	63	
646	1	T 90	115	40	40	P 84	105	42	42	
647	0	T 92	114	40	40	
648	0	T 94	113	40	40	
649	1	T 96	112	40	40	P 84	105	63	42	
650	1	T 98	111	40	40	P 84	105	63	42	
651	1	T 100	110	40	40	P 105	105	42	42	
652	1	T 102	109	40	40	P 105	105	42	42	
653	1	T 104	108	40	40	P 105	105	42	42	
654	1	T 106	107	40	40	P 105	105	42	42	
655	1	T 108	106	40	40	P 105	105	42	42	
656	1	T 110	105	40	40	P 105	105	42	42	
657	1	T 112	104	40	40	P 105	105	42	42	
658	1	T 114	103	40	40	P 105	105	42	42	
659	1	T 116	102	40	40	P 105	105	63	42	
660	1	T 118	101	40	40	P 126	105	42	42	
661	1	T 120	100	40	40	P 126	105	42	42	
662	1	T 122	99	40	40	P 126	105	42	42	
663	1	T 124	98	40	40	P 126	105	42	42	
664	1	T 126	97	40	40	P 126	105	42	42	
665	1	T 128	96	40	40	P 126	105	42	42	
666	1	T 130	95	40	40	P 126	84	42	63	
667	1	T 132	94	40	40	P 126	84	42	63	
668	0	T 134	93	40	40	
669	1	T 136	92	40	40	P 105	84	63	42	
670	1	T 138	91	40	40	P 126	84	63	42	
671	1	T 140	90	40	40	P 126	84	63	42	
672	1	T 142	89	40	40	P 126	84	63	42	
673	1	T 144	88	40	40	P 147	84	42	42	
674	1	T 146	87	40	40	P 126	84	63	42	
675	1	T 148	86	40	40	P 147	84	42	42	
676	1	T 150	85	40	40	P 147	84	42	42	
677	1	T 152	84	40	40	P 147	84	42	42	
678	1	T 154	83	40	40	P 147	84	42	42	
679	1	T 156	82	40	40	P 147	84	63	42	
680	1	T 158	81	40	40	P 147	84	63	42	
681	1	T 160	80	40	40	P 147	84	63	42	
682	1	T 162	79	40	40	P 168	63	42	63	
683	1	T 164	78	40	40	P 168	63	42	63	
684	1	T 166	77	40	40	P 168	84	42	42	
685	1	T 168	76	40	40	P 168	84	42	42	
686	1	T 170	75	40	40	P 168	84	42	42	
687	1	T 172	74	40	40	P 168	63	42	63	
688	1	T 174	73	40	40	P 147	63	63	63	
689	1	T 176	72	40	40	P 168	63	42	42	
690	0	T 178	71	40	40	
691	0	T 180	70	40	40	
692	1	T 182	69	40	40	P 189	63	42	42	
693	1	T 184	68	40	40	P 189	63	42	42	
694	1	T 186	67	40	40	P 168	63	63	63	
695	1	T 188	66	40	40	P 189	63	42	42	
696	1	T 190	65	40	40	P 189	63	42	42	
697	1	T 192	64	40	40	P 189	63	42	42	
698	1	T 194	63	40	40	P 189	63	42	42	
699	1	T 196	62	40	40	P 189	63	42	42	
700	1	T 198	61	40	40	P 189	63	63	42	
701	1	T 200	60	40	40	P 189	63	63	42	
702	1	T 202	59	40	40	P 189	63	63	42	
703	1	T 204	58	40	40	P 189	63	63	42	
704	1	T 206	57	40	40	P 210	63	42	42	
705	1	T 208	56	40	40	P 210	63	42	42	
706	0	T 210	55	40	40	
707	1	T 212	54	40	40	P 231	42	42	42	
708	1	T 214	53	40	40	P 210	42	42	63	
709	1	T 216	52	40	40	P 210	42	42	42	
710	1	T 218	51	40	40	P 210	42	42	42	
711	0	T 220	50	40	40	
712	1	T 222	49	40	40	P 231	42	42	42	
713	1	T 224	48	40	40	P 210	42	63	42	
714	1	T 226	47	40	40	P 210	42	63	42	
715	1	T 228	46	40	40	P 210	42	63	42	
716	1	T 230	45	40	40	P 231	42	42	42	
717	1	T 232	44	40	40	P 231	21	42	63	
718	1	T 234	43	40	40	P 231	42	42	42	
719	1	T 236	42	40	40	P 231	42	42	42	
720	1	T 238	41	40	40	P 231	42	63	42	
721	1	T 240	40	40	40	P 231	42	63	42	
722	1	T 242	39	40	40	P 231	42	63	42	
723	1	T 244	38	40	40	P 231	42	63	42	
724	1	T 246	37	40	40	P 252	21	42	63	
725	1	T 248	36	40	40	P 252	21	42	63	
726	1	T 250	35	40	40	P 252	42	42	42	
727	0	T 252	34	40	40	
728	1	T 254	33	40	40	P 252	42	42	42	
729	1	T 256	32	40	40	P 252	21	42	63	
730	1	T 258	31	40	40	P 252	42	42	42	
731	1	T 260	30	40	40	P 252	21	42	42	
732	0	T 262	29	40	40	
733	0	T 264	28	40	40	
734	1	T 266	27	40	40	P 252	21	63	42	
735	1	T 268	26	40	40	P 252	21	63	42	
736	1	T 270	25	40	40	P 273	21	42	42	
737	1	T 272	24	40	40	P 273	21	42	42	
738	1	T 274	23	40	40	P 273	21	42	42	
739	1	T 276	22	40	40	P 273	21	42	42	
740	1	T 278	21	40	40	P 273	21	42	42	
741	1	T 280	20	40	40	P 273	21	42	42	
742	1	T 282	21	40	40	P 273	21	42	42	
743	0	T 284	22	40	40	
744	1	T 286	23	40	40	P 294	21	42	42	
745	1	T 288	24	40	40	P 294	0	42	63	
746	1	T 290	25	40	40	P 294	21	42	42	
747	1	T 292	26	40	40	P 294	21	42	63	
748	1	T 294	27	40	40	P 273	21	63	42	
749	1	T 296	28	40	40	P 294	21	42	42	
750	1	T 298	29	40	40	P 294	21	42	63	
751	1	T 300	30	40	40	P 294	21	42	42	
752	1	T 302	31	40	40	P 294	21	42	42	
753	0	T 304	32	40	40	
754	0	T 306	33	40	40	
755	1	T 308	34	40	40	P 315	42	42	42	
756	1	T 310	35	40	40	P 315	42	42	42	
757	1	T 312	36	40	40	P 315	21	42	63	
758	1	T 314	37	40	40	P 315	42	42	42	
759	1	T 316	38	40	40	P 315	42	63	42	
760	1	T 318	39	40	40	P 315	42	63	42	
761	1	T 320	40	40	40	P 315	42	42	42	
762	1	T 322	41	40	40	P 315	42	42	42	
763	0	T 324	42	40	40	
764	0	T 326	43	40	40	
765	0	T 328	44	40	40	
766	1	T 330	45	40	40	P 336	42	42	42	
767	1	T 332	46	40	40	P 315	42	63	42	
768	1	T 334	47	40	40	P 315	42	63	42	
769	1	T 336	48	40	40	P 315	42	63	42	
770	1	T 338	49	40	40	P 336	42	42	42	
771	1	T 340	50	40	40	P 336	42	42	63	
772	1	T 342	51	40	40	P 336	42	42	42	
773	0	T 344	52	40	40	
774	0	T 346	53	40	40	
775	0	T 348	54	40	40	
776	1	T 350	55	40	40	P 357	63	42	42	
777	1	T 352	56	40	40	P 357	63	42	42	
778	1	T 354	57	40	40	P 357	63	42	42	
779	1	T 356	58	40	40	P 357	63	42	42	
780	1	T 358	59	40	40	P 357	63	42	42	
781	1	T 360	60	40	40	P 357	63	42	42	
782	1	T 362	61	40	40	P 357	63	42	42	
783	1	T 364	62	40	40	P 357	63	42	42	
784	1	T 366	63	40	40	P 357	63	42	42	
785	0	T 368	64	40	40	
786	1	T 370	65	40	40	P 357	63	63	42	
787	1	T 372	66	40	40	P 378	63	42	42	
788	1	T 374	67	40	40	P 378	63	42	42	
789	1	T 376	68	40	40	P 378	63	42	42	
790	1	T 378	69	40	40	P 378	63	42	63	
791	1	T 380	70	40	40	P 378	63	42	42	
792	1	T 382	71	40	40	P 378	63	42	63	
793	1	T 384	72	40	40	P 378	63	42	63	
794	0	T 386	73	40	40	
795	0	T 388	74	40	40	
796	0	T 390	75	40	40	
797	1	T 392	76	40	40	P 399	84	42	42	
798	1	T 394	77	40	40	P 399	63	42	63	
799	1	T 396	78	40	40	P 399	84	42	42	
800	1	T 398	79	40	40	P 399	84	42	42	
801	1	T 400	80	40	40	P 399	84	63	42	
802	1	T 402	81	40	40	P 399	84	42	42	
803	1	T 404	82	40	40	P 399	84	63	42	
804	1	T 406	83	40	40	P 399	84	42	42	
805	0	T 408	84	40	40	
806	0	T 410	85	40	40	
807	1	T 412	86	40	40	P 420	84	42	42	
808	1	T 414	87	40	40	P 420	84	42	42	
809	1	T 416	88	40	40	P 420	63	42	63	
810	1	T 418	89	40	40	P 420	84	42	42	
811	1	T 420	90	40	40	P 420	84	42	42	
812	1	T 422	91	40	40	P 420	84	42	42	
813	1	T 424	92	40	40	P 420	84	42	63	
814	1	T 426	93	40	40	P 420	84	42	42	
815	1	T 428	94	40	40	P 420	84	42	42	
816	0	T 430	95	40	40	
817	0	T 432	96	40	40	
818	1	T 434	97	40	40	P 441	105	42	42	
819	1	T 436	98	40	40	P 441	84	42	63	
820	1	T 438	99	40	40	P 441	84	42	63	
821	1	T 440	100	40	40	P 441	84	42	63	
822	1	T 442	101	40	40	P 441	105	42	42	
823	1	T 444	102	40	40	P 420	105	63	42	
824	1	T 446	103	40	40	P 441	84	42	63	
825	1	T 448	104	40	40	P 441	105	42	42	
826	0	T 450	105	40	40	
827	0	T 452	106	40	40	
828	1	T 454	107	40	40	P 441	105	42	42	
829	1	T 456	108	40	40	P 462	105	42	42	
830	1	T 458	109	40	40	P 462	105	42	42	
831	1	T 460	110	40	40	P 462	105	42	42	
832	1	T 462	111	40	40	P 462	105	63	42	
833	1	T 464	112	40	40	P 462	105	42	42	
834	1	T 466	113	40	40	P 462	105	42	63	
835	1	T 468	114	40	40	P 462	105	42	63	
836	0	T 470	115	40	40	
837	0	T 472	116	40	40	
838	0	T 474	117	40	40	
839	0	T 476	118	40	40	
840	1	T 478	119	40	40	P 483	105	42	63	
841	1	T 480	120	40	40	P 483	126	42	42	
842	1	T 482	121	40	40	P 483	126	42	42	
843	1	T 484	122	40	40	P 483	126	42	42	
844	1	T 486	123	40	40	P 483	126	42	42	
845	1	T 488	124	40	40	P 483	126	42	42	
846	1	T 490	125	40	40	P 483	126	42	63	
847	1	T 492	126	40	40	P 483	126	42	42	
848	1	T 494	127	40	40	P 504	126	42	42	
849	1	T 496	128	40	40	P 504	126	42	42	
850	1	T 498	129	40	40	P 504	126	42	42	
851	1	T 500	130	40	40	P 483	126	63	42	
852	1	T 502	131	40	40	P 504	126	42	42	
853	1	T 504	132	40	40	P 504	126	42	42	
854	1	T 506	133	40	40	P 504	126	42	42	
855	1	T 508	134	40	40	P 504	126	42	63	
856	1	T 510	135	40	40	P 504	126	42	63	
857	0	T 512	136	40	40	
858	0	T 514	137	40	40	
859	0	T 516	138	40	40	
860	0	T 518	139	40	40	
861	1	T 520	140	40	40	P 525	147	42	42	
862	1	T 522	141	40	40	P 525	126	42	63	
863	1	T 524	142	40	40	P 525	147	42	42	
864	1	T 526	143	40	40	P 525	147	42	42	
865	1	T 528	144	40	40	P 525	147	63	42	
866	1	T 530	145	40	40	P 525	147	42	42	
867	1	T 532	146	40	40	P 525	147	42	42	
868	1	T 534	147	40	40	P 525	147	42	42	
869	0	T 536	148	40	40	
870	1	T 538	149	40	40	P 525	147	63	42	
871	1	T 540	150	40	40	P 546	147	42	42	
872	1	T 542	151	40	40	P 546	147	42	63	
873	1	T 544	152	40	40	P 546	147	42	42	
874	1	T 546	153	40	40	P 546	147	42	42	
875	1	T 548	154	40	40	P 546	147	42	42	
876	1	T 550	155	40	40	P 546	147	42	63	
877	1	T 552	156	40	40	P 546	147	42	63	
878	0	T 554	157	40	40	
879	0	T 556	158	40	40	
880	0	T 558	159	40	40	
881	0	T 560	160	40	40	
882	1	T 562	161	40	40	P 567	147	42	63	
883	1	T 564	162	40	40	P 567	168	42	42	
884	1	T 566	163	40	40	P 567	147	42	63	
885	1	T 568	164	40	40	P 567	168	42	42	
886	1	T 570	165	40	40	P 567	147	63	63	
887	1	T 572	166	40	40	P 567	168	42	42	
888	1	T 574	167	40	40	P 567	168	42	42	
889	0	T 576	168	40	40	
890	0	T 578	169	40	40	
891	1	T 580	170	40	40	P 588	168	42	42	
892	1	T 582	171	40	40	P 588	168	42	42	
893	1	T 584	172	40	40	P 588	168	42	42	
894	1	T 586	173	40	40	P 588	168	42	63	
895	1	T 588	174	40	40	P 588	168	42	42	
896	1	T 590	175	40	40	P 588	168	42	42	
897	1	T 592	176	40	40	P 588	168	42	63	
898	1	T 594	177	40	40	P 588	168	42	63	
899	0	T 596	178	40	40	
900	0	T 598	179	40	40	
901	0	T 600	180	40	40	
902	1	T 602	181	40	40	P 609	168	42	63	
903	1	T 604	182	40	40	P 609	168	42	63	
904	1	T 606	183	40	40	P 609	189	42	42	
905	1	T 608	184	40	40	P 609	189	42	42	
906	1	T 610	185	40	40	P 609	189	42	42	
907	1	T 612	186	40	40	P 609	189	42	42	
908	1	T 614	187	40	40	P 609	189	63	42	
909	1	T 616	188	40	40	P 609	189	42	42	
910	1	T 618	189	40	40	P 609	189	42	42	
911	0	T 620	190	40	40	
912	1	T 622	191	40	40	P 630	189	42	42	
913	1	T 624	192	40	40	P 630	189	42	42	
914	1	T 626	193	40	40	P 609	189	63	42	
915	1	T 628	194	40	40	P 609	189	63	42	
916	1	T 630	195	40	40	P 630	189	42	42	
917	1	T 632	196	40	40	P 630	189	42	42	
918	1	T 634	197	40	40	P 630	189	42	63	
919	1	T 636	198	40	40	P 630	189	42	63	
920	0	T 638	199	40	40	
921	0	T 640	200	40	40	
922	0	T 642	201	40	40	
923	1	T 644	202	40	40	P 651	210	42	42	
924	1	T 646	203	40	40	P 651	210	42	42	
925	1	T 648	204	40	40	P 651	189	42	63	
926	1	T 650	205	40	40	P 651	189	42	63	
927	1	T 652	206	40	40	P 651	210	42	42	
928	1	T 654	207	40	40	P 651	210	63	42	
929	1	T 656	208	40	40	P 651	210	42	42	
930	1	T 658	209	40	40	P 651	210	42	42	
931	1	T 660	210	40	40	P 651	210	63	42	
932	1	T 658	211	40	40	P 651	210	42	42	
933	1	T 656	212	40	40	P 651	210	42	42	
934	1	T 654	213	40	40	P 651	210	42	42	
935	1	T 652	214	40	40	P 651	210	42	42	
936	1	T 650	215	40	40	P 651	210	42	63	
937	1	T 648	216	40	40	P 630	210	63	42	
938	1	T 646	217	40	40	P 651	210	42	63	
939	1	T 644	218	40	40	P 651	210	42	42	
940	0	T 642	219	40	40	
941	0	T 640	220	40	40	
942	0	T 638	221	40	40	
943	1	T 636	222	40	40	P 630	210	42	63	
944	1	T 634	223	40	40	P 630	210	42	63	
945	1	T 632	224	40	40	P 630	231	42	42	
946	1	T 630	225	40	40	P 630	231	42	42	
947	1	T 628	226	40	40	P 630	210	42	63	
948	1	T 626	227	40	40	P 630	231	42	42	
949	1	T 624	228	40	40	P 609	231	63	42	
950	1	T 622	229	40	40	P 630	231	42	42	
951	1	T 620	230	40	40	P 630	231	42	42	
952	1	T 618	231	40	40	P 609	231	42	42	
953	1	T 616	232	40	40	P 609	231	42	42	
954	1	T 614	233	40	40	P 609	231	42	42	
955	1	T 612	234	40	40	P 609	231	42	42	
956	1	T 610	235	40	40	P 609	231	42	42	
957	1	T 608	236	40	40	P 609	231	42	42	
958	1	T 606	237	40	40	P 609	231	42	63	
959	1	T 604	238	40	40	P 609	231	42	63	
960	1	T 602	239	40	40	P 609	231	42	42	
961	0	T 600	240	40	40	
962	1	T 598	241	40	40	P 609	231	42	42	
963	1	T 596	242	40	40	P 588	252	42	42	
964	1	T 594	243	40	40	P 588	231	42	63	
965	1	T 592	244	40	40	P 588	231	42	63	
966	1	T 590	245	40	40	P 588	252	42	42	
967	1	T 588	246	40	40	P 588	252	42	42	
968	1	T 586	247	40	40	P 567	231	63	63	
969	1	T 584	248	40	40	P 588	231	42	63	
970	1	T 582	249	40	40	P 588	252	42	42	
971	1	T 580	250	40	40	P 588	252	42	42	
972	1	T 578	251	40	40	P 567	252	63	42	
973	1	T 576	252	40	40	P 567	252	42	42	
974	1	T 574	253	40	40	P 567	252	42	42	
975	1	T 572	254	40	40	P 567	252	42	42	
976	1	T 570	255	40	40	P 567	252	42	42	
977	1	T 568	256	40	40	P 567	252	42	42	
978	1	T 566	257	40	40	P 546	252	63	42	
979	1	T 564	258	40	40	P 567	252	42	42	
980	1	T 562	259	40	40	P 546	252	63	42	
981	1	T 560	260	40	40	P 567	252	42	42	
982	0	T 558	261	40	40	
983	0	T 556	262	40	40	
984	0	T 554	263	40	40	
985	1	T 552	264	40	40	P 546	252	42	63	
986	1	T 550	265	40	40	P 546	252	42	63	
987	1	T 548	266	40	40	P 546	273	42	42	
988	1	T 546	267	40	40	P 546	273	42	42	
989	1	T 544	268	40	40	P 546	273	42	42	
990	1	T 542	269	40	40	P 525	273	63	42	
991	1	T 540	270	40	40	P 525	273	63	42	
992	1	T 538	271	40	40	P 546	273	42	42	
993	1	T 536	272	40	40	P 525	273	63	42	
994	1	T 534	273	40	40	P 525	273	42	42	
995	1	T 532	274	40	40	P 525	273	42	42	
996	1	T 530	275	40	40	P 525	273	42	42	
997	1	T 528	276	40	40	P 525	273	42	42	
998	1	T 526	277	40	40	P 525	273	42	42	
999	1	T 524	278	40	40	P 525	273	42	42	
1000	1	T 522	279	40	40	P 525	273	42	42	
1001	1	T 520	280	40	40	P 525	273	42	42	
1002	1	T 518	281	40	40	P 525	273	42	42	
1003	0	T 516	282	40	40	
1004	0	T 514	283	40	40	
1005	0	T 512	284	40	40	
1006	1	T 510	285	40	40	P 504	294	42	42	
1007	1	T 508	286	40	40	P 504	273	42	63	
1008	1	T 506	287	40	40	P 504	294	42	42	
1009	1	T 504	288	40	40	P 504	294	42	42	
1010	1	T 502	289	40	40	P 504	294	42	42	
1011	1	T 500	290	40	40	P 504	273	42	63	
1012	1	T 498	291	40	40	P 483	294	63	42	
1013	1	T 496	292	40	40	P 483	294	63	42	
1014	1	T 494	293	40	40	P 483	294	42	42	
1015	1	T 492	294	40	40	P 483	294	42	42	
1016	1	T 490	295	40	40	P 483	294	42	42	
1017	1	T 488	296	40	40	P 483	294	42	42	
1018	1	T 486	297	40	40	P 483	294	42	42	
1019	1	T 484	298	40	40	P 483	294	42	42	
1020	1	T 482	299	40	40	P 483	294	42	42	
1021	1	T 480	300	40	40	P 483	294	42	63	
1022	1	T 478	301	40	40	P 483	294	42	63	
1023	1	T 476	302	40	40	P 483	294	42	42	
1024	0	T 474	303	40	40	
1025	0	T 472	304	40	40	
1026	0	T 470	305	40	40	
1027	1	T 468	306	40	40	P 462	294	42	63	
1028	1	T 466	307	40	40	P 462	294	42	63	
1029	1	T 464	308	40	40	P 462	315	42	42	
1030	1	T 462	309	40	40	P 462	315	42	42	
1031	1	T 460	310	40	40	P 462	315	42	42	
1032	1	T 458	311	40	40	P 462	294	42	63	
1033	1	T 456	312	40	40	P 441	315	63	42	
1034	1	T 454	313	40	40	P 462	315	42	42	
1035	1	T 452	314	40	40	P 441	315	42	42	
1036	1	T 450	315	40	40	P 441	315	63	42	
1037	1	T 448	316	40	40	P 441	315	42	42	
1038	1	T 446	317	40	40	P 441	294	42	63	
1039	1	T 444	318	40	40	P 420	315	63	42	
1040	1	T 442	319	40	40	P 441	315	42	42	
1041	1	T 440	320	40	40	P 441	315	42	42	
1042	1	T 438	321	40	40	P 441	315	42	63	
1043	1	T 436	322	40	40	P 441	315	42	42	
1044	1	T 434	323	40	40	P 441	315	42	42	
1045	0	T 432	324	40	40	
1046	0	T 430	325	40	40	
1047	0	T 428	326	40	40	
1048	1	T 426	327	40	40	P 420	315	42	63	
1049	1	T 424	328	40	40	P 420	315	42	63	
1050	1	T 422	329	40	40	P 420	336	42	42	
1051	1	T 420	330	40	40	P 420	336	42	42	
1052	1	T 418	331	40	40	P 420	315	42	63	
1053	1	T 416	332	40	40	P 420	315	42	63	
1054	1	T 414	333	40	40	P 399	336	63	42	
1055	1	T 412	334	40	40	P 420	336	42	42	
1056	1	T 410	335	40	40	P 399	336	42	42	
1057	1	T 408	336	40	40	P 399	336	42	42	
1058	1	T 406	337	40	40	P 399	336	42	42	
1059	1	T 404	338	40	40	P 399	336	42	42	
1060	1	T 402	339	40	40	P 378	336	63	42	
1061	1	T 400	340	40	40	P 399	336	42	42	
1062	1	T 398	341	40	40	P 399	336	63	42	
1063	1	T 396	342	40	40	P 399	336	42	42	
1064	1	T 394	343	40	40	P 399	336	42	63	
1065	1	T 392	344	40	40	P 399	336	42	42	
1066	0	T 390	345	40	40	
1067	0	T 388	346	40	40	
1068	0	T 386	347	40	40	
1069	1	T 384	348	40	40	P 378	336	42	63	
1070	1	T 382	349	40	40	P 378	336	42	63	
1071	1	T 380	350	40	40	P 378	357	42	42	
1072	1	T 378	351	40	40	P 378	357	42	42	
1073	1	T 376	352	40	40	P 378	357	42	42	
1074	1	T 374	353	40	40	P 378	336	42	63	
1075	1	T 372	354	40	40	P 378	357	42	42	
1076	1	T 370	355	40	40	P 357	357	63	42	
1077	1	T 368	356	40	40	P 357	357	63	42	
1078	1	T 366	357	40	40	P 357	357	42	42	
1079	1	T 364	358	40	40	P 357	357	42	42	
1080	1	T 362	359	40	40	P 357	357	63	42	
1081	1	T 360	360	40	40	P 357	336	42	63	
1082	1	T 358	361	40	40	P 357	357	42	42	
1083	1	T 356	362	40	40	P 357	357	42	42	
1084	1	T 354	363	40	40	P 357	357	42	42	
1085	1	T 352	364	40	40	P 357	357	42	42	
1086	1	T 350	365	40	40	P 357	357	42	42	
1087	0	T 348	366	40	40	
1088	0	T 346	367	40	40	
1089	0	T 344	368	40	40	
1090	1	T 342	369	40	40	P 336	357	42	63	
1091	1	T 340	370	40	40	P 336	357	42	63	
1092	1	T 338	371	40	40	P 336	357	42	63	
1093	1	T 336	372	40	40	P 336	357	42	63	
1094	1	T 334	373	40	40	P 336	378	42	42	
1095	1	T 332	374	40	40	P 336	378	42	42	
1096	1	T 330	375	40	40	P 315	378	63	42	
1097	1	T 328	376	40	40	P 315	378	63	42	
1098	0	T 326	377	40	40	
1099	1	T 324	378	40	40	P 315	378	63	42	
1100	1	T 322	379	40	40	P 315	378	42	42	
1101	1	T 320	380	40	40	P 315	357	42	63	
1102	1	T 318	381	40	40	P 315	378	42	42	
1103	1	T 316	382	40	40	P 315	378	42	42	
1104	1	T 314	383	40	40	P 315	378	42	42	
1105	1	T 312	384	40	40	P 315	378	42	42	
1106	1	T 310	385	40	40	P 315	378	42	42	
1107	1	T 308	386	40	40	P 315	378	42	42	
1108	0	T 306	387	40	40	
1109	0	T 304	388	40	40	
1110	1	T 302	389	40	40	P 294	399	42	42	
1111	1	T 300	390	40	40	P 294	399	42	42	
1112	1	T 298	391	40	40	P 294	378	42	63	
1113	1	T 296	392	40	40	P 294	399	42	42	
1114	1	T 294	393	40	40	P 294	399	42	42	
1115	1	T 292	394	40	40	P 294	378	42	63	
1116	1	T 290	395	40	40	P 294	399	42	42	
1117	1	T 288	396	40	40	P 273	399	63	42	
1118	1	T 286	397	40	40	P 273	399	63	42	
1119	1	T 284	398	40	40	P 273	399	42	42	
1120	1	T 282	399	40	40	P 273	399	42	42	
1121	1	T 280	400	40	40	P 273	399	42	42	
1122	1	T 278	401	40	40	P 273	399	63	63	
1123	1	T 276	402	40	40	P 273	399	42	42	
1124	1	T 274	403	40	40	P 273	399	42	42	
1125	1	T 272	404	40	40	P 273	399	42	42	
1126	1	T 270	405	40	40	P 273	399	42	63	
1127	1	T 268	406	40	40	P 273	399	42	63	
1128	1	T 266	407	40	40	P 273	399	42	42	
1129	0	T 264	408	40	40	
1130	0	T 262	409	40	40	
1131	0	T 260	410	40	40	
1132	1	T 258	411	40	40	P 252	399	42	63	
1133	1	T 256	412	40	40	P 252	399	42	63	
1134	1	T 254	413	40	40	P 252	420	42	42	
1135	1	T 252	414	40	40	P 252	420	42	42	
1136	1	T 250	415	40	40	P 231	420	63	42	
1137	1	T 248	416	40	40	P 252	399	42	63	
1138	1	T 246	417	40	40	P 252	420	42	42	
1139	1	T 244	418	40	40	P 252	420	42	42	
1140	1	T 242	419	40	40	P 231	420	63	42	
1141	1	T 240	420	40	40	P 231	420	42	42	
1142	1	T 238	419	40	40	P 231	420	42	42	
1143	1	T 236	418	40	40	P 231	399	63	63	
1144	1	T 234	417	40	40	P 231	420	42	42	
1145	1	T 232	416	40	40	P 231	420	42	42	
1146	1	T 230	415	40	40	P 231	420	42	42	
1147	1	T 228	414	40	40	P 231	399	42	63	
1148	1	T 226	413	40	40	P 231	420	42	42	
1149	0	T 224	412	40	40	
1150	0	T 222	411	40	40	
1151	0	T 220	410	40	40	
1152	1	T 218	409	40	40	P 210	399	42	42	
1153	1	T 216	408	40	40	P 210	399	42	42	
1154	1	T 214	407	40	40	P 210	399	42	42	
1155	1	T 212	406	40	40	P 210	399	42	42	
1156	1	T 210	405	40	40	P 210	399	42	42	
1157	1	T 208	404	40	40	P 189	399	63	42	
1158	1	T 206	403	40	40	P 210	399	42	42	
1159	1	T 204	402	40	40	P 210	399	42	42	
1160	1	T 202	401	40	40	P 210	399	42	42	
1161	1	T 200	400	40	40	P 189	399	42	42	
1162	0	T 198	399	40	40	
1163	1	T 196	398	40	40	P 189	399	42	42	
1164	1	T 194	397	40	40	P 189	399	42	42	
1165	1	T 192	396	40	40	P 189	399	42	42	
1166	1	T 190	395	40	40	P 189	399	42	42	
1167	1	T 188	394	40	40	P 189	399	63	42	
1168	1	T 186	393	40	40	P 189	378	42	63	
1169	1	T 184	392	40	40	P 189	378	42	63	
1170	1	T 182	391	40	40	P 189	378	42	63	
1171	0	T 180	390	40	40	
1172	0	T 178	389	40	40	
1173	1	T 176	388	40	40	P 168	378	42	42	
1174	1	T 174	387	40	40	P 168	378	42	42	
1175	1	T 172	386	40	40	P 168	378	42	63	
1176	1	T 170	385	40	40	P 168	378	42	42	
1177	1	T 168	384	40	40	P 168	378	42	42	
1178	1	T 166	383	40	40	P 168	378	42	63	
1179	1	T 164	382	40	40	P 168	378	42	42	
1180	1	T 162	381	40	40	P 147	378	63	42	
1181	1	T 160	380	40	40	P 168	378	42	42	
1182	0	T 158	379	40	40	
1183	0	T 156	378	40	40	
1184	1	T 154	377	40	40	P 147	378	42	42	
1185	1	T 152	376	40	40	P 147	378	42	42	
1186	1	T 150	375	40	40	P 147	378	42	42	
1187	1	T 148	374	40	40	P 147	378	63	42	
1188	1	T 146	373	40	40	P 147	378	42	42	
1189	1	T 144	372	40	40	P 147	357	42	63	
1190	1	T 142	371	40	40	P 147	378	42	42	
1191	1	T 140	370	40	40	P 147	378	42	42	
1192	0	T 138	369	40	40	
1193	0	T 136	368	40	40	
1194	1	T 134	367	40	40	P 126	357	42	42	
1195	1	T 132	366	40	40	P 126	357	42	63	
1196	1	T 130	365	40	40	P 126	357	42	42	
1197	1	T 128	364	40	40	P 126	357	42	42	
1198	1	T 126	363	40	40	P 126	357	42	42	
1199	1	T 124	362	40	40	P 126	357	42	63	
1200	1	T 122	361	40	40	P 126	357	42	63	
1201	1	T 120	360	40	40	P 105	357	63	42	
1202	1	T 118	359	40	40	P 126	357	42	42	
1203	0	T 116	358	40	40	
1204	0	T 114	357	40	40	
1205	1	T 112	356	40	40	P 105	357	42	42	
1206	1	T 110	355	40	40	P 105	357	42	42	
1207	1	T 108	354	40	40	P 105	336	42	63	
1208	1	T 106	353	40	40	P 105	357	63	42	
1209	1	T 104	352	40	40	P 105	357	42	42	
1210	1	T 102	351	40	40	P 105	336	42	63	
1211	1	T 100	350	40	40	P 105	336	42	63	
1212	1	T 98	349	40	40	P 105	357	42	42	
1213	0	T 96	348	40	40	
1214	0	T 94	347	40	40	
1215	0	T 92	346	40	40	
1216	1	T 90	345	40	40	P 84	336	42	63	
1217	1	T 88	344	40	40	P 84	336	42	63	
1218	1	T 86	343	40	40	P 84	336	42	63	
1219	1	T 84	342	40	40	P 84	336	42	42	
1220	1	T 82	341	40	40	P 84	336	42	42	
1221	1	T 80	340	40	40	P 84	336	63	42	
1222	1	T 78	339	40	40	P 84	336	42	42	
1223	1	T 76	338	40	40	P 84	336	42	42	
1224	0	T 74	337	40	40	
1225	1	T 72	336	40	40	P 63	336	42	42	
1226	1	T 70	335	40	40	P 63	336	42	42	
1227	1	T 68	334	40	40	P 63	336	42	42	
1228	1	T 66	333	40	40	P 63	315	42	63	
1229	1	T 64	332	40	40	P 63	336	42	42	
1230	1	T 62	331	40	40	P 63	315	42	63	
1231	1	T 60	330	40	40	P 63	336	42	42	
1232	1	T 58	329	40	40	P 63	336	42	42	
1233	0	T 56	328	40	40	
1234	0	T 54	327	40	40	
1235	0	T 52	326	40	40	
1236	0	T 50	325	40	40	
1237	1	T 48	324	40	40	P 42	315	63	63	
1238	1	T 46	323	40	40	P 42	315	42	63	
1239	1	T 44	322	40	40	P 42	315	63	42	
1240	1	T 42	321	40	40	P 42	315	42	42	
1241	1	T 40	320	40	40	P 42	315	42	42	
1242	1	T 38	319	40	40	P 42	315	42	63	
1243	1	T 36	318	40	40	P 42	315	42	42	
1244	1	T 34	317	40	40	P 42	315	42	42	
1245	0	T 32	316	40	40	
1246	1	T 30	315	40	40	P 21	315	42	42	
1247	1	T 28	314	40	40	P 21	315	42	42	
1248	1	T 26	313	40	40	P 21	315	42	42	
1249	1	T 24	312	40	40	P 21	315	42	42	
1250	1	T 22	311	40	40	P 21	315	63	42	
1251	1	T 20	310	40	40	P 21	315	42	42	
1252	1	T 22	309	40	40	P 21	315	42	42	
1253	1	T 24	308	40	40	P 21	315	42	42	
1254	1	T 26	307	40	40	P 21	294	42	63	
1255	1	T 28	306	40	40	P 21	294	42	63	
1256	0	T 30	305	40	40	
1257	0	T 32	304	40	40	
1258	0	T 34	303	40	40	
1259	1	T 36	302	40	40	P 42	294	42	42	
1260	1	T 38	301	40	40	P 42	294	42	63	
1261	1	T 40	300	40	40	P 42	294	42	42	
1262	1	T 42	299	40	40	P 42	294	42	42	
1263	1	T 44	298	40	40	P 42	294	42	42	
1264	1	T 46	297	40	40	P 42	294	42	63	
1265	1	T 48	296	40	40	P 42	294	42	42	
1266	1	T 50	295	40	40	P 42	294	63	63	
1267	1	T 52	294	40	40	P 42	294	42	42	
1268	0	T 54	293	40	40	
1269	1	T 56	292	40	40	P 63	294	42	42	
1270	1	T 58	291	40	40	P 63	294	42	42	
1271	1	T 60	290	40	40	P 63	294	42	42	
1272	1	T 62	289	40	40	P 63	294	42	42	
1273	1	T 64	288	40	40	P 63	294	42	42	
1274	1	T 66	287	40	40	P 63	273	42	63	
1275	1	T 68	286	40	40	P 63	273	42	63	
1276	0	T 70	285	40	40	
1277	0	T 72	284	40	40	
1278	0	T 74	283	40	40	
1279	0	T 76	282	40	40	
1280	1	T 78	281	40	40	P 84	273	42	42	
1281	1	T 80	280	40	40	P 84	273	42	42	
1282	1	T 82	279	40	40	P 84	273	42	42	
1283	1	T 84	278	40	40	P 84	273	42	42	
1284	1	T 86	277	40	40	P 84	273	42	42	
1285	1	T 88	276	40	40	P 84	273	42	63	
1286	1	T 90	275	40	40	P 84	273	42	42	
1287	1	T 92	274	40	40	P 84	273	42	42	
1288	0	T 94	273	40	40	
1289	1	T 96	272	40	40	P 105	273	42	42	
1290	1	T 98	271	40	40	P 84	273	63	42	
1291	1	T 100	270	40	40	P 105	273	42	42	
1292	1	T 102	269	40	40	P 105	252	42	63	
1293	1	T 104	268	40	40	P 105	273	42	42	
1294	1	T 106	267	40	40	P 105	273	42	42	
1295	1	T 108	266	40	40	P 105	273	42	42	
1296	1	T 110	265	40	40	P 105	252	42	63	
1297	0	T 112	264	40	40	
1298	0	T 114	263	40	40	
1299	0	T 116	262	40	40	
1300	0	T 118	261	40	40	
1301	1	T 120	260	40	40	P 126	252	42	42	
1302	1	T 122	259	40	40	P 126	252	42	63	
1303	1	T 124	258	40	40	P 126	252	42	42	
1304	1	T 126	257	40	40	P 126	252	42	42	
1305	1	T 128	256	40	40	P 126	252	42	63	
1306	1	T 130	255	40	40	P 126	252	42	63	
1307	1	T 132	254	40	40	P 126	252	63	42	
1308	1	T 134	253	40	40	P 126	252	42	42	
1309	0	T 136	252	40	40	
1310	1	T 138	251	40	40	P 126	252	63	42	
1311	1	T 140	250	40	40	P 147	252	42	42	
1312	1	T 142	249	40	40	P 147	252	42	42	
1313	1	T 144	248	40	40	P 126	252	63	42	
1314	1	T 146	247	40	40	P 147	252	42	42	
1315	1	T 148	246	40	40	P 147	252	63	42	
1316	1	T 150	245	40	40	P 147	252	42	42	
1317	1	T 152	244	40	40	P 147	231	42	63	
1318	1	T 154	243	40	40	P 147	252	42	42	
1319	0	T 156	242	40	40	
1320	0	T 158	241	40	40	
1321	0	T 160	240	40	40	
1322	1	T 162	239	40	40	P 168	231	42	42	
1323	1	T 164	238	40	40	P 168	231	42	42	
1324	1	T 166	237	40	40	P 168	231	42	42	
1325	1	T 168	236	40	40	P 168	231	42	42	
1326	1	T 170	235	40	40	P 168	210	63	63	
1327	1	T 172	234	40	40	P 168	231	63	42	
1328	1	T 174	233	40	40	P 168	231	63	42	
1329	1	T 176	232	40	40	P 168	231	42	42	
1330	0	T 178	231	40	40	
1331	0	T 180	230	40	40	
1332	1	T 182	229	40	40	P 168	231	63	42	
1333	1	T 184	228	40	40	P 189	231	42	42	
1334	1	T 186	227	40	40	P 189	231	42	42	
1335	1	T 188	226	40	40	P 189	210	42	63	
1336	1	T 190	225	40	40	P 189	210	42	63	
1337	1	T 192	224	40	40	P 189	210	42	63	
1338	1	T 194	223	40	40	P 189	210	42	63	
1339	1	T 196	222	40	40	P 189	231	42	42	
1340	0	T 198	221	40	40	
1341	0	T 200	220	40	40	
1342	0	T 202	219	40	40	
1343	1	T 204	218	40	40	P 210	210	42	42	
1344	1	T 206	217	40	40	P 189	210	63	42	
1345	1	T 208	216	40	40	P 210	210	42	42	
1346	1	T 210	215	40	40	P 189	210	63	42	
1347	1	T 212	214	40	40	P 210	210	42	63	
1348	1	T 214	213	40	40	P 210	210	42	42	
1349	1	T 216	212	40	40	P 210	210	42	42	
1350	1	T 218	211	40	40	P 210	210	42	42	
1351	0	T 220	210	40	40	
1352	1	T 222	209	40	40	P 231	210	42	42	
1353	1	T 224	208	40	40	P 231	210	42	42	
1354	1	T 226	207	40	40	P 231	210	42	42	
1355	1	T 228	206	40	40	P 231	189	42	63	
1356	1	T 230	205	40	40	P 231	210	42	42	
1357	1	T 232	204	40	40	P 231	210	42	42	
1358	1	T 234	203	40	40	P 231	189	42	63	
1359	1	T 236	202	40	40	P 231	189	42	63	
1360	1	T 238	201	40	40	P 231	210	42	42	
1361	0	T 240	200	40	40	
1362	0	T 242	199	40	40	
1363	0	T 244	198	40	40	
1364	1	T 246	197	40	40	P 252	189	42	63	
1365	1	T 248	196	40	40	P 231	189	63	42	
1366	1	T 250	195	40	40	P 252	189	42	42	
1367	1	T 252	194	40	40	P 252	189	42	42	
1368	1	T 254	193	40	40	P 252	189	42	42	
1369	1	T 256	192	40	40	P 252	189	42	63	
1370	1	T 258	191	40	40	P 252	189	42	42	
1371	1	T 260	190	40	40	P 252	189	42	42	
1372	0	T 262	189	40	40	
1373	1	T 264	188	40	40	P 252	189	63	42	
1374	1	T 266	187	40	40	P 273	189	42	42	
1375	1	T 268	186	40	40	P 252	189	63	42	
1376	1	T 270	185	40	40	P 252	168	63	63	
1377	1	T 272	184	40	40	P 273	189	42	42	
1378	1	T 274	183	40	40	P 273	189	42	42	
1379	1	T 276	182	40	40	P 273	189	42	42	
1380	1	T 278	181	40	40	P 273	168	42	63	
1381	1	T 280	180	40	40	P 273	189	42	42	
1382	0	T 282	179	40	40	
1383	0	T 284	178	40	40	
1384	0	T 286	177	40	40	
1385	1	T 288	176	40	40	P 294	168	42	42	
1386	1	T 290	175	40	40	P 294	168	42	63	
1387	1	T 292	174	40	40	P 273	168	63	63	
1388	1	T 294	173	40	40	P 294	168	42	42	
1389	1	T 296	172	40	40	P 294	168	42	42	
1390	1	T 298	171	40	40	P 294	168	42	42	
1391	1	T 300	170	40	40	P 294	168	42	42	
1392	1	T 302	169	40	40	P 294	168	42	42	
1393	0	T 304	168	40	40	
1394	0	T 306	167	40	40	
1395	1	T 308	166	40	40	P 315	168	42	42	
1396	1	T 310	165	40	40	P 315	168	42	42	
1397	1	T 312	164	40	40	P 315	147	42	63	
1398	1	T 314	163	40	40	P 315	168	42	42	
1399	1	T 316	162	40	40	P 315	168	42	42	
1400	1	T 318	161	40	40	P 315	168	42	42	
1401	1	T 320	160	40	40	P 315	168	42	42	
1402	1	T 322	159	40	40	P 315	147	42	42	
1403	0	T 324	158	40	40	
1404	0	T 326	157	40	40	
1405	0	T 328	156	40	40	
1406	1	T 330	155	40	40	P 336	147	42	42	
1407	1	T 332	154	40	40	P 336	147	42	42	
1408	1	T 334	153	40	40	P 336	147	42	42	
1409	1	T 336	152	40	40	P 336	147	42	42	
1410	1	T 338	151	40	40	P 336	147	42	42	
1411	1	T 340	150	40	40	P 315	147	63	42	
1412	1	T 342	149	40	40	P 336	147	42	42	
1413	1	T 344	148	40	40	P 336	147	42	42	
1414	0	T 346	147	40	40	
1415	1	T 348	146	40	40	P 357	147	42	42	
1416	1	T 350	145	40	40	P 357	147	42	42	
1417	1	T 352	144	40	40	P 357	147	42	42	
1418	1	T 354	143	40	40	P 336	147	63	42	
1419	1	T 356	142	40	40	P 357	147	63	42	
1420	1	T 358	141	40	40	P 357	147	42	42	
1421	1	T 360	140	40	40	P 357	126	42	63	
1422	1	T 362	139	40	40	P 357	147	42	42	
1423	1	T 364	138	40	40	P 357	126	42	63	
1424	0	T 366	137	40	40	
1425	0	T 368	136	40	40	
1426	0	T 370	135	40	40	
1427	1	T 372	134	40	40	P 378	126	42	63	
1428	1	T 374	133	40	40	P 378	126	42	42	
1429	1	T 376	132	40	40	P 378	126	42	42	
1430	1	T 378	131	40	40	P 378	126	42	42	
1431	1	T 380	130	40	40	P 378	126	42	42	
1432	1	T 382	129	40	40	P 378	126	42	42	
1433	1	T 384	128	40	40	P 378	126	42	42	
1434	1	T 386	127	40	40	P 378	126	42	42	
1435	0	T 388	126	40	40	
1436	1	T 390	125	40	40	P 399	126	42	42	
1437	1	T 392	124	40	40	P 378	126	63	42	
1438	1	T 394	123	40	40	P 399	126	42	42	
1439	1	T 396	122	40	40	P 399	126	42	42	
1440	1	T 398	121	40	40	P 399	126	42	42	
1441	1	T 400	120	40	40	P 399	126	42	42	
1442	1	T 402	119	40	40	P 399	126	42	42	
1443	1	T 404	118	40	40	P 399	105	42	63	
1444	1	T 406	117	40	40	P 399	105	42	63	
1445	0	T 408	116	40	40	
1446	0	T 410	115	40	40	
1447	0	T 412	114	40	40	
1448	1	T 414	113	40	40	P 420	105	42	42	
1449	1	T 416	112	40	40	P 420	105	42	63	
1450	1	T 418	111	40	40	P 420	105	42	42	
1451	1	T 420	110	40	40	P 420	105	42	42	
1452	1	T 422	109	40	40	P 420	105	42	42	
1453	1	T 424	108	40	40	P 420	105	42	42	
1454	1	T 426	107	40	40	P 420	105	42	42	
1455	1	T 428	106	40	40	P 420	105	42	42	
1456	1	T 430	105	40	40	P 399	105	84	42	
1457	1	T 432	104	40	40	P 441	105	42	42	
1458	1	T 434	103	40	40	P 420	105	63	42	
1459	1	T 436	102	40	40	P 420	105	63	42	
1460	1	T 438	101	40	40	P 441	84	42	63	
1461	1	T 440	100	40	40	P 441	105	42	42	
1462	1	T 442	99	40	40	P 441	105	42	42	
1463	1	T 444	98	40	40	P 441	105	42	42	
1464	1	T 446	97	40	40	P 441	84	42	63	
1465	1	T 448	96	40	40	P 441	84	42	63	
1466	0	T 450	95	40	40	
1467	0	T 452	94	40	40	
1468	0	T 454	93	40	40	
1469	1	T 456	92	40	40	P 462	84	42	63	
1470	1	T 458	91	40	40	P 462	84	42	42	
1471	1	T 460	90	40	40	P 462	84	42	42	
1472	1	T 462	89	40	40	P 462	84	42	42	
1473	1	T 464	88	40	40	P 462	84	63	42	
1474	1	T 466	87	40	40	P 462	84	63	42	
1475	1	T 468	86	40	40	P 462	84	42	42	
1476	1	T 470	85	40	40	P 462	84	42	42	
1477	0	T 472	84	40	40	
1478	0	T 474	83	40	40	
1479	1	T 476	82	40	40	P 483	84	42	42	
1480	1	T 478	81	40	40	P 483	84	42	42	
1481	1	T 480	80	40	40	P 462	63	63	63	
1482	1	T 482	79	40	40	P 483	63	42	63	
1483	1	T 484	78	40	40	P 483	84	42	42	
1484	1	T 486	77	40	40	P 483	63	42	63	
1485	1	T 488	76	40	40	P 483	63	42	63	
1486	1	T 490	75	40	40	P 483	63	42	63	
1487	0	T 492	74	40	40	
1488	0	T 494	73	40	40	
1489	0	T 496	72	40	40	
1490	1	T 498	71	40	40	P 504	63	42	42	
1491	1	T 500	70	40	40	P 504	63	42	63	
1492	1	T 502	69	40	40	P 504	63	42	63	
1493	1	T 504	68	40	40	P 504	63	42	42	
1494	1	T 506	67	40	40	P 483	63	63	63	
1495	1	T 508	66	40	40	P 504	63	63	42	
1496	1	T 510	65	40	40	P 504	63	42	42	
1497	1	T 512	64	40	40	P 504	63	63	42	
1498	0	T 514	63	40	40	
1499	0	T 516	62	40	40	
1500	1	T 518	61	40	40	P 504	63	63	42	
1501	1	T 520	60	40	40	P 504	42	63	63	
1502	1	T 522	59	40	40	P 525	42	42	63	
1503	1	T 524	58	40	40	P 525	63	42	42	
1504	1	T 526	57	40	40	P 525	63	42	42	
1505	1	T 528	56	40	40	P 525	63	42	42	
1506	1	T 530	55	40	40	P 525	42	42	63	
1507	1	T 532	54	40	40	P 525	42	42	63	
1508	0	T 534	53	40	40	
1509	0	T 536	52	40	40	
1510	0	T 538	51	40	40	
1511	1	T 540	50	40	40	P 546	42	42	42	
1512	1	T 542	49	40	40	P 546	21	42	84	
1513	1	T 544	48	40	40	P 546	42	42	42	
1514	1	T 546	47	40	40	P 546	42	42	42	
1515	1	T 548	46	40	40	P 546	42	42	42	
1516	1	T 550	45	40	40	P 546	42	63	63	
1517	1	T 552	44	40	40	P 546	42	42	42	
1518	1	T 554	43	40	40	P 546	42	42	42	
1519	1	T 556	42	40	40	P 546	42	42	42	
1520	1	T 558	41	40	40	P 567	42	42	42	
1521	1	T 560	40	40	40	P 546	42	63	42	
1522	1	T 562	39	40	40	P 567	42	42	42	
1523	1	T 564	38	40	40	P 567	42	42	42	
1524	1	T 566	37	40	40	P 567	21	42	63	
1525	1	T 568	36	40	40	P 567	42	42	42	
1526	1	T 570	35	40	40	P 567	21	42	63	
1527	1	T 572	34	40	40	P 567	21	42	63	
1528	1	T 574	33	40	40	P 567	21	42	63	
1529	0	T 576	32	40	40	
1530	1	T 578	31	40	40	P 588	0	42	63	
1531	0	T 580	30	40	40	
1532	1	T 582	29	40	40	P 588	21	42	42	
1533	1	T 584	28	40	40	P 588	21	42	63	
1534	1	T 586	27	40	40	P 588	21	42	42	
1535	1	T 588	26	40	40	P 588	21	42	42	
1536	1	T 590	25	40	40	P 588	21	63	42	
1537	1	T 592	24	40	40	P 588	21	42	42	
1538	1	T 594	23	40	40	P 588	21	42	42	
1539	1	T 596	22	40	40	P 588	21	42	42	
1540	0	T 598	21	40	40	
1541	1	T 600	20	40	40	P 609	21	42	42	
1542	1	T 602	21	40	40	P 609	21	42	42	
1543	1	T 604	22	40	40	P 609	21	42	42	
1544	1	T 606	23	40	40	P 609	21	42	42	
1545	1	T 608	24	40	40	P 609	21	42	42	
1546	1	T 610	25	40	40	P 588	21	63	42	
1547	1	T 612	26	40	40	P 609	21	42	42	
1548	1	T 614	27	40	40	P 609	21	42	42	
1549	1	T 616	28	40	40	P 609	21	42	42	
1550	0	T 618	29	40	40	
1551	0	T 620	30	40	40	
1552	0	T 622	31	40	40	
1553	0	T 624	32	40	40	
1554	1	T 626	33	40	40	P 630	21	42	63	
1555	1	T 628	34	40	40	P 630	21	42	63	
1556	1	T 630	35	40	40	P 630	21	42	63	
1557	1	T 632	36	40	40	P 630	42	42	42	
1558	1	T 634	37	40	40	P 630	21	42	63	
1559	1	T 636	38	40	40	P 630	42	42	42	
1560	1	T 638	39	40	40	P 630	42	63	42	
1561	1	T 640	40	40	40	P 630	42	63	42	
1562	1	T 642	41	40	40	P 651	42	42	42	
1563	1	T 644	42	40	40	P 630	42	63	42	
1564	1	T 646	43	40	40	P 651	42	42	42	
1565	1	T 648	44	40	40	P 651	42	42	42	
1566	1	T 650	45	40	40	P 651	42	42	42	
1567	1	T 652	46	40	40	P 651	42	42	42	
1568	1	T 654	47	40	40	P 651	42	42	42	
1569	1	T 656	48	40	40	P 651	42	42	42	
1570	1	T 658	49	40	40	P 651	42	42	42	
1571	0	T 660	50	40	40	
1572	1	T 658	51	40	40	P 651	42	42	63	
1573	1	T 656	52	40	40	P 651	42	42	63	
1574	1	T 654	53	40	40	P 651	42	42	42	
1575	0	T 652	54	40	40	
1576	1	T 650	55	40	40	P 651	63	42	42	
1577	1	T 648	56	40	40	P 651	42	42	63	
1578	1	T 646	57	40	40	P 651	42	42	63	
1579	1	T 644	58	40	40	P 651	63	42	42	
1580	1	T 642	59	40	40	P 630	63	63	42	
1581	1	T 640	60	40	40	P 630	63	63	42	
1582	1	T 638	61	40	40	P 630	63	42	42	
1583	1	T 636	62	40	40	P 609	63	63	42	
1584	1	T 634	63	40	40	P 630	63	42	42	
1585	1	T 632	64	40	40	P 630	63	42	42	
1586	1	T 630	65	40	40	P 630	63	42	42	
1587	1	T 628	66	40	40	P 630	63	42	42	
1588	1	T 626	67	40	40	P 630	63	42	42	
1589	1	T 624	68	40	40	P 609	63	63	42	
1590	1	T 622	69	40	40	P 630	63	42	42	
1591	1	T 620	70	40	40	P 630	63	42	42	
1592	1	T 618	71	40	40	P 609	63	42	42	
1593	1	T 616	72	40	40	P 609	63	63	42	
1594	1	T 614	73	40	40	P 609	63	42	63	
1595	1	T 612	74	40	40	P 609	63	42	63	
1596	0	T 610	75	40	40	
1597	1	T 608	76	40	40	P 609	84	42	42	
1598	1	T 606	77	40	40	P 609	63	42	63	
1599	1	T 604	78	40	40	P 609	63	42	63	
1600	1	T 602	79	40	40	P 588	84	63	42	
1601	1	T 600	80	40	40	P 588	84	63	42	
1602	1	T 598	81	40	40	P 588	84	63	42	
1603	1	T 596	82	40	40	P 588	84	42	42	
1604	1	T 594	83	40	40	P 588	84	42	42	
1605	1	T 592	84	40	40	P 588	84	42	42	
1606	1	T 590	85	40	40	P 588	84	42	42	
1607	1	T 588	86	40	40	P 567	84	63	42	
1608	1	T 586	87	40	40	P 588	84	42	42	
1609	1	T 584	88	40	40	P 567	84	63	63	
1610	1	T 582	89	40	40	P 567	84	63	42	
1611	1	T 580	90	40	40	P 588	84	42	42	
1612	1	T 578	91	40	40	P 588	84	42	42	
1613	1	T 576	92	40	40	P 567	84	42	42	
1614	1	T 574	93	40	40	P 567	84	42	42	
1615	1	T 572	94	40	40	P 567	84	42	42	
1616	1	T 570	95	40	40	P 567	84	42	63	
1617	0	T 568	96	40	40	
1618	1	T 566	97	40	40	P 567	84	42	63	
1619	1	T 564	98	40	40	P 567	84	42	63	
1620	1	T 562	99	40	40	P 567	105	42	42	
1621	1	T 560	100	40	40	P 567	105	42	42	
1622	1	T 558	101	40	40	P 546	105	63	42	
1623	1	T 556	102	40	40	P 546	105	63	42	
1624	1	T 554	103	40	40	P 546	105	42	42	
1625	1	T 552	104	40	40	P 546	105	42	42	
1626	1	T 550	105	40	40	P 546	105	42	42	
1627	1	T 548	106	40	40	P 546	105	42	42	
1628	1	T 546	107	40	40	P 525	105	63	42	
1629	1	T 544	108	40	40	P 525	105	63	42	
1630	1	T 542	109	40	40	P 525	105	63	42	
1631	1	T 540	110	40	40	P 525	105	63	42	
1632	1	T 538	111	40	40	P 546	105	42	42	
1633	0	T 536	112	40	40	
1634	0	T 534	113	40	40	
1635	1	T 532	114	40	40	P 525	105	42	42	
1636	1	T 530	115	40	40	P 525	105	42	63	
1637	1	T 528	116	40	40	P 525	105	42	63	
1638	0	T 526	117	40	40	
1639	1	T 524	118	40	40	P 525	126	42	42	
1640	1	T 522	119	40	40	P 525	105	42	63	
1641	1	T 520	120	40	40	P 525	126	42	42	
1642	1	T 518	121	40	40	P 525	126	42	42	
1643	1	T 516	122	40	40	P 504	126	63	42	
1644	1	T 514	123	40	40	P 504	105	63	63	
1645	1	T 512	124	40	40	P 504	126	63	42	
1646	1	T 510	125	40	40	P 504	126	42	42	
1647	1	T 508	126	40	40	P 504	126	42	42	
1648	1	T 506	127	40	40	P 504	126	42	42	
1649	1	T 504	128	40	40	P 483	126	63	42	
1650	1	T 502	129	40	40	P 483	126	63	42	
1651	1	T 500	130	40	40	P 504	126	42	42	
1652	1	T 498	131	40	40	P 504	126	42	42	
1653	1	T 496	132	40	40	P 483	126	63	42	
1654	0	T 494	133	40	40	
1655	0	T 492	134	40	40	
1656	1	T 490	135	40	40	P 483	126	42	63	
1657	1	T 488	136	40	40	P 483	126	42	63	
1658	1	T 486	137	40	40	P 483	147	42	42	
1659	0	T 484	138	40	40	
1660	1	T 482	139	40	40	P 483	147	42	42	
1661	1	T 480	140	40	40	P 483	147	42	42	
1662	1	T 478	141	40	40	P 483	126	42	63	
1663	1	T 476	142	40	40	P 483	147	42	42	
1664	1	T 474	143	40	40	P 462	147	63	42	
1665	1	T 472	144	40	40	P 462	147	63	42	
1666	1	T 470	145	40	40	P 462	147	63	42	
1667	1	T 468	146	40	40	P 462	147	42	42	
1668	1	T 466	147	40	40	P 462	147	42	42	
1669	1	T 464	148	40	40	P 462	147	42	42	
1670	1	T 462	149	40	40	P 462	147	42	42	
1671	1	T 460	150	40	40	P 462	147	42	42	
1672	1	T 458	151	40	40	P 441	126	63	63	
1673	1	T 456	152	40	40	P 441	147	63	42	
1674	1	T 454	153	40	40	P 441	147	63	42	
1675	1	T 452	154	40	40	P 462	147	42	42	
1676	1	T 450	155	40	40	P 441	147	42	42	
1677	1	T 448	156	40	40	P 441	147	42	42	
1678	1	T 446	157	40	40	P 441	147	42	63	
1679	1	T 444	158	40	40	P 441	147	42	63	
1680	0	T 442	159	40	40	
1681	1	T 440	160	40	40	P 441	168	42	42	
1682	1	T 438	161	40	40	P 441	147	42	63	
1683	1	T 436	162	40	40	P 441	147	42	63	
1684	1	T 434	163	40	40	P 441	168	42	42	
1685	1	T 432	164	40	40	P 420	168	63	42	
1686	1	T 430	165	40	40	P 420	168	63	42	
1687	1	T 428	166	40	40	P 420	168	63	42	
1688	1	T 426	167	40	40	P 420	168	42	42	
1689	1	T 424	168	40	40	P 420	168	42	42	
1690	1	T 422	169	40	40	P 420	168	42	42	
1691	1	T 420	170	40	40	P 420	168	42	42	
1692	1	T 418	171	40	40	P 420	168	42	42	
1693	1	T 416	172	40	40	P 399	168	63	42	
1694	1	T 414	173	40	40	P 420	168	42	42	
1695	1	T 412	174	40	40	P 399	168	63	42	
1696	1	T 410	175	40	40	P 420	168	42	42	
1697	1	T 408	176	40	40	P 399	168	42	42	
1698	1	T 406	177	40	40	P 399	168	42	42	
1699	1	T 404	178	40	40	P 399	168	42	63	
1700	1	T 402	179	40	40	P 399	168	42	63	
1701	1	T 400	180	40	40	P 399	168	42	42	
1702	1	T 398	181	40	40	P 399	189	42	42	
1703	1	T 396	182	40	40	P 399	168	42	63	
1704	1	T 394	183	40	40	P 399	189	42	42	
1705	1	T 392	184	40	40	P 399	189	42	42	
1706	1	T 390	185	40	40	P 378	189	63	42	
1707	1	T 388	186	40	40	P 378	189	63	42	
1708	1	T 386	187	40	40	P 378	189	42	42	
1709	1	T 384	188	40	40	P 378	168	63	63	
1710	1	T 382	189	40	40	P 378	168	42	63	
1711	1	T 380	190	40	40	P 378	189	42	42	
1712	1	T 378	191	40	40	P 378	189	42	63	
1713	1	T 376	192	40	40	P 378	168	42	63	
1714	1	T 374	193	40	40	P 378	189	42	42	
1715	1	T 372	194	40	40	P 378	189	42	42	
1716	1	T 370	195	40	40	P 357	189	63	42	
1717	1	T 368	196	40	40	P 357	189	63	42	
1718	1	T 366	197	40	40	P 357	189	42	42	
1719	1	T 364	198	40	40	P 357	189	42	42	
1720	1	T 362	199	40	40	P 357	189	42	63	
1721	1	T 360	200	40	40	P 357	189	42	63	
1722	0	T 358	201	40	40	
1723	1	T 356	202	40	40	P 357	210	42	42	
1724	1	T 354	203	40	40	P 357	210	42	42	
1725	1	T 352	204	40	40	P 357	210	42	42	
1726	1	T 350	205	40	40	P 336	210	63	42	
1727	1	T 348	206	40	40	P 336	210	63	42	
1728	1	T 346	207	40	40	P 336	210	63	42	
1729	1	T 344	208	40	40	P 336	210	42	42	
1730	1	T 342	209	40	40	P 336	189	63	63	
1731	1	T 340	210	40	40	P 336	210	42	42	
1732	1	T 338	211	40	40	P 336	210	42	42	
1733	1	T 336	212	40	40	P 336	210	42	63	
1734	1	T 334	213	40	40	P 336	210	42	42	
1735	1	T 332	214	40	40	P 315	210	63	63	
1736	1	T 330	215	40	40	P 315	210	63	42	
1737	1	T 328	216	40	40	P 336	210	42	42	
1738	1	T 326	217	40	40	P 315	210	63	42	
1739	1	T 324	218	40	40	P 315	210	42	42	
1740	0	T 322	219	40	40	
1741	1	T 320	220	40	40	P 315	210	42	63	
1742	1	T 318	221	40	40	P 315	210	42	63	
1743	0	T 316	222	40	40	
1744	1	T 314	223	40	40	P 315	231	42	42	
1745	1	T 312	224	40	40	P 315	231	42	42	
1746	1	T 310	225	40	40	P 315	210	42	63	
1747	1	T 308	226	40	40	P 315	231	42	42	
1748	1	T 306	227	40	40	P 294	231	63	42	
1749	1	T 304	228	40	40	P 294	231	63	42	
1750	1	T 302	229	40	40	P 294	231	63	42	
1751	1	T 300	230	40	40	P 294	231	42	42	
1752	1	T 298	231	40	40	P 294	231	63	42	
1753	1	T 296	232	40	40	P 294	231	42	42	
1754	1	T 294	233	40	40	P 294	231	42	63	
1755	1	T 292	234	40	40	P 294	231	42	42	
1756	1	T 290	235	40	40	P 294	231	42	42	
1757	1	T 288	236	40	40	P 273	231	63	42	
1758	1	T 286	237	40	40	P 273	231	63	42	
1759	1	T 284	238	40	40	P 273	231	63	42	
1760	0	T 282	239	40	40	
1761	1	T 280	240	40	40	P 273	231	42	42	
1762	1	T 278	241	40	40	P 273	231	42	63	
1763	1	T 276	242	40	40	P 273	231	42	42	
1764	1	T 274	243	40	40	P 273	252	42	42	
1765	1	T 272	244	40	40	P 273	252	42	42	
1766	1	T 270	245	40	40	P 273	231	42	63	
1767	1	T 268	246	40	40	P 273	231	42	63	
1768	1	T 266	247	40	40	P 273	252	42	42	
1769	1	T 264	248	40	40	P 252	252	63	42	
1770	1	T 262	249	40	40	P 252	252	63	42	
1771	1	T 260	250	40	40	P 252	252	63	42	
1772	1	T 258	251	40	40	P 252	252	42	42	
1773	1	T 256	252	40	40	P 252	252	63	42	
1774	1	T 254	253	40	40	P 231	252	63	42	
1775	1	T 252	254	40	40	P 231	252	63	42	
1776	1	T 250	255	40	40	P 252	252	42	42	
1777	1	T 248	256	40	40	P 231	252	63	42	
1778	1	T 246	257	40	40	P 252	252	42	42	
1779	1	T 244	258	40	40	P 231	252	63	42	
1780	1	T 242	259	40	40	P 231	252	42	42	
1781	1	T 240	260	40	40	P 231	252	42	42	
1782	1	T 238	261	40	40	P 231	252	42	63	
1783	1	T 236	262	40	40	P 231	252	42	63	
1784	1	T 234	263	40	40	P 231	252	42	63	
1785	0	T 232	264	40	40	
1786	1	T 230	265	40	40	P 231	273	42	42	
1787	1	T 228	266	40	40	P 231	252	42	63	
1788	1	T 226	267	40	40	P 231	273	42	42	
1789	1	T 224	268	40	40	P 231	273	42	42	
1790	1	T 222	269	40	40	P 210	273	63	42	
1791	1	T 220	270	40	40	P 210	273	63	42	
1792	1	T 218	271	40	40	P 210	273	63	42	
1793	1	T 216	272	40	40	P 189	252	63	63	
1794	1	T 214	273	40	40	P 210	252	42	63	
1795	1	T 212	274	40	40	P 210	273	42	42	
1796	1	T 210	275	40	40	P 210	273	42	42	
1797	1	T 208	276	40	40	P 210	273	42	63	
1798	1	T 206	277	40	40	P 210	273	42	42	
1799	1	T 204	278	40	40	P 210	273	42	42	
1800	1	T 202	279	40	40	P 210	273	42	42	
1801	0	T 200	280	40	40	
1802	1	T 198	281	40	40	P 189	273	42	42	
1803	1	T 196	282	40	40	P 189	273	42	42	
1804	1	T 194	283	40	40	P 189	252	42	84	
1805	1	T 192	284	40	40	P 189	273	42	63	
1806	0	T 190	285	40	40	
1807	1	T 188	286	40	40	P 189	273	42	63	
1808	1	T 186	287	40	40	P 189	273	42	63	
1809	1	T 184	288	40	40	P 189	294	42	42	
1810	1	T 182	289	40	40	P 168	294	63	42	
1811	1	T 180	290	40	40	P 168	294	63	42	
1812	1	T 178	291	40	40	P 168	294	63	42	
1813	1	T 176	292	40	40	P 168	294	63	42	
1814	1	T 174	293	40	40	P 168	294	42	42	
1815	1	T 172	294	40	40	P 168	294	42	42	
1816	1	T 170	295	40	40	P 168	294	42	42	
1817	1	T 168	296	40	40	P 168	294	42	42	
1818	1	T 166	297	40	40	P 168	294	42	42	
1819	1	T 164	298	40	40	P 168	294	42	42	
1820	1	T 162	299	40	40	P 168	294	42	42	
1821	1	T 160	300	40	40	P 168	294	42	42	
1822	1	T 158	301	40	40	P 147	294	63	42	
1823	0	T 156	302	40	40	
1824	1	T 154	303	40	40	P 147	294	42	42	
1825	1	T 152	304	40	40	P 147	294	42	63	
1826	1	T 150	305	40	40	P 147	294	42	63	
1827	0	T 148	306	40	40	
1828	1	T 146	307	40	40	P 147	315	42	42	
1829	1	T 144	308	40	40	P 126	294	63	63	
1830	1	T 142	309	40	40	P 147	315	42	42	
1831	1	T 140	310	40	40	P 147	315	42	63	
1832	1	T 138	311	40	40	P 147	315	42	42	
1833	1	T 136	312	40	40	P 126	315	63	42	
1834	1	T 134	313	40	40	P 126	315	42	42	
1835	1	T 132	314	40	40	P 126	315	63	63	
1836	1	T 130	315	40	40	P 126	315	42	42	
1837	1	T 128	316	40	40	P 126	315	42	42	
1838	1	T 126	317	40	40	P 126	315	42	42	
1839	1	T 124	318	40	40	P 105	315	63	63	
1840	1	T 122	319	40	40	P 126	315	42	42	
1841	1	T 120	320	40	40	P 105	315	63	42	
1842	1	T 118	321	40	40	P 105	315	63	42	
1843	1	T 116	322	40	40	P 105	315	42	42	
1844	1	T 114	323	40	40	P 105	315	42	42	
1845	1	T 112	324	40	40	P 105	315	42	42	
1846	1	T 110	325	40	40	P 105	315	42	63	
1847	1	T 108	326	40	40	P 105	315	42	63	
1848	0	T 106	327	40	40	
1849	1	T 104	328	40	40	P 105	336	42	42	
1850	1	T 102	329	40	40	P 105	315	42	63	
1851	1	T 100	330	40	40	P 105	315	42	63	
1852	1	T 98	331	40	40	P 105	336	42	42	
1853	1	T 96	332	40	40	P 84	336	63	42	
1854	1	T 94	333	40	40	P 84	336	63	42	
1855	1	T 92	334	40	40	P 84	336	63	42	
1856	1	T 90	335	40	40	P 84	336	42	42	
1857	1	T 88	336	40	40	P 84	336	42	42	
1858	1	T 86	337	40	40	P 84	336	42	42	
1859	1	T 84	338	40	40	P 84	336	42	42	
1860	1	T 82	339	40	40	P 84	336	42	63	
1861	1	T 80	340	40	40	P 84	336	42	42	
1862	1	T 78	341	40	40	P 84	336	42	42	
1863	1	T 76	342	40	40	P 63	336	63	42	
1864	1	T 74	343	40	40	P 84	336	42	42	
1865	0	T 72	344	40	40	
1866	1	T 70	345	40	40	P 63	336	42	42	
1867	1	T 68	346	40	40	P 63	336	42	63	
1868	1	T 66	347	40	40	P 63	336	42	63	
1869	0	T 64	348	40	40	
1870	1	T 62	349	40	40	P 63	357	42	42	
1871	1	T 60	350	40	40	P 42	336	63	63	
1872	1	T 58	351	40	40	P 63	357	42	42	
1873	1	T 56	352	40	40	P 63	357	42	42	
1874	1	T 54	353	40	40	P 42	357	63	42	
1875	1	T 52	354	40	40	P 42	357	63	42	
1876	1	T 50	355	40	40	P 42	357	42	42	
1877	1	T 48	356	40	40	P 42	357	42	42	
1878	1	T 46	357	40	40	P 42	336	42	63	
1879	1	T 44	358	40	40	P 42	357	42	42	
1880	1	T 42	359	40	40	P 42	357	42	42	
1881	1	T 40	360	40	40	P 42	357	42	42	
1882	1	T 38	361	40	40	P 42	357	42	63	
1883	1	T 36	362	40	40	P 42	357	42	42	
1884	1	T 34	363	40	40	P 21	357	63	42	
1885	1	T 32	364	40	40	P 21	357	42	42	
1886	0	T 30	365	40	40	
1887	1	T 28	366	40	40	P 21	357	42	42	
1888	1	T 26	367	40	40	P 21	357	42	63	
1889	1	T 24	368	40	40	P 21	357	42	63	
1890	0	T 22	369	40	40	
1891	1	T 20	370	40	40	P 21	378	42	42	
1892	1	T 22	371	40	40	P 21	378	42	42	
1893	1	T 24	372	40	40	P 0	378	63	42	
1894	1	T 26	373	40	40	P 21	378	42	42	
1895	1	T 28	374	40	40	P 21	378	63	42	
1896	1	T 30	375	40	40	P 21	378	63	42	
1897	1	T 32	376	40	40	P 21	378	63	42	
1898	1	T 34	377	40	40	P 42	378	42	42	
1899	1	T 36	378	40	40	P 42	378	42	42	
1900	1	T 38	379	40	40	P 42	378	42	42	
1901	1	T 40	380	40	40	P 42	378	42	42	
1902	1	T 42	381	40	40	P 42	378	42	42	
1903	1	T 44	382	40	40	P 42	378	42	42	
1904	1	T 46	383	40	40	P 42	378	42	42	
1905	1	T 48	384	40	40	P 42	378	42	42	
1906	1	T 50	385	40	40	P 42	378	42	42	
1907	1	T 52	386	40	40	P 63	378	42	42	
1908	0	T 54	387	40	40	
1909	0	T 56	388	40	40	
1910	1	T 58	389	40	40	P 63	378	42	63	
1911	1	T 60	390	40	40	P 63	378	42	63	
1912	1	T 62	391	40	40	P 63	378	42	63	
1913	1	T 64	392	40	40	P 63	399	42	42	
1914	1	T 66	393	40	40	P 63	378	42	63	
1915	1	T 68	394	40	40	P 63	399	63	42	
1916	1	T 70	395	40	40	P 63	399	63	42	
1917	1	T 72	396	40	40	P 63	399	63	42	
1918	1	T 74	397	40	40	P 63	399	63	42	
1919	1	T 76	398	40	40	P 63	399	63	42	
1920	1	T 78	399	40	40	P 84	399	42	42	
1921	1	T 80	400	40	40	P 84	378	42	63	
1922	1	T 82	401	40	40	P 84	399	42	42	
1923	1	T 84	402	40	40	P 84	399	42	42	
1924	1	T 86	403	40	40	P 84	399	42	42	
1925	1	T 88	404	40	40	P 84	399	42	63	
1926	1	T 90	405	40	40	P 84	399	42	42	
1927	1	T 92	406	40	40	P 84	399	42	42	
1928	0	T 94	407	40	40	
1929	0	T 96	408	40	40	
1930	0	T 98	409	40	40	
1931	1	T 100	410	40	40	P 105	399	42	63	
1932	1	T 102	411	40	40	P 105	399	42	63	
1933	1	T 104	412	40	40	P 105	420	42	42	
1934	1	T 106	413	40	40	P 105	420	42	42	
1935	1	T 108	414	40	40	P 105	420	42	42	
1936	1	T 110	415	40	40	P 105	399	42	63	
1937	1	T 112	416	40	40	P 105	420	42	42	
1938	1	T 114	417	40	40	P 105	420	63	42	
1939	1	T 116	418	40	40	P 105	420	63	42	
1940	1	T 118	419	40	40	P 105	420	63	42	
1941	1	T 120	420	40	40	P 126	420	42	42	
1942	1	T 122	419	40	40	P 126	420	42	42	
1943	1	T 124	418	40	40	P 126	399	42	63	
1944	1	T 126	417	40	40	P 126	420	42	42	
1945	1	T 128	416	40	40	P 126	420	42	42	
1946	1	T 130	415	40	40	P 126	399	42	63	
1947	1	T 132	414	40	40	P 126	420	42	42	
1948	1	T 134	413	40	40	P 126	420	42	42	
1949	0	T 136	412	40	40	
1950	0	T 138	411	40	40	
1951	0	T 140	410	40	40	
1952	1	T 142	409	40	40	P 147	399	42	42	
1953	1	T 144	408	40	40	P 147	399	42	63	
1954	1	T 146	407	40	40	P 147	399	42	42	
1955	1	T 148	406	40	40	P 147	399	42	42	
1956	1	T 150	405	40	40	P 147	399	42	42	
1957	1	T 152	404	40	40	P 147	399	42	63	
1958	1	T 154	403	40	40	P 147	399	63	42	
1959	1	T 156	402	40	40	P 147	399	63	42	
1960	1	T 158	401	40	40	P 147	399	42	42	
1961	1	T 160	400	40	40	P 168	399	42	42	
1962	1	T 162	399	40	40	P 168	399	42	42	
1963	1	T 164	398	40	40	P 147	378	63	63	
1964	1	T 166	397	40	40	P 168	399	42	42	
1965	1	T 168	396	40	40	P 168	399	42	42	
1966	1	T 170	395	40	40	P 168	399	42	42	
1967	1	T 172	394	40	40	P 168	399	63	42	
1968	1	T 174	393	40	40	P 168	378	63	63	
1969	1	T 176	392	40	40	P 168	399	42	42	
1970	0	T 178	391	40	40	
1971	0	T 180	390	40	40	
1972	1	T 182	389	40	40	P 189	378	42	42	
1973	1	T 184	388	40	40	P 189	378	42	63	
1974	1	T 186	387	40	40	P 189	378	42	42	
1975	1	T 188	386	40	40	P 189	378	42	42	
1976	1	T 190	385	40	40	P 189	378	42	42	
1977	1	T 192	384	40	40	P 189	378	42	42	
1978	1	T 194	383	40	40	P 189	378	63	42	
1979	1	T 196	382	40	40	P 189	378	42	42	
1980	1	T 198	381	40	40	P 189	378	63	42	
1981	1	T 200	380	40	40	P 210	378	42	42	
1982	1	T 202	379	40	40	P 210	378	42	42	
1983	1	T 204	378	40	40	P 210	378	42	42	
1984	1	T 206	377	40	40	P 210	378	42	42	
1985	1	T 208	376	40	40	P 210	378	42	42	
1986	1	T 210	375	40	40	P 210	378	42	42	
1987	1	T 212	374	40	40	P 210	378	42	42	
1988	1	T 214	373	40	40	P 210	378	42	42	
1989	1	T 216	372	40	40	P 210	378	42	42	
1990	1	T 218	371	40	40	P 210	378	42	42	
1991	0	T 220	370	40	40	
1992	0	T 222	369	40	40	
1993	0	T 224	368	40	40	
1994	1	T 226	367	40	40	P 231	357	42	42	
1995	1	T 228	366	40	40	P 231	357	42	63	
1996	1	T 230	365	40	40	P 231	357	42	42	
1997	1	T 232	364	40	40	P 231	357	42	42	
1998	1	T 234	363	40	40	P 231	357	42	42	
1999	1	T 236	362	40	40	P 231	357	42	42	
2000	1	T 238	361	40	40	P 231	357	63	42	
