1	1	T 80	80	40	40	P 66	66	66	66	
2	2	T 82	81	40	40	P 72	102	54	36	P 108	72	24	24	
3	1	T 84	82	40	40	P 72	66	66	66	
4	1	T 86	83	40	40	P 72	72	72	66	
5	1	T 88	84	40	40	P 78	72	66	66	
6	1	T 90	85	40	40	P 78	72	66	66	
7	1	T 92	86	40	40	P 78	72	66	66	
8	1	T 94	87	40	40	P 84	78	60	60	
9	1	T 96	88	40	40	P 84	72	66	66	
10	1	T 98	89	40	40	P 84	78	66	66	
11	1	T 100	90	40	40	P 84	78	72	60	
12	1	T 102	91	40	40	P 90	78	66	60	
13	1	T 104	92	40	40	P 90	78	66	66	
14	1	T 106	93	40	40	P 90	78	72	66	
15	1	T 108	94	40	40	P 96	78	66	72	
16	1	T 110	95	40	40	P 96	78	66	72	
17	1	T 112	96	40	40	P 102	90	60	60	
18	1	T 114	97	40	40	P 102	90	66	60	
19	1	T 116	98	40	40	P 102	84	66	66	
20	1	T 118	99	40	40	P 102	84	66	66	
21	1	T 120	100	40	40	P 108	84	60	72	
22	1	T 122	101	40	40	P 108	90	60	60	
23	1	T 124	102	40	40	P 114	96	60	54	
24	1	T 126	103	40	40	P 114	90	66	66	
25	1	T 128	104	40	40	P 120	90	60	66	
26	1	T 130	105	40	40	P 120	90	66	72	
27	1	T 132	106	40	40	P 120	96	66	60	
28	1	T 134	107	40	40	P 120	90	66	72	
29	1	T 136	108	40	40	P 138	102	54	48	
30	1	T 138	109	40	40	P 126	96	66	66	
31	1	T 140	110	40	40	P 126	96	72	66	
32	1	T 142	111	40	40	P 126	96	72	66	
33	1	T 144	112	40	40	P 132	96	66	72	
34	1	T 146	113	40	40	P 132	96	66	72	
35	1	T 148	114	40	40	P 132	102	72	66	
36	1	T 150	115	40	40	P 138	114	60	54	
37	1	T 152	116	40	40	P 138	102	66	66	
38	1	T 154	117	40	40	P 138	108	72	66	
39	1	T 156	118	40	40	P 144	108	66	48	
40	1	T 158	119	40	40	P 144	108	72	60	
41	1	T 160	120	40	40	P 144	108	60	66	
42	1	T 162	121	40	40	P 150	108	66	60	
43	1	T 164	122	40	40	P 156	108	66	60	
44	1	T 166	123	40	40	P 156	120	66	54	
45	1	T 168	124	40	40	P 156	108	66	72	
46	1	T 170	125	40	40	P 156	114	66	66	
47	1	T 172	126	40	40	P 162	114	60	30	
48	1	T 174	127	40	40	P 162	114	66	60	
49	1	T 176	128	40	40	P 162	114	72	60	
50	1	T 178	129	40	40	P 162	114	66	66	
51	1	T 180	130	40	40	P 168	114	66	72	
52	1	T 182	131	40	40	P 168	120	66	66	
53	1	T 184	132	40	40	P 168	126	72	60	
54	1	T 186	133	40	40	P 174	120	66	66	
55	1	T 188	134	40	40	P 180	120	60	60	
56	1	T 190	135	40	40	P 180	120	66	66	
57	1	T 192	136	40	40	P 180	120	66	72	
58	1	T 194	137	40	40	P 180	126	66	66	
59	1	T 196	138	40	40	P 180	126	72	66	
60	1	T 198	139	40	40	P 186	126	66	60	
61	1	T 200	140	40	40	P 186	126	66	60	
62	1	T 202	141	40	40	P 186	132	72	66	
63	2	T 204	142	40	40	P 192	132	24	60	P 228	132	30	60	
64	1	T 206	143	40	40	P 192	132	66	66	
65	1	T 208	144	40	40	P 192	132	72	60	
66	1	T 210	145	40	40	P 198	132	66	66	
67	1	T 212	146	40	40	P 198	132	66	66	
68	1	T 214	147	40	40	P 216	132	54	66	
69	1	T 216	148	40	40	P 204	132	66	72	
70	1	T 218	149	40	40	P 204	132	66	72	
71	1	T 220	150	40	40	P 204	138	72	66	
72	1	T 222	151	40	40	P 210	138	66	66	
73	1	T 224	152	40	40	P 216	138	66	66	
74	1	T 226	153	40	40	P 210	138	72	72	
75	1	T 228	154	40	40	P 216	144	66	66	
76	1	T 230	155	40	40	P 216	144	66	66	
77	1	T 232	156	40	40	P 222	144	60	66	
78	1	T 234	157	40	40	P 222	144	66	60	
79	1	T 236	158	40	40	P 222	150	60	60	
80	1	T 238	159	40	40	P 234	144	54	66	
81	1	T 240	160	40	40	P 228	144	66	72	
82	1	T 242	161	40	40	P 234	144	60	72	
83	1	T 244	162	40	40	P 234	150	60	60	
84	1	T 246	163	40	40	P 234	150	66	66	
85	1	T 248	164	40	40	P 234	150	66	66	
86	1	T 250	165	40	40	P 240	150	66	66	
87	1	T 252	166	40	40	P 240	150	66	66	
88	1	T 254	167	40	40	P 246	162	66	54	
89	1	T 256	168	40	40	P 246	156	60	66	
90	1	T 258	169	40	40	P 246	156	66	60	
91	1	T 260	170	40	40	P 246	156	72	60	
92	1	T 262	171	40	40	P 252	162	60	66	
93	1	T 264	172	40	40	P 252	162	66	66	
94	1	T 266	173	40	40	P 258	156	60	72	
95	1	T 268	174	40	40	P 258	162	66	60	
96	1	T 270	175	40	40	P 258	168	66	60	
97	1	T 272	176	40	40	P 264	162	66	66	
98	1	T 274	177	40	40	P 264	162	66	66	
99	1	T 276	178	40	40	P 270	168	60	60	
100	1	T 278	179	40	40	P 270	168	60	60	
101	1	T 280	180	40	40	P 270	168	66	66	
102	1	T 282	181	40	40	P 270	168	66	66	
103	1	T 284	182	40	40	P 270	168	66	66	
104	1	T 286	183	40	40	P 276	168	66	72	
105	1	T 288	184	40	40	P 276	174	66	66	
106	1	T 290	185	40	40	P 276	174	72	66	
107	1	T 292	186	40	40	P 282	180	66	60	
108	1	T 294	187	40	40	P 282	174	66	66	
109	1	T 296	188	40	40	P 282	174	72	66	
110	1	T 298	189	40	40	P 288	174	66	60	
111	1	T 300	190	40	40	P 288	180	66	66	
112	1	T 302	191	40	40	P 288	180	66	66	
113	1	T 304	192	40	40	P 294	180	66	66	
114	1	T 306	193	40	40	P 294	180	60	60	
115	1	T 308	194	40	40	P 300	180	60	66	
116	1	T 310	195	40	40	P 300	180	66	72	
117	1	T 312	196	40	40	P 300	186	60	66	
118	1	T 314	197	40	40	P 300	180	66	66	
119	2	T 316	198	40	40	P 306	186	48	30	P 306	222	60	30	
120	1	T 318	199	40	40	P 312	186	54	66	
121	1	T 320	200	40	40	P 306	186	66	66	
122	1	T 322	201	40	40	P 306	186	66	72	
123	1	T 324	202	40	40	P 312	192	60	66	
124	1	T 326	203	40	40	P 318	192	60	66	
125	1	T 328	204	40	40	P 312	192	72	60	
126	1	T 330	205	40	40	P 324	198	54	60	
127	1	T 332	206	40	40	P 324	192	60	60	
128	1	T 334	207	40	40	P 318	198	72	60	
129	1	T 336	208	40	40	P 330	198	60	60	
130	1	T 338	209	40	40	P 324	192	66	66	
131	1	T 340	210	40	40	P 324	198	72	66	
132	1	T 342	211	40	40	P 330	204	60	60	
133	1	T 344	212	40	40	P 336	198	60	66	
134	1	T 346	213	40	40	P 336	204	66	66	
135	1	T 348	214	40	40	P 336	204	66	66	
136	1	T 350	215	40	40	P 336	198	66	66	
137	1	T 352	216	40	40	P 336	204	72	66	
138	1	T 354	217	40	40	P 342	210	66	60	
139	1	T 356	218	40	40	P 342	210	66	54	
140	1	T 358	219	40	40	P 342	204	72	66	
141	1	T 360	220	40	40	P 354	204	54	66	
142	1	T 362	221	40	40	P 354	204	60	66	
143	1	T 364	222	40	40	P 354	210	60	66	
144	1	T 366	223	40	40	P 354	210	66	66	
145	1	T 368	224	40	40	P 354	210	66	72	
146	1	T 370	225	40	40	P 360	210	66	66	
147	1	T 372	226	40	40	P 360	210	66	72	
148	1	T 374	227	40	40	P 360	216	66	60	
149	1	T 376	228	40	40	P 366	216	66	60	
150	1	T 378	229	40	40	P 366	216	66	66	
151	1	T 380	230	40	40	P 366	216	66	66	
152	1	T 382	231	40	40	P 372	216	66	72	
153	1	T 384	232	40	40	P 372	222	60	66	
154	1	T 386	233	40	40	P 372	216	54	66	
155	1	T 388	234	40	40	P 372	222	72	66	
156	1	T 390	235	40	40	P 378	222	66	66	
157	1	T 392	236	40	40	P 378	228	66	54	
158	1	T 394	237	40	40	P 390	222	60	66	
159	1	T 396	238	40	40	P 384	222	66	72	
160	1	T 398	239	40	40	P 384	228	60	66	
161	1	T 400	240	40	40	P 390	228	66	66	
162	1	T 402	241	40	40	P 390	228	66	66	
163	1	T 404	242	40	40	P 390	228	66	66	
164	1	T 406	243	40	40	P 396	240	60	54	
165	1	T 408	244	40	40	P 396	234	66	66	
166	1	T 410	245	40	40	P 396	234	60	66	
167	1	T 412	246	40	40	P 402	234	66	66	
168	1	T 414	247	40	40	P 408	234	60	66	
169	1	T 416	248	40	40	P 402	234	66	66	
170	1	T 418	249	40	40	P 402	234	72	66	
171	1	T 420	250	40	40	P 408	240	66	48	
172	1	T 422	251	40	40	P 408	234	66	72	
173	1	T 424	252	40	40	P 414	240	66	66	
174	1	T 426	253	40	40	P 414	240	66	66	
175	1	T 428	254	40	40	P 414	246	66	66	
176	1	T 430	255	40	40	P 420	246	66	60	
177	1	T 432	256	40	40	P 426	246	60	66	
178	1	T 434	257	40	40	P 420	240	66	66	
179	1	T 436	258	40	40	P 420	246	72	60	
180	1	T 438	259	40	40	P 426	252	66	60	
181	1	T 440	260	40	40	P 432	246	54	66	
182	1	T 442	261	40	40	P 438	246	54	66	
183	1	T 444	262	40	40	P 432	246	66	72	
184	1	T 446	263	40	40	P 432	246	66	72	
185	1	T 448	264	40	40	P 432	252	72	66	
186	1	T 450	265	40	40	P 438	252	66	66	
187	1	T 452	266	40	40	P 438	252	66	66	
188	1	T 454	267	40	40	P 438	252	72	66	
189	1	T 456	268	40	40	P 444	252	60	60	
190	1	T 458	269	40	40	P 444	258	66	66	
191	1	T 460	270	40	40	P 450	258	66	66	
192	1	T 462	271	40	40	P 450	258	66	60	
193	1	T 464	272	40	40	P 450	258	72	72	
194	1	T 466	273	40	40	P 450	264	72	66	
195	1	T 468	274	40	40	P 456	264	66	54	
196	1	T 470	275	40	40	P 456	264	66	54	
197	1	T 472	276	40	40	P 462	264	60	66	
198	1	T 474	277	40	40	P 468	270	60	60	
199	1	T 476	278	40	40	P 462	264	72	60	
200	1	T 478	279	40	40	P 462	264	66	66	
201	1	T 480	280	40	40	P 468	270	60	66	
202	1	T 482	281	40	40	P 468	270	66	66	
203	1	T 484	282	40	40	P 474	270	66	66	
204	1	T 486	283	40	40	P 474	270	66	66	
205	1	T 488	284	40	40	P 474	276	66	60	
206	1	T 490	285	40	40	P 474	276	72	66	
207	1	T 492	286	40	40	P 480	276	66	66	
208	1	T 494	287	40	40	P 480	276	66	66	
209	1	T 496	288	40	40	P 480	276	72	60	
210	1	T 498	289	40	40	P 486	276	66	60	
211	1	T 500	290	40	40	P 486	276	66	66	
212	1	T 502	291	40	40	P 486	276	72	72	
213	1	T 504	292	40	40	P 492	276	66	72	
214	1	T 506	293	40	40	P 498	282	60	60	
215	1	T 508	294	40	40	P 498	282	66	66	
216	1	T 510	295	40	40	P 504	282	54	66	
217	1	T 512	296	40	40	P 498	282	72	66	
218	1	T 514	297	40	40	P 504	288	66	66	
219	1	T 516	298	40	40	P 504	282	60	66	
220	1	T 518	299	40	40	P 504	294	66	60	
221	1	T 520	300	40	40	P 510	288	66	66	
222	1	T 522	301	40	40	P 510	288	66	60	
223	1	T 524	302	40	40	P 510	294	66	60	
224	1	T 526	303	40	40	P 510	288	72	66	
225	1	T 528	304	40	40	P 516	294	60	66	
226	1	T 530	305	40	40	P 522	300	60	60	
227	1	T 532	306	40	40	P 516	294	72	60	
228	1	T 534	307	40	40	P 528	300	60	60	
229	1	T 536	308	40	40	P 522	294	66	66	
230	1	T 538	309	40	40	P 534	294	54	66	
231	1	T 540	310	40	40	P 528	294	66	60	
232	1	T 542	311	40	40	P 528	300	66	66	
233	1	T 544	312	40	40	P 534	300	66	60	
234	1	T 546	313	40	40	P 540	306	60	60	
235	1	T 548	314	40	40	P 540	306	66	54	
236	1	T 550	315	40	40	P 540	300	60	66	
237	1	T 552	316	40	40	P 546	300	60	72	
238	1	T 554	317	40	40	P 540	300	66	72	
239	1	T 556	318	40	40	P 546	306	60	60	
240	1	T 558	319	40	40	P 546	306	66	48	
241	1	T 560	320	40	40	P 546	306	66	54	
242	1	T 562	321	40	40	P 546	306	72	60	
243	1	T 564	322	40	40	P 558	306	54	72	
244	1	T 566	323	40	40	P 552	312	66	66	
245	1	T 568	324	40	40	P 552	312	72	60	
246	1	T 570	325	40	40	P 558	312	66	66	
247	1	T 572	326	40	40	P 564	312	60	66	
248	1	T 574	327	40	40	P 564	318	66	48	
249	1	T 576	328	40	40	P 564	318	66	66	
250	1	T 578	329	40	40	P 564	318	66	66	
251	1	T 580	330	40	40	P 564	324	72	60	
252	1	T 582	331	40	40	P 570	318	66	66	
253	1	T 584	332	40	40	P 570	318	66	66	
254	1	T 586	333	40	40	P 570	318	72	66	
255	1	T 588	334	40	40	P 576	324	66	66	
256	1	T 590	335	40	40	P 576	324	66	66	
257	1	T 592	336	40	40	P 582	324	66	66	
258	1	T 594	337	40	40	P 582	324	66	66	
259	1	T 596	338	40	40	P 582	324	66	54	
260	1	T 598	339	40	40	P 582	324	72	66	
261	1	T 600	340	40	40	P 588	324	60	72	
262	1	T 602	341	40	40	P 588	324	72	66	
263	1	T 604	342	40	40	P 588	330	66	66	
264	1	T 606	343	40	40	P 594	330	66	66	
265	1	T 608	344	40	40	P 600	336	60	60	
266	1	T 610	345	40	40	P 600	330	66	66	
267	1	T 612	346	40	40	P 606	336	60	66	
268	1	T 614	347	40	40	P 600	336	66	66	
269	1	T 616	348	40	40	P 606	336	66	66	
270	1	T 618	349	40	40	P 606	336	66	66	
271	1	T 620	350	40	40	P 606	336	66	66	
272	1	T 622	351	40	40	P 612	336	66	66	
273	1	T 624	352	40	40	P 612	342	66	66	
274	1	T 626	353	40	40	P 612	348	66	54	
275	1	T 628	354	40	40	P 618	342	66	60	
276	1	T 630	355	40	40	P 618	342	66	66	
277	1	T 632	356	40	40	P 618	342	72	42	
278	1	T 634	357	40	40	P 624	342	66	66	
279	1	T 636	358	40	40	P 624	348	66	60	
280	1	T 638	359	40	40	P 624	348	66	60	
281	1	T 640	360	40	40	P 624	354	66	60	
282	1	T 642	361	40	40	P 630	348	66	66	
283	1	T 644	362	40	40	P 630	354	66	60	
284	1	T 646	363	40	40	P 636	348	66	66	
285	1	T 648	364	40	40	P 636	354	60	42	
286	1	T 650	365	40	40	P 636	354	66	66	
287	1	T 652	366	40	40	P 636	354	72	66	
288	1	T 654	367	40	40	P 642	354	66	60	
289	1	T 656	368	40	40	P 642	354	66	66	
290	1	T 658	369	40	40	P 648	354	60	72	
291	1	T 660	370	40	40	P 648	354	66	66	
292	1	T 658	371	40	40	P 648	354	66	72	
293	1	T 656	372	40	40	P 642	360	66	66	
294	1	T 654	373	40	40	P 642	360	66	66	
295	1	T 652	374	40	40	P 636	360	72	66	
296	1	T 650	375	40	40	P 636	360	66	66	
297	1	T 648	376	40	40	P 636	360	66	72	
298	1	T 646	377	40	40	P 630	366	72	66	
299	1	T 644	378	40	40	P 630	366	66	66	
300	1	T 642	379	40	40	P 630	372	66	60	
301	1	T 640	380	40	40	P 624	366	72	66	
302	1	T 638	381	40	40	P 630	366	60	66	
303	1	T 636	382	40	40	P 624	366	66	66	
304	1	T 634	383	40	40	P 618	372	72	66	
305	1	T 632	384	40	40	P 618	372	66	60	
306	1	T 630	385	40	40	P 618	372	66	66	
307	1	T 628	386	40	40	P 612	372	72	66	
308	1	T 626	387	40	40	P 612	378	66	66	
309	1	T 624	388	40	40	P 612	378	66	60	
310	1	T 622	389	40	40	P 618	378	60	66	
311	1	T 620	390	40	40	P 606	378	66	66	
312	1	T 618	391	40	40	P 606	378	66	66	
313	1	T 616	392	40	40	P 606	378	66	66	
314	1	T 614	393	40	40	P 600	378	72	66	
315	1	T 612	394	40	40	P 600	384	60	66	
316	1	T 610	395	40	40	P 600	378	66	66	
317	1	T 608	396	40	40	P 600	384	60	66	
318	1	T 606	397	40	40	P 600	390	60	54	
319	1	T 604	398	40	40	P 594	384	66	66	
320	1	T 602	399	40	40	P 588	384	66	66	
321	1	T 600	400	40	40	P 588	390	66	60	
322	1	T 598	401	40	40	P 588	390	66	48	
323	1	T 596	402	40	40	P 582	390	66	66	
324	1	T 594	403	40	40	P 588	390	60	66	
325	1	T 592	404	40	40	P 582	396	66	60	
326	1	T 590	405	40	40	P 576	396	66	66	
327	1	T 588	406	40	40	P 582	396	60	66	
328	1	T 586	407	40	40	P 576	396	66	66	
329	1	T 584	408	40	40	P 570	396	60	66	
330	1	T 582	409	40	40	P 576	396	54	66	
331	1	T 580	410	40	40	P 564	396	66	66	
332	1	T 578	411	40	40	P 564	396	66	72	
333	1	T 576	412	40	40	P 564	402	66	60	
334	1	T 574	413	40	40	P 558	402	72	66	
335	1	T 572	414	40	40	P 558	402	66	66	
336	1	T 570	415	40	40	P 564	402	60	66	
337	1	T 568	416	40	40	P 558	402	66	42	
338	1	T 566	417	40	40	P 558	402	60	66	
339	1	T 564	418	40	40	P 552	402	66	72	
340	1	T 562	419	40	40	P 552	408	60	60	
341	1	T 560	420	40	40	P 546	414	66	60	
342	1	T 558	419	40	40	P 546	408	60	66	
343	1	T 556	418	40	40	P 546	402	66	72	
344	1	T 554	417	40	40	P 540	408	66	60	
345	1	T 552	416	40	40	P 540	402	66	66	
346	1	T 550	415	40	40	P 540	408	60	60	
347	1	T 548	414	40	40	P 534	402	66	66	
348	1	T 546	413	40	40	P 534	408	66	60	
349	1	T 544	412	40	40	P 534	396	66	66	
350	1	T 542	411	40	40	P 528	402	60	60	
351	1	T 540	410	40	40	P 528	396	66	66	
352	1	T 538	409	40	40	P 522	396	72	60	
353	1	T 536	408	40	40	P 522	396	66	60	
354	1	T 534	407	40	40	P 522	396	66	66	
355	1	T 532	406	40	40	P 522	396	66	66	
356	1	T 530	405	40	40	P 516	390	66	72	
357	1	T 528	404	40	40	P 516	390	66	66	
358	1	T 526	403	40	40	P 510	390	66	66	
359	1	T 524	402	40	40	P 516	390	66	66	
360	1	T 522	401	40	40	P 510	390	66	60	
361	1	T 520	400	40	40	P 510	384	66	72	
362	1	T 518	399	40	40	P 504	390	66	60	
363	1	T 516	398	40	40	P 510	384	60	36	
364	1	T 514	397	40	40	P 498	384	66	66	
365	1	T 512	396	40	40	P 504	384	60	66	
366	1	T 510	395	40	40	P 498	384	66	66	
367	1	T 508	394	40	40	P 498	378	66	66	
368	1	T 506	393	40	40	P 492	378	66	60	
369	1	T 504	392	40	40	P 492	378	66	66	
370	1	T 502	391	40	40	P 492	378	66	66	
371	1	T 500	390	40	40	P 486	378	66	66	
372	1	T 498	389	40	40	P 486	378	66	66	
373	1	T 496	388	40	40	P 486	378	60	66	
374	1	T 494	387	40	40	P 480	372	66	66	
375	1	T 492	386	40	40	P 480	378	66	60	
376	1	T 490	385	40	40	P 480	372	66	66	
377	1	T 488	384	40	40	P 474	372	66	66	
378	1	T 486	383	40	40	P 474	372	66	66	
379	1	T 484	382	40	40	P 474	372	66	66	
380	1	T 482	381	40	40	P 468	366	66	66	
381	1	T 480	380	40	40	P 468	366	66	66	
382	1	T 478	379	40	40	P 462	366	66	66	
383	1	T 476	378	40	40	P 462	372	66	60	
384	1	T 474	377	40	40	P 462	366	66	66	
385	1	T 472	376	40	40	P 462	366	66	66	
386	3	T 470	375	40	40	P 456	372	18	18	P 462	396	12	18	P 480	366	42	66	
387	1	T 468	374	40	40	P 456	366	66	54	
388	1	T 466	373	40	40	P 456	360	60	66	
389	1	T 464	372	40	40	P 456	360	54	60	
390	1	T 462	371	40	40	P 450	360	66	60	
391	1	T 460	370	40	40	P 444	360	72	66	
392	1	T 458	369	40	40	P 444	360	66	60	
393	1	T 456	368	40	40	P 444	354	66	66	
394	1	T 454	367	40	40	P 444	360	60	60	
395	1	T 452	366	40	40	P 438	354	60	60	
396	1	T 450	365	40	40	P 438	354	66	66	
397	1	T 448	364	40	40	P 438	360	66	60	
398	1	T 446	363	40	40	P 432	354	66	66	
399	1	T 444	362	40	40	P 432	354	66	60	
400	1	T 442	361	40	40	P 432	348	66	66	
401	1	T 440	360	40	40	P 426	348	66	66	
402	1	T 438	359	40	40	P 426	348	66	66	
403	1	T 436	358	40	40	P 420	342	66	72	
404	1	T 434	357	40	40	P 420	342	72	48	
405	1	T 432	356	40	40	P 420	342	66	66	
406	1	T 430	355	40	40	P 420	342	66	54	
407	1	T 428	354	40	40	P 414	342	66	66	
408	1	T 426	353	40	40	P 414	342	66	66	
409	1	T 424	352	40	40	P 408	342	66	66	
410	1	T 422	351	40	40	P 408	336	66	72	
411	1	T 420	350	40	40	P 408	336	66	66	
412	1	T 418	349	40	40	P 408	342	60	60	
413	1	T 416	348	40	40	P 408	336	60	66	
414	1	T 414	347	40	40	P 402	336	66	66	
415	1	T 412	346	40	40	P 402	336	66	66	
416	1	T 410	345	40	40	P 402	330	60	66	
417	1	T 408	344	40	40	P 396	330	66	66	
418	1	T 406	343	40	40	P 396	330	60	66	
419	1	T 404	342	40	40	P 390	330	66	66	
420	1	T 402	341	40	40	P 396	330	60	66	
421	1	T 400	340	40	40	P 390	330	60	60	
422	2	T 398	339	40	40	P 390	330	60	30	P 396	330	12	24	
423	1	T 396	338	40	40	P 390	324	60	66	
424	1	T 394	337	40	40	P 384	330	60	48	
425	1	T 392	336	40	40	P 378	324	66	60	
426	1	T 390	335	40	40	P 378	318	60	72	
427	1	T 388	334	40	40	P 378	318	66	48	
428	1	T 386	333	40	40	P 372	318	66	72	
429	1	T 384	332	40	40	P 372	318	66	60	
430	1	T 382	331	40	40	P 366	318	66	60	
431	1	T 380	330	40	40	P 372	318	48	66	
432	1	T 378	329	40	40	P 366	312	66	72	
433	1	T 376	328	40	40	P 360	312	72	72	
434	1	T 374	327	40	40	P 360	312	72	72	
435	1	T 372	326	40	40	P 360	318	60	60	
436	1	T 370	325	40	40	P 360	312	66	66	
437	1	T 368	324	40	40	P 354	312	66	66	
438	1	T 366	323	40	40	P 354	312	66	60	
439	1	T 364	322	40	40	P 354	306	66	72	
440	1	T 362	321	40	40	P 348	306	60	66	
441	1	T 360	320	40	40	P 348	306	66	66	
442	1	T 358	319	40	40	P 342	306	72	66	
443	1	T 356	318	40	40	P 342	306	66	60	
444	1	T 354	317	40	40	P 348	300	60	72	
445	1	T 352	316	40	40	P 342	306	66	66	
446	1	T 350	315	40	40	P 342	306	60	66	
447	1	T 348	314	40	40	P 336	300	66	66	
448	1	T 346	313	40	40	P 336	300	60	66	
449	1	T 344	312	40	40	P 330	306	66	60	
450	1	T 342	311	40	40	P 330	306	66	60	
451	1	T 340	310	40	40	P 336	300	54	66	
452	2	T 338	309	40	40	P 324	300	24	60	P 360	300	30	60	
453	1	T 336	308	40	40	P 324	294	66	66	
454	1	T 334	307	40	40	P 318	300	66	66	
455	1	T 332	306	40	40	P 318	294	60	66	
456	1	T 330	305	40	40	P 318	300	66	60	
457	1	T 328	304	40	40	P 318	294	66	60	
458	1	T 326	303	40	40	P 312	288	66	66	
459	1	T 324	302	40	40	P 312	288	66	66	
460	1	T 322	301	40	40	P 312	288	66	60	
461	1	T 320	300	40	40	P 306	288	66	66	
462	1	T 318	299	40	40	P 306	288	66	66	
463	1	T 316	298	40	40	P 300	282	72	72	
464	1	T 314	297	40	40	P 300	282	66	66	
465	1	T 312	296	40	40	P 300	282	66	66	
466	1	T 310	295	40	40	P 294	282	66	66	
467	1	T 308	294	40	40	P 294	282	72	66	
468	1	T 306	293	40	40	P 294	282	66	66	
469	1	T 304	292	40	40	P 294	282	60	66	
470	1	T 302	291	40	40	P 288	282	66	54	
471	1	T 300	290	40	40	P 288	276	66	66	
472	1	T 298	289	40	40	P 282	276	72	60	
473	1	T 296	288	40	40	P 282	276	72	60	
474	1	T 294	287	40	40	P 282	270	66	42	
475	1	T 292	286	40	40	P 288	270	60	72	
476	1	T 290	285	40	40	P 282	270	66	60	
477	1	T 288	284	40	40	P 282	270	54	66	
478	1	T 286	283	40	40	P 276	270	60	66	
479	1	T 284	282	40	40	P 270	276	66	54	
480	1	T 282	281	40	40	P 270	276	66	54	
481	1	T 280	280	40	40	P 270	264	66	72	
482	1	T 278	279	40	40	P 264	264	66	66	
483	1	T 276	278	40	40	P 264	264	66	66	
484	1	T 274	277	40	40	P 258	270	72	60	
485	1	T 272	276	40	40	P 258	264	66	66	
486	1	T 270	275	40	40	P 258	258	66	66	
487	1	T 268	274	40	40	P 258	258	60	72	
488	1	T 266	273	40	40	P 252	258	66	66	
489	1	T 264	272	40	40	P 252	264	66	60	
490	1	T 262	271	40	40	P 252	258	66	60	
491	1	T 260	270	40	40	P 252	258	66	66	
492	1	T 258	269	40	40	P 246	252	66	60	
493	1	T 256	268	40	40	P 246	252	66	72	
494	1	T 254	267	40	40	P 240	252	72	66	
495	1	T 252	266	40	40	P 240	252	66	66	
496	1	T 250	265	40	40	P 234	252	72	66	
497	1	T 248	264	40	40	P 234	252	66	66	
498	1	T 246	263	40	40	P 234	258	66	54	
499	1	T 244	262	40	40	P 234	252	60	60	
500	1	T 242	261	40	40	P 228	246	66	66	
501	1	T 240	260	40	40	P 228	246	66	66	
502	1	T 238	259	40	40	P 228	246	60	66	
503	1	T 236	258	40	40	P 222	246	72	66	
504	1	T 234	257	40	40	P 222	246	66	66	
505	1	T 232	256	40	40	P 216	240	72	72	
506	1	T 230	255	40	40	P 222	246	60	60	
507	1	T 228	254	40	40	P 216	240	66	66	
508	1	T 226	253	40	40	P 216	240	60	60	
509	1	T 224	252	40	40	P 210	240	72	66	
510	1	T 222	251	40	40	P 210	234	66	72	
511	1	T 220	250	40	40	P 204	240	72	66	
512	1	T 218	249	40	40	P 204	234	66	66	
513	1	T 216	248	40	40	P 204	234	66	66	
514	1	T 214	247	40	40	P 204	234	66	66	
515	1	T 212	246	40	40	P 198	234	66	66	
516	1	T 210	245	40	40	P 198	228	66	72	
517	1	T 208	244	40	40	P 192	228	72	72	
518	1	T 206	243	40	40	P 192	228	66	72	
519	1	T 204	242	40	40	P 192	228	66	66	
520	1	T 202	241	40	40	P 192	228	60	66	
521	1	T 200	240	40	40	P 186	228	66	54	
522	1	T 198	239	40	40	P 192	222	60	72	
523	1	T 196	238	40	40	P 180	228	66	66	
524	1	T 194	237	40	40	P 180	222	66	66	
525	1	T 192	236	40	40	P 180	222	66	66	
526	1	T 190	235	40	40	P 180	222	66	66	
527	1	T 188	234	40	40	P 180	222	60	66	
528	1	T 186	233	40	40	P 174	222	66	66	
529	1	T 184	232	40	40	P 168	222	72	60	
530	3	T 182	231	40	40	P 174	216	54	18	P 174	258	12	12	P 204	240	36	42	
531	1	T 180	230	40	40	P 168	216	60	66	
532	1	T 178	229	40	40	P 162	216	72	66	
533	1	T 176	228	40	40	P 162	216	66	66	
534	1	T 174	227	40	40	P 162	210	60	72	
535	1	T 172	226	40	40	P 156	210	72	66	
536	1	T 170	225	40	40	P 156	210	66	66	
537	1	T 168	224	40	40	P 156	210	66	66	
538	1	T 166	223	40	40	P 156	216	60	54	
539	2	T 164	222	40	40	P 156	210	54	24	P 156	246	60	30	
540	1	T 162	221	40	40	P 150	210	66	66	
541	1	T 160	220	40	40	P 150	210	66	60	
542	1	T 158	219	40	40	P 150	204	60	72	
543	1	T 156	218	40	40	P 144	210	66	60	
544	1	T 154	217	40	40	P 144	204	66	66	
545	1	T 152	216	40	40	P 138	210	66	60	
546	1	T 150	215	40	40	P 138	204	66	66	
547	1	T 148	214	40	40	P 138	204	66	66	
548	1	T 146	213	40	40	P 132	210	66	48	
549	1	T 144	212	40	40	P 132	198	60	66	
550	1	T 142	211	40	40	P 132	198	66	36	
551	1	T 140	210	40	40	P 126	198	66	66	
552	1	T 138	209	40	40	P 126	198	66	66	
553	1	T 136	208	40	40	P 120	192	66	72	
554	1	T 134	207	40	40	P 120	192	66	72	
555	1	T 132	206	40	40	P 120	192	66	66	
556	1	T 130	205	40	40	P 120	198	60	60	
557	1	T 128	204	40	40	P 120	192	60	66	
558	1	T 126	203	40	40	P 114	192	66	66	
559	1	T 124	202	40	40	P 114	186	66	72	
560	1	T 122	201	40	40	P 108	186	66	60	
561	1	T 120	200	40	40	P 108	186	66	60	
562	1	T 118	199	40	40	P 108	186	66	66	
563	1	T 116	198	40	40	P 102	186	66	60	
564	1	T 114	197	40	40	P 102	186	66	60	
565	1	T 112	196	40	40	P 96	186	72	66	
566	1	T 110	195	40	40	P 96	180	60	66	
567	1	T 108	194	40	40	P 96	180	66	66	
568	1	T 106	193	40	40	P 96	180	60	60	
569	1	T 104	192	40	40	P 90	186	66	60	
570	1	T 102	191	40	40	P 90	180	66	66	
571	1	T 100	190	40	40	P 90	186	60	54	
572	1	T 98	189	40	40	P 84	180	66	60	
573	1	T 96	188	40	40	P 90	174	60	54	
574	1	T 94	187	40	40	P 84	174	66	60	
575	1	T 92	186	40	40	P 78	174	72	60	
576	1	T 90	185	40	40	P 78	180	66	60	
577	1	T 88	184	40	40	P 78	168	60	66	
578	1	T 86	183	40	40	P 72	168	66	72	
579	1	T 84	182	40	40	P 72	168	66	66	
580	1	T 82	181	40	40	P 66	168	66	66	
581	1	T 80	180	40	40	P 66	168	66	66	
582	1	T 78	179	40	40	P 66	168	66	60	
583	2	T 76	178	40	40	P 66	174	30	60	P 102	168	30	60	
584	1	T 74	177	40	40	P 60	174	60	54	
585	1	T 72	176	40	40	P 60	168	60	60	
586	1	T 70	175	40	40	P 60	162	66	36	
587	1	T 68	174	40	40	P 60	162	66	66	
588	1	T 66	173	40	40	P 60	162	60	66	
589	1	T 64	172	40	40	P 48	162	72	66	
590	1	T 62	171	40	40	P 48	162	72	66	
591	1	T 60	170	40	40	P 48	156	60	66	
592	1	T 58	169	40	40	P 48	156	66	66	
593	1	T 56	168	40	40	P 42	156	72	30	
594	1	T 54	167	40	40	P 42	150	66	72	
595	1	T 52	166	40	40	P 42	150	60	66	
596	1	T 50	165	40	40	P 36	156	66	60	
597	1	T 48	164	40	40	P 36	150	66	66	
598	1	T 46	163	40	40	P 36	150	66	66	
599	1	T 44	162	40	40	P 30	150	66	66	
600	1	T 42	161	40	40	P 36	150	54	60	
601	1	T 40	160	40	40	P 24	144	66	72	
602	1	T 38	159	40	40	P 24	150	66	60	
603	1	T 36	158	40	40	P 30	144	54	66	
604	1	T 34	157	40	40	P 18	144	66	60	
605	1	T 32	156	40	40	P 18	144	66	60	
606	1	T 30	155	40	40	P 18	150	66	60	
607	1	T 28	154	40	40	P 18	144	66	60	
608	1	T 26	153	40	40	P 12	144	66	60	
609	1	T 24	152	40	40	P 12	138	66	60	
610	1	T 22	151	40	40	P 12	138	66	60	
611	1	T 20	150	40	40	P 6	138	66	60	
612	1	T 22	149	40	40	P 12	138	60	66	
613	1	T 24	148	40	40	P 18	138	60	66	
614	1	T 26	147	40	40	P 12	132	72	48	
615	1	T 28	146	40	40	P 12	132	72	66	
616	1	T 30	145	40	40	P 18	132	66	66	
617	1	T 32	144	40	40	P 18	138	66	60	
618	1	T 34	143	40	40	P 24	132	66	66	
619	1	T 36	142	40	40	P 24	132	60	66	
620	2	T 38	141	40	40	P 24	144	36	36	P 66	132	24	54	
621	1	T 40	140	40	40	P 24	126	72	60	
622	1	T 42	139	40	40	P 30	126	66	60	
623	1	T 44	138	40	40	P 36	126	60	66	
624	1	T 46	137	40	40	P 30	126	72	60	
625	1	T 48	136	40	40	P 36	120	66	66	
626	1	T 50	135	40	40	P 36	120	72	72	
627	1	T 52	134	40	40	P 42	120	60	66	
628	1	T 54	133	40	40	P 42	120	66	66	
629	1	T 56	132	40	40	P 42	120	66	66	
630	1	T 58	131	40	40	P 48	120	66	60	
631	1	T 60	130	40	40	P 48	120	66	60	
632	1	T 62	129	40	40	P 54	114	66	66	
633	1	T 64	128	40	40	P 48	114	66	66	
634	1	T 66	127	40	40	P 54	114	66	66	
635	1	T 68	126	40	40	P 54	114	66	60	
636	1	T 70	125	40	40	P 60	114	66	66	
637	1	T 72	124	40	40	P 60	114	66	66	
638	1	T 74	123	40	40	P 66	114	66	66	
639	1	T 76	122	40	40	P 66	114	66	60	
640	1	T 78	121	40	40	P 66	108	66	66	
641	1	T 80	120	40	40	P 66	108	60	66	
642	1	T 82	119	40	40	P 72	108	66	54	
643	1	T 84	118	40	40	P 72	108	66	60	
644	1	T 86	117	40	40	P 72	102	66	72	
645	1	T 88	116	40	40	P 78	102	66	66	
646	1	T 90	115	40	40	P 78	102	66	66	
647	1	T 92	114	40	40	P 78	102	66	66	
648	1	T 94	113	40	40	P 84	108	60	54	
649	1	T 96	112	40	40	P 84	96	66	66	
650	1	T 98	111	40	40	P 84	96	66	72	
651	1	T 100	110	40	40	P 90	96	66	66	
652	1	T 102	109	40	40	P 90	96	66	66	
653	1	T 104	108	40	40	P 96	102	60	60	
654	1	T 106	107	40	40	P 96	96	66	66	
655	1	T 108	106	40	40	P 102	90	60	66	
656	1	T 110	105	40	40	P 96	90	66	72	
657	1	T 112	104	40	40	P 102	90	66	66	
658	1	T 114	103	40	40	P 102	90	66	66	
659	1	T 116	102	40	40	P 102	90	66	60	
660	1	T 118	101	40	40	P 108	90	66	60	
661	1	T 120	100	40	40	P 114	90	60	66	
662	1	T 122	99	40	40	P 114	84	60	36	
663	1	T 124	98	40	40	P 114	84	66	72	
664	1	T 126	97	40	40	P 114	84	66	66	
665	1	T 128	96	40	40	P 114	84	72	66	
666	1	T 130	95	40	40	P 120	84	60	66	
667	1	T 132	94	40	40	P 120	84	60	60	
668	1	T 134	93	40	40	P 120	78	66	72	
669	1	T 136	92	40	40	P 126	78	66	66	
670	1	T 138	91	40	40	P 126	78	66	66	
671	1	T 140	90	40	40	P 126	78	60	66	
672	1	T 142	89	40	40	P 132	78	66	60	
673	1	T 144	88	40	40	P 132	78	66	66	
674	1	T 146	87	40	40	P 132	72	72	66	
675	1	T 148	86	40	40	P 132	72	72	66	
676	1	T 150	85	40	40	P 138	72	66	66	
677	1	T 152	84	40	40	P 138	72	66	66	
678	1	T 154	83	40	40	P 144	72	66	66	
679	1	T 156	82	40	40	P 144	72	66	66	
680	1	T 158	81	40	40	P 144	72	66	60	
681	1	T 160	80	40	40	P 150	66	60	66	
682	1	T 162	79	40	40	P 150	66	66	66	
683	1	T 164	78	40	40	P 150	66	66	66	
684	1	T 166	77	40	40	P 156	60	60	72	
685	1	T 168	76	40	40	P 156	60	66	72	
686	1	T 170	75	40	40	P 156	60	66	66	
687	1	T 172	74	40	40	P 162	66	66	54	
688	1	T 174	73	40	40	P 168	60	60	66	
689	1	T 176	72	40	40	P 168	60	48	66	
690	1	T 178	71	40	40	P 162	66	66	54	
691	1	T 180	70	40	40	P 168	60	66	60	
692	1	T 182	69	40	40	P 168	54	60	66	
693	1	T 184	68	40	40	P 174	60	60	60	
694	1	T 186	67	40	40	P 174	54	66	66	
695	1	T 188	66	40	40	P 174	54	72	66	
696	1	T 190	65	40	40	P 180	60	60	54	
697	1	T 192	64	40	40	P 180	54	66	60	
698	1	T 194	63	40	40	P 180	48	66	66	
699	1	T 196	62	40	40	P 180	54	72	60	
700	1	T 198	61	40	40	P 186	48	66	66	
701	1	T 200	60	40	40	P 198	48	54	60	
702	2	T 202	59	40	40	P 192	42	48	36	P 192	84	60	24	
703	1	T 204	58	40	40	P 192	42	66	66	
704	1	T 206	57	40	40	P 192	42	72	72	
705	1	T 208	56	40	40	P 192	42	72	60	
706	1	T 210	55	40	40	P 198	42	66	66	
707	1	T 212	54	40	40	P 198	42	66	66	
708	1	T 214	53	40	40	P 198	48	72	60	
709	1	T 216	52	40	40	P 204	36	60	72	
710	1	T 218	51	40	40	P 210	42	66	60	
711	1	T 220	50	40	40	P 210	36	66	66	
712	1	T 222	49	40	40	P 216	36	60	60	
713	1	T 224	48	40	40	P 210	36	72	66	
714	1	T 226	47	40	40	P 216	36	60	66	
715	1	T 228	46	40	40	P 222	30	60	66	
716	1	T 230	45	40	40	P 216	36	72	60	
717	1	T 232	44	40	40	P 222	30	60	66	
718	1	T 234	43	40	40	P 222	30	66	60	
719	1	T 236	42	40	40	P 222	30	66	54	
720	1	T 238	41	40	40	P 222	30	66	66	
721	1	T 240	40	40	40	P 228	30	66	66	
722	1	T 242	39	40	40	P 228	24	66	60	
723	2	T 244	38	40	40	P 228	48	18	30	P 246	30	54	48	
724	1	T 246	37	40	40	P 234	24	66	66	
725	1	T 248	36	40	40	P 234	24	72	66	
726	1	T 250	35	40	40	P 240	24	66	60	
727	1	T 252	34	40	40	P 240	24	66	66	
728	1	T 254	33	40	40	P 240	24	72	54	
729	1	T 256	32	40	40	P 240	18	72	66	
730	1	T 258	31	40	40	P 246	18	66	66	
731	1	T 260	30	40	40	P 252	18	60	66	
732	1	T 262	29	40	40	P 252	18	66	66	
733	1	T 264	28	40	40	P 252	18	66	60	
734	1	T 266	27	40	40	P 258	18	66	66	
735	1	T 268	26	40	40	P 258	12	66	66	
736	1	T 270	25	40	40	P 258	18	66	60	
737	1	T 272	24	40	40	P 258	12	66	66	
738	1	T 274	23	40	40	P 264	18	66	60	
739	1	T 276	22	40	40	P 264	12	66	66	
740	1	T 278	21	40	40	P 264	6	72	66	
741	1	T 280	20	40	40	P 270	6	66	66	
742	1	T 282	21	40	40	P 270	6	66	66	
743	1	T 284	22	40	40	P 270	6	66	72	
744	1	T 286	23	40	40	P 270	6	72	66	
745	1	T 288	24	40	40	P 276	18	66	54	
746	1	T 290	25	40	40	P 276	12	66	60	
747	2	T 292	26	40	40	P 282	12	48	24	P 282	42	48	36	
748	1	T 294	27	40	40	P 288	24	60	54	
749	1	T 296	28	40	40	P 282	24	66	54	
750	1	T 298	29	40	40	P 288	18	66	60	
751	1	T 300	30	40	40	P 294	18	60	66	
752	1	T 302	31	40	40	P 288	18	66	66	
753	1	T 304	32	40	40	P 288	18	72	66	
754	1	T 306	33	40	40	P 294	18	66	66	
755	1	T 308	34	40	40	P 294	24	72	60	
756	1	T 310	35	40	40	P 294	24	72	66	
757	1	T 312	36	40	40	P 300	24	66	66	
758	1	T 314	37	40	40	P 300	24	72	54	
759	1	T 316	38	40	40	P 306	24	60	60	
760	1	T 318	39	40	40	P 312	30	54	60	
761	1	T 320	40	40	40	P 306	30	72	66	
762	1	T 322	41	40	40	P 306	24	72	54	
763	1	T 324	42	40	40	P 312	30	66	66	
764	1	T 326	43	40	40	P 312	36	66	60	
765	1	T 328	44	40	40	P 312	30	72	66	
766	1	T 330	45	40	40	P 324	30	60	72	
767	1	T 332	46	40	40	P 318	36	66	66	
768	1	T 334	47	40	40	P 324	36	60	36	
769	1	T 336	48	40	40	P 324	36	66	66	
770	1	T 338	49	40	40	P 324	42	66	60	
771	1	T 340	50	40	40	P 324	36	72	66	
772	1	T 342	51	40	40	P 330	54	66	48	
773	1	T 344	52	40	40	P 330	36	60	72	
774	1	T 346	53	40	40	P 336	42	60	60	
775	1	T 348	54	40	40	P 342	42	54	66	
776	1	T 350	55	40	40	P 336	48	72	54	
777	1	T 352	56	40	40	P 336	42	66	66	
778	1	T 354	57	40	40	P 342	42	66	72	
779	1	T 356	58	40	40	P 342	48	72	66	
780	1	T 358	59	40	40	P 348	42	66	72	
781	1	T 360	60	40	40	P 348	48	66	60	
782	1	T 362	61	40	40	P 354	48	60	66	
783	1	T 364	62	40	40	P 354	54	66	66	
784	1	T 366	63	40	40	P 354	54	66	66	
785	1	T 368	64	40	40	P 354	60	72	60	
786	1	T 370	65	40	40	P 360	54	66	66	
787	1	T 372	66	40	40	P 360	54	66	66	
788	1	T 374	67	40	40	P 360	54	66	66	
789	1	T 376	68	40	40	P 360	60	66	60	
790	1	T 378	69	40	40	P 366	54	66	66	
791	1	T 380	70	40	40	P 366	60	66	66	
792	1	T 382	71	40	40	P 366	60	66	60	
793	1	T 384	72	40	40	P 372	60	60	60	
794	1	T 386	73	40	40	P 378	60	54	66	
795	1	T 388	74	40	40	P 378	60	66	72	
796	1	T 390	75	40	40	P 378	60	66	48	
797	1	T 392	76	40	40	P 378	66	66	66	
798	1	T 394	77	40	40	P 384	60	66	66	
799	1	T 396	78	40	40	P 384	66	66	66	
800	1	T 398	79	40	40	P 384	66	66	66	
801	1	T 400	80	40	40	P 384	66	72	60	
802	1	T 402	81	40	40	P 390	66	66	72	
803	1	T 404	82	40	40	P 390	66	66	72	
804	1	T 406	83	40	40	P 390	72	66	66	
805	1	T 408	84	40	40	P 402	72	60	66	
806	1	T 410	85	40	40	P 396	72	66	66	
807	1	T 412	86	40	40	P 402	72	66	66	
808	1	T 414	87	40	40	P 402	72	66	72	
809	1	T 416	88	40	40	P 402	72	66	72	
810	1	T 418	89	40	40	P 402	78	60	66	
811	1	T 420	90	40	40	P 408	78	66	66	
812	1	T 422	91	40	40	P 408	78	72	66	
813	1	T 424	92	40	40	P 414	84	66	66	
814	1	T 426	93	40	40	P 414	84	66	60	
815	1	T 428	94	40	40	P 420	84	66	66	
816	1	T 430	95	40	40	P 414	84	72	60	
817	1	T 432	96	40	40	P 420	84	66	60	
818	1	T 434	97	40	40	P 420	84	66	60	
819	1	T 436	98	40	40	P 426	84	60	66	
820	1	T 438	99	40	40	P 426	84	60	66	
821	1	T 440	100	40	40	P 432	84	60	66	
822	1	T 442	101	40	40	P 426	90	72	66	
823	1	T 444	102	40	40	P 432	90	66	66	
824	1	T 446	103	40	40	P 432	90	72	30	
825	1	T 448	104	40	40	P 432	90	72	66	
826	1	T 450	105	40	40	P 444	90	60	66	
827	1	T 452	106	40	40	P 438	90	66	72	
828	1	T 454	107	40	40	P 438	96	66	60	
829	1	T 456	108	40	40	P 450	96	60	60	
830	1	T 458	109	40	40	P 444	102	72	54	
831	1	T 460	110	40	40	P 456	96	60	36	
832	1	T 462	111	40	40	P 450	96	60	72	
833	1	T 464	112	40	40	P 450	114	66	54	
834	1	T 466	113	40	40	P 456	102	66	60	
835	1	T 468	114	40	40	P 462	102	60	42	
836	1	T 470	115	40	40	P 456	108	66	60	
837	1	T 472	116	40	40	P 456	102	66	66	
838	1	T 474	117	40	40	P 462	102	66	72	
839	1	T 476	118	40	40	P 462	102	66	72	
840	1	T 478	119	40	40	P 468	108	66	66	
841	1	T 480	120	40	40	P 468	108	66	66	
842	2	T 482	121	40	40	P 468	108	66	30	P 492	144	42	24	
843	1	T 484	122	40	40	P 480	108	60	72	
844	1	T 486	123	40	40	P 474	108	66	60	
845	1	T 488	124	40	40	P 480	114	60	66	
846	1	T 490	125	40	40	P 474	114	72	60	
847	1	T 492	126	40	40	P 480	114	66	66	
848	1	T 494	127	40	40	P 480	120	66	60	
849	1	T 496	128	40	40	P 486	114	54	66	
850	1	T 498	129	40	40	P 492	114	60	72	
851	1	T 500	130	40	40	P 486	114	66	66	
852	1	T 502	131	40	40	P 492	120	66	48	
853	1	T 504	132	40	40	P 492	120	66	66	
854	1	T 506	133	40	40	P 492	120	72	66	
855	1	T 508	134	40	40	P 492	120	66	54	
856	1	T 510	135	40	40	P 498	120	66	72	
857	1	T 512	136	40	40	P 498	126	72	42	
858	2	T 514	137	40	40	P 504	126	60	30	P 504	162	60	30	
859	1	T 516	138	40	40	P 504	126	66	66	
860	1	T 518	139	40	40	P 504	126	66	54	
861	1	T 520	140	40	40	P 510	126	66	60	
862	1	T 522	141	40	40	P 510	132	66	66	
863	1	T 524	142	40	40	P 510	132	66	66	
864	1	T 526	143	40	40	P 516	132	66	66	
865	1	T 528	144	40	40	P 516	132	66	60	
866	1	T 530	145	40	40	P 522	138	60	60	
867	1	T 532	146	40	40	P 522	138	66	60	
868	1	T 534	147	40	40	P 522	132	66	66	
869	1	T 536	148	40	40	P 528	138	60	66	
870	1	T 538	149	40	40	P 528	138	66	66	
871	1	T 540	150	40	40	P 528	138	66	66	
872	1	T 542	151	40	40	P 534	138	60	66	
873	1	T 544	152	40	40	P 528	138	66	72	
874	1	T 546	153	40	40	P 534	138	66	72	
875	1	T 548	154	40	40	P 534	144	66	66	
876	1	T 550	155	40	40	P 534	144	72	66	
877	1	T 552	156	40	40	P 540	150	66	60	
878	1	T 554	157	40	40	P 546	156	60	54	
879	1	T 556	158	40	40	P 546	144	66	60	
880	1	T 558	159	40	40	P 552	144	60	66	
881	1	T 560	160	40	40	P 546	150	66	60	
882	1	T 562	161	40	40	P 552	150	66	60	
883	1	T 564	162	40	40	P 552	150	60	66	
884	1	T 566	163	40	40	P 552	150	72	54	
885	1	T 568	164	40	40	P 558	150	60	66	
886	1	T 570	165	40	40	P 558	156	66	60	
887	1	T 572	166	40	40	P 558	156	66	66	
888	1	T 574	167	40	40	P 558	156	72	66	
889	1	T 576	168	40	40	P 564	156	66	60	
890	1	T 578	169	40	40	P 570	156	60	66	
891	1	T 580	170	40	40	P 570	156	66	66	
892	1	T 582	171	40	40	P 570	156	66	66	
893	1	T 584	172	40	40	P 570	162	60	54	
894	1	T 586	173	40	40	P 570	162	66	66	
895	1	T 588	174	40	40	P 576	168	66	60	
896	1	T 590	175	40	40	P 576	162	66	66	
897	2	T 592	176	40	40	P 582	162	36	24	P 588	168	60	42	
898	1	T 594	177	40	40	P 582	168	66	60	
899	1	T 596	178	40	40	P 582	168	72	60	
900	1	T 598	179	40	40	P 582	168	72	60	
901	1	T 600	180	40	40	P 588	168	60	60	
902	1	T 602	181	40	40	P 588	168	66	60	
903	1	T 604	182	40	40	P 594	168	66	60	
904	1	T 606	183	40	40	P 594	174	66	60	
905	1	T 608	184	40	40	P 600	168	60	66	
906	1	T 610	185	40	40	P 600	168	60	72	
907	1	T 612	186	40	40	P 600	174	66	66	
908	1	T 614	187	40	40	P 600	174	66	66	
909	1	T 616	188	40	40	P 600	174	66	72	
910	1	T 618	189	40	40	P 612	174	60	66	
911	1	T 620	190	40	40	P 606	180	60	60	
912	1	T 622	191	40	40	P 612	180	66	66	
913	1	T 624	192	40	40	P 612	180	66	66	
914	1	T 626	193	40	40	P 612	180	72	66	
915	1	T 628	194	40	40	P 618	186	60	60	
916	1	T 630	195	40	40	P 618	180	66	66	
917	1	T 632	196	40	40	P 624	180	66	66	
918	1	T 634	197	40	40	P 624	180	66	66	
919	1	T 636	198	40	40	P 624	186	66	66	
920	1	T 638	199	40	40	P 624	186	66	66	
921	1	T 640	200	40	40	P 624	186	72	66	
922	1	T 642	201	40	40	P 630	192	60	54	
923	1	T 644	202	40	40	P 630	192	72	66	
924	1	T 646	203	40	40	P 630	192	66	66	
925	1	T 648	204	40	40	P 636	192	66	66	
926	1	T 650	205	40	40	P 636	192	66	60	
927	1	T 652	206	40	40	P 642	192	66	60	
928	1	T 654	207	40	40	P 642	192	66	72	
929	1	T 656	208	40	40	P 642	198	66	60	
930	1	T 658	209	40	40	P 648	192	66	66	
931	1	T 660	210	40	40	P 648	198	66	60	
932	1	T 658	211	40	40	P 648	198	66	66	
933	1	T 656	212	40	40	P 642	198	66	66	
934	1	T 654	213	40	40	P 642	204	66	66	
935	1	T 652	214	40	40	P 642	198	60	66	
936	1	T 650	215	40	40	P 636	204	66	66	
937	1	T 648	216	40	40	P 642	210	60	60	
938	1	T 646	217	40	40	P 642	204	60	66	
939	1	T 644	218	40	40	P 630	210	66	60	
940	1	T 642	219	40	40	P 630	204	66	72	
941	1	T 640	220	40	40	P 630	216	66	60	
942	1	T 638	221	40	40	P 624	222	66	48	
943	1	T 636	222	40	40	P 624	216	66	60	
944	2	T 634	223	40	40	P 624	210	60	36	P 624	252	60	24	
945	1	T 632	224	40	40	P 624	216	60	60	
946	1	T 630	225	40	40	P 618	210	66	60	
947	1	T 628	226	40	40	P 618	210	66	66	
948	1	T 626	227	40	40	P 618	216	60	66	
949	1	T 624	228	40	40	P 618	216	60	60	
950	1	T 622	229	40	40	P 606	222	66	60	
951	1	T 620	230	40	40	P 606	216	72	66	
952	1	T 618	231	40	40	P 606	216	66	72	
953	1	T 616	232	40	40	P 600	222	72	60	
954	1	T 614	233	40	40	P 606	222	66	66	
955	1	T 612	234	40	40	P 600	222	66	66	
956	1	T 610	235	40	40	P 600	222	66	66	
957	1	T 608	236	40	40	P 594	222	66	66	
958	1	T 606	237	40	40	P 594	222	66	66	
959	1	T 604	238	40	40	P 588	228	72	66	
960	1	T 602	239	40	40	P 588	228	66	66	
961	1	T 600	240	40	40	P 588	228	66	66	
962	1	T 598	241	40	40	P 582	228	66	66	
963	1	T 596	242	40	40	P 582	228	66	66	
964	1	T 594	243	40	40	P 582	228	66	66	
965	1	T 592	244	40	40	P 582	228	60	66	
966	1	T 590	245	40	40	P 576	240	66	60	
967	1	T 588	246	40	40	P 576	234	66	66	
968	1	T 586	247	40	40	P 576	234	66	66	
969	1	T 584	248	40	40	P 570	234	66	60	
970	1	T 582	249	40	40	P 576	234	60	66	
971	1	T 580	250	40	40	P 576	234	60	60	
972	1	T 578	251	40	40	P 570	240	60	60	
973	1	T 576	252	40	40	P 564	240	66	42	
974	1	T 574	253	40	40	P 564	240	60	60	
975	1	T 572	254	40	40	P 558	240	66	66	
976	1	T 570	255	40	40	P 558	240	66	66	
977	1	T 568	256	40	40	P 558	246	60	66	
978	1	T 566	257	40	40	P 552	246	66	66	
979	1	T 564	258	40	40	P 552	246	66	66	
980	1	T 562	259	40	40	P 552	246	66	60	
981	1	T 560	260	40	40	P 546	252	72	60	
982	1	T 558	261	40	40	P 546	246	66	66	
983	1	T 556	262	40	40	P 540	246	66	72	
984	1	T 554	263	40	40	P 540	252	66	66	
985	1	T 552	264	40	40	P 540	252	66	60	
986	1	T 550	265	40	40	P 540	258	66	60	
987	1	T 548	266	40	40	P 540	252	66	60	
988	1	T 546	267	40	40	P 534	252	66	66	
989	1	T 544	268	40	40	P 540	252	60	66	
990	1	T 542	269	40	40	P 528	252	66	66	
991	1	T 540	270	40	40	P 528	258	66	66	
992	1	T 538	271	40	40	P 528	258	66	48	
993	1	T 536	272	40	40	P 522	264	72	60	
994	1	T 534	273	40	40	P 522	258	66	72	
995	1	T 532	274	40	40	P 516	258	72	72	
996	1	T 530	275	40	40	P 516	258	66	60	
997	1	T 528	276	40	40	P 522	264	60	60	
998	1	T 526	277	40	40	P 516	264	66	66	
999	1	T 524	278	40	40	P 510	264	72	66	
1000	1	T 522	279	40	40	P 510	264	66	72	
1001	1	T 520	280	40	40	P 510	264	66	72	
1002	1	T 518	281	40	40	P 504	270	66	66	
1003	1	T 516	282	40	40	P 504	276	60	54	
1004	1	T 514	283	40	40	P 498	270	72	60	
1005	1	T 512	284	40	40	P 498	270	66	66	
1006	2	T 510	285	40	40	P 498	276	36	60	P 540	276	24	60	
1007	1	T 508	286	40	40	P 498	270	66	72	
1008	1	T 506	287	40	40	P 492	276	66	66	
1009	1	T 504	288	40	40	P 492	276	66	66	
1010	1	T 502	289	40	40	P 492	276	66	60	
1011	1	T 500	290	40	40	P 486	276	72	72	
1012	1	T 498	291	40	40	P 486	276	60	60	
1013	1	T 496	292	40	40	P 486	282	60	66	
1014	1	T 494	293	40	40	P 480	282	72	66	
1015	1	T 492	294	40	40	P 480	282	66	66	
1016	1	T 490	295	40	40	P 480	282	66	66	
1017	1	T 488	296	40	40	P 474	288	72	60	
1018	1	T 486	297	40	40	P 474	282	66	54	
1019	1	T 484	298	40	40	P 474	288	66	60	
1020	1	T 482	299	40	40	P 468	288	72	66	
1021	1	T 480	300	40	40	P 468	294	66	60	
1022	2	T 478	301	40	40	P 468	288	60	30	P 468	324	60	24	
1023	1	T 476	302	40	40	P 462	294	66	60	
1024	1	T 474	303	40	40	P 462	294	66	42	
1025	1	T 472	304	40	40	P 456	294	66	66	
1026	1	T 470	305	40	40	P 462	300	60	60	
1027	1	T 468	306	40	40	P 456	294	66	66	
1028	1	T 466	307	40	40	P 456	294	60	66	
1029	1	T 464	308	40	40	P 450	300	72	54	
1030	1	T 462	309	40	40	P 450	294	66	66	
1031	1	T 460	310	40	40	P 450	294	60	66	
1032	1	T 458	311	40	40	P 444	300	66	66	
1033	1	T 456	312	40	40	P 444	300	66	66	
1034	1	T 454	313	40	40	P 444	300	66	66	
1035	1	T 452	314	40	40	P 438	306	66	66	
1036	1	T 450	315	40	40	P 438	300	66	72	
1037	1	T 448	316	40	40	P 438	300	60	66	
1038	1	T 446	317	40	40	P 438	300	66	72	
1039	1	T 444	318	40	40	P 432	306	66	60	
1040	1	T 442	319	40	40	P 426	306	72	66	
1041	1	T 440	320	40	40	P 426	306	60	66	
1042	1	T 438	321	40	40	P 426	306	66	72	
1043	1	T 436	322	40	40	P 426	306	60	66	
1044	1	T 434	323	40	40	P 426	312	60	66	
1045	1	T 432	324	40	40	P 420	312	66	66	
1046	1	T 430	325	40	40	P 420	312	60	60	
1047	1	T 428	326	40	40	P 414	312	72	48	
1048	1	T 426	327	40	40	P 414	312	66	66	
1049	1	T 424	328	40	40	P 408	318	72	66	
1050	1	T 422	329	40	40	P 414	312	60	72	
1051	1	T 420	330	40	40	P 408	318	66	66	
1052	1	T 418	331	40	40	P 402	318	72	60	
1053	1	T 416	332	40	40	P 402	318	66	66	
1054	1	T 414	333	40	40	P 402	324	66	60	
1055	1	T 412	334	40	40	P 396	324	72	66	
1056	1	T 410	335	40	40	P 396	330	66	60	
1057	1	T 408	336	40	40	P 396	330	66	54	
1058	1	T 406	337	40	40	P 390	324	66	66	
1059	1	T 404	338	40	40	P 390	324	66	66	
1060	1	T 402	339	40	40	P 390	330	66	54	
1061	1	T 400	340	40	40	P 390	336	66	60	
1062	1	T 398	341	40	40	P 384	324	72	72	
1063	1	T 396	342	40	40	P 390	330	60	66	
1064	1	T 394	343	40	40	P 384	330	66	60	
1065	1	T 392	344	40	40	P 378	330	66	66	
1066	1	T 390	345	40	40	P 378	330	66	72	
1067	1	T 388	346	40	40	P 372	330	72	66	
1068	1	T 386	347	40	40	P 372	336	72	66	
1069	1	T 384	348	40	40	P 372	342	66	54	
1070	1	T 382	349	40	40	P 372	342	66	60	
1071	1	T 380	350	40	40	P 366	336	72	60	
1072	1	T 378	351	40	40	P 366	342	66	60	
1073	1	T 376	352	40	40	P 360	336	66	72	
1074	1	T 374	353	40	40	P 360	336	66	66	
1075	1	T 372	354	40	40	P 360	342	66	60	
1076	1	T 370	355	40	40	P 360	348	66	36	
1077	1	T 368	356	40	40	P 354	342	72	60	
1078	1	T 366	357	40	40	P 354	348	66	60	
1079	1	T 364	358	40	40	P 354	342	66	66	
1080	1	T 362	359	40	40	P 348	348	72	66	
1081	1	T 360	360	40	40	P 348	348	66	66	
1082	1	T 358	361	40	40	P 348	348	66	66	
1083	1	T 356	362	40	40	P 342	348	66	72	
1084	1	T 354	363	40	40	P 342	348	66	54	
1085	1	T 352	364	40	40	P 342	354	66	60	
1086	1	T 350	365	40	40	P 336	354	66	66	
1087	1	T 348	366	40	40	P 336	354	66	66	
1088	1	T 346	367	40	40	P 336	354	60	66	
1089	1	T 344	368	40	40	P 330	354	66	66	
1090	1	T 342	369	40	40	P 330	360	66	66	
1091	1	T 340	370	40	40	P 330	354	66	48	
1092	1	T 338	371	40	40	P 330	360	60	66	
1093	1	T 336	372	40	40	P 324	366	66	60	
1094	2	T 334	373	40	40	P 330	360	54	24	P 330	390	54	30	
1095	1	T 332	374	40	40	P 318	366	66	60	
1096	1	T 330	375	40	40	P 318	366	60	48	
1097	1	T 328	376	40	40	P 312	366	72	66	
1098	1	T 326	377	40	40	P 312	366	66	66	
1099	1	T 324	378	40	40	P 312	366	66	60	
1100	1	T 322	379	40	40	P 306	366	72	66	
1101	1	T 320	380	40	40	P 306	366	66	54	
1102	1	T 318	381	40	40	P 306	366	66	66	
1103	1	T 316	382	40	40	P 306	372	66	60	
1104	1	T 314	383	40	40	P 300	372	66	66	
1105	1	T 312	384	40	40	P 306	372	60	66	
1106	1	T 310	385	40	40	P 294	372	72	66	
1107	1	T 308	386	40	40	P 300	372	60	66	
1108	1	T 306	387	40	40	P 294	372	60	66	
1109	1	T 304	388	40	40	P 294	372	66	72	
1110	1	T 302	389	40	40	P 288	378	66	66	
1111	1	T 300	390	40	40	P 288	378	66	66	
1112	1	T 298	391	40	40	P 288	378	60	66	
1113	1	T 296	392	40	40	P 282	378	72	66	
1114	1	T 294	393	40	40	P 282	378	60	66	
1115	1	T 292	394	40	40	P 276	378	66	66	
1116	1	T 290	395	40	40	P 276	384	72	66	
1117	1	T 288	396	40	40	P 276	384	66	66	
1118	1	T 286	397	40	40	P 270	384	72	66	
1119	1	T 284	398	40	40	P 270	390	60	54	
1120	1	T 282	399	40	40	P 270	390	66	60	
1121	1	T 280	400	40	40	P 264	390	66	60	
1122	1	T 278	401	40	40	P 264	396	66	54	
1123	1	T 276	402	40	40	P 264	396	66	60	
1124	1	T 274	403	40	40	P 264	390	60	66	
1125	1	T 272	404	40	40	P 258	390	60	66	
1126	1	T 270	405	40	40	P 258	396	66	66	
1127	1	T 268	406	40	40	P 258	396	66	60	
1128	1	T 266	407	40	40	P 252	396	66	66	
1129	1	T 264	408	40	40	P 252	396	60	66	
1130	1	T 262	409	40	40	P 252	396	66	60	
1131	1	T 260	410	40	40	P 246	396	66	60	
1132	1	T 258	411	40	40	P 246	396	60	66	
1133	1	T 256	412	40	40	P 246	396	66	72	
1134	1	T 254	413	40	40	P 240	396	66	72	
1135	1	T 252	414	40	40	P 240	402	66	66	
1136	1	T 250	415	40	40	P 240	402	66	66	
1137	1	T 248	416	40	40	P 234	408	72	60	
1138	1	T 246	417	40	40	P 234	408	66	60	
1139	1	T 244	418	40	40	P 234	402	60	66	
1140	1	T 242	419	40	40	P 228	402	66	72	
1141	1	T 240	420	40	40	P 228	408	66	66	
1142	1	T 238	419	40	40	P 228	408	60	66	
1143	1	T 236	418	40	40	P 222	402	66	72	
1144	1	T 234	417	40	40	P 222	402	60	66	
1145	1	T 232	416	40	40	P 216	402	66	54	
1146	1	T 230	415	40	40	P 216	402	60	42	
1147	1	T 228	414	40	40	P 216	402	66	66	
1148	1	T 226	413	40	40	P 216	402	66	66	
1149	1	T 224	412	40	40	P 210	396	72	72	
1150	1	T 222	411	40	40	P 210	396	66	66	
1151	1	T 220	410	40	40	P 210	396	66	72	
1152	1	T 218	409	40	40	P 204	396	66	66	
1153	1	T 216	408	40	40	P 204	396	66	66	
1154	1	T 214	407	40	40	P 198	396	66	66	
1155	1	T 212	406	40	40	P 198	390	72	72	
1156	1	T 210	405	40	40	P 198	396	60	48	
1157	1	T 208	404	40	40	P 198	390	66	72	
1158	1	T 206	403	40	40	P 198	390	60	60	
1159	1	T 204	402	40	40	P 198	390	60	66	
1160	1	T 202	401	40	40	P 186	390	72	66	
1161	1	T 200	400	40	40	P 192	384	60	66	
1162	1	T 198	399	40	40	P 186	390	66	60	
1163	1	T 196	398	40	40	P 180	390	66	60	
1164	1	T 194	397	40	40	P 180	384	66	66	
1165	1	T 192	396	40	40	P 180	390	66	60	
1166	1	T 190	395	40	40	P 180	378	60	72	
1167	1	T 188	394	40	40	P 180	378	60	72	
1168	1	T 186	393	40	40	P 174	378	66	66	
1169	1	T 184	392	40	40	P 174	378	66	66	
1170	1	T 182	391	40	40	P 168	378	72	60	
1171	1	T 180	390	40	40	P 168	378	66	60	
1172	1	T 178	389	40	40	P 162	372	72	60	
1173	1	T 176	388	40	40	P 162	372	60	60	
1174	1	T 174	387	40	40	P 162	378	66	60	
1175	1	T 172	386	40	40	P 156	372	66	66	
1176	1	T 170	385	40	40	P 156	372	66	66	
1177	1	T 168	384	40	40	P 156	372	66	60	
1178	1	T 166	383	40	40	P 156	372	66	66	
1179	1	T 164	382	40	40	P 150	372	66	60	
1180	1	T 162	381	40	40	P 150	366	66	66	
1181	1	T 160	380	40	40	P 150	366	60	66	
1182	1	T 158	379	40	40	P 150	366	60	66	
1183	1	T 156	378	40	40	P 144	366	66	66	
1184	1	T 154	377	40	40	P 138	366	72	66	
1185	1	T 152	376	40	40	P 138	366	66	60	
1186	1	T 150	375	40	40	P 138	360	60	72	
1187	1	T 148	374	40	40	P 138	366	66	60	
1188	1	T 146	373	40	40	P 132	360	66	66	
1189	1	T 144	372	40	40	P 132	360	66	66	
1190	1	T 142	371	40	40	P 132	366	66	60	
1191	1	T 140	370	40	40	P 126	360	66	66	
1192	1	T 138	369	40	40	P 132	354	60	72	
1193	1	T 136	368	40	40	P 120	354	72	54	
1194	1	T 134	367	40	40	P 120	354	66	66	
1195	1	T 132	366	40	40	P 120	354	66	66	
1196	1	T 130	365	40	40	P 120	354	60	60	
1197	1	T 128	364	40	40	P 114	354	72	66	
1198	1	T 126	363	40	40	P 114	348	66	66	
1199	1	T 124	362	40	40	P 114	348	66	66	
1200	1	T 122	361	40	40	P 108	354	66	54	
1201	1	T 120	360	40	40	P 108	354	66	60	
1202	1	T 118	359	40	40	P 108	348	66	60	
1203	1	T 116	358	40	40	P 102	342	66	72	
1204	1	T 114	357	40	40	P 108	348	60	60	
1205	1	T 112	356	40	40	P 102	342	66	66	
1206	1	T 110	355	40	40	P 102	342	60	60	
1207	1	T 108	354	40	40	P 96	342	66	66	
1208	1	T 106	353	40	40	P 90	342	72	66	
1209	1	T 104	352	40	40	P 96	342	60	66	
1210	1	T 102	351	40	40	P 90	336	66	66	
1211	1	T 100	350	40	40	P 90	336	66	66	
1212	1	T 98	349	40	40	P 84	336	66	66	
1213	1	T 96	348	40	40	P 84	336	66	60	
1214	1	T 94	347	40	40	P 84	336	60	66	
1215	1	T 92	346	40	40	P 78	336	66	66	
1216	1	T 90	345	40	40	P 84	336	60	66	
1217	1	T 88	344	40	40	P 72	330	66	66	
1218	1	T 86	343	40	40	P 72	330	66	66	
1219	1	T 84	342	40	40	P 72	330	66	66	
1220	1	T 82	341	40	40	P 66	330	72	60	
1221	1	T 80	340	40	40	P 66	330	66	66	
1222	1	T 78	339	40	40	P 66	324	66	66	
1223	1	T 76	338	40	40	P 66	324	60	72	
1224	1	T 74	337	40	40	P 60	324	72	66	
1225	1	T 72	336	40	40	P 60	324	66	54	
1226	1	T 70	335	40	40	P 54	324	72	66	
1227	1	T 68	334	40	40	P 54	324	72	60	
1228	1	T 66	333	40	40	P 54	318	66	66	
1229	1	T 64	332	40	40	P 48	318	72	72	
1230	1	T 62	331	40	40	P 48	318	66	60	
1231	1	T 60	330	40	40	P 48	318	66	66	
1232	1	T 58	329	40	40	P 42	318	72	60	
1233	1	T 56	328	40	40	P 48	312	60	72	
1234	1	T 54	327	40	40	P 42	312	66	72	
1235	1	T 52	326	40	40	P 42	312	60	66	
1236	1	T 50	325	40	40	P 36	318	66	60	
1237	1	T 48	324	40	40	P 36	312	66	66	
1238	1	T 46	323	40	40	P 30	306	72	72	
1239	1	T 44	322	40	40	P 30	312	66	60	
1240	1	T 42	321	40	40	P 30	312	66	60	
1241	1	T 40	320	40	40	P 24	306	66	60	
1242	1	T 38	319	40	40	P 24	306	72	66	
1243	1	T 36	318	40	40	P 24	306	66	66	
1244	1	T 34	317	40	40	P 18	306	66	60	
1245	1	T 32	316	40	40	P 18	306	66	66	
1246	1	T 30	315	40	40	P 18	300	66	66	
1247	1	T 28	314	40	40	P 12	300	72	66	
1248	1	T 26	313	40	40	P 12	300	72	60	
1249	1	T 24	312	40	40	P 12	300	66	66	
1250	1	T 22	311	40	40	P 12	294	60	72	
1251	1	T 20	310	40	40	P 6	300	66	66	
1252	1	T 22	309	40	40	P 12	294	66	66	
1253	1	T 24	308	40	40	P 12	294	60	66	
1254	1	T 26	307	40	40	P 12	300	66	60	
1255	1	T 28	306	40	40	P 12	294	72	66	
1256	1	T 30	305	40	40	P 18	294	66	60	
1257	1	T 32	304	40	40	P 18	294	66	54	
1258	1	T 34	303	40	40	P 24	288	66	72	
1259	1	T 36	302	40	40	P 24	294	66	54	
1260	1	T 38	301	40	40	P 24	294	66	60	
1261	1	T 40	300	40	40	P 24	288	72	60	
1262	1	T 42	299	40	40	P 36	288	54	60	
1263	1	T 44	298	40	40	P 30	288	66	66	
1264	1	T 46	297	40	40	P 30	288	72	60	
1265	1	T 48	296	40	40	P 36	282	66	66	
1266	1	T 50	295	40	40	P 36	282	72	66	
1267	1	T 52	294	40	40	P 36	282	72	66	
1268	1	T 54	293	40	40	P 48	282	60	66	
1269	1	T 56	292	40	40	P 42	276	72	72	
1270	1	T 58	291	40	40	P 48	282	66	60	
1271	1	T 60	290	40	40	P 48	282	66	60	
1272	1	T 62	289	40	40	P 48	276	72	60	
1273	1	T 64	288	40	40	P 48	276	66	60	
1274	1	T 66	287	40	40	P 54	270	66	66	
1275	1	T 68	286	40	40	P 54	270	66	72	
1276	1	T 70	285	40	40	P 60	270	66	72	
1277	1	T 72	284	40	40	P 60	270	60	66	
1278	1	T 74	283	40	40	P 60	270	66	66	
1279	1	T 76	282	40	40	P 60	276	72	60	
1280	1	T 78	281	40	40	P 72	264	60	66	
1281	1	T 80	280	40	40	P 66	270	66	60	
1282	1	T 82	279	40	40	P 72	264	66	72	
1283	1	T 84	278	40	40	P 66	264	72	66	
1284	1	T 86	277	40	40	P 72	264	66	66	
1285	1	T 88	276	40	40	P 72	264	72	66	
1286	1	T 90	275	40	40	P 78	264	66	66	
1287	1	T 92	274	40	40	P 78	258	66	72	
1288	1	T 94	273	40	40	P 84	258	66	72	
1289	1	T 96	272	40	40	P 90	258	60	66	
1290	1	T 98	271	40	40	P 90	258	60	66	
1291	1	T 100	270	40	40	P 90	258	66	66	
1292	1	T 102	269	40	40	P 90	258	66	60	
1293	1	T 104	268	40	40	P 96	258	60	66	
1294	1	T 106	267	40	40	P 96	252	66	66	
1295	1	T 108	266	40	40	P 96	252	66	66	
1296	1	T 110	265	40	40	P 96	252	66	66	
1297	1	T 112	264	40	40	P 102	252	66	66	
1298	1	T 114	263	40	40	P 102	252	66	54	
1299	1	T 116	262	40	40	P 102	252	66	54	
1300	1	T 118	261	40	40	P 108	246	66	60	
1301	1	T 120	260	40	40	P 108	246	66	66	
1302	1	T 122	259	40	40	P 108	246	72	66	
1303	2	T 124	258	40	40	P 120	276	54	36	P 132	246	42	24	
1304	1	T 126	257	40	40	P 114	246	66	66	
1305	1	T 128	256	40	40	P 114	246	66	60	
1306	2	T 130	255	40	40	P 114	264	12	12	P 132	240	54	66	
1307	1	T 132	254	40	40	P 120	240	66	66	
1308	1	T 134	253	40	40	P 120	246	72	54	
1309	1	T 136	252	40	40	P 126	240	66	66	
1310	1	T 138	251	40	40	P 126	240	66	66	
1311	1	T 140	250	40	40	P 126	240	66	66	
1312	1	T 142	249	40	40	P 132	234	66	72	
1313	1	T 144	248	40	40	P 132	240	60	60	
1314	1	T 146	247	40	40	P 132	234	66	66	
1315	1	T 148	246	40	40	P 138	234	60	66	
1316	1	T 150	245	40	40	P 138	234	66	66	
1317	1	T 152	244	40	40	P 138	228	66	48	
1318	1	T 154	243	40	40	P 144	228	66	54	
1319	1	T 156	242	40	40	P 144	234	66	60	
1320	1	T 158	241	40	40	P 150	228	60	66	
1321	1	T 160	240	40	40	P 150	228	60	66	
1322	1	T 162	239	40	40	P 156	228	60	60	
1323	1	T 164	238	40	40	P 150	222	72	48	
1324	2	T 166	237	40	40	P 162	246	60	30	P 168	228	18	12	
1325	1	T 168	236	40	40	P 156	222	66	66	
1326	1	T 170	235	40	40	P 156	222	66	66	
1327	1	T 172	234	40	40	P 162	228	66	54	
1328	1	T 174	233	40	40	P 162	222	66	66	
1329	1	T 176	232	40	40	P 168	216	60	66	
1330	1	T 178	231	40	40	P 168	216	60	66	
1331	1	T 180	230	40	40	P 168	216	66	66	
1332	1	T 182	229	40	40	P 174	216	60	54	
1333	1	T 184	228	40	40	P 174	216	66	66	
1334	1	T 186	227	40	40	P 174	216	66	60	
1335	1	T 188	226	40	40	P 174	216	66	66	
1336	1	T 190	225	40	40	P 180	210	66	72	
1337	1	T 192	224	40	40	P 180	216	66	66	
1338	1	T 194	223	40	40	P 186	210	60	66	
1339	1	T 196	222	40	40	P 180	210	66	60	
1340	1	T 198	221	40	40	P 186	204	66	66	
1341	1	T 200	220	40	40	P 186	204	72	72	
1342	1	T 202	219	40	40	P 192	210	66	60	
1343	1	T 204	218	40	40	P 192	204	66	66	
1344	1	T 206	217	40	40	P 192	204	66	60	
1345	1	T 208	216	40	40	P 198	204	66	66	
1346	1	T 210	215	40	40	P 198	204	60	60	
1347	1	T 212	214	40	40	P 198	204	66	66	
1348	1	T 214	213	40	40	P 204	204	66	66	
1349	1	T 216	212	40	40	P 210	198	54	66	
1350	1	T 218	211	40	40	P 204	198	72	66	
1351	1	T 220	210	40	40	P 204	198	60	60	
1352	1	T 222	209	40	40	P 210	192	66	66	
1353	1	T 224	208	40	40	P 210	192	72	72	
1354	1	T 226	207	40	40	P 210	204	66	54	
1355	1	T 228	206	40	40	P 216	192	66	66	
1356	1	T 230	205	40	40	P 216	192	66	36	
1357	1	T 232	204	40	40	P 216	192	72	60	
1358	1	T 234	203	40	40	P 222	192	66	66	
1359	1	T 236	202	40	40	P 222	192	66	66	
1360	1	T 238	201	40	40	P 228	186	66	72	
1361	1	T 240	200	40	40	P 228	186	66	36	
1362	1	T 242	199	40	40	P 234	186	60	66	
1363	1	T 244	198	40	40	P 234	186	66	60	
1364	1	T 246	197	40	40	P 234	186	60	60	
1365	1	T 248	196	40	40	P 234	186	72	66	
1366	1	T 250	195	40	40	P 234	180	72	66	
1367	1	T 252	194	40	40	P 240	180	66	66	
1368	1	T 254	193	40	40	P 240	180	66	66	
1369	1	T 256	192	40	40	P 240	180	66	60	
1370	1	T 258	191	40	40	P 246	180	60	66	
1371	1	T 260	190	40	40	P 246	174	66	60	
1372	2	T 262	189	40	40	P 252	186	66	36	P 258	180	18	12	
1373	1	T 264	188	40	40	P 252	174	66	72	
1374	1	T 266	187	40	40	P 258	174	60	66	
1375	1	T 268	186	40	40	P 258	174	66	66	
1376	1	T 270	185	40	40	P 264	174	60	60	
1377	1	T 272	184	40	40	P 258	168	66	72	
1378	1	T 274	183	40	40	P 264	168	66	66	
1379	1	T 276	182	40	40	P 264	174	66	60	
1380	1	T 278	181	40	40	P 264	168	66	66	
1381	1	T 280	180	40	40	P 264	168	66	66	
1382	1	T 282	179	40	40	P 270	168	66	60	
1383	1	T 284	178	40	40	P 270	162	66	48	
1384	1	T 286	177	40	40	P 276	162	66	66	
1385	1	T 288	176	40	40	P 276	162	66	66	
1386	1	T 290	175	40	40	P 276	162	66	66	
1387	1	T 292	174	40	40	P 276	162	66	66	
1388	1	T 294	173	40	40	P 288	156	60	72	
1389	1	T 296	172	40	40	P 282	162	66	66	
1390	1	T 298	171	40	40	P 282	156	66	66	
1391	1	T 300	170	40	40	P 288	156	66	66	
1392	1	T 302	169	40	40	P 288	162	66	60	
1393	1	T 304	168	40	40	P 288	162	72	60	
1394	2	T 306	167	40	40	P 294	156	66	36	P 306	198	48	24	
1395	1	T 308	166	40	40	P 300	156	60	60	
1396	1	T 310	165	40	40	P 294	156	72	60	
1397	1	T 312	164	40	40	P 300	150	66	60	
1398	1	T 314	163	40	40	P 306	156	66	48	
1399	1	T 316	162	40	40	P 300	150	72	66	
1400	1	T 318	161	40	40	P 306	150	66	60	
1401	1	T 320	160	40	40	P 306	144	66	72	
1402	1	T 322	159	40	40	P 306	150	72	60	
1403	1	T 324	158	40	40	P 312	150	66	60	
1404	1	T 326	157	40	40	P 312	144	72	60	
1405	1	T 328	156	40	40	P 318	144	66	66	
1406	1	T 330	155	40	40	P 318	144	66	66	
1407	1	T 332	154	40	40	P 324	138	60	72	
1408	1	T 334	153	40	40	P 324	138	66	72	
1409	1	T 336	152	40	40	P 324	138	66	72	
1410	1	T 338	151	40	40	P 324	138	66	60	
1411	1	T 340	150	40	40	P 330	138	60	54	
1412	1	T 342	149	40	40	P 330	138	66	66	
1413	1	T 344	148	40	40	P 336	138	60	60	
1414	1	T 346	147	40	40	P 330	138	72	66	
1415	1	T 348	146	40	40	P 336	132	66	72	
1416	1	T 350	145	40	40	P 336	132	66	60	
1417	1	T 352	144	40	40	P 342	132	66	66	
1418	1	T 354	143	40	40	P 342	132	66	60	
1419	1	T 356	142	40	40	P 342	126	66	66	
1420	1	T 358	141	40	40	P 348	132	60	60	
1421	1	T 360	140	40	40	P 348	126	66	66	
1422	1	T 362	139	40	40	P 354	126	60	66	
1423	1	T 364	138	40	40	P 354	126	66	66	
1424	1	T 366	137	40	40	P 360	126	60	66	
1425	1	T 368	136	40	40	P 354	120	60	72	
1426	1	T 370	135	40	40	P 354	120	72	66	
1427	1	T 372	134	40	40	P 360	126	66	48	
1428	1	T 374	133	40	40	P 360	120	66	42	
1429	1	T 376	132	40	40	P 366	126	66	60	
1430	1	T 378	131	40	40	P 366	114	72	72	
1431	1	T 380	130	40	40	P 366	120	66	60	
1432	1	T 382	129	40	40	P 372	114	66	66	
1433	1	T 384	128	40	40	P 372	114	66	66	
1434	1	T 386	127	40	40	P 372	114	66	66	
1435	1	T 388	126	40	40	P 378	114	60	66	
1436	1	T 390	125	40	40	P 378	108	60	72	
1437	1	T 392	124	40	40	P 384	114	66	60	
1438	1	T 394	123	40	40	P 384	114	66	60	
1439	1	T 396	122	40	40	P 384	114	66	60	
1440	1	T 398	121	40	40	P 384	108	66	60	
1441	1	T 400	120	40	40	P 390	108	66	60	
1442	1	T 402	119	40	40	P 390	108	66	66	
1443	1	T 404	118	40	40	P 390	108	60	66	
1444	1	T 406	117	40	40	P 390	108	66	60	
1445	1	T 408	116	40	40	P 396	102	66	66	
1446	1	T 410	115	40	40	P 402	102	60	66	
1447	1	T 412	114	40	40	P 402	102	60	66	
1448	1	T 414	113	40	40	P 402	102	66	60	
1449	1	T 416	112	40	40	P 402	102	66	60	
1450	1	T 418	111	40	40	P 408	96	66	72	
1451	1	T 420	110	40	40	P 414	96	60	60	
1452	1	T 422	109	40	40	P 408	96	66	66	
1453	1	T 424	108	40	40	P 414	102	66	60	
1454	1	T 426	107	40	40	P 420	90	60	66	
1455	1	T 428	106	40	40	P 414	96	66	66	
1456	1	T 430	105	40	40	P 420	90	60	66	
1457	1	T 432	104	40	40	P 426	90	60	66	
1458	1	T 434	103	40	40	P 420	90	66	60	
1459	1	T 436	102	40	40	P 420	90	72	66	
1460	1	T 438	101	40	40	P 426	90	66	60	
1461	1	T 440	100	40	40	P 432	90	60	60	
1462	1	T 442	99	40	40	P 432	84	66	60	
1463	1	T 444	98	40	40	P 432	84	66	36	
1464	1	T 446	97	40	40	P 432	84	66	60	
1465	1	T 448	96	40	40	P 444	84	60	66	
1466	1	T 450	95	40	40	P 438	84	66	66	
1467	1	T 452	94	40	40	P 444	78	60	66	
1468	1	T 454	93	40	40	P 444	78	66	66	
1469	1	T 456	92	40	40	P 444	78	66	54	
1470	1	T 458	91	40	40	P 444	78	66	66	
1471	1	T 460	90	40	40	P 444	78	72	66	
1472	1	T 462	89	40	40	P 450	72	66	72	
1473	1	T 464	88	40	40	P 450	78	66	60	
1474	1	T 466	87	40	40	P 450	72	66	66	
1475	1	T 468	86	40	40	P 456	72	66	72	
1476	1	T 470	85	40	40	P 456	72	66	66	
1477	1	T 472	84	40	40	P 456	72	66	60	
1478	1	T 474	83	40	40	P 462	66	66	72	
1479	1	T 476	82	40	40	P 462	72	66	66	
1480	1	T 478	81	40	40	P 468	66	60	66	
1481	1	T 480	80	40	40	P 468	66	66	66	
1482	1	T 482	79	40	40	P 468	66	66	66	
1483	1	T 484	78	40	40	P 468	72	72	54	
1484	1	T 486	77	40	40	P 474	66	66	66	
1485	1	T 488	76	40	40	P 474	66	66	60	
1486	1	T 490	75	40	40	P 480	66	66	66	
1487	1	T 492	74	40	40	P 486	60	54	66	
1488	1	T 494	73	40	40	P 480	60	66	66	
1489	1	T 496	72	40	40	P 486	60	66	60	
1490	1	T 498	71	40	40	P 486	60	66	66	
1491	1	T 500	70	40	40	P 486	60	60	36	
1492	1	T 502	69	40	40	P 486	54	72	72	
1493	1	T 504	68	40	40	P 492	60	66	60	
1494	1	T 506	67	40	40	P 492	54	66	54	
1495	1	T 508	66	40	40	P 492	60	72	60	
1496	1	T 510	65	40	40	P 504	54	60	66	
1497	1	T 512	64	40	40	P 504	54	60	66	
1498	1	T 514	63	40	40	P 504	48	66	72	
1499	1	T 516	62	40	40	P 504	48	66	66	
1500	1	T 518	61	40	40	P 510	48	66	66	
1501	1	T 520	60	40	40	P 504	48	72	66	
1502	1	T 522	59	40	40	P 510	54	66	54	
1503	1	T 524	58	40	40	P 516	48	60	42	
1504	1	T 526	57	40	40	P 516	42	66	60	
1505	1	T 528	56	40	40	P 516	42	66	60	
1506	1	T 530	55	40	40	P 516	42	66	66	
1507	1	T 532	54	40	40	P 522	42	60	66	
1508	1	T 534	53	40	40	P 522	42	66	60	
1509	1	T 536	52	40	40	P 522	36	66	72	
1510	1	T 538	51	40	40	P 522	42	72	60	
1511	1	T 540	50	40	40	P 528	36	60	54	
1512	1	T 542	49	40	40	P 528	42	66	60	
1513	1	T 544	48	40	40	P 528	42	72	60	
1514	1	T 546	47	40	40	P 534	36	60	66	
1515	1	T 548	46	40	40	P 534	36	66	66	
1516	1	T 550	45	40	40	P 540	30	60	66	
1517	1	T 552	44	40	40	P 540	30	66	60	
1518	1	T 554	43	40	40	P 540	30	66	66	
1519	1	T 556	42	40	40	P 546	30	60	66	
1520	1	T 558	41	40	40	P 546	30	66	60	
1521	1	T 560	40	40	40	P 546	30	66	60	
1522	1	T 562	39	40	40	P 546	24	72	66	
1523	1	T 564	38	40	40	P 552	24	66	66	
1524	1	T 566	37	40	40	P 552	30	72	60	
1525	1	T 568	36	40	40	P 552	24	72	66	
1526	1	T 570	35	40	40	P 558	24	66	66	
1527	1	T 572	34	40	40	P 558	24	66	66	
1528	1	T 574	33	40	40	P 558	18	72	72	
1529	1	T 576	32	40	40	P 564	24	66	60	
1530	1	T 578	31	40	40	P 564	18	66	66	
1531	1	T 580	30	40	40	P 564	18	72	60	
1532	1	T 582	29	40	40	P 570	18	66	60	
1533	1	T 584	28	40	40	P 576	18	60	60	
1534	1	T 586	27	40	40	P 570	12	66	66	
1535	1	T 588	26	40	40	P 576	18	66	66	
1536	1	T 590	25	40	40	P 576	12	60	60	
1537	1	T 592	24	40	40	P 582	12	66	60	
1538	1	T 594	23	40	40	P 582	12	66	66	
1539	1	T 596	22	40	40	P 588	12	60	66	
1540	1	T 598	21	40	40	P 588	6	66	72	
1541	1	T 600	20	40	40	P 588	6	66	66	
1542	1	T 602	21	40	40	P 588	6	72	66	
1543	1	T 604	22	40	40	P 588	12	72	66	
1544	1	T 606	23	40	40	P 600	6	60	72	
1545	1	T 608	24	40	40	P 594	12	66	66	
1546	1	T 610	25	40	40	P 594	18	66	42	
1547	1	T 612	26	40	40	P 600	12	66	72	
1548	1	T 614	27	40	40	P 600	12	66	72	
1549	1	T 616	28	40	40	P 606	18	60	66	
1550	1	T 618	29	40	40	P 606	18	66	66	
1551	1	T 620	30	40	40	P 606	24	72	60	
1552	1	T 622	31	40	40	P 612	18	60	36	
1553	1	T 624	32	40	40	P 618	18	54	66	
1554	1	T 626	33	40	40	P 612	18	72	66	
1555	1	T 628	34	40	40	P 618	24	66	66	
1556	1	T 630	35	40	40	P 624	18	60	72	
1557	1	T 632	36	40	40	P 618	24	66	54	
1558	1	T 634	37	40	40	P 624	24	66	66	
1559	1	T 636	38	40	40	P 624	24	60	60	
1560	1	T 638	39	40	40	P 624	24	66	66	
1561	1	T 640	40	40	40	P 636	30	60	66	
1562	1	T 642	41	40	40	P 630	30	66	66	
1563	1	T 644	42	40	40	P 630	30	72	66	
1564	1	T 646	43	40	40	P 636	30	66	66	
1565	1	T 648	44	40	40	P 636	30	66	66	
1566	1	T 650	45	40	40	P 636	36	66	66	
1567	1	T 652	46	40	40	P 636	30	72	72	
1568	1	T 654	47	40	40	P 642	42	66	60	
1569	1	T 656	48	40	40	P 642	36	66	66	
1570	1	T 658	49	40	40	P 648	36	66	66	
1571	1	T 660	50	40	40	P 648	36	66	66	
1572	1	T 658	51	40	40	P 654	36	60	66	
1573	2	T 656	52	40	40	P 648	36	60	42	P 648	60	12	12	
1574	1	T 654	53	40	40	P 642	42	66	66	
1575	1	T 652	54	40	40	P 642	42	66	66	
1576	1	T 650	55	40	40	P 636	42	66	66	
1577	1	T 648	56	40	40	P 636	48	66	54	
1578	1	T 646	57	40	40	P 642	42	60	54	
1579	1	T 644	58	40	40	P 636	54	66	60	
1580	1	T 642	59	40	40	P 630	42	66	72	
1581	1	T 640	60	40	40	P 630	54	60	60	
1582	1	T 638	61	40	40	P 624	48	66	66	
1583	1	T 636	62	40	40	P 624	48	66	72	
1584	1	T 634	63	40	40	P 618	60	66	60	
1585	1	T 632	64	40	40	P 618	54	66	66	
1586	1	T 630	65	40	40	P 618	54	66	60	
1587	1	T 628	66	40	40	P 612	54	72	66	
1588	1	T 626	67	40	40	P 618	54	60	66	
1589	1	T 624	68	40	40	P 612	54	60	66	
1590	1	T 622	69	40	40	P 612	54	66	66	
1591	1	T 620	70	40	40	P 606	60	66	66	
1592	1	T 618	71	40	40	P 606	54	60	66	
1593	1	T 616	72	40	40	P 600	66	66	54	
1594	1	T 614	73	40	40	P 600	60	66	60	
1595	1	T 612	74	40	40	P 600	60	60	66	
1596	1	T 610	75	40	40	P 600	60	66	66	
1597	1	T 608	76	40	40	P 600	66	60	66	
1598	1	T 606	77	40	40	P 594	66	66	60	
1599	1	T 604	78	40	40	P 594	72	66	36	
1600	1	T 602	79	40	40	P 588	66	66	66	
1601	1	T 600	80	40	40	P 588	72	66	60	
1602	1	T 598	81	40	40	P 582	66	72	66	
1603	1	T 596	82	40	40	P 582	72	72	60	
1604	1	T 594	83	40	40	P 582	72	66	66	
1605	1	T 592	84	40	40	P 582	72	66	66	
1606	1	T 590	85	40	40	P 576	72	66	66	
1607	1	T 588	86	40	40	P 576	72	66	66	
1608	1	T 586	87	40	40	P 570	78	72	66	
1609	1	T 584	88	40	40	P 570	78	60	66	
1610	1	T 582	89	40	40	P 576	84	60	60	
1611	1	T 580	90	40	40	P 570	78	66	66	
1612	1	T 578	91	40	40	P 570	78	60	66	
1613	1	T 576	92	40	40	P 564	84	66	60	
1614	1	T 574	93	40	40	P 558	84	72	66	
1615	1	T 572	94	40	40	P 564	78	60	72	
1616	1	T 570	95	40	40	P 558	84	66	54	
1617	1	T 568	96	40	40	P 558	84	66	60	
1618	1	T 566	97	40	40	P 552	90	66	60	
1619	1	T 564	98	40	40	P 552	90	66	66	
1620	1	T 562	99	40	40	P 552	84	60	72	
1621	1	T 560	100	40	40	P 546	84	66	72	
1622	1	T 558	101	40	40	P 546	84	60	66	
1623	1	T 556	102	40	40	P 546	90	66	36	
1624	1	T 554	103	40	40	P 540	90	66	66	
1625	1	T 552	104	40	40	P 540	96	66	54	
1626	1	T 550	105	40	40	P 534	90	66	72	
1627	1	T 548	106	40	40	P 534	96	66	66	
1628	1	T 546	107	40	40	P 534	102	66	54	
1629	1	T 544	108	40	40	P 534	96	60	66	
1630	1	T 542	109	40	40	P 528	96	72	66	
1631	1	T 540	110	40	40	P 528	96	60	66	
1632	1	T 538	111	40	40	P 522	96	72	66	
1633	1	T 536	112	40	40	P 522	102	66	42	
1634	1	T 534	113	40	40	P 522	96	66	72	
1635	1	T 532	114	40	40	P 516	102	72	60	
1636	1	T 530	115	40	40	P 516	102	66	42	
1637	1	T 528	116	40	40	P 516	102	66	66	
1638	1	T 526	117	40	40	P 510	102	66	66	
1639	1	T 524	118	40	40	P 510	108	66	66	
1640	1	T 522	119	40	40	P 510	102	66	66	
1641	2	T 520	120	40	40	P 516	108	54	36	P 516	150	54	24	
1642	1	T 518	121	40	40	P 504	108	66	66	
1643	1	T 516	122	40	40	P 504	114	66	66	
1644	1	T 514	123	40	40	P 498	114	66	60	
1645	1	T 512	124	40	40	P 498	114	66	66	
1646	1	T 510	125	40	40	P 498	108	66	72	
1647	1	T 508	126	40	40	P 498	114	60	66	
1648	1	T 506	127	40	40	P 492	114	66	60	
1649	1	T 504	128	40	40	P 492	114	60	66	
1650	1	T 502	129	40	40	P 486	114	66	60	
1651	1	T 500	130	40	40	P 486	120	72	66	
1652	1	T 498	131	40	40	P 486	120	66	66	
1653	1	T 496	132	40	40	P 486	120	60	66	
1654	1	T 494	133	40	40	P 480	120	66	66	
1655	1	T 492	134	40	40	P 480	120	60	48	
1656	1	T 490	135	40	40	P 474	126	66	66	
1657	1	T 488	136	40	40	P 474	120	66	66	
1658	1	T 486	137	40	40	P 474	126	66	60	
1659	1	T 484	138	40	40	P 468	126	66	66	
1660	1	T 482	139	40	40	P 468	126	66	66	
1661	1	T 480	140	40	40	P 474	126	60	66	
1662	1	T 478	141	40	40	P 468	132	60	66	
1663	1	T 476	142	40	40	P 462	132	66	60	
1664	1	T 474	143	40	40	P 462	132	66	66	
1665	1	T 472	144	40	40	P 462	132	66	66	
1666	1	T 470	145	40	40	P 456	132	66	54	
1667	1	T 468	146	40	40	P 456	132	66	60	
1668	1	T 466	147	40	40	P 450	138	72	48	
1669	1	T 464	148	40	40	P 450	132	72	66	
1670	1	T 462	149	40	40	P 456	138	60	66	
1671	1	T 460	150	40	40	P 450	138	66	66	
1672	1	T 458	151	40	40	P 444	138	66	66	
1673	1	T 456	152	40	40	P 444	138	66	66	
1674	1	T 454	153	40	40	P 444	138	60	66	
1675	1	T 452	154	40	40	P 438	138	66	72	
1676	1	T 450	155	40	40	P 438	144	66	66	
1677	1	T 448	156	40	40	P 438	144	66	66	
1678	1	T 446	157	40	40	P 432	150	66	60	
1679	1	T 444	158	40	40	P 432	144	60	54	
1680	3	T 442	159	40	40	P 444	150	12	12	P 444	168	54	42	P 462	150	24	12	
1681	1	T 440	160	40	40	P 426	150	72	66	
1682	1	T 438	161	40	40	P 426	156	66	60	
1683	1	T 436	162	40	40	P 426	150	66	60	
1684	1	T 434	163	40	40	P 426	150	60	60	
1685	1	T 432	164	40	40	P 420	150	66	66	
1686	1	T 430	165	40	40	P 414	150	72	66	
1687	1	T 428	166	40	40	P 414	150	66	66	
1688	1	T 426	167	40	40	P 414	156	66	60	
1689	1	T 424	168	40	40	P 414	156	60	54	
1690	1	T 422	169	40	40	P 408	156	66	60	
1691	1	T 420	170	40	40	P 408	162	66	60	
1692	1	T 418	171	40	40	P 408	156	66	72	
1693	1	T 416	172	40	40	P 402	162	66	60	
1694	1	T 414	173	40	40	P 402	168	66	60	
1695	1	T 412	174	40	40	P 396	162	72	66	
1696	1	T 410	175	40	40	P 396	162	66	66	
1697	1	T 408	176	40	40	P 396	162	66	72	
1698	1	T 406	177	40	40	P 402	162	60	66	
1699	1	T 404	178	40	40	P 390	168	72	60	
1700	1	T 402	179	40	40	P 390	168	66	66	
1701	1	T 400	180	40	40	P 390	168	66	66	
1702	1	T 398	181	40	40	P 384	168	72	66	
1703	1	T 396	182	40	40	P 384	168	60	72	
1704	1	T 394	183	40	40	P 378	168	66	72	
1705	1	T 392	184	40	40	P 384	168	60	66	
1706	1	T 390	185	40	40	P 378	168	60	72	
1707	1	T 388	186	40	40	P 372	180	72	60	
1708	1	T 386	187	40	40	P 372	174	66	66	
1709	1	T 384	188	40	40	P 372	174	66	72	
1710	1	T 382	189	40	40	P 372	174	66	60	
1711	1	T 380	190	40	40	P 366	180	66	60	
1712	1	T 378	191	40	40	P 366	180	66	54	
1713	2	T 376	192	40	40	P 360	180	66	36	P 384	222	30	24	
1714	1	T 374	193	40	40	P 360	180	60	36	
1715	1	T 372	194	40	40	P 360	180	66	72	
1716	1	T 370	195	40	40	P 360	180	66	72	
1717	1	T 368	196	40	40	P 360	186	60	66	
1718	1	T 366	197	40	40	P 354	180	66	72	
1719	1	T 364	198	40	40	P 348	186	72	66	
1720	1	T 362	199	40	40	P 348	186	60	66	
1721	1	T 360	200	40	40	P 348	186	66	66	
1722	1	T 358	201	40	40	P 348	192	60	66	
1723	1	T 356	202	40	40	P 342	186	66	72	
1724	1	T 354	203	40	40	P 342	192	66	66	
1725	1	T 352	204	40	40	P 342	192	60	60	
1726	1	T 350	205	40	40	P 336	198	66	42	
1727	1	T 348	206	40	40	P 336	192	66	66	
1728	1	T 346	207	40	40	P 336	192	60	72	
1729	1	T 344	208	40	40	P 330	192	66	72	
1730	1	T 342	209	40	40	P 330	192	66	72	
1731	1	T 340	210	40	40	P 330	198	66	54	
1732	1	T 338	211	40	40	P 324	204	66	54	
1733	1	T 336	212	40	40	P 324	198	66	72	
1734	1	T 334	213	40	40	P 318	198	72	72	
1735	1	T 332	214	40	40	P 318	198	66	60	
1736	1	T 330	215	40	40	P 318	204	66	60	
1737	1	T 328	216	40	40	P 312	210	72	60	
1738	1	T 326	217	40	40	P 318	210	60	54	
1739	1	T 324	218	40	40	P 312	204	66	66	
1740	1	T 322	219	40	40	P 306	204	72	72	
1741	1	T 320	220	40	40	P 306	210	66	66	
1742	1	T 318	221	40	40	P 306	210	66	66	
1743	1	T 316	222	40	40	P 306	210	66	66	
1744	3	T 314	223	40	40	P 300	246	66	30	P 306	210	30	24	P 342	216	24	24	
1745	1	T 312	224	40	40	P 300	216	60	54	
1746	1	T 310	225	40	40	P 300	210	54	60	
1747	1	T 308	226	40	40	P 294	216	66	66	
1748	1	T 306	227	40	40	P 294	216	66	60	
1749	1	T 304	228	40	40	P 288	222	66	60	
1750	1	T 302	229	40	40	P 294	216	60	66	
1751	1	T 300	230	40	40	P 288	222	66	66	
1752	1	T 298	231	40	40	P 288	216	66	72	
1753	1	T 296	232	40	40	P 288	216	66	66	
1754	1	T 294	233	40	40	P 276	222	72	60	
1755	1	T 292	234	40	40	P 282	222	66	66	
1756	1	T 290	235	40	40	P 276	222	72	60	
1757	1	T 288	236	40	40	P 276	222	66	66	
1758	1	T 286	237	40	40	P 276	222	66	72	
1759	1	T 284	238	40	40	P 276	228	60	60	
1760	1	T 282	239	40	40	P 270	222	66	72	
1761	2	T 280	240	40	40	P 270	228	48	30	P 282	270	42	24	
1762	1	T 278	241	40	40	P 264	228	66	66	
1763	1	T 276	242	40	40	P 264	228	66	66	
1764	1	T 274	243	40	40	P 258	234	72	48	
1765	1	T 272	244	40	40	P 258	228	66	72	
1766	1	T 270	245	40	40	P 258	234	66	66	
1767	1	T 268	246	40	40	P 258	234	60	60	
1768	1	T 266	247	40	40	P 252	234	66	66	
1769	1	T 264	248	40	40	P 252	234	66	66	
1770	1	T 262	249	40	40	P 246	234	72	72	
1771	1	T 260	250	40	40	P 246	240	66	66	
1772	1	T 258	251	40	40	P 246	234	60	66	
1773	1	T 256	252	40	40	P 246	246	66	60	
1774	1	T 254	253	40	40	P 240	240	66	60	
1775	1	T 252	254	40	40	P 240	246	66	60	
1776	1	T 250	255	40	40	P 240	240	66	72	
1777	1	T 248	256	40	40	P 234	240	66	72	
1778	1	T 246	257	40	40	P 234	246	66	66	
1779	2	T 244	258	40	40	P 234	246	60	24	P 240	288	48	24	
1780	1	T 242	259	40	40	P 228	246	66	60	
1781	2	T 240	260	40	40	P 228	252	60	30	P 252	288	36	18	
1782	2	T 238	261	40	40	P 222	252	36	48	P 264	252	30	60	
1783	1	T 236	262	40	40	P 222	252	66	66	
1784	1	T 234	263	40	40	P 228	252	60	66	
1785	1	T 232	264	40	40	P 222	252	66	66	
1786	1	T 230	265	40	40	P 216	252	72	66	
1787	1	T 228	266	40	40	P 216	252	60	72	
1788	1	T 226	267	40	40	P 216	252	60	72	
1789	1	T 224	268	40	40	P 216	252	60	66	
1790	1	T 222	269	40	40	P 210	258	66	60	
1791	1	T 220	270	40	40	P 210	258	66	30	
1792	1	T 218	271	40	40	P 204	258	66	60	
1793	1	T 216	272	40	40	P 204	258	66	72	
1794	1	T 214	273	40	40	P 204	258	66	72	
1795	1	T 212	274	40	40	P 198	264	66	66	
1796	1	T 210	275	40	40	P 198	264	66	66	
1797	1	T 208	276	40	40	P 198	264	60	66	
1798	1	T 206	277	40	40	P 192	264	60	66	
1799	1	T 204	278	40	40	P 198	270	60	66	
1800	1	T 202	279	40	40	P 192	264	66	66	
1801	1	T 200	280	40	40	P 186	270	66	60	
1802	1	T 198	281	40	40	P 186	270	66	66	
1803	1	T 196	282	40	40	P 186	270	66	60	
1804	1	T 194	283	40	40	P 186	270	54	66	
1805	1	T 192	284	40	40	P 180	270	66	66	
1806	1	T 190	285	40	40	P 180	270	60	54	
1807	1	T 188	286	40	40	P 174	276	72	66	
1808	1	T 186	287	40	40	P 174	276	66	66	
1809	1	T 184	288	40	40	P 174	276	60	66	
1810	1	T 182	289	40	40	P 168	276	66	66	
1811	1	T 180	290	40	40	P 168	276	60	66	
1812	1	T 178	291	40	40	P 168	282	66	60	
1813	1	T 176	292	40	40	P 162	282	66	66	
1814	1	T 174	293	40	40	P 162	276	66	72	
1815	1	T 172	294	40	40	P 156	288	72	60	
1816	1	T 170	295	40	40	P 156	282	60	66	
1817	1	T 168	296	40	40	P 156	282	66	60	
1818	1	T 166	297	40	40	P 156	288	66	66	
1819	1	T 164	298	40	40	P 150	288	66	60	
1820	1	T 162	299	40	40	P 150	288	66	66	
1821	1	T 160	300	40	40	P 144	288	66	66	
1822	1	T 158	301	40	40	P 144	288	66	66	
1823	1	T 156	302	40	40	P 144	288	66	66	
1824	1	T 154	303	40	40	P 138	288	72	60	
1825	1	T 152	304	40	40	P 138	288	66	60	
1826	1	T 150	305	40	40	P 138	294	66	66	
1827	1	T 148	306	40	40	P 138	300	60	48	
1828	2	T 146	307	40	40	P 138	294	48	24	P 138	324	60	30	
1829	1	T 144	308	40	40	P 132	294	66	66	
1830	1	T 142	309	40	40	P 132	294	66	66	
1831	1	T 140	310	40	40	P 126	300	66	60	
1832	1	T 138	311	40	40	P 126	300	60	54	
1833	1	T 136	312	40	40	P 126	300	66	66	
1834	1	T 134	313	40	40	P 120	306	66	60	
1835	1	T 132	314	40	40	P 120	306	66	60	
1836	1	T 130	315	40	40	P 120	300	54	54	
1837	1	T 128	316	40	40	P 114	306	66	60	
1838	1	T 126	317	40	40	P 114	306	66	66	
1839	1	T 124	318	40	40	P 108	306	72	66	
1840	1	T 122	319	40	40	P 108	306	66	66	
1841	1	T 120	320	40	40	P 108	306	66	66	
1842	1	T 118	321	40	40	P 108	306	66	66	
1843	1	T 116	322	40	40	P 102	318	66	54	
1844	1	T 114	323	40	40	P 102	312	66	66	
1845	1	T 112	324	40	40	P 96	312	72	66	
1846	1	T 110	325	40	40	P 96	312	66	66	
1847	1	T 108	326	40	40	P 96	312	66	66	
1848	1	T 106	327	40	40	P 96	318	66	54	
1849	1	T 104	328	40	40	P 96	318	60	60	
1850	1	T 102	329	40	40	P 96	318	60	66	
1851	1	T 100	330	40	40	P 90	318	66	66	
1852	1	T 98	331	40	40	P 84	318	72	66	
1853	1	T 96	332	40	40	P 84	318	66	66	
1854	1	T 94	333	40	40	P 90	318	60	72	
1855	1	T 92	334	40	40	P 78	324	66	60	
1856	1	T 90	335	40	40	P 78	324	66	60	
1857	1	T 88	336	40	40	P 78	324	60	60	
1858	1	T 86	337	40	40	P 78	324	60	66	
1859	1	T 84	338	40	40	P 72	330	60	60	
1860	1	T 82	339	40	40	P 72	324	60	72	
1861	1	T 80	340	40	40	P 66	330	60	60	
1862	1	T 78	341	40	40	P 66	324	66	54	
1863	1	T 76	342	40	40	P 72	330	60	60	
1864	1	T 74	343	40	40	P 60	336	66	60	
1865	1	T 72	344	40	40	P 60	336	66	60	
1866	1	T 70	345	40	40	P 54	330	72	66	
1867	1	T 68	346	40	40	P 60	336	60	66	
1868	1	T 66	347	40	40	P 60	336	60	60	
1869	1	T 64	348	40	40	P 48	336	72	66	
1870	1	T 62	349	40	40	P 48	336	66	66	
1871	1	T 60	350	40	40	P 48	342	66	60	
1872	2	T 58	351	40	40	P 54	336	60	30	P 60	390	12	12	
1873	1	T 56	352	40	40	P 42	342	66	66	
1874	1	T 54	353	40	40	P 42	342	66	66	
1875	1	T 52	354	40	40	P 36	348	72	60	
1876	1	T 50	355	40	40	P 36	342	72	66	
1877	3	T 48	356	40	40	P 42	348	18	30	P 42	384	54	24	P 66	348	30	30	
1878	1	T 46	357	40	40	P 30	342	72	72	
1879	1	T 44	358	40	40	P 30	348	66	60	
1880	1	T 42	359	40	40	P 30	342	66	72	
1881	2	T 40	360	40	40	P 24	348	66	30	P 30	384	54	30	
1882	1	T 38	361	40	40	P 30	348	60	66	
1883	1	T 36	362	40	40	P 24	348	66	66	
1884	1	T 34	363	40	40	P 18	354	72	60	
1885	1	T 32	364	40	40	P 18	348	72	66	
1886	1	T 30	365	40	40	P 18	354	60	60	
1887	1	T 28	366	40	40	P 18	354	66	66	
1888	1	T 26	367	40	40	P 12	354	72	66	
1889	1	T 24	368	40	40	P 12	354	66	66	
1890	1	T 22	369	40	40	P 6	354	72	66	
1891	1	T 20	370	40	40	P 6	360	66	66	
1892	1	T 22	371	40	40	P 6	360	66	66	
1893	1	T 24	372	40	40	P 12	360	66	66	
1894	1	T 26	373	40	40	P 18	360	60	66	
1895	1	T 28	374	40	40	P 18	360	66	66	
1896	1	T 30	375	40	40	P 24	366	60	60	
1897	1	T 32	376	40	40	P 18	366	72	60	
1898	1	T 34	377	40	40	P 24	366	60	66	
1899	1	T 36	378	40	40	P 24	366	60	66	
1900	1	T 38	379	40	40	P 24	366	66	66	
1901	1	T 40	380	40	40	P 30	366	66	66	
1902	1	T 42	381	40	40	P 30	366	66	72	
1903	1	T 44	382	40	40	P 30	372	66	60	
1904	3	T 46	383	40	40	P 36	372	60	24	P 36	402	30	30	P 78	408	18	12	
1905	1	T 48	384	40	40	P 36	372	66	66	
1906	1	T 50	385	40	40	P 36	372	66	66	
1907	1	T 52	386	40	40	P 42	372	60	66	
1908	1	T 54	387	40	40	P 42	378	60	66	
1909	1	T 56	388	40	40	P 42	372	66	66	
1910	1	T 58	389	40	40	P 48	378	60	66	
1911	1	T 60	390	40	40	P 48	378	66	66	
1912	1	T 62	391	40	40	P 48	384	66	54	
1913	2	T 64	392	40	40	P 60	378	60	30	P 60	414	48	30	
1914	1	T 66	393	40	40	P 54	378	66	60	
1915	1	T 68	394	40	40	P 54	378	66	72	
1916	1	T 70	395	40	40	P 54	384	72	66	
1917	1	T 72	396	40	40	P 60	384	66	66	
1918	1	T 74	397	40	40	P 60	384	66	66	
1919	1	T 76	398	40	40	P 66	384	66	66	
1920	1	T 78	399	40	40	P 66	390	66	60	
1921	1	T 80	400	40	40	P 66	396	66	60	
1922	1	T 82	401	40	40	P 72	390	66	66	
1923	1	T 84	402	40	40	P 72	396	66	54	
1924	1	T 86	403	40	40	P 72	390	66	66	
1925	1	T 88	404	40	40	P 78	396	66	60	
1926	1	T 90	405	40	40	P 78	390	60	66	
1927	1	T 92	406	40	40	P 78	390	66	72	
1928	1	T 94	407	40	40	P 78	396	72	60	
1929	1	T 96	408	40	40	P 84	396	66	66	
1930	1	T 98	409	40	40	P 84	396	66	60	
1931	1	T 100	410	40	40	P 90	396	66	54	
1932	1	T 102	411	40	40	P 96	396	60	66	
1933	1	T 104	412	40	40	P 90	396	66	66	
1934	1	T 106	413	40	40	P 96	396	66	72	
1935	1	T 108	414	40	40	P 102	402	60	66	
1936	1	T 110	415	40	40	P 96	402	66	66	
1937	1	T 112	416	40	40	P 102	402	60	72	
1938	1	T 114	417	40	40	P 102	402	60	66	
1939	1	T 116	418	40	40	P 102	402	66	72	
1940	1	T 118	419	40	40	P 108	408	60	66	
1941	1	T 120	420	40	40	P 108	408	66	66	
1942	1	T 122	419	40	40	P 108	408	66	60	
1943	1	T 124	418	40	40	P 114	408	60	66	
1944	1	T 126	417	40	40	P 114	402	66	66	
1945	1	T 128	416	40	40	P 114	402	66	66	
1946	1	T 130	415	40	40	P 120	402	66	66	
1947	1	T 132	414	40	40	P 120	402	66	42	
1948	1	T 134	413	40	40	P 120	402	66	66	
1949	1	T 136	412	40	40	P 120	402	72	60	
1950	1	T 138	411	40	40	P 126	396	66	66	
1951	1	T 140	410	40	40	P 126	402	66	60	
1952	1	T 142	409	40	40	P 126	396	72	66	
1953	1	T 144	408	40	40	P 132	396	66	66	
1954	1	T 146	407	40	40	P 132	396	66	54	
1955	1	T 148	406	40	40	P 138	396	66	66	
1956	1	T 150	405	40	40	P 138	390	66	66	
1957	1	T 152	404	40	40	P 138	390	66	60	
1958	2	T 154	403	40	40	P 144	390	60	24	P 144	420	60	30	
1959	1	T 156	402	40	40	P 144	390	66	66	
1960	1	T 158	401	40	40	P 150	390	60	66	
1961	1	T 160	400	40	40	P 150	390	66	66	
1962	2	T 162	399	40	40	P 150	396	30	48	P 186	396	30	48	
1963	1	T 164	398	40	40	P 156	384	66	66	
1964	1	T 166	397	40	40	P 150	390	72	60	
1965	1	T 168	396	40	40	P 162	384	54	66	
1966	1	T 170	395	40	40	P 156	378	60	66	
1967	1	T 172	394	40	40	P 162	390	60	54	
1968	1	T 174	393	40	40	P 162	378	66	48	
1969	1	T 176	392	40	40	P 162	378	66	66	
1970	1	T 178	391	40	40	P 168	378	66	66	
1971	1	T 180	390	40	40	P 168	384	66	60	
1972	1	T 182	389	40	40	P 174	378	60	36	
1973	1	T 184	388	40	40	P 174	372	66	66	
1974	1	T 186	387	40	40	P 174	378	66	60	
1975	1	T 188	386	40	40	P 180	372	60	66	
1976	1	T 190	385	40	40	P 174	372	72	66	
1977	1	T 192	384	40	40	P 180	372	66	66	
1978	1	T 194	383	40	40	P 180	372	66	66	
1979	1	T 196	382	40	40	P 186	366	66	66	
1980	1	T 198	381	40	40	P 186	366	60	72	
1981	1	T 200	380	40	40	P 186	366	66	66	
1982	1	T 202	379	40	40	P 192	372	66	60	
1983	1	T 204	378	40	40	P 192	366	66	66	
1984	1	T 206	377	40	40	P 192	366	66	66	
1985	1	T 208	376	40	40	P 192	366	72	60	
1986	1	T 210	375	40	40	P 198	360	60	66	
1987	1	T 212	374	40	40	P 198	360	66	66	
1988	1	T 214	373	40	40	P 204	360	66	66	
1989	1	T 216	372	40	40	P 204	360	66	60	
1990	1	T 218	371	40	40	P 210	360	66	66	
1991	1	T 220	370	40	40	P 204	360	72	66	
1992	1	T 222	369	40	40	P 210	354	66	66	
1993	1	T 224	368	40	40	P 210	354	66	60	
1994	2	T 226	367	40	40	P 216	354	60	36	P 222	402	12	12	
1995	1	T 228	366	40	40	P 216	354	66	66	
1996	1	T 230	365	40	40	P 216	348	66	66	
1997	1	T 232	364	40	40	P 216	348	72	72	
1998	1	T 234	363	40	40	P 228	348	60	66	
1999	1	T 236	362	40	40	P 222	348	72	66	
2000	1	T 238	361	40	40	P 222	354	66	54	
