frame	RelOb	DetObj	TrueDet	FalseDet	NotDet
1	1	0	0	0	1
2	1	5	2	3	0
3	1	5	1	4	0
4	1	3	1	2	0
5	1	6	1	5	0
6	1	5	1	4	0
7	1	5	2	3	0
8	1	11	1	10	0
9	1	9	2	7	0
10	1	6	0	6	1
11	1	7	0	7	1
12	1	5	0	5	1
13	1	3	0	3	1
14	1	6	0	6	1
15	1	8	0	8	1
16	1	12	2	10	0
17	1	14	2	12	0
18	1	8	2	6	0
19	1	6	1	5	0
20	1	7	0	7	1
21	1	8	4	4	0
22	1	5	2	3	0
23	1	5	2	3	0
24	1	5	2	3	0
25	1	5	0	5	1
26	1	8	0	8	1
27	1	8	0	8	1
28	1	9	2	7	0
29	1	7	2	5	0
30	1	4	1	3	0
31	1	10	3	7	0
32	1	12	3	9	0
33	1	8	2	6	0
34	1	9	2	7	0
35	1	9	1	8	0
36	1	9	1	8	0
37	1	6	3	3	0
38	1	7	1	6	0
39	1	7	2	5	0
40	1	7	2	5	0
41	1	13	2	11	0
42	1	16	2	14	0
43	1	15	2	13	0
44	1	9	0	9	1
45	1	4	1	3	0
46	1	4	3	1	0
47	1	7	1	6	0
48	1	9	2	7	0
49	1	8	1	7	0
50	1	5	1	4	0
51	1	4	1	3	0
52	1	5	0	5	1
53	1	6	1	5	0
54	1	5	0	5	1
55	1	4	0	4	1
56	1	8	2	6	0
57	1	9	1	8	0
58	1	7	1	6	0
59	1	8	0	8	1
60	1	8	3	5	0
61	1	7	4	3	0
62	1	9	1	8	0
63	1	9	0	9	1
64	1	7	2	5	0
65	1	7	1	6	0
66	1	6	2	4	0
67	1	5	0	5	1
68	1	5	0	5	1
69	1	7	0	7	1
70	1	12	2	10	0
71	1	13	0	13	1
72	1	7	0	7	1
73	1	7	1	6	0
74	1	7	1	6	0
75	1	5	2	3	0
76	1	5	1	4	0
77	1	4	0	4	1
78	1	3	2	1	0
79	1	7	2	5	0
80	1	6	0	6	1
81	1	4	1	3	0
82	1	7	1	6	0
83	1	7	0	7	1
84	1	5	2	3	0
85	1	8	2	6	0
86	1	6	2	4	0
87	1	7	2	5	0
88	1	11	3	8	0
89	1	7	2	5	0
90	1	3	0	3	1
91	1	3	1	2	0
92	1	6	1	5	0
93	1	7	2	5	0
94	1	7	2	5	0
95	1	7	1	6	0
96	1	9	2	7	0
97	1	11	4	7	0
98	1	9	2	7	0
99	1	6	1	5	0
100	1	5	1	4	0
101	1	6	1	5	0
102	1	5	1	4	0
103	1	9	1	8	0
104	1	10	2	8	0
105	1	8	2	6	0
106	1	2	0	2	1
107	1	6	1	5	0
108	1	8	2	6	0
109	1	7	0	7	1
110	1	4	1	3	0
111	1	5	0	5	1
112	1	7	1	6	0
113	1	6	0	6	1
114	1	6	0	6	1
115	1	6	1	5	0
116	1	7	0	7	1
117	1	5	2	3	0
118	1	8	1	7	0
119	1	11	1	10	0
120	1	9	2	7	0
121	1	6	1	5	0
122	1	6	1	5	0
123	1	9	2	7	0
124	1	6	0	6	1
125	1	4	0	4	1
126	1	7	1	6	0
127	1	9	0	9	1
128	1	6	1	5	0
129	1	6	1	5	0
130	1	7	1	6	0
131	1	7	1	6	0
132	1	7	0	7	1
133	1	8	4	4	0
134	1	8	2	6	0
135	1	3	0	3	1
136	1	2	0	2	1
137	1	2	2	0	0
138	1	3	0	3	1
139	1	3	0	3	1
140	1	3	0	3	1
141	1	5	2	3	0
142	1	5	2	3	0
143	1	7	1	6	0
144	1	8	2	6	0
145	1	4	2	2	0
146	1	3	1	2	0
147	1	6	1	5	0
148	1	7	1	6	0
149	1	4	0	4	1
150	1	2	1	1	0
151	1	3	0	3	1
152	1	5	0	5	1
153	1	5	2	3	0
154	1	8	2	6	0
155	1	11	2	9	0
156	1	7	1	6	0
157	1	2	0	2	1
158	1	5	1	4	0
159	1	7	1	6	0
160	1	7	0	7	1
161	1	9	0	9	1
162	1	10	1	9	0
163	1	11	2	9	0
164	1	8	0	8	1
165	1	5	0	5	1
166	1	8	2	6	0
167	1	10	2	8	0
168	1	9	3	6	0
169	1	7	3	4	0
170	1	3	1	2	0
171	1	4	1	3	0
172	1	5	1	4	0
173	1	8	1	7	0
174	1	11	1	10	0
175	1	7	0	7	1
176	1	4	0	4	1
177	1	8	2	6	0
178	1	11	3	8	0
179	1	10	1	9	0
180	1	6	1	5	0
181	1	3	0	3	1
182	1	8	2	6	0
183	1	9	4	5	0
184	1	6	1	5	0
185	1	3	1	2	0
186	1	5	3	2	0
187	1	5	3	2	0
188	1	5	0	5	1
189	1	6	0	6	1
190	1	4	1	3	0
191	1	10	3	7	0
192	1	9	3	6	0
193	1	5	0	5	1
194	1	5	1	4	0
195	1	3	0	3	1
196	1	5	1	4	0
197	1	7	2	5	0
198	1	6	0	6	1
199	1	5	1	4	0
200	1	10	0	10	1
201	1	12	3	9	0
202	1	9	1	8	0
203	1	5	2	3	0
204	1	6	2	4	0
205	1	6	0	6	1
206	1	5	1	4	0
207	1	4	0	4	1
208	1	7	1	6	0
209	1	8	2	6	0
210	1	7	0	7	1
211	1	6	0	6	1
212	1	5	0	5	1
213	1	5	0	5	1
214	1	3	1	2	0
215	1	4	0	4	1
216	1	7	1	6	0
217	1	6	1	5	0
218	1	4	0	4	1
219	1	5	0	5	1
220	1	4	0	4	1
221	1	9	1	8	0
222	1	9	2	7	0
223	1	4	2	2	0
224	1	7	2	5	0
225	1	11	2	9	0
226	1	8	2	6	0
227	1	4	2	2	0
228	1	3	1	2	0
229	1	4	1	3	0
230	1	8	0	8	1
231	1	6	0	6	1
232	1	5	1	4	0
233	1	8	3	5	0
234	1	6	1	5	0
235	1	7	1	6	0
236	1	6	0	6	1
237	1	5	1	4	0
238	1	4	1	3	0
239	1	3	1	2	0
240	1	5	0	5	1
241	1	7	2	5	0
242	1	11	1	10	0
243	1	10	3	7	0
244	1	7	2	5	0
245	1	7	1	6	0
246	1	11	2	9	0
247	1	11	1	10	0
248	1	9	0	9	1
249	1	8	3	5	0
250	1	7	1	6	0
251	1	6	2	4	0
252	1	7	2	5	0
253	1	7	3	4	0
254	1	7	0	7	1
255	1	9	0	9	1
256	1	6	0	6	1
257	1	4	0	4	1
258	1	5	2	3	0
259	1	4	0	4	1
260	1	4	0	4	1
261	1	4	0	4	1
262	1	6	1	5	0
263	1	8	2	6	0
264	1	5	1	4	0
265	1	5	0	5	1
266	1	8	0	8	1
267	1	6	0	6	1
268	1	5	1	4	0
269	1	5	1	4	0
270	1	4	2	2	0
271	1	4	1	3	0
272	1	6	1	5	0
273	1	8	1	7	0
274	1	5	1	4	0
275	1	5	1	4	0
276	1	6	0	6	1
277	1	7	0	7	1
278	1	8	3	5	0
279	1	6	3	3	0
280	1	2	0	2	1
281	1	3	0	3	1
282	1	5	0	5	1
283	1	5	0	5	1
284	1	4	0	4	1
285	1	4	0	4	1
286	1	4	0	4	1
287	1	6	0	6	1
288	1	6	1	5	0
289	1	3	1	2	0
290	1	4	0	4	1
291	1	5	0	5	1
292	1	5	1	4	0
293	1	5	0	5	1
294	1	4	1	3	0
295	1	8	0	8	1
296	1	7	0	7	1
297	1	3	2	1	0
298	1	7	2	5	0
299	1	8	2	6	0
300	1	5	0	5	1
301	1	4	1	3	0
302	1	5	0	5	1
303	1	5	0	5	1
304	1	4	2	2	0
305	1	7	2	5	0
306	1	9	1	8	0
307	1	4	0	4	1
308	1	2	0	2	1
309	1	4	0	4	1
310	1	8	0	8	1
311	1	8	1	7	0
312	1	7	0	7	1
313	1	7	0	7	1
314	1	5	1	4	0
315	1	5	1	4	0
316	1	9	2	7	0
317	1	8	2	6	0
318	1	6	0	6	1
319	1	6	1	5	0
320	1	4	1	3	0
321	1	4	1	3	0
322	1	9	1	8	0
323	1	10	1	9	0
324	1	8	0	8	1
325	1	5	0	5	1
326	1	5	0	5	1
327	1	6	0	6	1
328	1	5	0	5	1
329	1	7	0	7	1
330	1	10	0	10	1
331	1	12	1	11	0
332	1	5	0	5	1
333	1	7	1	6	0
334	1	5	1	4	0
335	1	4	2	2	0
336	1	6	0	6	1
337	1	5	2	3	0
338	1	5	1	4	0
339	1	5	0	5	1
340	1	5	1	4	0
341	1	6	2	4	0
342	1	5	2	3	0
343	1	5	0	5	1
344	1	7	0	7	1
345	1	6	2	4	0
346	1	7	1	6	0
347	1	11	2	9	0
348	1	11	2	9	0
349	1	6	0	6	1
350	1	4	0	4	1
351	1	4	0	4	1
352	1	6	0	6	1
353	1	5	0	5	1
354	1	4	0	4	1
355	1	4	0	4	1
356	1	5	1	4	0
357	1	11	0	11	1
358	1	10	2	8	0
359	1	4	2	2	0
360	1	2	0	2	1
361	1	4	1	3	0
362	1	5	0	5	1
363	1	4	0	4	1
364	1	5	0	5	1
365	1	4	0	4	1
366	1	6	1	5	0
367	1	7	2	5	0
368	1	5	1	4	0
369	1	5	2	3	0
370	1	4	2	2	0
371	1	4	0	4	1
372	1	5	1	4	0
373	1	8	1	7	0
374	1	10	1	9	0
375	1	9	4	5	0
376	1	7	1	6	0
377	1	7	0	7	1
378	1	9	0	9	1
379	1	9	1	8	0
380	1	7	2	5	0
381	1	8	1	7	0
382	1	10	0	10	1
383	1	7	2	5	0
384	1	5	1	4	0
385	1	5	0	5	1
386	1	5	1	4	0
387	1	6	0	6	1
388	1	6	0	6	1
389	1	6	1	5	0
390	1	8	2	6	0
391	1	7	1	6	0
392	1	7	0	7	1
393	1	8	0	8	1
394	1	8	0	8	1
395	1	7	1	6	0
396	1	6	1	5	0
397	1	5	0	5	1
398	1	7	0	7	1
399	1	11	1	10	0
400	1	10	1	9	0
401	1	6	0	6	1
402	1	5	1	4	0
403	1	5	0	5	1
404	1	5	0	5	1
405	1	7	1	6	0
406	1	8	1	7	0
407	1	8	3	5	0
408	1	4	1	3	0
409	1	3	2	1	0
410	1	3	1	2	0
411	1	6	1	5	0
412	1	8	1	7	0
413	1	7	0	7	1
414	1	9	1	8	0
415	1	8	1	7	0
416	1	6	0	6	1
417	1	7	1	6	0
418	1	6	0	6	1
419	1	3	0	3	1
420	1	4	0	4	1
421	1	4	0	4	1
422	1	6	1	5	0
423	1	9	2	7	0
424	1	8	1	7	0
425	1	11	1	10	0
426	1	10	1	9	0
427	1	4	0	4	1
428	1	6	0	6	1
429	1	9	0	9	1
430	1	7	0	7	1
431	1	5	0	5	1
432	1	9	0	9	1
433	1	11	1	10	0
434	1	9	0	9	1
435	1	8	0	8	1
436	1	6	2	4	0
437	1	5	1	4	0
438	1	6	1	5	0
439	1	5	1	4	0
440	1	9	1	8	0
441	1	13	3	10	0
442	1	12	2	10	0
443	1	5	0	5	1
444	1	4	0	4	1
445	1	9	1	8	0
446	1	9	1	8	0
447	1	7	0	7	1
448	1	8	1	7	0
449	1	6	1	5	0
450	1	8	1	7	0
451	1	9	2	7	0
452	1	6	0	6	1
453	1	5	3	2	0
454	1	5	3	2	0
455	1	6	1	5	0
456	1	6	1	5	0
457	1	6	1	5	0
458	1	6	1	5	0
459	1	6	0	6	1
460	1	8	2	6	0
461	1	6	1	5	0
462	1	6	0	6	1
463	1	7	0	7	1
464	1	10	0	10	1
465	1	14	1	13	0
466	1	8	0	8	1
467	1	3	0	3	1
468	1	4	2	2	0
469	1	5	1	4	0
470	1	6	1	5	0
471	1	7	1	6	0
472	1	5	1	4	0
473	1	7	3	4	0
474	1	8	0	8	1
475	1	8	0	8	1
476	1	7	3	4	0
477	1	6	1	5	0
478	1	8	2	6	0
479	1	7	0	7	1
480	1	6	3	3	0
481	1	6	2	4	0
482	1	5	1	4	0
483	1	5	0	5	1
484	1	9	2	7	0
485	1	8	2	6	0
486	1	5	3	2	0
487	1	6	1	5	0
488	1	7	3	4	0
489	1	5	2	3	0
490	1	3	0	3	1
491	1	4	0	4	1
492	1	3	1	2	0
493	1	6	1	5	0
494	1	9	3	6	0
495	1	8	0	8	1
496	1	5	2	3	0
497	1	7	4	3	0
498	1	9	4	5	0
499	1	5	2	3	0
500	1	4	1	3	0
501	1	4	0	4	1
502	1	5	0	5	1
503	1	6	1	5	0
504	1	4	1	3	0
505	1	5	1	4	0
506	1	8	1	7	0
507	1	5	0	5	1
508	1	5	2	3	0
509	1	8	3	5	0
510	1	7	2	5	0
511	1	6	2	4	0
512	1	7	0	7	1
513	1	8	0	8	1
514	1	7	0	7	1
515	1	5	0	5	1
516	1	3	1	2	0
517	1	4	0	4	1
518	1	4	2	2	0
519	1	4	3	1	0
520	1	5	0	5	1
521	1	6	0	6	1
522	1	7	0	7	1
523	1	7	1	6	0
524	1	9	2	7	0
525	1	7	3	4	0
526	1	4	0	4	1
527	1	4	1	3	0
528	1	5	1	4	0
529	1	8	1	7	0
530	1	8	0	8	1
531	1	5	1	4	0
532	1	6	1	5	0
533	1	5	1	4	0
534	1	6	1	5	0
535	1	6	1	5	0
536	1	5	1	4	0
537	1	5	0	5	1
538	1	7	2	5	0
539	1	6	0	6	1
540	1	4	0	4	1
541	1	5	1	4	0
542	1	5	0	5	1
543	1	6	1	5	0
544	1	8	0	8	1
545	1	6	1	5	0
546	1	6	3	3	0
547	1	6	4	2	0
548	1	5	2	3	0
549	1	6	1	5	0
550	1	10	1	9	0
551	1	7	2	5	0
552	1	4	1	3	0
553	1	7	2	5	0
554	1	9	0	9	1
555	1	8	0	8	1
556	1	9	3	6	0
557	1	9	1	8	0
558	1	9	2	7	0
559	1	7	2	5	0
560	1	9	2	7	0
561	1	8	0	8	1
562	1	4	0	4	1
563	1	7	1	6	0
564	1	9	2	7	0
565	1	7	2	5	0
566	1	4	2	2	0
567	1	5	1	4	0
568	1	6	3	3	0
569	1	4	0	4	1
570	1	7	0	7	1
571	1	8	0	8	1
572	1	5	1	4	0
573	1	5	2	3	0
574	1	7	1	6	0
575	1	7	3	4	0
576	1	8	1	7	0
577	1	9	2	7	0
578	1	8	0	8	1
579	1	8	0	8	1
580	1	8	2	6	0
581	1	9	1	8	0
582	1	8	0	8	1
583	1	8	1	7	0
584	1	12	0	12	1
585	1	12	2	10	0
586	1	8	2	6	0
587	1	4	1	3	0
588	1	4	0	4	1
589	1	6	0	6	1
590	1	8	0	8	1
591	1	12	1	11	0
592	1	11	2	9	0
593	1	7	1	6	0
594	1	9	1	8	0
595	1	11	0	11	1
596	1	9	1	8	0
597	1	9	3	6	0
598	1	9	4	5	0
599	1	7	3	4	0
600	1	5	1	4	0
601	1	4	1	3	0
602	1	4	1	3	0
603	1	5	0	5	1
604	1	4	1	3	0
605	1	4	1	3	0
606	1	10	1	9	0
607	1	13	0	13	1
608	1	8	2	6	0
609	1	6	3	3	0
610	1	8	3	5	0
611	1	12	2	10	0
612	1	9	2	7	0
613	1	7	1	6	0
614	1	5	0	5	1
615	1	5	0	5	1
616	1	7	0	7	1
617	1	7	4	3	0
618	1	7	1	6	0
619	1	4	1	3	0
620	1	5	0	5	1
621	1	5	1	4	0
622	1	4	1	3	0
623	1	6	1	5	0
624	1	5	1	4	0
625	1	7	3	4	0
626	1	9	3	6	0
627	1	8	3	5	0
628	1	4	0	4	1
629	1	4	0	4	1
630	1	5	0	5	1
631	1	7	3	4	0
632	1	6	0	6	1
633	1	4	2	2	0
634	1	3	1	2	0
635	1	6	0	6	1
636	1	10	2	8	0
637	1	12	1	11	0
638	1	11	1	10	0
639	1	7	1	6	0
640	1	5	0	5	1
641	1	4	0	4	1
642	1	6	1	5	0
643	1	7	2	5	0
644	1	9	2	7	0
645	1	10	2	8	0
646	1	6	1	5	0
647	1	4	0	4	1
648	1	5	0	5	1
649	1	4	2	2	0
650	1	5	1	4	0
651	1	4	2	2	0
652	1	6	0	6	1
653	1	7	0	7	1
654	1	7	1	6	0
655	1	6	2	4	0
656	1	6	0	6	1
657	1	8	2	6	0
658	1	8	2	6	0
659	1	6	1	5	0
660	1	6	1	5	0
661	1	6	2	4	0
662	1	6	2	4	0
663	1	6	0	6	1
664	1	6	1	5	0
665	1	4	2	2	0
666	1	6	0	6	1
667	1	8	4	4	0
668	1	8	7	1	0
669	1	10	2	8	0
670	1	7	0	7	1
671	1	6	2	4	0
672	1	8	1	7	0
673	1	8	2	6	0
674	1	5	1	4	0
675	1	7	1	6	0
676	1	8	1	7	0
677	1	7	1	6	0
678	1	5	0	5	1
679	1	3	3	0	0
680	1	5	1	4	0
681	1	7	0	7	1
682	1	8	2	6	0
683	1	11	1	10	0
684	1	7	1	6	0
685	1	5	1	4	0
686	1	9	2	7	0
687	1	8	0	8	1
688	1	8	0	8	1
689	1	11	1	10	0
690	1	7	1	6	0
691	1	4	0	4	1
692	1	6	2	4	0
693	1	8	3	5	0
694	1	7	2	5	0
695	1	6	1	5	0
696	1	8	2	6	0
697	1	8	2	6	0
698	1	8	2	6	0
699	1	7	2	5	0
700	1	10	5	5	0
701	1	8	0	8	1
702	1	7	0	7	1
703	1	8	3	5	0
704	1	8	3	5	0
705	1	8	2	6	0
706	1	6	0	6	1
707	1	6	1	5	0
708	1	4	0	4	1
709	1	4	1	3	0
710	1	5	1	4	0
711	1	9	2	7	0
712	1	6	4	2	0
713	1	7	2	5	0
714	1	10	2	8	0
715	1	7	1	6	0
716	1	9	1	8	0
717	1	11	2	9	0
718	1	8	3	5	0
719	1	4	2	2	0
720	1	6	2	4	0
721	1	6	3	3	0
722	1	4	1	3	0
723	1	6	0	6	1
724	1	6	2	4	0
725	1	7	1	6	0
726	1	7	1	6	0
727	1	6	0	6	1
728	1	8	1	7	0
729	1	7	1	6	0
730	1	3	2	1	0
731	1	6	0	6	1
732	1	7	1	6	0
733	1	8	1	7	0
734	1	9	1	8	0
735	1	4	0	4	1
736	1	4	0	4	1
737	1	5	1	4	0
738	1	10	4	6	0
739	1	11	3	8	0
740	1	11	1	10	0
741	1	12	1	11	0
742	1	8	1	7	0
743	1	5	0	5	1
744	1	4	0	4	1
745	1	6	2	4	0
746	1	6	2	4	0
747	1	5	0	5	1
748	1	4	1	3	0
749	1	5	1	4	0
750	1	6	1	5	0
751	1	6	0	6	1
752	1	7	1	6	0
753	1	8	4	4	0
754	1	9	4	5	0
755	1	10	2	8	0
756	1	10	2	8	0
757	1	7	2	5	0
758	1	4	2	2	0
759	1	4	0	4	1
760	1	10	1	9	0
761	1	12	1	11	0
762	1	8	0	8	1
763	1	4	0	4	1
764	1	3	0	3	1
765	1	8	0	8	1
766	1	11	1	10	0
767	1	7	1	6	0
768	1	5	2	3	0
769	1	6	3	3	0
770	1	5	1	4	0
771	1	9	0	9	1
772	1	9	1	8	0
773	1	6	0	6	1
774	1	5	1	4	0
775	1	10	1	9	0
776	1	10	0	10	1
777	1	4	1	3	0
778	1	9	2	7	0
779	1	8	0	8	1
780	1	6	2	4	0
781	1	6	1	5	0
782	1	5	0	5	1
783	1	5	1	4	0
784	1	6	1	5	0
785	1	4	0	4	1
786	1	5	1	4	0
787	1	7	0	7	1
788	1	7	0	7	1
789	1	10	1	9	0
790	1	7	1	6	0
791	1	7	1	6	0
792	1	8	2	6	0
793	1	8	1	7	0
794	1	5	1	4	0
795	1	4	0	4	1
796	1	8	3	5	0
797	1	10	3	7	0
798	1	7	2	5	0
799	1	4	0	4	1
800	1	7	1	6	0
801	1	12	2	10	0
802	1	11	0	11	1
803	1	6	1	5	0
804	1	4	1	3	0
805	1	6	0	6	1
806	1	9	0	9	1
807	1	9	0	9	1
808	1	11	1	10	0
809	1	10	2	8	0
810	1	8	3	5	0
811	1	6	1	5	0
812	1	6	2	4	0
813	1	9	2	7	0
814	1	10	1	9	0
815	1	6	0	6	1
816	1	5	3	2	0
817	1	5	0	5	1
818	1	4	1	3	0
819	1	7	0	7	1
820	1	8	2	6	0
821	1	5	1	4	0
822	1	7	3	4	0
823	1	9	3	6	0
824	1	8	2	6	0
825	1	4	0	4	1
826	1	3	0	3	1
827	1	4	1	3	0
828	1	5	1	4	0
829	1	9	0	9	1
830	1	12	0	12	1
831	1	9	1	8	0
832	1	7	1	6	0
833	1	8	1	7	0
834	1	4	1	3	0
835	1	6	2	4	0
836	1	9	1	8	0
837	1	7	0	7	1
838	1	4	0	4	1
839	1	6	0	6	1
840	1	5	0	5	1
841	1	4	0	4	1
842	1	6	0	6	1
843	1	10	1	9	0
844	1	10	1	9	0
845	1	7	4	3	0
846	1	7	2	5	0
847	1	5	1	4	0
848	1	8	1	7	0
849	1	9	0	9	1
850	1	11	2	9	0
851	1	14	1	13	0
852	1	12	0	12	1
853	1	10	1	9	0
854	1	10	1	9	0
855	1	6	1	5	0
856	1	8	1	7	0
857	1	10	1	9	0
858	1	10	0	10	1
859	1	7	0	7	1
860	1	7	0	7	1
861	1	8	0	8	1
862	1	7	0	7	1
863	1	6	1	5	0
864	1	7	1	6	0
865	1	9	1	8	0
866	1	8	0	8	1
867	1	8	0	8	1
868	1	5	0	5	1
869	1	5	0	5	1
870	1	6	1	5	0
871	1	6	1	5	0
872	1	9	0	9	1
873	1	8	0	8	1
874	1	8	2	6	0
875	1	9	1	8	0
876	1	5	1	4	0
877	1	5	3	2	0
878	1	7	4	3	0
879	1	7	4	3	0
880	1	6	2	4	0
881	1	7	0	7	1
882	1	5	1	4	0
883	1	3	3	0	0
884	1	3	0	3	1
885	1	4	1	3	0
886	1	5	1	4	0
887	1	4	1	3	0
888	1	6	0	6	1
889	1	7	0	7	1
890	1	8	1	7	0
891	1	6	0	6	1
892	1	6	1	5	0
893	1	7	0	7	1
894	1	6	1	5	0
895	1	7	1	6	0
896	1	6	1	5	0
897	1	8	0	8	1
898	1	10	0	10	1
899	1	8	0	8	1
900	1	8	2	6	0
901	1	6	2	4	0
902	1	9	4	5	0
903	1	11	3	8	0
904	1	10	2	8	0
905	1	7	0	7	1
906	1	8	1	7	0
907	1	9	1	8	0
908	1	7	2	5	0
909	1	7	2	5	0
910	1	5	1	4	0
911	1	6	2	4	0
912	1	9	1	8	0
913	1	11	0	11	1
914	1	8	2	6	0
915	1	6	1	5	0
916	1	8	0	8	1
917	1	7	1	6	0
918	1	3	1	2	0
919	1	2	0	2	1
920	1	6	2	4	0
921	1	9	2	7	0
922	1	8	1	7	0
923	1	7	2	5	0
924	1	11	0	11	1
925	1	11	0	11	1
926	1	8	0	8	1
927	1	9	0	9	1
928	1	7	0	7	1
929	1	5	1	4	0
930	1	8	0	8	1
931	1	9	0	9	1
932	1	8	1	7	0
933	1	8	2	6	0
934	1	7	1	6	0
935	1	6	1	5	0
936	1	6	0	6	1
937	1	9	0	9	1
938	1	9	1	8	0
939	1	10	1	9	0
940	1	10	1	9	0
941	1	8	0	8	1
942	1	7	1	6	0
943	1	7	1	6	0
944	1	4	2	2	0
945	1	4	1	3	0
946	1	5	1	4	0
947	1	6	0	6	1
948	1	8	2	6	0
949	1	6	1	5	0
950	1	8	2	6	0
951	1	12	2	10	0
952	1	10	0	10	1
953	1	8	2	6	0
954	1	11	1	10	0
955	1	8	1	7	0
956	1	2	1	1	0
957	1	5	0	5	1
958	1	7	0	7	1
959	1	7	1	6	0
960	1	7	2	5	0
961	1	8	1	7	0
962	1	11	1	10	0
963	1	11	0	11	1
964	1	6	1	5	0
965	1	7	0	7	1
966	1	8	1	7	0
967	1	9	2	7	0
968	1	9	1	8	0
969	1	5	0	5	1
970	1	9	3	6	0
971	1	8	0	8	1
972	1	4	1	3	0
973	1	3	1	2	0
974	1	5	1	4	0
975	1	7	1	6	0
976	1	9	1	8	0
977	1	7	1	6	0
978	1	7	4	3	0
979	1	7	5	2	0
980	1	7	1	6	0
981	1	5	1	4	0
982	1	7	1	6	0
983	1	7	1	6	0
984	1	7	0	7	1
985	1	9	1	8	0
986	1	8	1	7	0
987	1	3	1	2	0
988	1	4	1	3	0
989	1	7	1	6	0
990	1	6	1	5	0
991	1	6	2	4	0
992	1	5	1	4	0
993	1	5	1	4	0
994	1	5	1	4	0
995	1	2	0	2	1
996	1	7	2	5	0
997	1	10	1	9	0
998	1	6	1	5	0
999	1	3	0	3	1
1000	1	4	2	2	0
1001	1	10	0	10	1
1002	1	11	0	11	1
1003	1	5	1	4	0
1004	1	5	1	4	0
1005	1	5	0	5	1
1006	1	5	0	5	1
1007	1	6	0	6	1
1008	1	10	1	9	0
1009	1	10	2	8	0
1010	1	5	4	1	0
1011	1	4	2	2	0
1012	1	8	2	6	0
1013	1	9	4	5	0
1014	1	8	1	7	0
1015	1	10	1	9	0
1016	1	10	2	8	0
1017	1	9	2	7	0
1018	1	9	0	9	1
1019	1	6	1	5	0
1020	1	9	1	8	0
1021	1	10	1	9	0
1022	1	6	1	5	0
1023	1	7	1	6	0
1024	1	10	1	9	0
1025	1	10	1	9	0
1026	1	7	1	6	0
1027	1	6	0	6	1
1028	1	6	1	5	0
1029	1	8	0	8	1
1030	1	8	0	8	1
1031	1	4	0	4	1
1032	1	3	1	2	0
1033	1	5	2	3	0
1034	1	6	2	4	0
1035	1	7	0	7	1
1036	1	10	1	9	0
1037	1	7	1	6	0
1038	1	3	0	3	1
1039	1	7	2	5	0
1040	1	6	2	4	0
1041	1	3	1	2	0
1042	1	4	1	3	0
1043	1	5	0	5	1
1044	1	3	1	2	0
1045	1	7	3	4	0
1046	1	9	3	6	0
1047	1	6	1	5	0
1048	1	5	1	4	0
1049	1	7	0	7	1
1050	1	13	0	13	1
1051	1	11	0	11	1
1052	1	5	0	5	1
1053	1	5	4	1	0
1054	1	8	0	8	1
1055	1	6	0	6	1
1056	1	6	0	6	1
1057	1	7	0	7	1
1058	1	6	1	5	0
1059	1	7	1	6	0
1060	1	9	2	7	0
1061	1	9	2	7	0
1062	1	9	1	8	0
1063	1	7	2	5	0
1064	1	6	2	4	0
1065	1	7	2	5	0
1066	1	6	0	6	1
1067	1	9	0	9	1
1068	1	8	0	8	1
1069	1	7	0	7	1
1070	1	4	0	4	1
1071	1	4	0	4	1
1072	1	5	0	5	1
1073	1	5	3	2	0
1074	1	7	1	6	0
1075	1	11	0	11	1
1076	1	12	1	11	0
1077	1	9	1	8	0
1078	1	6	1	5	0
1079	1	5	0	5	1
1080	1	6	0	6	1
1081	1	9	0	9	1
1082	1	12	3	9	0
1083	1	9	2	7	0
1084	1	7	3	4	0
1085	1	6	0	6	1
1086	1	8	0	8	1
1087	1	7	1	6	0
1088	1	8	2	6	0
1089	1	5	0	5	1
1090	1	6	1	5	0
1091	1	6	0	6	1
1092	1	5	1	4	0
1093	1	6	2	4	0
1094	1	7	0	7	1
1095	1	6	0	6	1
1096	1	7	1	6	0
1097	1	5	1	4	0
1098	1	5	0	5	1
1099	1	8	0	8	1
1100	1	10	1	9	0
1101	1	9	0	9	1
1102	1	5	3	2	0
1103	1	4	1	3	0
1104	1	5	0	5	1
1105	1	6	0	6	1
1106	1	4	0	4	1
1107	1	4	0	4	1
1108	1	9	2	7	0
1109	1	9	1	8	0
1110	1	4	1	3	0
1111	1	6	0	6	1
1112	1	6	3	3	0
1113	1	8	4	4	0
1114	1	8	2	6	0
1115	1	4	0	4	1
1116	1	4	0	4	1
1117	1	8	2	6	0
1118	1	12	0	12	1
1119	1	9	0	9	1
1120	1	2	1	1	0
1121	1	6	1	5	0
1122	1	7	2	5	0
1123	1	9	2	7	0
1124	1	8	1	7	0
1125	1	4	0	4	1
1126	1	4	2	2	0
1127	1	5	0	5	1
1128	1	6	0	6	1
1129	1	7	0	7	1
1130	1	4	0	4	1
1131	1	5	1	4	0
1132	1	9	1	8	0
1133	1	8	2	6	0
1134	1	4	2	2	0
1135	1	7	1	6	0
1136	1	10	0	10	1
1137	1	6	1	5	0
1138	1	4	1	3	0
1139	1	5	0	5	1
1140	1	6	1	5	0
1141	1	6	0	6	1
1142	1	7	1	6	0
1143	1	9	2	7	0
1144	1	10	2	8	0
1145	1	13	4	9	0
1146	1	8	2	6	0
1147	1	4	0	4	1
1148	1	4	0	4	1
1149	1	3	1	2	0
1150	1	7	0	7	1
1151	1	12	1	11	0
1152	1	10	0	10	1
1153	1	9	0	9	1
1154	1	7	0	7	1
1155	1	9	2	7	0
1156	1	7	2	5	0
1157	1	6	0	6	1
1158	1	9	1	8	0
1159	1	8	2	6	0
1160	1	6	0	6	1
1161	1	8	0	8	1
1162	1	8	2	6	0
1163	1	8	1	7	0
1164	1	7	0	7	1
1165	1	7	1	6	0
1166	1	11	1	10	0
1167	1	11	1	10	0
1168	1	6	0	6	1
1169	1	6	0	6	1
1170	1	6	1	5	0
1171	1	8	2	6	0
1172	1	7	1	6	0
1173	1	8	0	8	1
1174	1	7	1	6	0
1175	1	4	2	2	0
1176	1	5	0	5	1
1177	1	5	0	5	1
1178	1	6	0	6	1
1179	1	5	0	5	1
1180	1	4	2	2	0
1181	1	7	1	6	0
1182	1	8	0	8	1
1183	1	5	1	4	0
1184	1	7	1	6	0
1185	1	11	0	11	1
1186	1	7	1	6	0
1187	1	8	0	8	1
1188	1	10	0	10	1
1189	1	8	0	8	1
1190	1	4	1	3	0
1191	1	5	0	5	1
1192	1	8	3	5	0
1193	1	10	2	8	0
1194	1	8	1	7	0
1195	1	8	0	8	1
1196	1	6	2	4	0
1197	1	8	3	5	0
1198	1	10	5	5	0
1199	1	9	4	5	0
1200	1	6	2	4	0
1201	1	5	1	4	0
1202	1	7	1	6	0
1203	1	6	0	6	1
1204	1	5	1	4	0
1205	1	6	1	5	0
1206	1	8	2	6	0
1207	1	9	1	8	0
1208	1	7	0	7	1
1209	1	8	1	7	0
1210	1	9	3	6	0
1211	1	7	1	6	0
1212	1	6	0	6	1
1213	1	9	1	8	0
1214	1	10	4	6	0
1215	1	8	4	4	0
1216	1	9	3	6	0
1217	1	8	1	7	0
1218	1	7	0	7	1
1219	1	5	1	4	0
1220	1	7	1	6	0
1221	1	9	0	9	1
1222	1	7	1	6	0
1223	1	8	2	6	0
1224	1	6	2	4	0
1225	1	11	1	10	0
1226	1	13	1	12	0
1227	1	8	2	6	0
1228	1	8	0	8	1
1229	1	8	1	7	0
1230	1	7	1	6	0
1231	1	7	1	6	0
1232	1	3	1	2	0
1233	1	5	0	5	1
1234	1	9	0	9	1
1235	1	12	0	12	1
1236	1	7	2	5	0
1237	1	4	1	3	0
1238	1	6	0	6	1
1239	1	6	1	5	0
1240	1	6	1	5	0
1241	1	8	0	8	1
1242	1	4	0	4	1
1243	1	5	0	5	1
1244	1	6	1	5	0
1245	1	7	1	6	0
1246	1	10	0	10	1
1247	1	11	1	10	0
1248	1	8	1	7	0
1249	1	5	1	4	0
1250	1	5	0	5	1
1251	1	6	2	4	0
1252	1	7	0	7	1
1253	1	4	2	2	0
1254	1	4	0	4	1
1255	1	3	0	3	1
1256	1	7	2	5	0
1257	1	8	0	8	1
1258	1	3	2	1	0
1259	1	6	1	5	0
1260	1	9	4	5	0
1261	1	7	3	4	0
1262	1	4	1	3	0
1263	1	5	1	4	0
1264	1	6	2	4	0
1265	1	8	0	8	1
1266	1	7	0	7	1
1267	1	5	0	5	1
1268	1	7	0	7	1
1269	1	10	4	6	0
1270	1	11	6	5	0
1271	1	10	3	7	0
1272	1	8	0	8	1
1273	1	3	0	3	1
1274	1	3	0	3	1
1275	1	4	1	3	0
1276	1	7	1	6	0
1277	1	8	1	7	0
1278	1	6	0	6	1
1279	1	6	1	5	0
1280	1	5	1	4	0
1281	1	6	1	5	0
1282	1	7	1	6	0
1283	1	5	0	5	1
1284	1	5	3	2	0
1285	1	7	0	7	1
1286	1	7	0	7	1
1287	1	7	0	7	1
1288	1	8	3	5	0
1289	1	7	2	5	0
1290	1	7	1	6	0
1291	1	7	0	7	1
1292	1	4	0	4	1
1293	1	3	0	3	1
1294	1	4	1	3	0
1295	1	5	2	3	0
1296	1	6	0	6	1
1297	1	8	0	8	1
1298	1	9	0	9	1
1299	1	8	3	5	0
1300	1	6	1	5	0
1301	1	3	1	2	0
1302	1	5	2	3	0
1303	1	9	3	6	0
1304	1	9	4	5	0
1305	1	5	1	4	0
1306	1	5	1	4	0
1307	1	2	1	1	0
1308	1	6	2	4	0
1309	1	7	2	5	0
1310	1	7	0	7	1
1311	1	9	0	9	1
1312	1	6	0	6	1
1313	1	4	0	4	1
1314	1	10	2	8	0
1315	1	10	1	9	0
1316	1	8	2	6	0
1317	1	6	1	5	0
1318	1	5	1	4	0
1319	1	6	0	6	1
1320	1	10	1	9	0
1321	1	8	1	7	0
1322	1	3	2	1	0
1323	1	4	2	2	0
1324	1	5	1	4	0
1325	1	10	1	9	0
1326	1	14	1	13	0
1327	1	8	0	8	1
1328	1	6	0	6	1
1329	1	7	3	4	0
1330	1	7	0	7	1
1331	1	5	1	4	0
1332	1	5	0	5	1
1333	1	7	0	7	1
1334	1	8	2	6	0
1335	1	6	3	3	0
1336	1	8	2	6	0
1337	1	10	1	9	0
1338	1	7	2	5	0
1339	1	3	2	1	0
1340	1	6	2	4	0
1341	1	7	2	5	0
1342	1	5	1	4	0
1343	1	6	1	5	0
1344	1	8	4	4	0
1345	1	7	2	5	0
1346	1	9	0	9	1
1347	1	8	0	8	1
1348	1	8	0	8	1
1349	1	7	2	5	0
1350	1	4	1	3	0
1351	1	8	3	5	0
1352	1	9	2	7	0
1353	1	11	1	10	0
1354	1	10	0	10	1
1355	1	4	2	2	0
1356	1	4	0	4	1
1357	1	5	0	5	1
1358	1	5	0	5	1
1359	1	3	2	1	0
1360	1	4	2	2	0
1361	1	5	1	4	0
1362	1	7	2	5	0
1363	1	5	2	3	0
1364	1	3	1	2	0
1365	1	3	2	1	0
1366	1	4	2	2	0
1367	1	8	2	6	0
1368	1	6	2	4	0
1369	1	7	1	6	0
1370	1	9	1	8	0
1371	1	7	2	5	0
1372	1	7	1	6	0
1373	1	7	2	5	0
1374	1	6	1	5	0
1375	1	9	1	8	0
1376	1	8	0	8	1
1377	1	8	0	8	1
1378	1	7	1	6	0
1379	1	10	2	8	0
1380	1	11	0	11	1
1381	1	8	1	7	0
1382	1	7	0	7	1
1383	1	4	1	3	0
1384	1	6	0	6	1
1385	1	10	0	10	1
1386	1	10	1	9	0
1387	1	10	0	10	1
1388	1	10	1	9	0
1389	1	6	0	6	1
1390	1	6	0	6	1
1391	1	8	2	6	0
1392	1	5	1	4	0
1393	1	5	1	4	0
1394	1	8	0	8	1
1395	1	5	1	4	0
1396	1	4	1	3	0
1397	1	5	0	5	1
1398	1	4	1	3	0
1399	1	7	0	7	1
1400	1	8	1	7	0
1401	1	6	1	5	0
1402	1	5	2	3	0
1403	1	6	3	3	0
1404	1	7	3	4	0
1405	1	8	1	7	0
1406	1	7	0	7	1
1407	1	6	0	6	1
1408	1	8	2	6	0
1409	1	9	1	8	0
1410	1	9	0	9	1
1411	1	9	0	9	1
1412	1	7	3	4	0
1413	1	5	0	5	1
1414	1	6	0	6	1
1415	1	7	1	6	0
1416	1	6	0	6	1
1417	1	5	1	4	0
1418	1	3	2	1	0
1419	1	6	0	6	1
1420	1	11	0	11	1
1421	1	12	1	11	0
1422	1	9	1	8	0
1423	1	5	0	5	1
1424	1	5	1	4	0
1425	1	8	0	8	1
1426	1	7	0	7	1
1427	1	5	0	5	1
1428	1	5	0	5	1
1429	1	7	0	7	1
1430	1	9	0	9	1
1431	1	9	1	8	0
1432	1	9	0	9	1
1433	1	6	0	6	1
1434	1	5	2	3	0
1435	1	6	2	4	0
1436	1	6	1	5	0
1437	1	6	1	5	0
1438	1	7	0	7	1
1439	1	6	0	6	1
1440	1	8	4	4	0
1441	1	7	3	4	0
1442	1	5	1	4	0
1443	1	6	0	6	1
1444	1	4	2	2	0
1445	1	5	0	5	1
1446	1	4	0	4	1
1447	1	6	0	6	1
1448	1	9	1	8	0
1449	1	7	0	7	1
1450	1	6	2	4	0
1451	1	8	0	8	1
1452	1	8	3	5	0
1453	1	7	3	4	0
1454	1	5	0	5	1
1455	1	7	0	7	1
1456	1	6	0	6	1
1457	1	4	1	3	0
1458	1	5	1	4	0
1459	1	5	0	5	1
1460	1	5	2	3	0
1461	1	6	2	4	0
1462	1	5	1	4	0
1463	1	5	0	5	1
1464	1	6	2	4	0
1465	1	8	1	7	0
1466	1	7	1	6	0
1467	1	5	0	5	1
1468	1	3	0	3	1
1469	1	6	2	4	0
1470	1	5	1	4	0
1471	1	3	0	3	1
1472	1	4	0	4	1
1473	1	4	1	3	0
1474	1	5	1	4	0
1475	1	8	2	6	0
1476	1	6	1	5	0
1477	1	4	0	4	1
1478	1	5	0	5	1
1479	1	7	1	6	0
1480	1	6	0	6	1
1481	1	6	0	6	1
1482	1	6	1	5	0
1483	1	6	1	5	0
1484	1	3	0	3	1
1485	1	6	0	6	1
1486	1	10	1	9	0
1487	1	9	0	9	1
1488	1	8	3	5	0
1489	1	10	3	7	0
1490	1	7	0	7	1
1491	1	8	1	7	0
1492	1	11	1	10	0
1493	1	10	0	10	1
1494	1	4	0	4	1
1495	1	3	1	2	0
1496	1	5	0	5	1
1497	1	4	1	3	0
1498	1	2	0	2	1
1499	1	3	1	2	0
1500	1	3	1	2	0
1501	1	6	0	6	1
1502	1	8	1	7	0
1503	1	7	1	6	0
1504	1	8	3	5	0
1505	1	10	1	9	0
1506	1	8	1	7	0
1507	1	4	1	3	0
1508	1	4	1	3	0
1509	1	5	1	4	0
1510	1	4	0	4	1
1511	1	4	1	3	0
1512	1	5	0	5	1
1513	1	5	0	5	1
1514	1	6	0	6	1
1515	1	8	1	7	0
1516	1	9	0	9	1
1517	1	6	1	5	0
1518	1	3	0	3	1
1519	1	5	1	4	0
1520	1	8	0	8	1
1521	1	7	1	6	0
1522	1	6	0	6	1
1523	1	8	0	8	1
1524	1	6	1	5	0
1525	1	4	1	3	0
1526	1	7	2	5	0
1527	1	10	0	10	1
1528	1	8	0	8	1
1529	1	7	4	3	0
1530	1	7	4	3	0
1531	1	5	2	3	0
1532	1	6	1	5	0
1533	1	4	1	3	0
1534	1	3	0	3	1
1535	1	5	0	5	1
1536	1	5	1	4	0
1537	1	7	3	4	0
1538	1	6	1	5	0
1539	1	5	0	5	1
1540	1	5	1	4	0
1541	1	6	1	5	0
1542	1	6	0	6	1
1543	1	6	0	6	1
1544	1	7	1	6	0
1545	1	8	2	6	0
1546	1	9	1	8	0
1547	1	8	0	8	1
1548	1	6	2	4	0
1549	1	9	2	7	0
1550	1	8	0	8	1
1551	1	4	1	3	0
1552	1	5	0	5	1
1553	1	8	0	8	1
1554	1	10	1	9	0
1555	1	9	2	7	0
1556	1	7	2	5	0
1557	1	4	0	4	1
1558	1	5	0	5	1
1559	1	8	2	6	0
1560	1	9	3	6	0
1561	1	7	1	6	0
1562	1	9	2	7	0
1563	1	8	0	8	1
1564	1	3	0	3	1
1565	1	2	0	2	1
1566	1	3	0	3	1
1567	1	4	3	1	0
1568	1	6	2	4	0
1569	1	8	1	7	0
1570	1	10	2	8	0
1571	1	11	2	9	0
1572	1	8	2	6	0
1573	1	7	3	4	0
1574	1	6	0	6	1
1575	1	4	0	4	1
1576	1	3	1	2	0
1577	1	3	0	3	1
1578	1	3	0	3	1
1579	1	7	1	6	0
1580	1	8	2	6	0
1581	1	7	1	6	0
1582	1	6	1	5	0
1583	1	8	1	7	0
1584	1	10	0	10	1
1585	1	8	2	6	0
1586	1	7	2	5	0
1587	1	8	3	5	0
1588	1	12	3	9	0
1589	1	7	2	5	0
1590	1	3	2	1	0
1591	1	5	1	4	0
1592	1	5	0	5	1
1593	1	6	1	5	0
1594	1	9	1	8	0
1595	1	11	3	8	0
1596	1	11	4	7	0
1597	1	6	2	4	0
1598	1	5	2	3	0
1599	1	6	1	5	0
1600	1	5	0	5	1
1601	1	5	1	4	0
1602	1	5	0	5	1
1603	1	7	1	6	0
1604	1	7	2	5	0
1605	1	7	2	5	0
1606	1	6	1	5	0
1607	1	7	4	3	0
1608	1	11	4	7	0
1609	1	9	3	6	0
1610	1	9	2	7	0
1611	1	8	1	7	0
1612	1	5	1	4	0
1613	1	6	1	5	0
1614	1	6	2	4	0
1615	1	8	2	6	0
1616	1	6	0	6	1
1617	1	2	0	2	1
1618	1	2	0	2	1
1619	1	3	1	2	0
1620	1	5	2	3	0
1621	1	9	0	9	1
1622	1	10	0	10	1
1623	1	7	2	5	0
1624	1	8	4	4	0
1625	1	9	2	7	0
1626	1	10	1	9	0
1627	1	7	0	7	1
1628	1	5	0	5	1
1629	1	6	1	5	0
1630	1	10	2	8	0
1631	1	12	4	8	0
1632	1	11	2	9	0
1633	1	7	0	7	1
1634	1	7	2	5	0
1635	1	7	3	4	0
1636	1	5	0	5	1
1637	1	3	0	3	1
1638	1	5	1	4	0
1639	1	8	2	6	0
1640	1	8	0	8	1
1641	1	9	2	7	0
1642	1	7	2	5	0
1643	1	5	1	4	0
1644	1	6	2	4	0
1645	1	9	0	9	1
1646	1	11	0	11	1
1647	1	6	0	6	1
1648	1	6	1	5	0
1649	1	6	1	5	0
1650	1	7	1	6	0
1651	1	7	1	6	0
1652	1	5	1	4	0
1653	1	8	1	7	0
1654	1	8	4	4	0
1655	1	6	3	3	0
1656	1	5	2	3	0
1657	1	4	0	4	1
1658	1	5	1	4	0
1659	1	9	0	9	1
1660	1	10	0	10	1
1661	1	6	0	6	1
1662	1	6	0	6	1
1663	1	8	1	7	0
1664	1	7	1	6	0
1665	1	4	1	3	0
1666	1	5	0	5	1
1667	1	7	1	6	0
1668	1	8	1	7	0
1669	1	10	2	8	0
1670	1	9	1	8	0
1671	1	6	0	6	1
1672	1	3	1	2	0
1673	1	8	1	7	0
1674	1	10	1	9	0
1675	1	8	1	7	0
1676	1	6	1	5	0
1677	1	4	1	3	0
1678	1	3	1	2	0
1679	1	6	0	6	1
1680	1	6	1	5	0
1681	1	4	1	3	0
1682	1	5	2	3	0
1683	1	7	3	4	0
1684	1	9	2	7	0
1685	1	11	1	10	0
1686	1	12	1	11	0
1687	1	9	0	9	1
1688	1	9	1	8	0
1689	1	14	1	13	0
1690	1	11	1	10	0
1691	1	4	2	2	0
1692	1	5	0	5	1
1693	1	5	0	5	1
1694	1	4	0	4	1
1695	1	3	0	3	1
1696	1	3	1	2	0
1697	1	7	3	4	0
1698	1	9	2	7	0
1699	1	7	3	4	0
1700	1	10	1	9	0
1701	1	9	0	9	1
1702	1	6	1	5	0
1703	1	5	0	5	1
1704	1	3	1	2	0
1705	1	6	0	6	1
1706	1	7	3	4	0
1707	1	4	1	3	0
1708	1	5	4	1	0
1709	1	3	2	1	0
1710	1	3	1	2	0
1711	1	3	0	3	1
1712	1	5	0	5	1
1713	1	8	1	7	0
1714	1	7	1	6	0
1715	1	4	0	4	1
1716	1	4	2	2	0
1717	1	5	1	4	0
1718	1	5	1	4	0
1719	1	7	0	7	1
1720	1	7	2	5	0
1721	1	7	1	6	0
1722	1	9	0	9	1
1723	1	7	2	5	0
1724	1	8	2	6	0
1725	1	7	1	6	0
1726	1	4	1	3	0
1727	1	5	0	5	1
1728	1	6	0	6	1
1729	1	8	1	7	0
1730	1	6	1	5	0
1731	1	5	2	3	0
1732	1	10	0	10	1
1733	1	13	0	13	1
1734	1	8	1	7	0
1735	1	5	1	4	0
1736	1	6	1	5	0
1737	1	7	0	7	1
1738	1	9	1	8	0
1739	1	7	2	5	0
1740	1	7	0	7	1
1741	1	6	1	5	0
1742	1	4	1	3	0
1743	1	5	0	5	1
1744	1	7	1	6	0
1745	1	6	2	4	0
1746	1	7	1	6	0
1747	1	9	4	5	0
1748	1	8	2	6	0
1749	1	7	0	7	1
1750	1	7	1	6	0
1751	1	8	1	7	0
1752	1	7	0	7	1
1753	1	9	0	9	1
1754	1	8	0	8	1
1755	1	6	2	4	0
1756	1	5	2	3	0
1757	1	6	1	5	0
1758	1	8	2	6	0
1759	1	8	1	7	0
1760	1	6	1	5	0
1761	1	6	1	5	0
1762	1	8	1	7	0
1763	1	7	2	5	0
1764	1	9	0	9	1
1765	1	11	0	11	1
1766	1	8	0	8	1
1767	1	8	0	8	1
1768	1	9	0	9	1
1769	1	9	1	8	0
1770	1	9	1	8	0
1771	1	6	0	6	1
1772	1	5	0	5	1
1773	1	6	1	5	0
1774	1	7	0	7	1
1775	1	6	0	6	1
1776	1	3	0	3	1
1777	1	6	1	5	0
1778	1	7	2	5	0
1779	1	6	3	3	0
1780	1	4	0	4	1
1781	1	7	2	5	0
1782	1	7	0	7	1
1783	1	8	2	6	0
1784	1	7	1	6	0
1785	1	5	2	3	0
1786	1	6	1	5	0
1787	1	7	0	7	1
1788	1	9	1	8	0
1789	1	7	1	6	0
1790	1	7	0	7	1
1791	1	4	0	4	1
1792	1	8	1	7	0
1793	1	9	1	8	0
1794	1	9	0	9	1
1795	1	8	2	6	0
1796	1	10	0	10	1
1797	1	13	1	12	0
1798	1	8	0	8	1
1799	1	4	0	4	1
1800	1	4	0	4	1
1801	1	8	1	7	0
1802	1	7	1	6	0
1803	1	6	0	6	1
1804	1	10	1	9	0
1805	1	8	1	7	0
1806	1	5	1	4	0
1807	1	10	1	9	0
1808	1	10	0	10	1
1809	1	8	1	7	0
1810	1	9	3	6	0
1811	1	6	0	6	1
1812	1	5	1	4	0
1813	1	7	0	7	1
1814	1	6	1	5	0
1815	1	9	0	9	1
1816	1	11	0	11	1
1817	1	5	0	5	1
1818	1	3	0	3	1
1819	1	5	0	5	1
1820	1	9	4	5	0
1821	1	8	4	4	0
1822	1	7	1	6	0
1823	1	6	1	5	0
1824	1	4	1	3	0
1825	1	5	3	2	0
1826	1	9	2	7	0
1827	1	9	0	9	1
1828	1	7	0	7	1
1829	1	8	0	8	1
1830	1	7	0	7	1
1831	1	6	1	5	0
1832	1	7	1	6	0
1833	1	6	0	6	1
1834	1	8	1	7	0
1835	1	10	0	10	1
1836	1	8	0	8	1
1837	1	5	1	4	0
1838	1	7	1	6	0
1839	1	5	0	5	1
1840	1	5	0	5	1
1841	1	8	1	7	0
1842	1	6	0	6	1
1843	1	6	1	5	0
1844	1	4	2	2	0
1845	1	5	1	4	0
1846	1	7	0	7	1
1847	1	7	1	6	0
1848	1	7	0	7	1
1849	1	10	2	8	0
1850	1	8	1	7	0
1851	1	4	2	2	0
1852	1	6	1	5	0
1853	1	6	1	5	0
1854	1	4	0	4	1
1855	1	9	1	8	0
1856	1	9	0	9	1
1857	1	8	0	8	1
1858	1	7	1	6	0
1859	1	5	1	4	0
1860	1	10	6	4	0
1861	1	9	5	4	0
1862	1	7	1	6	0
1863	1	7	0	7	1
1864	1	6	2	4	0
1865	1	6	3	3	0
1866	1	6	1	5	0
1867	1	8	1	7	0
1868	1	6	0	6	1
1869	1	5	0	5	1
1870	1	7	0	7	1
1871	1	7	2	5	0
1872	1	7	0	7	1
1873	1	10	0	10	1
1874	1	9	1	8	0
1875	1	6	0	6	1
1876	1	4	1	3	0
1877	1	6	0	6	1
1878	1	7	0	7	1
1879	1	6	1	5	0
1880	1	6	1	5	0
1881	1	7	0	7	1
1882	1	6	1	5	0
1883	1	4	0	4	1
1884	1	6	1	5	0
1885	1	7	1	6	0
1886	1	5	2	3	0
1887	1	6	1	5	0
1888	1	5	1	4	0
1889	1	7	0	7	1
1890	1	6	0	6	1
1891	1	7	2	5	0
1892	1	8	4	4	0
1893	1	8	1	7	0
1894	1	7	1	6	0
1895	1	5	0	5	1
1896	1	6	1	5	0
1897	1	7	3	4	0
1898	1	6	2	4	0
1899	1	4	0	4	1
1900	1	3	1	2	0
1901	1	4	1	3	0
1902	1	7	0	7	1
1903	1	11	0	11	1
1904	1	14	0	14	1
1905	1	13	2	11	0
1906	1	14	3	11	0
1907	1	10	1	9	0
1908	1	5	1	4	0
1909	1	5	2	3	0
1910	1	6	0	6	1
1911	1	7	1	6	0
1912	1	6	3	3	0
1913	1	7	1	6	0
1914	1	13	0	13	1
1915	1	14	0	14	1
1916	1	8	0	8	1
1917	1	2	0	2	1
1918	1	4	1	3	0
1919	1	5	1	4	0
1920	1	7	3	4	0
1921	1	10	7	3	0
1922	1	10	6	4	0
1923	1	8	1	7	0
1924	1	7	0	7	1
1925	1	7	2	5	0
1926	1	6	3	3	0
1927	1	5	2	3	0
1928	1	4	2	2	0
1929	1	5	1	4	0
1930	1	6	1	5	0
1931	1	6	0	6	1
1932	1	4	3	1	0
1933	1	6	2	4	0
1934	1	7	2	5	0
1935	1	6	2	4	0
1936	1	3	1	2	0
1937	1	9	2	7	0
1938	1	13	1	12	0
1939	1	10	0	10	1
1940	1	8	0	8	1
1941	1	10	0	10	1
1942	1	9	0	9	1
1943	1	8	0	8	1
1944	1	9	3	6	0
1945	1	7	1	6	0
1946	1	7	0	7	1
1947	1	10	0	10	1
1948	1	8	1	7	0
1949	1	6	0	6	1
1950	1	6	1	5	0
1951	1	7	3	4	0
1952	1	9	5	4	0
1953	1	9	3	6	0
1954	1	7	0	7	1
1955	1	6	1	5	0
1956	1	7	0	7	1
1957	1	6	1	5	0
1958	1	6	0	6	1
1959	1	9	2	7	0
1960	1	9	3	6	0
1961	1	5	1	4	0
1962	1	3	1	2	0
1963	1	3	0	3	1
1964	1	4	1	3	0
1965	1	6	1	5	0
1966	1	5	2	3	0
1967	1	9	4	5	0
1968	1	7	1	6	0
1969	1	4	1	3	0
1970	1	7	1	6	0
1971	1	7	2	5	0
1972	1	3	1	2	0
1973	1	5	0	5	1
1974	1	6	1	5	0
1975	1	6	2	4	0
1976	1	5	2	3	0
1977	1	4	1	3	0
1978	1	7	2	5	0
1979	1	8	2	6	0
1980	1	5	0	5	1
1981	1	6	1	5	0
1982	1	6	0	6	1
1983	1	5	1	4	0
1984	1	4	1	3	0
1985	1	4	1	3	0
1986	1	7	3	4	0
1987	1	8	3	5	0
1988	1	9	3	6	0
1989	1	9	1	8	0
1990	1	8	0	8	1
1991	1	10	0	10	1
1992	1	11	2	9	0
1993	1	9	2	7	0
1994	1	7	0	7	1
1995	1	9	1	8	0
1996	1	12	1	11	0
1997	1	9	3	6	0
1998	1	4	1	3	0
1999	1	4	1	3	0
2000	1	3	0	3	1
