1	0	T 542	266	693	373	
2	1	T 522	261	677	369	P 546	294	84	84	
3	0	T 513	264	662	359	
4	0	T 508	259	657	356	
5	0	T 504	259	654	351	
6	0	T 505	256	653	344	
7	0	T 509	256	661	345	
8	1	T 521	259	670	342	P 546	252	84	84	
9	1	T 532	254	685	338	P 84	294	126	84	
10	0	T 554	255	706	333	
11	0	T 580	252	733	333	
12	1	T 612	250	765	326	P 252	294	84	84	
13	3	T 647	252	794	321	P 294	294	84	84	P 588	252	84	126	P 1176	630	84	84	
14	4	T 676	253	826	318	P 252	294	168	84	P 630	42	84	84	P 798	0	210	168	P 1176	630	84	84	
15	3	T 707	250	854	318	P 546	252	126	126	P 630	0	252	126	P 756	168	84	126	
16	3	T 736	248	882	312	P 546	252	84	84	P 714	0	126	126	P 1008	42	84	84	
17	3	T 760	248	908	312	P 546	252	126	84	P 714	0	84	84	P 882	0	126	84	
18	2	T 784	248	932	310	P 504	252	126	126	P 672	0	336	126	
19	5	T 808	254	956	315	P 42	294	168	84	P 420	0	84	84	P 504	252	126	126	P 756	0	336	126	P 1176	630	84	84	
20	5	T 826	261	974	319	P 210	294	84	84	P 336	0	126	126	P 546	252	168	126	P 714	0	378	168	P 1134	630	126	84	
21	5	T 833	275	983	335	P 210	294	168	84	P 252	0	210	168	P 546	252	168	126	P 756	0	336	336	P 1176	0	84	84	
22	5	T 836	292	984	351	P 126	0	546	168	P 546	252	168	84	P 756	0	336	168	P 798	294	84	84	P 1134	0	126	126	
23	5	T 834	305	984	363	P 0	0	672	126	P 588	252	84	84	P 714	0	546	126	P 756	168	84	84	P 756	294	126	84	
24	4	T 828	321	978	379	P 0	0	210	168	P 294	0	966	336	P 504	252	126	84	P 798	294	84	84	
25	3	T 817	336	964	395	P 0	0	126	168	P 294	0	336	336	P 756	0	504	294	
26	4	T 797	348	943	412	P 0	42	84	84	P 336	0	210	126	P 546	252	126	126	P 756	0	504	294	
27	4	T 778	357	928	419	P 0	0	210	84	P 84	252	126	84	P 504	252	168	126	P 840	0	378	252	
28	4	T 758	356	905	423	P 0	0	210	84	P 0	210	378	168	P 504	252	126	126	P 882	0	378	336	
29	5	T 730	356	884	418	P 0	0	168	84	P 0	210	294	168	P 210	0	84	84	P 504	84	462	168	P 1050	168	210	168	
30	4	T 703	357	856	413	P 0	252	252	126	P 168	0	84	84	P 462	0	462	294	P 1092	168	168	210	
31	3	T 669	354	816	401	P 0	168	126	210	P 42	0	84	84	P 294	0	924	336	
32	4	T 633	344	783	399	P 84	126	84	126	P 252	84	84	84	P 252	0	798	420	P 1092	0	126	84	
33	1	T 596	321	743	387	P 0	0	1260	420	
34	4	T 556	306	702	371	P 0	168	1008	252	P 252	42	252	126	P 756	0	210	84	P 1050	0	210	126	
35	4	T 519	290	659	359	P 0	210	882	252	P 294	84	84	84	P 672	0	294	126	P 1050	0	168	126	
36	5	T 477	275	626	337	P 0	252	840	294	P 84	126	84	84	P 546	0	126	84	P 756	0	378	126	P 1134	168	84	84	
37	1	T 443	257	592	333	P 0	0	1092	504	
38	4	T 416	241	563	315	P 0	84	168	126	P 0	252	630	336	P 378	0	504	210	P 840	252	252	84	
39	3	T 390	229	530	302	P 0	84	168	126	P 0	252	462	336	P 294	0	966	420	
40	5	T 361	213	504	289	P 0	84	84	126	P 0	252	462	336	P 378	0	420	210	P 630	252	420	126	P 1092	0	168	126	
41	4	T 325	196	472	270	P 0	294	378	294	P 420	0	546	420	P 1050	0	126	126	P 1092	252	84	126	
42	6	T 301	180	444	260	P 0	294	210	252	P 336	0	252	126	P 546	252	336	210	P 924	0	126	126	P 1050	252	210	84	P 1134	630	126	84	
43	5	T 271	167	413	247	P 0	336	84	84	P 462	252	336	252	P 798	0	210	84	P 1050	252	210	126	P 1092	630	168	84	
44	5	T 248	149	389	231	P 42	0	84	84	P 378	294	336	210	P 714	0	168	168	P 882	210	378	168	P 1008	630	252	84	
45	7	T 232	136	372	222	P 0	0	84	84	P 84	126	84	84	P 168	0	84	84	P 336	336	294	210	P 840	252	336	126	P 1008	630	84	84	P 1134	630	84	84	
46	5	T 268	141	403	226	P 0	0	210	210	P 252	336	378	210	P 630	84	84	84	P 756	252	294	168	P 1092	504	84	84	
47	6	T 295	136	433	222	P 0	0	210	210	P 168	336	420	210	P 588	42	126	126	P 714	252	294	168	P 840	42	126	126	P 1050	504	84	84	
48	4	T 320	140	456	231	P 0	0	168	210	P 0	252	126	84	P 168	42	840	378	P 756	588	84	84	
49	4	T 376	175	512	266	P 0	0	168	210	P 0	252	504	336	P 546	252	420	210	P 588	42	252	168	
50	6	T 401	209	536	301	P 0	252	252	252	P 126	126	84	84	P 294	210	672	294	P 504	42	210	126	P 924	42	84	126	P 1176	630	84	84	
51	3	T 469	256	603	350	P 84	0	798	546	P 924	42	126	126	P 1176	630	84	84	
52	4	T 515	307	649	400	P 210	84	84	84	P 252	420	294	168	P 294	0	462	378	P 966	0	294	252	
53	7	T 548	329	683	423	P 0	168	84	84	P 168	126	84	84	P 252	42	504	378	P 252	462	126	84	P 630	588	84	84	P 1050	294	84	84	P 1134	126	126	126	
54	7	T 573	343	707	438	P 0	210	84	126	P 168	126	84	84	P 210	252	252	126	P 252	588	210	126	P 294	84	126	84	P 504	0	756	462	P 1050	630	168	84	
55	8	T 608	357	742	454	P 0	252	84	84	P 126	210	84	84	P 252	84	462	336	P 294	588	168	126	P 798	84	168	126	P 882	336	210	126	P 1050	588	210	126	P 1092	126	168	126	
56	2	T 635	373	768	469	P 0	84	1260	630	P 252	630	126	84	
57	2	T 654	381	786	477	P 0	0	1260	714	P 252	630	126	84	
58	4	T 668	389	796	486	P 0	168	966	420	P 882	588	378	126	P 1134	84	84	84	P 1176	294	84	84	
59	5	T 669	394	803	496	P 0	168	756	504	P 0	546	126	84	P 798	630	252	84	P 1092	336	168	126	P 1092	504	84	84	
60	6	T 660	400	788	503	P 0	252	336	378	P 378	630	84	84	P 504	252	378	336	P 756	630	252	84	P 1050	336	210	126	P 1092	42	168	126	
61	6	T 653	409	784	508	P 0	252	294	294	P 462	252	378	252	P 504	546	84	126	P 672	630	126	84	P 966	84	294	126	P 1176	378	84	84	
62	4	T 649	417	779	518	P 0	294	294	252	P 420	294	420	294	P 630	630	84	84	P 966	126	210	168	
63	4	T 641	425	768	527	P 0	336	378	252	P 168	630	84	84	P 420	294	420	420	P 966	126	210	126	
64	2	T 619	438	747	541	P 0	294	882	420	P 966	168	252	126	
65	2	T 593	449	719	555	P 0	294	966	420	P 1176	504	84	84	
66	1	T 561	460	683	565	P 0	252	966	462	
67	5	T 528	469	652	572	P 0	420	210	126	P 0	588	84	84	P 378	294	588	252	P 588	630	210	84	P 1092	462	126	126	
68	3	T 509	476	623	579	P 42	420	168	84	P 336	294	588	420	P 1008	462	252	126	
69	3	T 480	468	601	581	P 42	420	126	84	P 252	336	672	336	P 1050	420	210	168	
70	2	T 462	469	582	575	P 0	336	1260	294	P 168	42	84	126	
71	2	T 463	426	579	538	P 42	378	1092	252	P 126	42	84	126	
72	3	T 471	412	588	518	P 0	378	1092	294	P 42	84	84	84	P 1134	588	126	84	
73	3	T 490	382	604	490	P 0	84	84	84	P 0	378	1092	294	P 924	42	84	84	
74	2	T 518	357	631	462	P 0	378	1050	294	P 168	0	126	84	
75	2	T 537	321	643	428	P 0	0	294	84	P 0	378	1008	294	
76	4	T 553	288	656	393	P 0	0	252	84	P 0	630	84	84	P 126	420	840	252	P 840	42	84	126	
77	4	T 572	269	674	371	P 0	0	210	84	P 0	630	84	84	P 126	420	756	252	P 798	42	126	126	
78	3	T 589	257	686	359	P 0	0	210	84	P 0	420	882	252	P 756	42	126	126	
79	4	T 598	245	697	347	P 0	42	84	84	P 0	630	84	84	P 126	420	756	252	P 714	84	168	126	
80	5	T 612	240	704	339	P 0	42	126	84	P 126	420	588	252	P 420	42	84	84	P 714	84	126	126	P 756	462	168	168	
81	3	T 618	242	708	340	P 0	42	126	84	P 210	420	672	252	P 420	84	84	84	
82	6	T 611	249	704	345	P 0	42	126	84	P 42	294	252	126	P 84	588	126	126	P 252	84	84	126	P 462	420	420	252	P 630	210	126	126	
83	5	T 597	272	693	363	P 0	126	420	252	P 84	588	210	126	P 336	462	504	210	P 546	210	168	168	P 966	0	210	252	
84	3	T 581	311	582	311	P 0	210	840	462	P 84	588	294	126	P 924	42	252	168	
85	6	T 670	391	585	336	P 0	210	378	294	P 84	546	252	168	P 126	0	126	84	P 378	42	126	84	P 462	294	378	420	P 1008	168	84	84	
86	4	T 663	427	594	368	P 42	42	756	546	P 126	630	126	84	P 504	630	84	84	P 924	168	126	84	
87	2	T 671	453	606	395	P 0	0	588	588	P 168	504	168	126	
88	3	T 684	476	604	426	P 0	0	378	672	P 420	462	168	210	P 672	294	126	126	
89	1	T 681	500	603	453	P 0	0	924	714	
90	3	T 683	531	605	472	P 0	0	504	714	P 588	378	168	168	P 798	420	84	84	
91	2	T 678	555	605	481	P 0	84	420	630	P 588	420	294	126	
92	4	T 676	562	601	488	P 0	168	336	546	P 588	0	84	84	P 588	462	126	126	P 756	462	84	126	
93	5	T 671	567	589	476	P 0	252	294	294	P 0	588	84	84	P 546	0	84	84	P 588	504	84	84	P 714	504	126	84	
94	3	T 661	556	579	452	P 0	126	294	420	P 504	0	84	84	P 588	462	84	84	
95	2	T 654	536	576	427	P 0	126	294	336	P 504	462	168	84	
96	2	T 648	505	569	404	P 0	168	168	252	P 504	462	168	84	
97	3	T 638	482	559	388	P 0	168	126	294	P 420	462	252	168	P 1050	0	126	84	
98	3	T 631	470	552	376	P 0	210	126	252	P 378	462	252	168	P 1176	84	84	84	
99	3	T 621	457	547	364	P 0	336	84	126	P 378	462	294	168	P 1008	42	252	168	
100	3	T 616	445	541	349	P 294	546	126	84	P 462	462	210	168	P 924	42	336	168	
101	3	T 611	429	536	336	P 294	546	126	84	P 462	462	210	210	P 840	0	420	252	
102	4	T 605	414	533	329	P 252	126	84	84	P 252	588	84	84	P 462	462	210	126	P 756	0	504	252	
103	5	T 601	406	525	321	P 168	0	252	210	P 210	588	126	126	P 462	462	168	126	P 714	0	168	126	P 966	84	252	168	
104	4	T 595	398	521	317	P 168	0	252	126	P 210	630	84	84	P 714	0	168	168	P 966	126	210	168	
105	3	T 591	395	520	313	P 210	0	252	126	P 756	126	84	84	P 924	126	210	168	
106	4	T 592	393	524	313	P 210	0	252	126	P 546	0	84	84	P 882	126	210	168	P 1050	0	126	84	
107	2	T 593	395	528	317	P 168	0	462	126	P 882	0	336	168	
108	4	T 598	394	537	319	P 126	294	84	84	P 210	0	378	168	P 630	84	84	126	P 1050	42	168	126	
109	3	T 606	397	545	321	P 84	252	84	84	P 210	0	420	168	P 840	126	84	84	
110	3	T 614	396	557	320	P 84	294	84	84	P 210	0	420	168	P 798	84	126	126	
111	4	T 628	400	572	324	P 84	294	84	84	P 210	0	756	462	P 462	504	84	84	P 1050	168	210	168	
112	4	T 644	400	595	330	P 252	42	84	84	P 378	0	210	168	P 504	84	504	378	P 1092	252	126	84	
113	2	T 663	406	618	334	P 378	0	168	168	P 462	126	630	378	
114	4	T 688	410	639	341	P 84	630	84	84	P 126	462	84	84	P 378	168	630	420	P 420	0	168	126	
115	3	T 708	415	646	344	P 42	630	126	84	P 420	0	168	126	P 420	210	630	378	
116	5	T 718	423	650	351	P 0	630	126	84	P 42	504	126	84	P 420	0	168	126	P 504	252	504	378	P 1092	504	126	84	
117	5	T 720	427	649	352	P 42	504	126	126	P 420	0	168	84	P 420	294	504	336	P 1092	504	168	126	P 1176	336	84	84	
118	4	T 725	429	645	358	P 0	504	168	168	P 420	0	126	126	P 420	294	504	378	P 1092	378	168	210	
119	5	T 716	435	641	361	P 0	546	126	168	P 336	336	546	336	P 966	0	168	126	P 1092	378	168	294	P 1176	42	84	84	
120	5	T 715	433	640	362	P 0	588	84	126	P 294	336	504	336	P 882	420	126	84	P 1008	0	252	168	P 1092	462	126	210	
121	4	T 711	435	633	361	P 0	588	84	126	P 252	378	546	294	P 840	420	378	168	P 1008	0	210	168	
122	2	T 709	431	630	363	P 210	420	840	252	P 840	0	336	210	
123	4	T 706	430	622	362	P 210	504	126	126	P 378	420	546	210	P 798	84	168	168	P 1008	42	168	252	
124	3	T 696	432	616	358	P 210	462	462	210	P 714	462	168	168	P 756	42	462	210	
125	3	T 694	430	609	358	P 168	504	462	210	P 672	504	210	126	P 756	42	462	168	
126	3	T 690	424	610	353	P 168	504	462	210	P 672	546	168	84	P 756	84	462	168	
127	2	T 686	420	608	348	P 126	504	672	210	P 756	84	420	168	
128	2	T 677	417	606	341	P 126	504	630	168	P 714	84	462	210	
129	3	T 677	405	607	327	P 84	588	294	126	P 462	546	252	126	P 588	42	546	294	
130	4	T 672	394	603	316	P 84	588	84	84	P 252	588	84	84	P 420	546	168	126	P 588	42	504	336	
131	2	T 670	384	604	304	P 420	588	168	126	P 546	42	546	336	
132	3	T 672	373	602	288	P 42	630	84	84	P 420	588	168	126	P 546	84	546	336	
133	3	T 670	359	602	271	P 42	630	84	84	P 378	588	210	84	P 588	168	462	210	
134	5	T 671	338	605	247	P 42	630	84	84	P 378	588	168	126	P 504	84	84	84	P 588	210	336	210	P 966	168	84	126	
135	3	T 672	312	602	221	P 0	630	126	84	P 378	588	126	84	P 462	84	588	336	
136	4	T 673	286	601	198	P 0	588	126	126	P 336	588	126	126	P 462	84	336	336	P 924	210	84	84	
137	4	T 675	268	602	189	P 84	630	84	84	P 378	588	84	84	P 462	84	336	378	P 882	210	126	126	
138	2	T 672	256	602	193	P 42	630	126	84	P 420	84	588	336	
139	4	T 671	259	602	192	P 42	630	168	84	P 336	294	84	84	P 378	0	378	462	P 840	252	126	84	
140	3	T 672	258	602	193	P 0	630	210	84	P 84	126	126	84	P 294	42	672	462	
141	3	T 603	181	671	258	P 0	630	210	84	P 84	126	126	126	P 294	0	756	504	
142	3	T 672	258	603	186	P 0	630	84	84	P 42	126	126	168	P 294	0	756	504	
143	8	T 667	258	600	187	P 0	630	168	84	P 42	168	126	126	P 126	0	84	84	P 252	84	84	84	P 252	294	84	84	P 378	42	210	210	P 420	294	378	294	P 798	0	294	84	
144	5	T 668	251	595	182	P 0	168	168	126	P 42	630	84	84	P 84	0	126	84	P 336	84	336	462	P 756	0	336	84	
145	4	T 665	249	595	183	P 0	210	126	126	P 84	0	126	126	P 294	84	378	504	P 756	0	294	84	
146	5	T 664	250	593	186	P 0	210	84	126	P 84	42	84	84	P 294	0	84	84	P 294	210	336	294	P 756	0	294	84	
147	6	T 663	255	593	193	P 0	252	84	84	P 252	168	336	168	P 294	0	126	84	P 378	378	252	252	P 462	0	84	84	P 756	0	294	126	
148	7	T 661	258	593	204	P 0	294	84	84	P 210	168	336	168	P 378	420	210	252	P 462	0	168	84	P 672	0	84	84	P 798	0	252	126	P 1008	168	126	84	
149	5	T 662	270	592	219	P 252	168	294	168	P 336	462	252	210	P 546	0	84	84	P 672	0	462	252	P 714	504	84	126	
150	7	T 661	285	597	232	P 126	168	462	294	P 126	546	126	84	P 336	588	84	84	P 462	504	126	126	P 546	0	84	84	P 672	0	462	252	P 714	546	84	84	
151	4	T 665	298	604	243	P 126	252	420	210	P 462	546	126	126	P 504	0	126	84	P 672	0	462	252	
152	3	T 674	309	616	252	P 126	294	126	126	P 294	294	252	210	P 504	0	630	252	
153	3	T 683	319	627	267	P 126	294	420	252	P 462	630	84	84	P 504	0	546	378	
154	6	T 696	327	632	275	P 168	294	126	84	P 210	462	168	126	P 420	378	126	126	P 462	630	84	84	P 504	0	462	252	P 672	252	252	168	
155	2	T 704	341	646	288	P 168	294	336	420	P 630	0	336	252	
156	3	T 711	354	655	298	P 168	294	336	294	P 210	630	84	84	P 630	210	336	252	
157	3	T 722	363	666	304	P 168	294	126	126	P 252	462	252	210	P 630	294	294	252	
158	2	T 731	366	680	307	P 210	462	252	210	P 588	294	336	210	
159	2	T 744	370	691	313	P 126	462	294	210	P 588	336	336	210	
160	2	T 758	376	705	320	P 84	462	378	168	P 546	336	378	210	
161	2	T 771	380	717	331	P 84	546	336	168	P 546	336	336	210	
162	2	T 780	394	722	340	P 84	588	336	84	P 504	378	378	252	
163	2	T 790	406	727	354	P 0	0	84	84	P 504	420	336	294	
164	2	T 793	417	730	372	P 0	0	126	84	P 504	420	294	252	
165	1	T 797	430	737	387	P 420	462	336	252	
166	3	T 798	447	735	399	P 0	0	84	84	P 42	630	168	84	P 420	462	336	252	
167	4	T 799	460	734	409	P 42	0	126	84	P 84	630	126	84	P 462	630	126	84	P 588	462	126	126	
168	2	T 799	469	736	417	P 84	630	84	84	P 588	462	126	126	
169	3	T 800	478	734	425	P 0	126	84	84	P 42	0	126	84	P 630	462	84	126	
170	0	T 800	488	730	437	
171	0	T 795	497	730	444	
172	0	T 789	505	706	456	
173	0	T 775	519	689	464	
174	0	T 757	530	668	470	
175	0	T 738	534	646	473	
176	0	T 716	536	627	477	
177	0	T 610	477	676	538	
178	0	T 695	537	594	479	
179	0	T 660	538	580	480	
180	0	T 644	536	564	477	
181	0	T 631	540	553	476	
182	0	T 609	533	532	468	
183	0	T 600	529	522	452	
184	0	T 586	507	510	429	
185	0	T 577	490	502	404	
186	0	T 569	464	501	381	
187	0	T 565	438	495	354	
188	0	T 564	413	494	337	
189	0	T 560	391	491	320	
190	0	T 556	379	489	306	
191	0	T 553	364	484	295	
192	0	T 550	350	484	284	
193	0	T 548	337	488	274	
194	0	T 550	330	492	265	
195	0	T 558	327	495	261	
196	0	T 565	319	508	260	
197	0	T 574	320	512	265	
198	0	T 577	323	519	277	
199	0	T 585	332	536	293	
200	0	T 600	352	548	300	
201	0	T 616	356	567	307	
202	0	T 634	361	582	307	
203	0	T 647	362	585	308	
204	0	T 653	364	594	309	
205	0	T 658	366	595	312	
206	0	T 662	370	599	315	
207	0	T 664	372	596	320	
208	0	T 662	378	597	323	
209	0	T 660	378	596	326	
210	0	T 662	378	595	329	
211	0	T 659	381	599	332	
212	0	T 661	384	596	332	
213	0	T 662	383	601	335	
214	0	T 665	389	597	334	
215	0	T 665	385	603	335	
216	0	T 668	387	600	334	
217	0	T 667	390	600	334	
218	0	T 666	390	600	334	
219	0	T 665	389	587	335	
220	0	T 659	389	584	334	
221	0	T 652	387	583	337	
222	0	T 648	387	582	336	
223	0	T 644	394	582	337	
224	0	T 640	386	583	335	
225	0	T 641	385	576	333	
226	0	T 638	385	577	330	
227	0	T 639	381	578	326	
228	0	T 637	379	568	322	
229	0	T 629	376	565	337	
230	0	T 625	390	566	339	
231	0	T 630	392	572	336	
232	0	T 637	390	574	324	
233	0	T 640	383	572	309	
234	0	T 639	366	576	289	
235	0	T 639	345	579	275	
236	0	T 647	334	583	267	
237	0	T 654	329	588	262	
238	0	T 653	318	594	253	
239	0	T 660	313	594	245	
240	0	T 666	305	609	239	
241	0	T 669	297	609	233	
242	0	T 678	294	612	229	
243	0	T 680	283	613	225	
244	0	T 681	281	612	220	
245	0	T 682	277	613	222	
246	0	T 680	280	615	225	
247	0	T 679	280	609	232	
248	0	T 680	291	608	243	
249	0	T 674	300	603	256	
250	0	T 669	319	600	266	
251	0	T 667	325	599	283	
252	0	T 659	337	591	293	
253	0	T 659	351	592	301	
254	0	T 657	354	590	304	
255	0	T 655	358	587	309	
256	0	T 652	364	581	309	
257	0	T 649	362	576	308	
258	0	T 647	366	578	307	
259	0	T 646	362	577	304	
260	0	T 644	357	574	300	
261	0	T 638	352	578	291	
262	0	T 643	348	573	287	
263	0	T 640	341	578	280	
264	0	T 642	335	577	273	
265	0	T 640	326	584	271	
266	0	T 644	322	581	271	
267	0	T 643	328	584	275	
268	0	T 645	325	582	273	
269	0	T 645	323	582	275	
270	0	T 646	329	587	273	
271	0	T 649	325	587	272	
272	0	T 648	329	584	272	
273	0	T 652	325	588	276	
274	0	T 652	326	590	275	
275	0	T 652	330	592	277	
276	0	T 654	331	584	279	
277	0	T 655	331	592	283	
278	0	T 660	338	595	285	
279	0	T 659	336	597	290	
280	0	T 657	343	602	293	
281	0	T 659	343	599	299	
282	0	T 662	350	600	305	
283	0	T 661	359	597	306	
284	0	T 663	359	605	311	
285	0	T 665	359	604	311	
286	0	T 665	362	611	311	
287	0	T 669	360	611	309	
288	0	T 670	361	613	306	
289	0	T 674	355	616	301	
290	0	T 676	348	621	291	
291	0	T 681	341	626	273	
292	0	T 688	328	632	263	
293	0	T 691	315	636	249	
294	0	T 697	297	637	236	
295	0	T 699	290	641	229	
296	0	T 703	279	643	226	
297	0	T 703	278	643	225	
298	0	T 698	276	636	226	
299	0	T 697	280	634	223	
300	0	T 691	273	633	218	
301	0	T 691	275	627	215	
302	0	T 688	265	619	211	
303	0	T 681	264	613	209	
304	0	T 676	264	606	207	
305	0	T 669	260	603	201	
306	0	T 667	257	597	197	
307	0	T 661	255	598	195	
308	0	T 662	250	592	193	
309	0	T 656	249	595	192	
310	0	T 660	249	597	197	
311	0	T 660	252	596	202	
312	0	T 661	254	597	204	
313	0	T 659	261	592	209	
314	0	T 660	264	599	211	
315	0	T 662	266	605	218	
316	0	T 667	274	602	222	
317	0	T 670	279	608	231	
318	0	T 674	289	603	240	
319	0	T 672	299	607	248	
320	0	T 669	308	606	256	
321	0	T 667	316	602	269	
322	0	T 666	327	601	277	
323	0	T 663	334	601	287	
324	0	T 661	343	592	293	
325	0	T 657	350	591	295	
326	1	T 654	355	590	297	P 210	630	84	84	
327	1	T 650	353	589	297	P 210	630	84	84	
328	1	T 650	351	592	296	P 210	630	84	84	
329	1	T 651	348	593	301	P 210	630	84	84	
330	1	T 648	354	594	301	P 210	588	126	84	
331	1	T 649	356	594	301	P 210	546	168	126	
332	1	T 651	354	598	297	P 210	546	168	126	
333	1	T 651	352	598	298	P 210	546	168	126	
334	1	T 654	349	596	297	P 210	546	168	126	
335	1	T 653	351	596	296	P 210	504	210	126	
336	1	T 655	355	591	295	P 210	546	168	126	
337	1	T 655	352	587	293	P 210	588	126	84	
338	1	T 653	346	586	285	P 210	588	126	84	
339	0	T 652	343	599	280	
340	0	T 652	333	598	275	
341	1	T 647	327	595	273	P 210	588	126	84	
342	0	T 647	324	594	267	
343	0	T 647	318	594	263	
344	0	T 648	316	588	257	
345	0	T 644	312	595	250	
346	0	T 645	308	587	245	
347	0	T 642	299	593	242	
348	0	T 643	291	590	241	
349	0	T 643	291	589	241	
350	0	T 642	294	588	240	
351	0	T 642	291	588	241	
352	1	T 643	289	592	241	P 210	504	126	84	
353	1	T 643	288	595	242	P 126	504	210	126	
354	1	T 644	293	594	249	P 84	462	294	126	
355	1	T 641	297	586	259	P 84	462	294	168	
356	1	T 643	308	584	270	P 84	462	294	168	
357	1	T 641	322	585	280	P 84	504	294	168	
358	1	T 642	330	584	289	P 84	504	294	168	
359	1	T 639	336	583	290	P 84	504	294	168	
360	1	T 639	338	589	294	P 84	462	336	168	
361	1	T 642	340	585	297	P 84	462	336	168	
362	1	T 639	348	587	304	P 84	462	336	168	
363	1	T 637	351	586	309	P 84	462	378	168	
364	1	T 638	355	588	316	P 84	462	378	168	
365	1	T 640	365	590	322	P 126	462	336	168	
366	1	T 643	368	593	329	P 126	420	420	168	
367	1	T 644	375	597	336	P 126	462	378	168	
368	1	T 647	382	600	347	P 126	462	378	168	
369	1	T 649	393	600	357	P 126	504	378	168	
370	1	T 655	404	599	366	P 126	504	378	168	
371	1	T 599	372	655	417	P 168	504	336	168	
372	1	T 603	378	656	424	P 168	504	336	168	
373	1	T 602	383	657	424	P 168	504	336	168	
374	1	T 601	387	655	430	P 168	504	336	168	
375	1	T 600	393	655	437	P 168	504	336	168	
376	1	T 598	394	651	437	P 168	462	378	126	
377	1	T 593	392	651	438	P 126	462	420	168	
378	1	T 590	391	647	434	P 126	462	420	168	
379	1	T 587	386	646	427	P 126	504	336	168	
380	1	T 587	377	643	419	P 126	462	378	168	
381	1	T 583	371	644	415	P 84	462	420	168	
382	1	T 579	357	640	401	P 84	462	378	168	
383	1	T 576	350	636	389	P 84	462	336	168	
384	1	T 572	348	636	391	P 84	462	336	168	
385	1	T 568	346	631	390	P 84	462	336	168	
386	1	T 566	344	629	390	P 84	462	294	168	
387	1	T 560	345	628	391	P 84	462	336	168	
388	1	T 557	348	620	391	P 84	462	336	168	
389	1	T 556	351	615	391	P 84	420	336	168	
390	1	T 553	352	616	391	P 84	420	336	168	
391	1	T 549	350	607	390	P 84	420	336	168	
392	1	T 544	348	609	390	P 84	420	336	168	
393	1	T 542	345	606	385	P 42	420	378	168	
394	1	T 544	344	606	381	P 42	420	378	168	
395	1	T 537	341	603	379	P 42	420	378	168	
396	1	T 538	340	602	377	P 42	420	378	168	
397	1	T 536	335	597	374	P 0	420	420	168	
398	1	T 537	330	599	369	P 0	420	420	168	
399	1	T 539	325	602	363	P 0	462	378	126	
400	1	T 536	323	600	361	P 0	462	378	126	
401	1	T 535	320	601	354	P 0	462	378	126	
402	1	T 540	317	601	355	P 0	462	378	126	
403	1	T 534	309	601	346	P 0	462	336	126	
404	1	T 535	302	603	342	P 0	420	336	126	
405	1	T 529	297	599	341	P 0	462	336	126	
406	1	T 534	294	603	334	P 0	420	336	126	
407	1	T 529	288	598	332	P 0	420	336	126	
408	1	T 533	281	598	325	P 0	462	294	126	
409	1	T 528	279	595	319	P 0	420	294	126	
410	1	T 527	270	599	314	P 0	420	294	126	
411	1	T 526	267	599	312	P 0	420	294	126	
412	1	T 525	269	599	310	P 0	420	252	126	
413	1	T 525	270	595	309	P 0	420	252	126	
414	1	T 528	273	599	310	P 0	420	252	126	
415	1	T 526	270	598	307	P 0	420	252	126	
416	1	T 529	270	601	310	P 0	420	210	126	
417	1	T 525	271	598	309	P 0	462	168	126	
418	1	T 526	271	599	309	P 0	420	210	126	
419	2	T 530	271	600	311	P 0	420	210	126	P 294	336	84	84	
420	2	T 532	273	607	313	P 0	420	210	168	P 252	294	168	84	
421	1	T 532	273	604	310	P 0	294	420	168	
422	1	T 533	273	608	310	P 0	294	420	168	
423	2	T 536	272	612	314	P 0	420	210	168	P 294	294	126	84	
424	2	T 540	272	614	312	P 0	420	168	126	P 294	294	84	84	
425	2	T 541	273	615	316	P 0	420	168	126	P 294	294	84	84	
426	2	T 544	272	620	310	P 0	378	210	168	P 294	294	84	84	
427	1	T 550	275	625	312	P 0	378	210	168	
428	1	T 549	274	625	315	P 0	378	210	168	
429	1	T 551	273	627	316	P 0	378	210	168	
430	1	T 551	277	626	318	P 0	378	210	168	
431	1	T 553	281	633	320	P 0	378	168	168	
432	1	T 554	267	634	320	P 0	378	210	168	
433	1	T 552	280	632	319	P 0	378	210	168	
434	1	T 554	279	630	320	P 0	378	210	168	
435	1	T 548	279	627	317	P 0	378	210	168	
436	1	T 545	276	626	319	P 0	378	210	168	
437	1	T 545	276	624	315	P 0	336	210	168	
438	1	T 542	277	621	313	P 0	336	210	126	
439	1	T 541	273	624	314	P 0	336	210	126	
440	1	T 539	273	620	311	P 0	336	252	126	
441	1	T 536	269	616	308	P 0	336	210	126	
442	1	T 539	269	620	306	P 0	336	210	168	
443	1	T 536	263	617	299	P 0	336	210	126	
444	1	T 534	261	619	298	P 0	294	210	126	
445	1	T 535	257	620	301	P 0	294	210	126	
446	1	T 538	258	623	297	P 0	294	210	126	
447	1	T 538	259	620	300	P 0	294	210	126	
448	1	T 539	258	618	298	P 0	294	210	126	
449	1	T 540	258	622	298	P 0	294	210	126	
450	1	T 539	256	621	295	P 0	294	210	126	
451	1	T 538	257	619	297	P 0	294	210	126	
452	1	T 539	258	622	299	P 0	252	210	126	
453	1	T 541	255	623	294	P 0	252	210	126	
454	1	T 543	259	628	296	P 0	294	168	126	
455	1	T 543	257	629	298	P 0	252	210	168	
456	1	T 548	261	631	304	P 0	252	210	168	
457	1	T 550	266	634	305	P 0	336	84	126	
458	1	T 557	270	639	310	P 0	336	84	126	
459	1	T 555	267	642	311	P 0	336	84	126	
460	1	T 561	269	645	313	P 0	294	84	126	
461	1	T 561	267	645	314	P 0	210	210	126	
462	1	T 562	265	647	313	P 0	168	210	168	
463	1	T 563	263	647	312	P 0	210	210	168	
464	1	T 559	259	644	307	P 0	252	126	126	
465	1	T 562	247	647	297	P 0	210	210	126	
466	1	T 563	231	645	282	P 0	210	168	126	
467	1	T 563	214	646	261	P 0	168	168	126	
468	1	T 562	193	646	238	P 0	168	126	84	
469	0	T 562	171	644	222	
470	0	T 560	152	645	203	
471	0	T 558	139	646	192	
472	0	T 563	131	644	181	
473	0	T 558	123	648	174	
474	0	T 556	115	647	166	
475	0	T 556	110	646	165	
476	0	T 555	107	643	159	
477	0	T 557	105	642	159	
478	0	T 557	104	645	158	
479	0	T 552	104	642	160	
480	0	T 554	104	642	161	
481	1	T 555	109	645	168	P 0	42	84	84	
482	0	T 552	113	639	172	
483	0	T 553	125	642	184	
484	1	T 551	139	638	200	P 84	0	84	84	
485	1	T 551	162	639	224	P 84	0	84	84	
486	0	T 554	186	640	254	
487	0	T 551	219	639	285	
488	2	T 557	248	639	312	P 0	84	84	84	P 126	0	84	84	
489	1	T 559	267	644	337	P 0	0	252	84	
490	1	T 559	286	642	354	P 0	0	252	126	
491	1	T 564	302	648	372	P 0	0	294	126	
492	1	T 570	313	653	385	P 0	0	252	126	
493	1	T 581	327	661	399	P 0	0	210	126	
494	1	T 587	327	667	407	P 0	0	252	168	
495	1	T 596	339	678	415	P 0	0	294	168	
496	1	T 612	349	691	422	P 0	0	294	168	
497	1	T 626	354	703	428	P 0	0	336	168	
498	1	T 631	363	713	437	P 0	0	336	168	
499	1	T 644	365	722	443	P 0	0	378	210	
500	1	T 648	371	731	449	P 0	0	378	210	
501	1	T 649	375	737	455	P 0	0	420	252	
502	1	T 666	379	740	465	P 0	0	378	126	
503	1	T 669	382	740	465	P 0	0	378	126	
504	1	T 671	384	745	469	P 0	0	378	210	
505	2	T 670	389	744	473	P 0	42	84	84	P 126	0	294	126	
506	3	T 677	393	744	479	P 0	42	84	84	P 126	0	126	84	P 336	42	84	84	
507	1	T 675	396	743	484	P 294	0	126	126	
508	1	T 678	401	745	485	P 336	42	84	84	
509	1	T 679	401	745	484	P 336	42	84	84	
510	1	T 680	397	750	482	P 0	0	84	84	
511	1	T 679	392	750	479	P 0	0	84	84	
512	1	T 681	389	752	477	P 0	0	84	84	
513	0	T 678	386	750	474	
514	0	T 679	386	752	473	
515	0	T 679	387	752	475	
516	1	T 683	384	755	473	P 294	42	84	84	
517	0	T 682	384	754	477	
518	1	T 682	394	756	482	P 462	126	126	126	
519	1	T 686	399	758	487	P 462	126	126	126	
520	1	T 685	403	759	491	P 420	126	210	168	
521	1	T 684	410	757	498	P 378	84	252	210	
522	1	T 685	415	760	503	P 378	84	252	210	
523	1	T 683	418	757	506	P 336	42	294	252	
524	1	T 683	421	757	508	P 336	42	294	252	
525	1	T 677	421	752	509	P 336	42	294	210	
526	1	T 665	418	746	504	P 336	42	294	210	
527	1	T 650	392	725	478	P 378	0	252	252	
528	1	T 642	383	715	468	P 378	0	210	252	
529	1	T 640	373	711	460	P 378	0	252	252	
530	1	T 629	355	699	445	P 378	0	210	210	
531	1	T 614	344	690	433	P 378	0	210	210	
532	1	T 609	333	678	423	P 378	0	210	168	
533	1	T 600	325	670	412	P 378	0	210	168	
534	1	T 601	323	673	412	P 378	0	168	126	
535	1	T 597	323	666	412	P 378	0	168	168	
536	1	T 597	328	668	417	P 378	0	168	126	
537	1	T 594	333	665	420	P 378	0	168	126	
538	1	T 597	337	667	425	P 378	0	168	126	
539	1	T 598	336	666	429	P 420	0	126	126	
540	1	T 585	341	670	430	P 420	0	84	84	
541	1	T 603	342	672	431	P 420	0	84	84	
542	1	T 605	348	675	440	P 462	42	84	84	
543	1	T 606	349	675	437	P 462	42	84	84	
544	1	T 606	349	676	440	P 462	42	84	84	
545	1	T 606	345	674	437	P 462	0	84	126	
546	0	T 620	319	690	405	
547	0	T 634	282	702	374	
548	0	T 635	275	708	366	
549	0	T 633	273	706	365	
550	0	T 646	262	712	357	
551	0	T 650	261	718	354	
552	0	T 654	262	724	354	
553	0	T 655	262	724	358	
554	0	T 656	264	725	357	
555	0	T 660	267	728	358	
556	0	T 658	269	725	364	
557	0	T 662	272	733	363	
558	1	T 663	276	733	371	P 546	0	84	126	
559	1	T 664	283	729	378	P 546	0	84	84	
560	2	T 662	289	730	386	P 546	0	84	84	P 588	126	84	84	
561	0	T 666	301	733	396	
562	0	T 662	315	730	411	
563	0	T 661	330	729	426	
564	1	T 659	344	730	438	P 798	630	84	84	
565	2	T 649	360	728	451	P 336	630	84	84	P 756	630	126	84	
566	1	T 652	367	724	460	P 756	588	126	126	
567	2	T 649	374	721	469	P 714	588	210	126	P 1176	630	84	84	
568	2	T 642	380	714	476	P 714	588	210	126	P 1134	630	126	84	
569	3	T 640	389	708	485	P 294	630	84	84	P 672	588	252	126	P 1134	630	126	84	
570	4	T 629	396	702	493	P 252	630	168	84	P 462	0	84	126	P 672	588	336	126	P 1092	630	168	84	
571	5	T 622	404	693	499	P 252	630	168	84	P 420	0	126	126	P 504	168	84	84	P 672	546	336	168	P 1092	630	168	84	
572	5	T 613	414	684	508	P 252	588	168	126	P 462	0	84	84	P 462	126	126	126	P 672	546	336	168	P 1050	588	210	126	
573	4	T 605	420	679	516	P 210	588	168	126	P 420	0	84	84	P 462	126	126	126	P 672	546	588	168	
574	3	T 597	428	671	523	P 252	588	126	126	P 420	0	168	252	P 672	546	588	168	
575	3	T 593	436	666	528	P 210	546	168	126	P 378	0	210	252	P 672	504	588	210	
576	2	T 588	441	663	536	P 378	0	168	252	P 672	504	588	210	
577	2	T 585	443	659	540	P 378	0	168	210	P 630	504	630	210	
578	2	T 584	449	658	543	P 378	0	168	210	P 630	462	630	252	
579	2	T 583	450	656	547	P 378	0	168	210	P 630	462	630	252	
580	2	T 584	452	657	548	P 378	0	126	210	P 588	462	672	252	
581	3	T 583	451	655	544	P 126	630	210	84	P 378	0	126	210	P 588	420	672	294	
582	2	T 584	445	659	534	P 84	630	294	84	P 378	0	882	714	
583	3	T 589	419	664	510	P 84	630	378	84	P 378	0	882	714	P 546	630	84	84	
584	3	T 592	395	665	486	P 84	588	378	126	P 462	168	294	336	P 798	420	462	294	
585	3	T 588	386	661	479	P 84	546	462	168	P 462	168	252	294	P 798	420	462	294	
586	3	T 589	365	661	456	P 126	546	588	168	P 504	210	210	252	P 756	420	504	294	
587	3	T 586	344	661	439	P 84	462	672	252	P 504	252	210	168	P 798	378	462	336	
588	4	T 585	332	656	425	P 84	252	588	294	P 546	84	126	84	P 588	588	168	126	P 798	378	462	294	
589	2	T 581	327	653	418	P 84	378	1176	294	P 504	42	168	168	
590	3	T 572	322	645	415	P 84	420	630	294	P 504	0	168	252	P 756	336	504	294	
591	3	T 569	320	640	415	P 84	378	630	336	P 504	0	168	210	P 840	336	420	252	
592	3	T 560	323	632	415	P 42	336	672	378	P 504	0	168	210	P 840	336	420	252	
593	4	T 551	321	622	415	P 0	294	672	420	P 504	0	126	168	P 798	294	462	252	P 966	630	84	84	
594	5	T 546	322	616	413	P 0	294	672	420	P 504	0	126	126	P 798	420	84	126	P 966	126	294	378	P 966	630	168	84	
595	6	T 543	321	616	410	P 0	126	84	84	P 42	294	630	378	P 504	0	126	126	P 756	420	210	84	P 924	546	252	168	P 1008	84	252	420	
596	5	T 543	322	613	412	P 0	84	84	126	P 42	252	588	420	P 504	0	84	84	P 756	42	504	378	P 924	546	252	168	
597	4	T 541	322	613	412	P 0	42	462	588	P 504	336	168	210	P 714	42	546	378	P 882	546	294	168	
598	4	T 538	321	612	408	P 0	42	630	546	P 714	168	126	126	P 840	462	336	252	P 924	42	336	378	
599	4	T 541	321	614	410	P 0	0	630	588	P 714	126	126	126	P 840	462	336	252	P 882	42	378	336	
600	5	T 540	317	614	406	P 0	0	210	378	P 252	252	378	294	P 672	84	168	126	P 840	420	378	294	P 924	0	336	378	
601	4	T 540	316	615	406	P 0	0	630	504	P 672	42	84	84	P 840	420	378	294	P 924	0	336	336	
602	3	T 541	317	615	409	P 0	0	630	504	P 756	0	504	336	P 840	378	378	336	
603	6	T 544	321	619	411	P 0	0	630	462	P 336	630	126	84	P 714	630	84	84	P 840	378	420	336	P 882	0	252	294	P 1176	126	84	168	
604	4	T 545	322	618	414	P 0	0	588	462	P 336	630	126	84	P 840	378	420	294	P 882	0	378	294	
605	5	T 551	325	623	415	P 0	0	630	420	P 336	630	126	84	P 840	0	420	252	P 840	378	126	126	P 1008	378	168	210	
606	6	T 553	328	625	419	P 0	0	630	420	P 336	630	126	84	P 672	168	126	84	P 840	0	420	210	P 840	378	126	84	P 1008	378	126	168	
607	6	T 555	333	628	424	P 0	0	630	420	P 672	126	84	84	P 840	0	420	210	P 924	630	168	84	P 1008	420	126	84	P 1176	630	84	84	
608	7	T 558	336	631	427	P 0	0	504	378	P 546	336	84	84	P 672	126	84	84	P 840	0	420	168	P 924	630	336	84	P 1008	420	126	84	P 1176	294	84	84	
609	6	T 563	343	635	431	P 0	0	504	336	P 546	336	84	84	P 672	84	84	126	P 840	0	420	168	P 924	588	336	126	P 1176	252	84	126	
610	7	T 562	346	637	437	P 0	0	252	210	P 294	126	168	210	P 546	336	84	84	P 672	84	84	84	P 840	0	420	168	P 924	546	336	168	P 1176	252	84	126	
611	5	T 567	355	639	444	P 0	0	462	294	P 630	84	84	84	P 840	0	420	126	P 924	546	336	168	P 1176	210	84	126	
612	7	T 573	366	645	452	P 0	0	168	210	P 294	126	168	168	P 630	42	84	84	P 840	0	168	126	P 924	504	336	210	P 1092	42	84	84	P 1176	210	84	126	
613	7	T 577	371	650	461	P 0	0	168	168	P 336	168	126	84	P 630	42	84	84	P 840	0	126	84	P 882	504	378	210	P 1050	0	210	84	P 1134	168	126	168	
614	7	T 575	378	648	469	P 0	0	168	168	P 336	126	126	126	P 630	0	84	84	P 840	0	126	84	P 882	504	378	210	P 1050	0	126	84	P 1134	126	126	168	
615	4	T 576	384	651	474	P 0	0	168	126	P 210	42	126	84	P 882	462	378	252	P 1134	84	126	210	
616	3	T 580	393	655	481	P 0	0	420	168	P 882	462	378	252	P 1134	84	126	168	
617	3	T 585	396	658	484	P 0	0	420	168	P 882	420	378	294	P 1134	84	126	168	
618	5	T 592	400	664	488	P 0	0	84	84	P 126	84	84	84	P 252	0	168	168	P 882	420	378	252	P 1134	84	126	126	
619	4	T 599	402	672	491	P 126	42	84	84	P 252	0	168	168	P 882	420	378	252	P 1092	42	126	168	
620	3	T 606	405	679	492	P 252	0	168	126	P 882	378	378	252	P 1092	42	126	126	
621	3	T 611	406	683	495	P 252	0	126	84	P 882	336	378	378	P 1092	0	126	126	
622	2	T 614	411	689	500	P 798	294	462	378	P 1092	0	126	126	
623	3	T 619	414	692	503	P 546	294	84	84	P 756	294	504	420	P 1092	0	126	126	
624	3	T 618	415	692	502	P 546	294	84	84	P 756	252	504	462	P 1092	0	84	84	
625	1	T 622	421	696	505	P 756	252	504	462	
626	2	T 625	413	698	500	P 420	630	84	84	P 798	210	462	504	
627	2	T 625	410	697	495	P 378	588	126	126	P 798	210	462	504	
628	2	T 619	400	693	489	P 252	588	210	126	P 756	84	504	630	
629	3	T 611	393	684	479	P 252	588	210	126	P 588	378	84	84	P 756	42	504	546	
630	4	T 602	386	676	470	P 210	546	252	168	P 588	378	84	84	P 630	0	630	546	P 1092	588	168	126	
631	5	T 586	376	662	481	P 210	588	294	126	P 588	378	84	84	P 630	0	630	504	P 672	84	294	210	P 1008	546	252	168	
632	2	T 579	373	648	460	P 168	336	1092	378	P 672	0	546	294	
633	3	T 564	369	638	456	P 126	294	1134	420	P 546	336	84	126	P 630	0	630	420	
634	2	T 549	362	627	451	P 84	0	1176	714	P 336	42	84	84	
635	2	T 541	365	614	450	P 84	252	1176	462	P 630	0	588	168	
636	3	T 532	365	608	455	P 0	210	1260	504	P 294	42	84	84	P 630	0	546	168	
637	1	T 533	374	605	461	P 0	0	1260	714	
638	2	T 529	381	605	468	P 0	126	1260	588	P 672	0	294	84	
639	3	T 528	393	604	479	P 0	126	1260	588	P 672	0	84	84	P 798	0	126	84	
640	1	T 531	406	604	491	P 0	168	1260	504	
641	1	T 529	425	604	508	P 42	168	1218	504	
642	1	T 529	440	603	526	P 0	84	1260	588	
643	1	T 533	457	607	541	P 0	84	1260	546	
644	1	T 536	463	611	547	P 0	42	1260	546	
645	1	T 540	464	615	549	P 0	42	1260	546	
646	1	T 541	467	614	551	P 0	0	1260	546	
647	1	T 542	463	616	547	P 0	0	1260	504	
648	1	T 542	454	617	536	P 0	0	1218	504	
649	1	T 540	442	613	524	P 0	0	1260	504	
650	1	T 542	424	615	505	P 0	0	1260	504	
651	1	T 547	404	619	487	P 0	0	1218	462	
652	1	T 546	393	620	475	P 0	0	1218	462	
653	2	T 549	389	623	471	P 0	0	378	336	P 462	0	756	336	
654	2	T 553	382	626	465	P 0	0	336	294	P 462	0	714	294	
655	3	T 554	379	628	460	P 0	0	252	210	P 504	0	210	126	P 756	0	420	252	
656	3	T 558	378	629	458	P 0	0	210	168	P 546	0	126	84	P 798	0	378	210	
657	2	T 558	376	631	460	P 0	0	168	126	P 798	0	378	210	
658	2	T 560	379	633	460	P 0	0	168	126	P 840	0	336	168	
659	3	T 562	378	635	461	P 0	0	126	84	P 546	378	84	84	P 840	0	336	168	
660	3	T 565	379	637	461	P 42	0	84	84	P 546	378	84	84	P 882	0	168	126	
661	2	T 564	376	635	457	P 546	378	84	84	P 882	0	126	84	
662	1	T 561	376	631	456	P 1176	0	84	84	
663	0	T 562	373	635	454	
664	0	T 567	372	639	454	
665	0	T 566	371	638	453	
666	0	T 569	372	640	457	
667	0	T 570	378	642	461	
668	0	T 576	387	647	468	
669	0	T 583	401	654	483	
670	0	T 590	416	661	501	
671	0	T 595	429	665	513	
672	0	T 596	440	666	524	
673	0	T 600	449	671	532	
674	0	T 604	459	675	543	
675	0	T 604	472	675	557	
676	1	T 608	492	679	576	P 462	336	84	84	
677	2	T 611	516	680	599	P 336	210	210	210	P 1176	42	84	126	
678	2	T 612	540	681	622	P 252	126	336	378	P 1134	0	126	168	
679	3	T 614	561	680	638	P 252	126	252	294	P 1050	210	84	84	P 1092	0	168	168	
680	3	T 617	573	686	652	P 252	126	252	294	P 504	462	84	84	P 1134	0	126	168	
681	2	T 616	576	685	656	P 252	126	252	294	P 1092	0	168	168	
682	2	T 623	575	693	654	P 252	126	210	252	P 1134	0	126	126	
683	2	T 623	572	696	653	P 252	126	210	252	P 1134	0	126	84	
684	1	T 631	565	699	644	P 294	168	168	168	
685	1	T 632	565	700	627	P 336	210	84	84	
686	0	T 636	538	706	616	
687	0	T 638	517	707	594	
688	0	T 642	490	715	565	
689	0	T 646	461	714	539	
690	0	T 648	429	713	509	
691	0	T 649	411	715	488	
692	2	T 649	394	714	473	P 252	630	126	84	P 798	630	126	84	
693	2	T 646	381	711	461	P 210	588	336	126	P 756	588	126	126	
694	1	T 642	372	706	450	P 210	588	672	126	
695	2	T 635	363	701	442	P 0	630	84	84	P 168	546	714	168	
696	3	T 626	356	690	430	P 0	630	84	84	P 126	504	756	210	P 1176	0	84	84	
697	2	T 614	348	677	427	P 0	462	882	252	P 1176	0	84	84	
698	2	T 598	349	662	427	P 0	462	882	252	P 1176	0	84	84	
699	2	T 582	349	645	426	P 0	420	882	294	P 1176	0	84	84	
700	2	T 572	348	633	425	P 0	420	882	294	P 1176	0	84	84	
701	3	T 560	348	623	426	P 0	378	588	336	P 630	420	252	294	P 1176	0	84	84	
702	3	T 554	346	617	424	P 0	378	840	336	P 882	630	210	84	P 1176	0	84	84	
703	2	T 556	347	620	424	P 0	378	1134	336	P 1176	0	84	84	
704	3	T 563	348	625	425	P 0	336	798	378	P 840	588	294	126	P 1176	0	84	84	
705	2	T 563	353	624	428	P 0	336	756	378	P 798	588	336	126	
706	2	T 563	359	625	435	P 0	336	756	378	P 798	588	336	126	
707	2	T 569	367	630	442	P 0	294	630	420	P 756	546	336	168	
708	2	T 577	373	638	447	P 0	294	630	378	P 714	546	378	168	
709	2	T 584	377	647	449	P 0	252	672	420	P 714	546	378	168	
710	2	T 597	381	656	450	P 0	252	630	462	P 714	504	252	210	
711	3	T 609	385	662	456	P 0	252	630	462	P 756	504	168	168	P 1176	546	84	84	
712	3	T 617	397	672	467	P 0	252	630	462	P 756	420	168	210	P 1176	546	84	84	
713	2	T 629	406	685	480	P 0	210	588	504	P 756	420	126	210	
714	2	T 641	419	696	486	P 0	210	588	504	P 756	420	126	168	
715	3	T 645	421	699	491	P 0	210	504	504	P 756	420	126	168	P 1176	504	84	84	
716	4	T 643	419	704	488	P 0	210	504	504	P 630	378	84	84	P 756	378	126	168	P 1134	462	126	126	
717	3	T 645	413	707	480	P 0	210	588	462	P 672	378	210	168	P 1134	420	126	126	
718	3	T 645	411	709	478	P 0	168	588	504	P 672	378	210	168	P 1092	420	126	126	
719	1	T 645	407	709	473	P 0	168	924	420	
720	1	T 648	402	711	469	P 0	126	924	462	
721	2	T 652	401	717	468	P 0	84	756	462	P 798	336	126	84	
722	2	T 654	402	719	469	P 0	84	882	462	P 966	336	126	84	
723	3	T 653	402	716	470	P 0	84	840	378	P 126	378	126	84	P 966	294	126	126	
724	2	T 650	403	716	469	P 0	84	756	378	P 966	294	84	84	
725	3	T 654	404	718	471	P 42	84	714	378	P 966	294	84	84	P 1134	546	84	84	
726	3	T 656	409	721	474	P 42	42	168	168	P 252	168	462	210	P 1134	546	126	84	
727	3	T 656	412	724	479	P 42	42	168	126	P 252	168	462	168	P 1092	504	168	126	
728	3	T 658	416	724	480	P 42	42	126	126	P 252	126	462	168	P 1092	462	168	168	
729	4	T 657	420	723	482	P 42	42	126	126	P 252	168	126	126	P 420	126	252	168	P 1050	420	210	210	
730	4	T 658	425	726	488	P 0	0	168	168	P 252	168	126	84	P 420	126	84	84	P 1050	420	210	210	
731	3	T 661	432	723	494	P 0	0	168	126	P 378	84	84	84	P 1008	420	210	210	
732	2	T 649	450	712	512	P 0	0	126	126	P 1008	294	252	210	
733	1	T 641	461	705	523	P 966	294	252	252	
734	1	T 629	481	690	542	P 966	252	252	336	
735	1	T 612	498	672	559	P 966	210	210	210	
736	2	T 595	515	658	576	P 210	420	84	84	P 924	210	210	210	
737	1	T 585	528	648	590	P 924	210	210	252	
738	1	T 568	541	632	602	P 882	210	210	210	
739	1	T 545	554	610	612	P 756	168	294	252	
740	1	T 531	562	594	621	P 756	168	252	210	
741	1	T 524	566	591	627	P 672	126	294	252	
742	2	T 528	574	593	633	P 0	0	84	84	P 714	84	252	252	
743	1	T 527	576	593	636	P 714	42	252	294	
744	1	T 533	584	599	643	P 672	0	252	294	
745	1	T 543	588	607	644	P 672	0	252	252	
746	1	T 553	593	617	648	P 672	0	252	252	
747	1	T 566	593	632	649	P 672	0	252	168	
748	1	T 581	593	646	648	P 672	0	252	126	
749	1	T 597	593	663	646	P 630	0	252	168	
750	1	T 613	594	678	648	P 630	0	252	126	
751	1	T 620	588	690	644	P 630	0	252	168	
752	1	T 633	581	700	636	P 630	0	252	126	
753	2	T 640	573	708	624	P 210	546	84	84	P 546	0	294	126	
754	3	T 645	560	713	614	P 168	504	168	84	P 378	630	84	84	P 504	0	252	168	
755	3	T 645	549	714	602	P 168	462	168	126	P 378	630	126	84	P 462	0	252	168	
756	4	T 650	530	720	584	P 168	462	84	84	P 336	588	168	126	P 420	0	252	168	P 966	630	126	84	
757	2	T 651	510	721	562	P 294	546	210	168	P 378	0	294	168	
758	2	T 653	493	722	543	P 294	504	210	210	P 378	0	252	126	
759	2	T 652	483	723	534	P 294	504	168	168	P 462	0	168	84	
760	1	T 653	480	723	530	P 252	504	168	126	
761	1	T 656	479	727	530	P 252	462	126	168	
762	1	T 663	480	734	533	P 252	462	126	126	
763	1	T 669	483	740	534	P 252	420	126	168	
764	2	T 673	482	744	534	P 252	462	84	84	P 546	546	84	84	
765	1	T 679	480	751	534	P 546	504	84	126	
766	2	T 685	476	759	527	P 378	630	84	84	P 504	504	126	210	
767	3	T 692	467	769	518	P 378	630	84	84	P 504	462	84	126	P 504	630	84	84	
768	3	T 696	463	770	516	P 420	588	168	126	P 462	462	126	84	P 1008	546	84	126	
769	1	T 701	461	775	511	P 420	420	126	294	
770	3	T 704	457	781	511	P 378	588	168	126	P 420	378	84	168	P 966	546	84	84	
771	2	T 710	457	785	508	P 378	336	168	378	P 924	504	84	126	
772	2	T 713	453	788	506	P 336	420	168	210	P 378	252	126	168	
773	1	T 718	450	794	505	P 336	252	168	420	
774	1	T 723	452	797	504	P 336	252	168	378	
775	1	T 724	455	799	508	P 294	294	126	336	
776	2	T 725	457	798	512	P 252	252	126	126	P 252	420	126	168	
777	1	T 724	460	800	514	P 210	420	126	168	
778	1	T 720	456	798	513	P 210	420	84	168	
779	1	T 719	455	795	510	P 168	420	126	126	
780	1	T 721	455	799	511	P 126	420	126	126	
781	1	T 730	456	808	514	P 126	420	126	126	
782	0	T 737	462	813	518	
783	0	T 744	467	822	523	
784	0	T 759	473	838	526	
785	0	T 783	477	861	535	
786	0	T 796	484	876	541	
787	0	T 809	489	887	543	
788	0	T 824	488	904	544	
789	0	T 835	490	912	547	
790	0	T 832	491	911	545	
791	0	T 832	489	911	543	
792	0	T 831	486	909	540	
793	0	T 818	483	898	537	
794	0	T 797	481	874	534	
795	0	T 775	477	854	531	
796	0	T 742	472	820	527	
797	0	T 709	469	790	522	
798	0	T 677	465	759	521	
799	0	T 644	465	727	519	
800	0	T 612	465	693	518	
801	0	T 573	461	654	517	
802	0	T 537	461	619	514	
803	0	T 512	457	595	512	
804	0	T 491	459	571	512	
805	0	T 468	457	548	508	
806	0	T 449	452	528	507	
807	0	T 437	449	517	502	
808	0	T 427	444	505	499	
809	1	T 420	445	500	496	P 672	0	210	84	
810	1	T 420	442	501	494	P 630	0	252	126	
811	1	T 416	438	498	493	P 630	0	168	84	
812	0	T 419	434	498	486	
813	0	T 423	428	506	480	
814	0	T 433	422	515	475	
815	0	T 439	419	521	471	
816	0	T 447	419	527	472	
817	0	T 453	424	535	476	
818	0	T 461	429	544	481	
819	0	T 466	434	551	489	
820	0	T 470	440	553	494	
821	0	T 470	446	553	499	
822	0	T 472	449	555	503	
823	0	T 472	448	555	501	
824	0	T 473	446	553	500	
825	0	T 467	445	547	499	
826	0	T 453	420	536	474	
827	0	T 453	425	534	477	
828	0	T 448	425	532	478	
829	0	T 444	425	527	481	
830	0	T 440	432	524	486	
831	0	T 434	437	516	490	
832	0	T 433	436	515	492	
833	0	T 427	437	510	490	
834	0	T 424	436	504	492	
835	0	T 422	438	503	492	
836	0	T 418	440	499	495	
837	0	T 417	440	499	494	
838	1	T 417	443	498	495	P 966	294	126	84	
839	1	T 418	440	500	495	P 966	252	84	126	
840	0	T 412	439	495	492	
841	0	T 412	437	495	490	
842	0	T 409	437	490	488	
843	0	T 407	434	486	487	
844	0	T 407	434	486	486	
845	0	T 404	432	486	487	
846	0	T 402	431	485	484	
847	1	T 401	430	483	483	P 966	336	126	126	
848	2	T 402	431	484	483	P 42	630	84	84	P 966	336	126	126	
849	2	T 403	431	484	483	P 0	630	84	84	P 924	252	168	210	
850	1	T 400	429	483	481	P 924	252	126	168	
851	1	T 402	429	486	483	P 882	252	168	168	
852	1	T 403	429	484	483	P 840	252	168	168	
853	1	T 401	430	482	485	P 840	294	168	84	
854	1	T 396	432	479	487	P 756	252	210	84	
855	0	T 398	432	483	487	
856	1	T 396	435	478	488	P 756	168	210	126	
857	1	T 396	440	480	495	P 714	126	252	168	
858	1	T 392	449	477	504	P 714	126	210	168	
859	1	T 397	457	479	512	P 756	126	168	210	
860	1	T 395	463	475	518	P 714	168	126	84	
861	0	T 393	470	476	527	
862	0	T 399	481	479	535	
863	0	T 401	488	482	544	
864	0	T 400	497	482	553	
865	0	T 408	505	490	561	
866	0	T 430	507	508	564	
867	0	T 438	508	518	565	
868	0	T 458	506	538	565	
869	0	T 476	501	559	562	
870	0	T 497	500	578	558	
871	0	T 516	494	598	553	
872	0	T 536	489	618	546	
873	1	T 553	483	634	541	P 420	84	126	168	
874	1	T 553	475	645	534	P 420	42	126	168	
875	1	T 566	465	647	535	P 420	42	126	168	
876	1	T 572	460	657	525	P 378	42	126	168	
877	1	T 573	462	657	522	P 336	42	126	168	
878	1	T 571	462	653	521	P 336	42	84	84	
879	1	T 561	457	642	514	P 756	0	126	84	
880	0	T 533	449	614	511	
881	1	T 525	445	606	505	P 672	0	84	84	
882	2	T 509	432	591	493	P 630	0	84	84	P 924	0	84	84	
883	1	T 488	419	569	482	P 924	0	126	84	
884	2	T 464	406	546	469	P 378	0	126	84	P 882	0	126	84	
885	1	T 448	392	531	453	P 840	0	168	84	
886	1	T 440	381	521	442	P 798	0	168	84	
887	1	T 434	374	516	438	P 798	0	126	84	
888	1	T 432	371	514	433	P 798	0	84	84	
889	0	T 437	364	518	429	
890	0	T 445	361	526	422	
891	0	T 449	357	532	418	
892	1	T 457	352	537	414	P 588	0	84	84	
893	1	T 465	347	547	410	P 588	0	84	84	
894	0	T 477	345	558	408	
895	0	T 485	341	567	407	
896	0	T 497	339	579	404	
897	0	T 510	337	590	399	
898	0	T 516	335	599	400	
899	1	T 523	331	600	395	P 420	0	84	84	
900	1	T 522	325	601	392	P 378	0	126	84	
901	1	T 517	325	596	388	P 336	0	126	84	
902	0	T 513	321	591	387	
903	0	T 506	314	585	381	
904	0	T 497	312	578	378	
905	0	T 482	311	562	377	
906	0	T 469	311	548	378	
907	0	T 453	315	531	382	
908	0	T 436	320	514	388	
909	0	T 425	329	502	397	
910	0	T 419	332	499	400	
911	0	T 415	334	492	403	
912	0	T 413	339	492	406	
913	0	T 415	343	495	410	
914	1	T 422	345	499	415	P 1176	420	84	126	
915	1	T 445	384	519	455	P 1050	462	84	84	
916	1	T 444	403	521	467	P 1008	462	168	126	
917	1	T 450	409	527	477	P 1050	504	168	126	
918	0	T 471	424	548	493	
919	1	T 495	433	573	503	P 1008	504	252	126	
920	1	T 505	447	581	517	P 966	546	252	84	
921	0	T 521	458	594	529	
922	1	T 555	469	632	539	P 1134	420	84	84	
923	0	T 592	469	671	538	
924	1	T 609	469	687	538	P 1134	420	84	84	
925	1	T 625	463	705	533	P 1092	420	84	168	
926	1	T 645	451	723	524	P 1092	378	84	126	
927	1	T 664	440	743	517	P 1050	378	126	84	
928	1	T 676	434	760	517	P 1050	378	126	84	
929	1	T 697	440	777	514	P 1050	378	126	84	
930	1	T 721	438	800	513	P 1050	378	126	126	
931	1	T 744	437	826	510	P 1050	336	126	168	
932	1	T 776	434	855	509	P 1008	336	126	126	
933	1	T 804	432	888	507	P 1008	378	126	126	
934	1	T 821	428	903	502	P 966	336	168	168	
935	1	T 829	421	909	496	P 966	336	168	168	
936	1	T 831	414	914	489	P 966	336	126	126	
937	1	T 835	407	915	484	P 924	336	126	126	
938	1	T 832	397	914	471	P 840	336	168	126	
939	1	T 816	367	903	444	P 798	378	84	84	
940	0	T 809	338	894	413	
941	0	T 791	306	877	382	
942	0	T 789	297	872	372	
943	0	T 785	276	866	352	
944	1	T 768	269	851	345	P 546	378	84	84	
945	2	T 747	261	827	339	P 336	378	126	126	P 504	336	84	126	
946	2	T 733	257	815	334	P 252	336	294	126	P 462	210	84	84	
947	2	T 724	257	807	333	P 210	378	294	126	P 420	210	126	84	
948	2	T 717	260	798	340	P 168	378	294	126	P 378	210	168	126	
949	2	T 697	283	777	359	P 126	378	294	126	P 336	210	168	126	
950	2	T 695	285	777	366	P 84	378	252	126	P 294	252	168	84	
951	1	T 692	298	775	378	P 294	252	84	84	
952	1	T 693	313	774	393	P 294	252	84	84	
953	0	T 696	321	778	402	
954	0	T 701	326	783	406	
955	0	T 704	328	784	408	
956	0	T 712	325	792	406	
957	0	T 717	324	797	404	
958	0	T 716	324	798	405	
959	0	T 716	320	797	401	
960	0	T 713	312	793	396	
961	1	T 713	307	792	390	P 714	294	84	84	
962	1	T 713	301	792	382	P 714	294	84	84	
963	0	T 709	293	787	376	
964	0	T 705	288	783	373	
965	0	T 702	284	782	366	
966	0	T 702	281	781	365	
967	0	T 698	278	778	364	
968	0	T 692	281	771	365	
969	1	T 688	277	768	363	P 462	252	84	84	
970	0	T 688	274	767	360	
971	0	T 687	269	763	354	
972	0	T 683	262	759	348	
973	0	T 679	257	755	342	
974	0	T 679	248	756	339	
975	1	T 676	251	753	337	P 252	210	84	84	
976	0	T 679	246	753	334	
977	0	T 676	243	751	335	
978	0	T 676	244	750	331	
979	0	T 671	244	746	333	
980	0	T 667	245	742	333	
981	0	T 664	243	739	335	
982	0	T 662	247	736	334	
983	0	T 654	249	654	249	
984	0	T 729	339	646	248	
985	0	T 723	343	642	250	
986	0	T 715	344	638	251	
987	0	T 714	345	639	248	
988	0	T 712	343	638	251	
989	0	T 709	346	633	255	
990	0	T 706	348	635	261	
991	0	T 706	352	634	266	
992	0	T 704	358	637	270	
993	0	T 706	366	636	280	
994	0	T 708	377	642	281	
995	0	T 714	382	650	286	
996	0	T 719	384	652	280	
997	0	T 721	383	663	286	
998	0	T 724	384	647	299	
999	0	T 717	394	643	300	
1000	0	T 710	400	643	298	
1001	0	T 707	397	638	292	
1002	0	T 708	394	640	291	
1003	0	T 703	393	641	291	
1004	0	T 705	391	643	288	
1005	0	T 708	392	646	289	
1006	0	T 714	392	672	315	
1007	0	T 732	417	649	340	
1008	1	T 712	442	637	339	P 546	378	84	84	
1009	0	T 696	443	634	350	
1010	1	T 695	455	646	360	P 504	420	126	84	
1011	1	T 708	461	656	365	P 546	420	84	84	
1012	1	T 716	465	662	365	P 546	420	84	84	
1013	0	T 668	356	724	460	
1014	0	T 692	340	746	447	
1015	0	T 693	332	751	437	
1016	0	T 700	331	755	431	
1017	0	T 700	326	755	431	
1018	0	T 691	316	746	420	
1019	0	T 684	316	738	418	
1020	0	T 682	308	735	415	
1021	1	T 679	306	726	411	P 1050	462	210	168	
1022	1	T 667	300	717	406	P 1092	504	168	126	
1023	1	T 658	300	708	402	P 1008	504	252	126	
1024	1	T 649	289	700	394	P 966	504	252	126	
1025	1	T 645	281	695	389	P 1050	504	126	84	
1026	0	T 638	276	688	382	
1027	0	T 632	274	679	380	
1028	0	T 622	265	671	380	
1029	1	T 619	266	667	378	P 546	336	126	84	
1030	1	T 620	264	668	381	P 546	294	126	126	
1031	1	T 620	260	666	381	P 546	294	126	126	
1032	1	T 626	262	672	377	P 546	294	126	126	
1033	1	T 635	263	676	377	P 546	294	126	168	
1034	0	T 666	258	711	377	
1035	0	T 692	253	738	374	
1036	0	T 710	256	756	372	
1037	0	T 733	257	781	373	
1038	0	T 763	262	803	377	
1039	0	T 790	264	839	382	
1040	0	T 820	273	868	391	
1041	0	T 846	297	886	421	
1042	0	T 874	327	915	447	
1043	1	T 875	328	922	459	P 798	504	126	84	
1044	1	T 866	338	913	460	P 714	462	210	126	
1045	1	T 853	333	900	459	P 630	462	294	126	
1046	1	T 840	328	889	456	P 630	420	294	168	
1047	1	T 825	325	871	450	P 630	420	294	168	
1048	1	T 802	313	855	438	P 630	420	252	126	
1049	1	T 776	292	824	420	P 588	504	210	168	
1050	1	T 755	268	809	396	P 546	462	210	168	
1051	1	T 726	244	777	374	P 546	420	210	168	
1052	1	T 712	229	762	362	P 546	420	210	168	
1053	1	T 698	212	744	342	P 546	420	210	168	
1054	1	T 680	201	727	332	P 546	378	252	168	
1055	1	T 661	190	712	326	P 546	378	252	168	
1056	1	T 653	178	698	311	P 504	462	210	168	
1057	1	T 643	167	692	299	P 504	504	168	126	
1058	1	T 633	159	682	293	P 546	504	84	126	
1059	1	T 621	153	674	290	P 546	504	84	84	
1060	0	T 614	151	668	285	
1061	2	T 605	151	659	287	P 588	546	126	126	P 714	252	84	126	
1062	2	T 597	155	654	297	P 546	546	210	168	P 672	252	126	126	
1063	2	T 600	186	659	326	P 546	546	252	168	P 714	294	84	84	
1064	2	T 604	213	667	355	P 630	588	168	126	P 798	462	84	84	
1065	1	T 609	236	671	376	P 672	462	252	126	
1066	2	T 601	245	670	387	P 714	630	126	84	P 840	462	84	126	
1067	2	T 604	264	673	408	P 840	462	126	168	P 1092	0	84	84	
1068	1	T 609	285	680	429	P 840	504	126	126	
1069	1	T 618	292	691	438	P 840	504	126	126	
1070	1	T 624	296	701	443	P 882	504	126	168	
1071	1	T 637	293	714	439	P 882	504	210	168	
1072	2	T 646	287	723	433	P 924	504	210	210	P 1050	84	126	126	
1073	2	T 656	277	735	427	P 966	504	168	210	P 1050	84	84	84	
1074	2	T 656	272	738	420	P 966	504	210	210	P 1050	84	126	84	
1075	2	T 657	268	737	418	P 1008	546	168	168	P 1050	84	168	126	
1076	2	T 658	260	741	414	P 1008	546	168	168	P 1176	126	84	126	
1077	3	T 663	261	745	413	P 672	294	84	84	P 1050	546	168	126	P 1176	126	84	126	
1078	2	T 665	257	750	410	P 672	294	84	84	P 1050	588	168	84	
1079	2	T 669	253	753	408	P 672	294	84	84	P 1092	588	126	126	
1080	2	T 668	249	754	406	P 672	252	84	126	P 1092	588	84	84	
1081	2	T 664	244	754	403	P 630	252	126	126	P 1092	588	126	84	
1082	2	T 665	240	755	399	P 630	252	126	126	P 1092	504	84	84	
1083	2	T 662	237	753	395	P 630	252	126	126	P 1092	504	126	168	
1084	2	T 658	232	754	393	P 630	252	126	126	P 1092	504	168	168	
1085	2	T 655	231	748	392	P 630	252	126	126	P 1092	462	126	168	
1086	2	T 646	230	745	394	P 672	252	84	126	P 1092	462	126	126	
1087	2	T 641	233	742	398	P 630	252	126	126	P 1092	420	168	210	
1088	1	T 636	237	738	406	P 630	252	126	126	
1089	1	T 630	253	738	423	P 630	252	126	126	
1090	2	T 631	284	739	455	P 630	294	126	126	P 1176	546	84	84	
1091	1	T 629	304	738	477	P 630	336	126	84	
1092	1	T 631	320	744	495	P 630	336	126	126	
1093	1	T 641	343	757	514	P 756	0	126	126	
1094	1	T 665	350	784	527	P 756	0	210	210	
1095	1	T 692	353	812	529	P 798	0	252	210	
1096	2	T 704	350	826	528	P 294	210	168	126	P 882	0	168	126	
1097	2	T 711	343	837	518	P 294	210	210	168	P 924	0	210	210	
1098	3	T 708	333	839	509	P 336	210	210	168	P 882	168	84	84	P 1008	42	84	84	
1099	2	T 696	316	831	496	P 336	210	252	168	P 924	168	84	84	
1100	3	T 691	293	826	475	P 420	252	210	126	P 714	336	84	84	P 966	210	84	84	
1101	1	T 685	268	821	449	P 714	294	84	126	
1102	1	T 677	243	820	425	P 714	294	84	84	
1103	1	T 657	219	803	402	P 672	252	126	126	
1104	1	T 629	198	778	383	P 630	252	126	126	
1105	1	T 595	177	749	364	P 630	210	126	126	
1106	1	T 552	156	712	345	P 588	210	84	84	
1107	0	T 509	136	669	327	
1108	1	T 458	123	621	315	P 504	168	84	84	
1109	2	T 409	115	577	309	P 462	168	84	84	P 714	252	84	84	
1110	3	T 361	113	536	309	P 420	168	84	84	P 672	252	126	84	P 966	336	84	84	
1111	3	T 322	116	497	316	P 378	168	84	84	P 672	252	126	126	P 966	336	84	84	
1112	3	T 281	128	459	328	P 336	168	84	84	P 672	294	168	126	P 924	294	168	126	
1113	2	T 245	153	425	356	P 294	210	126	84	P 672	294	126	126	
1114	2	T 204	184	392	391	P 210	210	126	126	P 672	336	126	84	
1115	3	T 220	239	411	448	P 252	210	210	210	P 588	378	168	126	P 840	126	84	84	
1116	2	T 225	281	420	488	P 294	210	462	294	P 798	504	168	126	
1117	5	T 193	297	390	504	P 252	378	126	84	P 294	210	168	126	P 546	294	168	252	P 798	504	378	168	P 1008	336	126	126	
1118	5	T 168	308	371	519	P 210	378	126	84	P 378	252	84	84	P 462	294	252	168	P 840	504	294	210	P 1008	378	126	84	
1119	7	T 173	317	379	527	P 0	0	84	84	P 252	378	126	84	P 294	210	126	126	P 336	0	126	126	P 504	294	252	420	P 840	504	294	210	P 1008	378	168	84	
1120	5	T 181	316	388	527	P 0	0	84	126	P 252	210	504	420	P 378	0	126	84	P 840	504	126	126	P 1008	588	126	84	
1121	4	T 174	305	388	516	P 42	462	84	84	P 252	336	126	126	P 420	252	546	420	P 504	84	84	126	
1122	4	T 165	293	380	504	P 0	420	168	168	P 210	294	126	126	P 462	210	294	462	P 840	546	126	84	
1123	5	T 149	271	370	486	P 0	252	798	420	P 84	210	252	168	P 126	0	84	84	P 588	0	84	84	P 882	546	84	84	
1124	3	T 125	253	349	467	P 0	42	840	630	P 252	630	126	84	P 966	630	126	84	
1125	2	T 88	233	317	449	P 84	42	840	672	P 1008	630	126	84	
1126	2	T 53	212	283	429	P 168	0	798	714	P 1008	630	84	84	
1127	6	T 12	192	248	410	P 168	0	420	336	P 210	462	84	126	P 378	504	462	210	P 630	252	420	126	P 798	0	168	126	P 1008	630	84	84	
1128	4	T 0	183	209	402	P 0	0	1092	378	P 210	84	294	210	P 420	546	462	168	P 1008	630	84	84	
1129	4	T 2	176	178	402	P 0	462	84	84	P 168	0	1008	420	P 546	588	378	126	P 1008	630	126	84	
1130	6	T 0	176	155	403	P 0	462	126	84	P 168	336	210	168	P 420	0	756	420	P 504	588	84	84	P 630	588	294	126	P 966	630	168	84	
1131	2	T 2	172	158	400	P 588	0	504	336	P 630	588	126	126	
1132	3	T 2	169	188	397	P 42	378	84	168	P 588	168	84	84	P 714	84	336	210	
1133	1	T 3	169	225	400	P 882	126	252	210	
1134	1	T 17	165	274	394	P 924	168	84	84	
1135	0	T 83	144	339	395	
1136	1	T 143	143	403	391	P 798	0	126	84	
1137	3	T 182	131	445	385	P 252	0	84	84	P 840	0	84	84	P 966	0	84	84	
1138	1	T 214	120	469	366	P 798	0	210	84	
1139	3	T 250	114	515	350	P 42	0	210	84	P 294	0	126	84	P 840	0	210	84	
1140	1	T 246	97	523	348	P 126	0	378	126	
1141	1	T 225	90	493	347	P 252	0	252	168	
1142	2	T 200	99	474	346	P 336	84	84	84	P 840	168	84	84	
1143	2	T 195	98	475	347	P 294	168	168	126	P 966	168	84	84	
1144	1	T 194	86	467	346	P 252	168	210	126	
1145	2	T 176	94	469	337	P 252	168	210	126	P 546	588	126	84	
1146	2	T 159	92	449	344	P 252	126	210	168	P 630	588	126	126	
1147	2	T 155	89	437	349	P 210	168	210	126	P 672	630	126	84	
1148	2	T 136	97	417	358	P 210	168	210	126	P 966	630	126	84	
1149	1	T 149	125	431	369	P 252	126	210	168	
1150	1	T 210	137	499	389	P 294	168	168	126	
1151	2	T 327	154	313	172	P 336	0	84	84	P 840	0	126	126	
1152	2	T 463	212	743	463	P 210	0	126	84	P 588	42	168	84	
1153	3	T 560	242	857	498	P 378	42	210	126	P 630	42	84	84	P 966	126	84	84	
1154	1	T 647	269	940	529	P 756	42	336	168	
1155	1	T 722	293	1016	569	P 840	0	294	252	
1156	0	T 809	328	1104	599	
1157	1	T 850	343	1132	633	P 168	210	168	168	
1158	1	T 874	382	1172	653	P 378	168	168	336	
1159	2	T 878	409	1181	666	P 546	336	126	126	P 588	210	84	84	
1160	1	T 877	435	1172	688	P 756	210	126	168	
1161	1	T 861	448	1155	709	P 882	252	252	126	
1162	1	T 845	479	1127	718	P 1008	252	210	210	
1163	1	T 776	480	1064	718	P 1134	294	126	210	
1164	0	T 690	531	971	715	
1165	0	T 593	551	873	716	
1166	0	T 488	574	776	716	
1167	0	T 374	581	662	715	
1168	0	T 262	602	546	715	
1169	0	T 183	576	452	717	
1170	0	T 132	535	402	712	
1171	1	T 84	504	352	716	P 378	210	168	84	
1172	2	T 45	474	303	710	P 462	168	210	126	P 966	252	252	126	
1173	2	T 15	446	275	685	P 588	126	210	126	P 1092	210	168	126	
1174	2	T 6	419	274	645	P 672	84	336	168	P 1176	210	84	84	
1175	1	T 1	391	257	618	P 840	84	252	126	
1176	0	T 5	376	231	608	
1177	0	T 2	354	237	578	
1178	0	T 3	330	241	556	
1179	0	T 2	307	230	526	
1180	0	T 2	281	234	498	
1181	0	T 1	242	237	455	
1182	0	T 2	215	240	430	
1183	0	T 19	199	263	414	
1184	0	T 45	199	290	404	
1185	0	T 93	195	327	398	
1186	0	T 152	204	388	407	
1187	0	T 221	221	454	419	
1188	0	T 290	236	525	428	
1189	0	T 366	241	588	438	
1190	0	T 405	268	633	446	
1191	0	T 455	278	679	450	
1192	0	T 505	281	729	456	
1193	0	T 550	293	769	465	
1194	0	T 594	309	808	474	
1195	0	T 627	313	840	475	
1196	0	T 643	313	852	467	
1197	0	T 649	299	854	448	
1198	0	T 629	277	832	421	
1199	0	T 612	260	810	401	
1200	0	T 602	249	796	386	
1201	0	T 584	244	779	377	
1202	0	T 568	236	758	364	
1203	0	T 546	228	734	353	
1204	0	T 525	218	711	342	
1205	0	T 523	210	702	331	
1206	1	T 518	202	699	320	P 504	630	84	84	
1207	1	T 514	196	690	314	P 126	504	84	84	
1208	2	T 503	193	674	309	P 0	462	126	84	P 588	630	168	84	
1209	3	T 496	189	668	303	P 0	420	168	126	P 378	630	84	84	P 672	588	168	126	
1210	3	T 504	184	673	301	P 0	420	126	126	P 168	504	168	84	P 714	588	252	126	
1211	5	T 515	190	678	306	P 0	462	126	84	P 168	420	168	168	P 546	630	126	84	P 756	630	84	84	P 882	588	168	126	
1212	3	T 520	203	682	316	P 168	420	210	126	P 588	588	168	126	P 882	588	210	126	
1213	2	T 525	214	683	330	P 126	462	714	252	P 924	630	126	84	
1214	3	T 533	230	688	346	P 168	462	504	210	P 588	252	84	84	P 840	630	84	84	
1215	3	T 537	246	689	363	P 0	420	84	126	P 210	462	504	210	P 882	588	168	126	
1216	2	T 520	259	673	372	P 294	504	462	168	P 924	588	168	126	
1217	2	T 513	269	660	383	P 378	504	378	168	P 966	588	210	126	
1218	2	T 502	280	648	393	P 420	504	378	168	P 882	504	84	84	
1219	3	T 481	287	624	400	P 210	504	84	84	P 504	546	252	168	P 1092	630	126	84	
1220	1	T 464	289	605	401	P 588	546	168	126	
1221	2	T 460	285	597	397	P 210	504	84	84	P 672	588	84	84	
1222	1	T 450	274	583	389	P 210	462	126	126	
1223	2	T 433	264	562	380	P 294	462	126	126	P 1176	546	84	126	
1224	1	T 427	258	554	374	P 294	462	126	126	
1225	2	T 433	253	556	367	P 0	378	84	126	P 378	504	84	84	
1226	0	T 434	248	557	365	
1227	2	T 451	246	571	363	P 0	420	84	84	P 546	504	126	84	
1228	2	T 485	246	603	362	P 252	378	84	126	P 630	504	84	84	
1229	2	T 520	249	638	366	P 0	378	126	126	P 294	378	84	84	
1230	1	T 559	256	675	372	P 0	420	126	84	
1231	1	T 600	263	719	381	P 210	420	126	126	
1232	1	T 656	269	767	382	P 210	420	126	84	
1233	0	T 707	271	818	383	
1234	0	T 751	273	859	383	
1235	1	T 782	264	890	381	P 336	0	84	84	
1236	1	T 804	254	907	351	P 336	0	168	84	
1237	1	T 820	240	921	338	P 378	0	84	84	
1238	1	T 824	224	923	319	P 378	0	84	84	
1239	1	T 816	208	914	310	P 378	0	168	126	
1240	1	T 796	196	893	311	P 378	0	210	126	
1241	1	T 744	190	840	307	P 378	0	210	126	
1242	1	T 695	189	785	300	P 378	0	210	126	
1243	1	T 656	183	748	299	P 378	0	168	168	
1244	1	T 617	184	709	304	P 378	0	168	168	
1245	2	T 577	184	669	307	P 378	84	168	84	P 630	0	84	126	
1246	2	T 549	183	638	304	P 378	84	168	126	P 630	42	84	84	
1247	1	T 533	181	617	295	P 420	42	336	126	
1248	1	T 517	173	605	291	P 420	0	336	126	
1249	1	T 512	165	599	284	P 420	42	336	126	
1250	2	T 508	156	595	274	P 420	0	504	168	P 798	378	84	126	
1251	2	T 513	144	599	267	P 462	0	462	210	P 714	378	168	126	
1252	3	T 515	151	601	282	P 420	84	252	210	P 714	378	126	126	P 798	0	168	168	
1253	3	T 504	276	588	403	P 378	126	378	294	P 840	84	84	126	P 1176	0	84	84	
1254	1	T 531	315	618	436	P 378	126	546	294	
1255	2	T 562	342	648	464	P 462	126	252	252	P 756	294	168	84	
1256	2	T 579	406	664	532	P 462	42	210	294	P 966	294	84	84	
1257	2	T 562	452	649	573	P 504	42	210	126	P 1050	336	126	84	
1258	2	T 541	487	627	606	P 168	462	84	84	P 546	0	378	210	
1259	3	T 522	508	606	630	P 126	462	126	126	P 546	42	378	168	P 1176	378	84	126	
1260	4	T 514	529	601	648	P 42	462	168	126	P 504	42	294	252	P 840	126	84	84	P 1176	462	84	84	
1261	2	T 518	537	605	654	P 42	462	210	168	P 504	42	336	294	
1262	3	T 505	546	592	662	P 0	462	84	84	P 378	168	84	84	P 504	42	378	336	
1263	2	T 472	556	556	671	P 378	210	168	84	P 672	84	168	210	
1264	2	T 446	560	534	672	P 336	168	210	168	P 672	126	168	210	
1265	2	T 440	529	528	636	P 336	168	210	168	P 672	126	210	210	
1266	3	T 435	449	527	554	P 84	588	126	84	P 378	84	168	210	P 714	84	126	210	
1267	4	T 435	362	527	470	P 42	588	126	84	P 420	0	84	126	P 714	84	168	126	P 1176	378	84	126	
1268	3	T 426	322	522	435	P 420	0	84	84	P 714	42	168	168	P 1134	378	126	126	
1269	2	T 431	290	527	398	P 420	0	84	84	P 1134	336	126	168	
1270	2	T 453	284	551	388	P 756	42	126	126	P 1176	378	84	84	
1271	2	T 484	297	584	400	P 378	0	168	126	P 756	84	210	168	
1272	3	T 509	285	604	384	P 420	0	126	126	P 462	588	84	84	P 798	84	168	168	
1273	3	T 517	263	616	362	P 420	546	126	168	P 462	42	84	84	P 798	84	168	168	
1274	3	T 501	237	596	335	P 420	42	126	126	P 420	504	84	168	P 798	84	168	168	
1275	1	T 457	212	553	316	P 336	0	168	126	
1276	1	T 423	198	520	294	P 336	42	126	84	
1277	1	T 409	174	506	276	P 336	42	168	252	
1278	1	T 389	165	489	267	P 336	168	168	168	
1279	1	T 357	216	455	319	P 336	168	168	210	
1280	1	T 360	204	458	309	P 294	210	210	168	
1281	1	T 370	200	472	302	P 252	126	210	168	
1282	2	T 381	184	481	291	P 294	252	168	84	P 336	126	126	84	
1283	2	T 390	169	491	274	P 168	126	126	126	P 336	126	168	210	
1284	1	T 404	159	505	263	P 168	168	336	168	
1285	1	T 424	141	528	255	P 210	168	294	168	
1286	2	T 453	125	556	241	P 0	0	126	126	P 252	210	126	126	
1287	2	T 500	129	604	235	P 0	0	126	126	P 168	126	294	210	
1288	3	T 520	124	620	232	P 0	0	126	126	P 294	252	84	126	P 882	42	84	84	
1289	5	T 543	124	648	233	P 0	0	168	126	P 294	294	84	84	P 798	210	84	126	P 882	84	84	84	P 1092	0	126	84	
1290	5	T 571	129	672	236	P 42	0	126	126	P 336	336	84	84	P 798	252	84	84	P 840	84	126	126	P 1134	42	84	84	
1291	3	T 595	135	696	248	P 798	294	84	84	P 840	126	168	126	P 1134	42	84	126	
1292	1	T 613	144	715	253	P 798	126	210	168	
1293	1	T 629	144	731	251	P 798	168	210	126	
1294	3	T 648	137	748	243	P 126	252	84	126	P 798	168	210	126	P 1134	126	126	126	
1295	3	T 664	115	768	237	P 84	168	126	210	P 798	168	210	126	P 1050	126	210	126	
1296	5	T 681	125	780	230	P 84	210	84	126	P 210	378	84	84	P 798	210	210	126	P 1050	126	84	84	P 1176	168	84	84	
1297	6	T 690	125	795	232	P 42	0	84	84	P 210	420	84	84	P 840	252	126	126	P 1050	126	84	84	P 1134	0	84	84	P 1176	168	84	84	
1298	4	T 700	125	801	232	P 42	0	126	126	P 42	294	252	210	P 882	294	126	84	P 1176	168	84	126	
1299	4	T 707	127	809	235	P 0	294	126	168	P 42	0	168	126	P 210	462	84	84	P 1176	210	84	84	
1300	2	T 711	125	813	234	P 0	336	126	126	P 84	0	168	126	
1301	3	T 709	126	812	235	P 0	420	126	126	P 84	0	210	126	P 1008	126	252	168	
1302	3	T 699	128	801	236	P 0	420	126	126	P 126	0	168	126	P 966	126	294	168	
1303	3	T 681	129	782	240	P 168	0	168	84	P 420	546	84	84	P 966	126	294	294	
1304	3	T 653	128	754	236	P 210	0	126	84	P 420	504	84	126	P 924	168	336	252	
1305	3	T 637	120	739	229	P 210	0	126	84	P 420	504	84	84	P 924	126	294	294	
1306	1	T 619	114	722	223	P 840	126	378	294	
1307	1	T 589	104	692	212	P 840	126	378	294	
1308	2	T 569	97	675	207	P 294	0	84	84	P 840	126	252	168	
1309	2	T 561	87	664	197	P 252	0	126	84	P 840	84	252	126	
1310	1	T 548	79	652	190	P 882	84	210	126	
1311	1	T 540	73	645	182	P 882	84	168	126	
1312	1	T 535	63	638	172	P 966	84	84	84	
1313	1	T 539	57	643	167	P 924	84	126	126	
1314	1	T 606	71	715	184	P 336	0	126	126	
1315	2	T 676	117	781	228	P 336	42	336	84	P 1176	210	84	84	
1316	2	T 629	113	734	224	P 126	126	84	84	P 378	42	252	168	
1317	2	T 638	128	744	240	P 84	126	168	84	P 294	42	378	126	
1318	2	T 675	157	780	269	P 84	126	168	126	P 294	42	252	210	
1319	2	T 696	169	800	280	P 84	84	462	252	P 924	0	84	84	
1320	2	T 712	181	816	292	P 126	126	420	336	P 924	42	84	84	
1321	2	T 715	184	819	296	P 126	210	336	252	P 882	42	168	126	
1322	1	T 716	180	817	290	P 882	84	168	126	
1323	1	T 720	166	826	278	P 882	84	126	126	
1324	1	T 726	152	830	263	P 840	84	168	126	
1325	1	T 721	133	827	245	P 840	84	168	126	
1326	1	T 720	107	823	216	P 882	84	126	126	
1327	1	T 712	77	815	188	P 840	84	168	168	
1328	1	T 704	56	807	170	P 840	126	168	126	
1329	2	T 697	38	799	152	P 840	126	126	126	P 882	0	84	84	
1330	0	T 688	28	790	140	
1331	0	T 676	24	776	139	
1332	0	T 657	21	756	132	
1333	0	T 632	16	732	128	
1334	0	T 615	9	711	127	
1335	0	T 596	16	701	131	
1336	1	T 587	32	683	147	P 588	42	84	84	
1337	1	T 585	48	676	171	P 504	0	168	168	
1338	3	T 580	57	672	169	P 462	42	210	168	P 1134	0	84	84	P 1176	294	84	168	
1339	3	T 579	58	676	171	P 462	0	210	210	P 1134	0	84	84	P 1176	336	84	84	
1340	2	T 568	60	662	173	P 420	0	252	210	P 1092	0	126	84	
1341	2	T 581	66	662	182	P 378	0	168	168	P 588	84	84	84	
1342	2	T 590	70	667	181	P 336	0	210	294	P 588	84	84	84	
1343	1	T 602	71	678	184	P 336	42	210	252	
1344	3	T 617	70	687	184	P 84	84	126	126	P 336	84	210	252	P 1008	126	126	84	
1345	3	T 631	65	699	177	P 84	42	126	168	P 336	84	168	252	P 1050	126	126	168	
1346	3	T 647	60	710	175	P 84	0	168	210	P 294	126	210	252	P 1050	168	210	168	
1347	2	T 652	60	716	174	P 84	0	462	420	P 1176	210	84	84	
1348	2	T 666	56	726	172	P 84	0	420	420	P 1134	252	126	84	
1349	2	T 692	54	743	166	P 126	0	420	378	P 1092	294	168	126	
1350	2	T 710	47	766	162	P 126	0	420	378	P 1092	294	168	168	
1351	4	T 732	43	782	160	P 84	168	252	168	P 168	42	84	84	P 378	252	168	168	P 1092	294	168	126	
1352	3	T 740	35	791	153	P 84	42	210	168	P 378	294	168	168	P 1134	336	126	126	
1353	2	T 737	24	790	143	P 84	84	462	378	P 1176	336	84	126	
1354	1	T 733	15	777	128	P 84	294	462	210	
1355	1	T 720	4	762	117	P 84	294	420	210	
1356	3	T 704	0	756	93	P 84	336	126	84	P 252	378	126	126	P 1176	378	84	84	
1357	1	T 685	0	735	82	P 210	378	210	168	
1358	3	T 654	1	709	70	P 0	378	126	84	P 210	420	168	168	P 252	0	84	84	
1359	1	T 622	2	678	56	P 168	420	168	210	
1360	3	P 0	420	84	84	P 126	420	210	210	P 210	84	84	126	
1361	2	P 42	420	252	168	P 168	84	126	126	
1362	2	P 0	420	210	168	P 210	126	84	84	
1363	2	P 42	126	84	84	P 42	462	126	126	
1364	2	P 0	126	126	126	P 42	462	126	84	
1365	2	P 0	126	126	126	P 0	420	84	126	
1366	1	P 0	126	126	126	
1367	0	T 482	1	529	69	
1368	0	T 475	10	524	110	
1369	0	T 484	32	530	129	
1370	0	T 471	36	518	135	
1371	1	T 473	53	519	146	P 0	420	84	126	
1372	1	T 474	67	528	157	P 0	462	84	126	
1373	2	T 478	83	533	172	P 0	462	84	84	P 126	168	84	126	
1374	0	T 477	97	545	192	
1375	0	T 475	120	539	206	
1376	0	T 479	125	544	212	
1377	1	T 478	130	551	218	P 210	462	84	84	
1378	1	T 482	130	551	218	P 210	504	126	84	
1379	1	T 498	136	570	222	P 210	504	84	84	
1380	0	T 507	142	584	219	
1381	0	T 508	148	592	220	
1382	0	T 514	147	598	231	
1383	0	T 518	152	605	235	
1384	0	T 526	164	613	239	
1385	0	T 528	185	618	248	
1386	0	T 533	191	624	258	
1387	1	T 536	208	628	266	P 0	0	84	84	
1388	1	T 534	220	626	278	P 0	0	126	126	
1389	1	T 530	227	624	288	P 0	0	126	126	
1390	1	T 527	233	622	291	P 0	0	84	168	
1391	1	T 520	244	621	296	P 0	42	84	168	
1392	0	T 515	248	611	300	
1393	0	T 515	251	610	300	
1394	1	T 513	248	611	295	P 0	84	84	84	
1395	0	T 515	243	612	292	
1396	0	T 519	235	610	282	
1397	0	T 524	220	615	266	
1398	1	T 531	205	621	257	P 42	84	84	126	
1399	1	T 541	187	624	239	P 0	84	126	126	
1400	1	T 549	173	628	225	P 42	84	126	168	
1401	1	T 554	163	636	218	P 42	126	126	126	
1402	1	T 570	165	650	222	P 42	126	168	168	
1403	1	T 619	176	692	241	P 84	168	126	126	
1404	2	T 676	193	744	256	P 0	462	84	84	P 126	210	84	84	
1405	1	T 712	207	784	281	P 0	462	84	84	
1406	0	T 757	249	820	311	
1407	1	T 801	275	857	345	P 252	462	126	84	
1408	1	T 828	318	880	381	P 294	420	84	168	
1409	1	T 848	343	900	412	P 294	420	126	126	
1410	1	T 866	366	909	433	P 294	420	126	126	
1411	2	T 869	368	914	444	P 126	504	84	84	P 294	462	126	126	
1412	2	T 846	355	892	434	P 126	504	84	84	P 294	462	84	126	
1413	1	T 796	322	850	402	P 252	462	84	126	
1414	1	T 771	313	820	394	P 210	504	126	84	
1415	2	T 756	308	802	390	P 0	462	84	126	P 210	504	84	84	
1416	2	T 721	291	772	379	P 0	462	84	84	P 168	504	84	84	
1417	1	T 684	269	737	358	P 84	462	126	126	
1418	0	T 645	241	700	327	
1419	0	T 613	212	667	299	
1420	1	T 593	166	652	256	P 1176	294	84	126	
1421	1	T 579	121	635	208	P 1176	210	84	168	
1422	1	T 560	98	622	189	P 1176	210	84	168	
1423	2	T 547	108	608	194	P 0	462	84	84	P 1134	210	126	168	
1424	1	T 532	136	594	215	P 1134	252	126	126	
1425	1	T 526	157	585	234	P 1134	294	84	84	
1426	0	T 520	162	584	241	
1427	0	T 518	161	585	241	
1428	0	T 517	161	592	238	
1429	0	T 523	157	602	236	
1430	1	T 543	160	618	236	P 1092	378	84	84	
1431	0	T 565	165	647	244	
1432	0	T 584	173	664	253	
1433	1	T 601	184	682	260	P 336	462	84	84	
1434	0	T 612	186	699	265	
1435	2	T 627	188	713	266	P 0	546	84	126	P 420	420	84	84	
1436	1	T 635	193	723	268	P 0	546	84	168	
1437	1	T 640	192	727	269	P 0	588	84	126	
1438	1	T 643	193	733	266	P 0	588	84	126	
1439	1	T 644	190	733	265	P 0	630	84	84	
1440	0	T 647	192	734	265	
1441	0	T 645	191	732	263	
1442	1	T 646	192	731	262	P 1134	0	84	84	
1443	1	T 641	193	728	264	P 1134	0	84	84	
1444	1	T 639	196	724	265	P 1134	0	84	84	
1445	1	T 638	196	724	265	P 1092	0	126	84	
1446	2	T 637	197	722	265	P 1050	126	84	84	P 1092	0	84	84	
1447	1	T 639	197	723	266	P 1008	0	168	210	
1448	1	T 642	197	726	265	P 1008	0	168	210	
1449	1	T 648	197	730	264	P 1008	0	126	210	
1450	1	T 649	194	731	265	P 1008	84	126	168	
1451	1	T 656	193	738	261	P 1008	42	126	210	
1452	1	T 659	192	740	258	P 1008	42	126	210	
1453	1	T 665	187	749	253	P 1008	84	126	168	
1454	1	T 669	184	750	251	P 966	84	168	168	
1455	1	T 676	185	756	249	P 1008	126	126	126	
1456	1	T 682	183	760	246	P 966	126	168	168	
1457	1	T 682	182	764	247	P 966	126	168	210	
1458	1	T 689	179	767	242	P 966	168	168	168	
1459	1	T 689	176	768	239	P 966	168	126	126	
1460	1	T 693	175	773	236	P 966	168	126	126	
1461	1	T 693	171	771	233	P 924	168	168	126	
1462	1	T 697	169	774	231	P 966	168	126	126	
1463	1	T 696	170	774	229	P 924	168	126	168	
1464	1	T 698	169	777	228	P 924	168	126	126	
1465	1	T 698	169	780	229	P 924	210	126	126	
1466	1	T 705	168	781	228	P 924	210	126	126	
1467	1	T 706	172	783	231	P 924	210	126	126	
1468	0	T 706	180	783	237	
1469	0	T 704	189	780	245	
1470	0	T 709	202	781	261	
1471	1	T 711	218	779	276	P 924	294	84	126	
1472	1	T 710	237	780	293	P 924	336	84	126	
1473	0	T 713	246	779	302	
1474	0	T 712	253	782	304	
1475	1	T 713	258	783	317	P 1008	126	84	84	
1476	1	T 715	267	779	322	P 1008	126	84	84	
1477	1	T 722	268	785	329	P 966	126	126	84	
1478	1	T 725	274	792	328	P 966	126	126	84	
1479	1	T 726	282	783	331	P 1008	126	84	84	
1480	0	T 728	281	782	329	
1481	0	T 737	280	792	337	
1482	0	T 743	290	797	335	
1483	0	T 736	289	800	337	
1484	0	T 731	292	793	342	
1485	0	T 713	298	769	348	
1486	0	T 700	303	753	352	
1487	1	T 691	308	737	354	P 714	252	84	84	
1488	2	T 683	308	739	355	P 1134	294	84	84	P 1176	168	84	84	
1489	2	T 679	302	742	343	P 672	294	84	84	P 1134	168	126	84	
1490	1	T 676	301	732	341	P 672	294	84	84	
1491	1	P 1176	168	84	168	
1492	1	P 1134	126	126	168	
1493	1	T 640	304	700	341	P 1134	168	126	168	
1494	1	T 629	306	690	351	P 1134	168	126	168	
1495	1	T 628	307	687	355	P 1092	210	168	210	
1496	1	T 622	308	683	355	P 1092	210	126	168	
1497	0	T 621	308	673	358	
1498	0	T 615	306	674	364	
1499	0	T 611	300	676	354	
1500	0	T 611	301	672	351	
1501	0	T 610	300	670	349	
1502	0	T 606	301	671	354	
1503	0	T 612	301	670	355	
1504	0	T 612	299	667	351	
1505	0	T 609	305	669	347	
1506	0	T 613	306	671	351	
1507	0	T 613	307	670	353	
1508	0	T 616	310	670	356	
1509	0	T 622	313	675	360	
1510	0	T 618	311	680	362	
1511	0	T 624	310	682	361	
1512	0	T 627	311	686	359	
1513	0	T 636	309	694	358	
1514	0	T 640	315	701	362	
1515	0	T 656	319	711	366	
1516	0	T 663	322	722	372	
1517	0	T 673	326	731	370	
1518	0	T 689	329	745	375	
1519	0	T 698	326	751	374	
1520	0	T 702	321	759	366	
1521	0	T 709	303	767	352	
1522	0	T 708	296	771	345	
1523	0	T 716	283	780	333	
1524	0	T 727	263	788	315	
1525	0	T 724	246	794	301	
1526	0	T 726	226	797	283	
1527	0	T 731	209	793	265	
1528	0	T 727	194	799	255	
1529	0	T 735	181	801	238	
1530	0	T 734	171	798	228	
1531	0	T 728	156	797	217	
1532	0	T 727	144	795	207	
1533	0	T 728	131	794	188	
1534	0	T 727	121	793	180	
1535	0	T 721	113	787	173	
1536	1	T 721	107	787	167	P 336	546	126	84	
1537	1	T 715	105	778	169	P 336	546	126	126	
1538	1	T 705	107	774	164	P 336	546	84	84	
1539	1	T 698	107	767	169	P 336	546	84	84	
1540	0	T 691	108	757	173	
1541	0	T 685	113	752	177	
1542	0	T 677	125	744	182	
1543	0	T 670	137	731	195	
1544	0	T 654	150	724	207	
1545	0	T 636	173	702	222	
1546	0	T 627	192	679	235	
1547	1	T 607	195	663	243	P 1134	42	84	84	
1548	2	T 590	202	637	248	P 714	252	84	84	P 1092	0	126	126	
1549	1	P 1092	0	126	126	
1550	2	P 672	252	84	126	P 1092	0	126	126	
1551	3	P 630	252	126	126	P 714	84	84	126	P 1050	0	210	168	
1552	3	P 630	252	84	126	P 714	126	84	84	P 966	0	294	168	
1553	3	P 588	252	126	126	P 672	126	84	84	P 966	0	294	210	
1554	2	P 588	126	210	126	P 966	0	294	210	
1555	3	P 546	294	126	84	P 672	126	84	126	P 1008	42	252	210	
1556	3	P 546	294	84	84	P 672	168	84	84	P 966	42	294	210	
1557	3	P 546	294	84	84	P 672	168	84	126	P 966	42	294	210	
1558	2	P 630	168	84	84	P 966	84	252	210	
1559	3	P 252	588	84	84	P 588	168	126	84	P 966	84	252	210	
1560	2	P 588	168	84	84	P 966	84	252	210	
1561	2	P 504	252	84	126	P 966	126	252	168	
1562	2	P 504	294	84	84	P 966	126	294	168	
1563	2	P 504	294	84	84	P 966	168	210	168	
1564	1	P 1008	210	126	126	
1565	1	P 1050	252	84	84	
1566	1	P 462	378	84	84	
1567	0	
1568	0	
1569	0	
1570	0	
1571	1	P 1134	210	126	84	
1572	1	P 1134	210	126	84	
1573	1	P 1134	252	84	84	
1574	0	
1575	0	
1576	0	
1577	1	P 1134	252	126	84	
1578	1	P 1134	252	126	84	
1579	0	
1580	0	
1581	0	
1582	1	P 1176	378	84	84	
1583	1	P 1134	378	84	84	
1584	1	P 1134	378	84	126	
1585	1	P 1134	378	84	126	
1586	1	P 1134	378	84	126	
1587	1	P 1134	378	84	126	
1588	1	P 1134	378	84	126	
1589	1	P 1134	420	84	84	
1590	0	
1591	0	T 617	437	631	471	
1592	0	T 605	421	638	462	
1593	0	T 606	426	643	463	
1594	1	T 617	425	652	459	P 378	462	84	84	
1595	1	T 621	420	661	458	P 378	462	84	84	
1596	0	T 623	439	664	477	
1597	1	T 619	455	664	492	P 378	630	84	84	
1598	0	T 621	465	670	503	
1599	0	T 624	471	676	513	
1600	0	T 622	485	670	528	
1601	0	T 626	527	674	569	
1602	0	T 630	540	679	588	
1603	0	T 633	565	687	607	
1604	0	T 650	586	706	632	
1605	0	T 672	606	724	649	
1606	0	T 692	622	742	663	
1607	0	T 717	637	769	680	
1608	0	T 745	647	796	687	
1609	0	T 778	655	828	689	
1610	0	T 810	643	860	682	
1611	0	T 854	614	905	658	
1612	0	T 903	587	957	629	
1613	0	T 940	556	991	593	
1614	0	T 985	508	1034	547	
1615	0	T 1012	464	1065	508	
1616	0	T 1025	431	1078	475	
1617	0	T 1039	405	1088	443	
1618	0	T 1056	365	1114	410	
1619	0	T 1072	334	1127	373	
1620	0	T 1096	284	1149	329	
1621	0	T 1125	242	1173	279	
1622	0	T 1148	188	1197	233	
1623	0	T 1161	160	1216	200	
1624	0	T 1165	145	1219	180	
1625	0	T 1166	134	1221	167	
1626	0	T 1172	112	1228	153	
1627	0	T 1179	102	1232	136	
1628	0	T 1187	96	1243	126	
1629	0	T 1189	94	1242	131	
1630	0	T 1178	113	1228	144	
1631	0	T 1142	127	1193	164	
1632	0	T 1106	153	1160	182	
1633	0	T 1078	166	1132	194	
1634	0	T 1058	172	1112	197	
1635	1	T 1020	170	1075	196	P 672	252	84	126	
1636	1	T 981	169	1033	193	P 630	294	126	168	
1637	1	T 938	152	998	180	P 588	168	168	210	
1638	1	T 882	124	937	153	P 504	168	294	126	
1639	3	T 832	125	887	152	P 294	630	84	84	P 504	336	84	84	P 588	168	252	168	
1640	2	T 787	132	837	155	P 294	588	126	126	P 714	168	126	168	
1641	1	T 752	148	801	172	P 294	588	84	126	
1642	1	T 709	162	760	189	P 294	588	84	126	
1643	0	T 632	192	686	215	
1644	1	T 574	217	626	243	P 210	630	84	84	
1645	1	T 540	240	590	262	P 210	630	84	84	
1646	0	T 517	262	561	285	
1647	0	T 499	282	543	304	
1648	0	T 492	295	538	323	
1649	1	T 495	309	539	335	P 252	546	84	84	
1650	1	T 493	320	536	342	P 252	336	252	210	
1651	1	T 502	334	544	355	P 252	336	252	210	
1652	1	T 506	347	549	368	P 252	378	210	252	
1653	1	T 516	349	555	371	P 210	336	168	294	
1654	1	T 522	349	563	371	P 168	420	210	252	
1655	1	T 530	343	567	363	P 42	420	336	294	
1656	1	T 533	331	572	356	P 42	336	378	210	
1657	2	T 556	325	593	345	P 42	462	336	210	P 336	336	84	84	
1658	2	T 575	321	614	340	P 84	462	294	168	P 294	336	168	84	
1659	2	T 596	311	636	331	P 42	504	336	168	P 294	294	168	126	
1660	2	T 615	305	649	324	P 42	504	336	126	P 294	294	168	168	
1661	2	T 626	295	657	312	P 42	546	210	126	P 210	294	252	210	
1662	2	T 633	281	670	299	P 42	294	378	210	P 294	546	84	84	
1663	1	T 644	273	678	293	P 42	294	378	336	
1664	1	T 650	271	687	288	P 42	252	378	168	
1665	2	T 661	265	697	286	P 42	420	294	210	P 336	252	84	126	
1666	2	T 667	261	707	287	P 42	420	294	210	P 336	252	84	84	
1667	3	T 671	248	709	273	P 42	462	294	168	P 336	252	126	84	P 462	630	84	84	
1668	2	T 667	230	708	252	P 0	462	420	168	P 336	252	168	84	
1669	2	T 662	206	707	235	P 0	462	336	210	P 336	252	168	84	
1670	2	T 659	188	699	214	P 0	420	294	210	P 336	252	126	84	
1671	3	T 652	172	697	198	P 42	378	252	252	P 336	210	126	126	P 336	630	84	84	
1672	2	T 647	155	696	184	P 42	378	252	210	P 294	630	126	84	
1673	2	T 641	136	691	171	P 0	378	294	210	P 294	630	126	84	
1674	1	T 640	118	692	154	P 0	378	294	210	
1675	2	T 638	95	690	131	P 0	294	378	126	P 756	588	84	126	
1676	3	T 630	85	686	120	P 0	420	252	126	P 252	252	126	126	P 756	588	84	126	
1677	2	T 635	82	686	115	P 0	252	378	210	P 756	588	84	126	
1678	2	T 636	79	687	112	P 0	252	336	168	P 756	588	84	126	
1679	2	T 639	78	690	115	P 0	336	252	210	P 756	588	84	84	
1680	2	T 639	79	690	114	P 0	336	252	210	P 756	588	84	84	
1681	2	T 639	83	689	123	P 0	588	84	84	P 126	420	84	84	
1682	1	T 637	91	693	126	P 0	336	210	168	
1683	1	T 641	96	695	128	P 0	336	210	126	
1684	1	T 642	101	683	134	P 0	336	210	168	
1685	1	T 628	107	684	141	P 0	336	168	294	
1686	1	T 631	112	682	148	P 0	294	210	336	
1687	2	T 628	124	681	154	P 0	210	252	168	P 0	504	126	126	
1688	2	T 631	124	680	156	P 0	210	252	168	P 0	504	84	126	
1689	2	T 633	128	679	161	P 0	210	252	168	P 0	462	84	168	
1690	2	T 629	130	675	166	P 0	210	252	210	P 0	504	84	126	
1691	1	T 626	135	678	176	P 0	210	252	210	
1692	1	T 629	140	681	182	P 0	210	210	168	
1693	1	T 627	146	679	187	P 0	210	252	168	
1694	1	T 628	154	680	192	P 0	210	252	168	
1695	1	T 625	154	677	197	P 0	210	252	168	
1696	1	T 625	159	676	200	P 0	210	210	168	
1697	1	T 624	161	672	203	P 0	210	210	168	
1698	1	T 620	162	676	208	P 0	252	210	126	
1699	1	T 618	162	670	206	P 0	252	210	126	
1700	1	T 614	168	665	215	P 0	336	126	126	
1701	1	T 613	172	665	218	P 0	252	210	168	
1702	1	T 612	175	665	226	P 0	252	210	168	
1703	1	T 611	180	662	235	P 0	294	126	168	
1704	1	T 610	183	664	237	P 0	294	126	168	
1705	2	T 614	185	665	236	P 0	294	126	168	P 210	504	84	84	
1706	2	T 615	188	665	238	P 0	294	126	168	P 210	504	84	84	
1707	1	T 614	191	660	238	P 0	294	84	168	
1708	1	T 615	192	670	236	P 0	210	168	126	
1709	1	T 616	194	674	236	P 0	210	168	126	
1710	1	T 620	198	676	236	P 0	210	168	126	
1711	1	T 621	200	679	253	P 0	210	126	126	
1712	1	T 617	206	677	255	P 0	210	126	126	
1713	1	T 621	209	681	256	P 0	210	126	126	
1714	2	T 622	206	679	254	P 0	210	126	126	P 168	504	84	84	
1715	2	P 0	210	126	126	P 168	504	84	84	
1716	2	P 0	252	126	126	P 168	462	126	84	
1717	2	P 0	210	126	168	P 168	462	126	84	
1718	2	P 0	168	168	210	P 168	462	126	84	
1719	2	P 0	252	168	126	P 168	462	126	84	
1720	2	P 0	210	126	168	P 168	504	84	84	
1721	2	P 0	168	126	210	P 168	504	84	84	
1722	1	P 0	168	126	210	
1723	1	P 0	168	126	168	
1724	1	P 0	168	126	168	
1725	1	P 0	168	126	168	
1726	1	P 0	168	126	168	
1727	2	P 0	168	126	168	P 42	504	168	84	
1728	2	P 0	168	126	168	P 126	504	84	84	
1729	3	P 0	42	84	84	P 0	210	126	126	P 126	462	126	84	
1730	2	T 634	266	691	329	P 0	210	126	126	P 126	462	126	84	
1731	2	T 634	272	691	331	P 0	210	126	126	P 126	462	126	126	
1732	2	T 637	273	698	335	P 0	210	168	126	P 84	462	168	126	
1733	2	T 630	283	694	343	P 0	210	126	126	P 84	462	168	126	
1734	2	T 636	288	694	347	P 0	210	126	126	P 84	462	126	126	
1735	2	T 637	292	696	350	P 0	210	126	126	P 126	462	84	84	
1736	1	T 638	299	699	359	P 0	210	84	126	
1737	1	T 639	305	700	361	P 0	210	84	84	
1738	0	T 643	318	701	372	
1739	0	T 641	327	701	382	
1740	0	T 646	340	704	401	
1741	0	T 641	352	707	413	
1742	0	T 642	361	704	423	
1743	0	T 643	370	703	430	
1744	0	T 635	380	697	440	
1745	0	T 643	383	707	451	
1746	0	T 641	393	704	459	
1747	0	T 643	410	707	477	
1748	0	T 645	418	712	480	
1749	0	T 651	431	718	493	
1750	0	T 652	435	720	501	
1751	0	T 655	447	724	512	
1752	0	T 658	451	729	519	
1753	0	T 658	462	728	524	
1754	0	T 659	468	730	536	
1755	0	T 659	467	729	540	
1756	0	T 661	477	729	544	
1757	0	T 659	482	729	553	
1758	0	T 663	492	733	563	
1759	0	T 661	503	728	573	
1760	0	T 661	509	732	582	
1761	0	T 666	521	735	590	
1762	0	T 675	527	738	594	
1763	0	T 673	534	742	607	
1764	0	T 679	542	745	613	
1765	0	T 682	551	748	621	
1766	0	T 682	554	750	623	
1767	0	T 681	550	748	625	
1768	0	T 679	550	751	621	
1769	2	T 675	545	747	616	P 126	252	84	84	P 336	168	84	84	
1770	3	T 676	536	749	608	P 126	252	84	126	P 336	168	126	84	P 504	84	84	84	
1771	2	T 675	525	742	595	P 0	336	126	126	P 252	168	210	84	
1772	2	T 667	509	750	577	P 42	252	126	126	P 252	126	168	168	
1773	2	T 667	496	740	559	P 42	252	84	126	P 210	42	252	168	
1774	2	T 663	479	733	547	P 42	252	84	84	P 210	42	252	126	
1775	2	T 654	467	722	536	P 168	0	252	252	P 462	0	84	84	
1776	2	T 650	456	719	525	P 168	42	252	168	P 462	0	168	168	
1777	2	T 643	449	716	523	P 252	84	126	126	P 462	0	126	168	
1778	3	T 640	442	712	510	P 168	0	84	84	P 294	84	84	84	P 462	0	126	126	
1779	3	T 640	437	715	506	P 168	0	84	84	P 294	0	84	84	P 462	0	126	126	
1780	2	T 640	435	714	503	P 168	0	210	84	P 504	0	84	84	
1781	2	T 642	430	717	501	P 168	0	210	126	P 504	0	84	84	
1782	1	T 640	428	710	498	P 168	0	126	84	
1783	1	T 640	426	713	498	P 168	0	126	84	
1784	0	T 647	425	713	498	
1785	0	T 648	425	714	501	
1786	0	T 647	430	718	505	
1787	0	T 648	433	714	507	
1788	0	T 651	436	710	501	
1789	0	T 648	436	711	500	
1790	0	T 641	442	713	514	
1791	0	T 643	441	711	511	
1792	0	T 644	439	714	509	
1793	0	T 638	436	707	509	
1794	0	T 637	435	708	507	
1795	0	T 630	434	707	506	
1796	0	T 629	433	696	508	
1797	0	T 622	433	688	509	
1798	0	T 612	439	683	511	
1799	0	T 603	438	673	511	
1800	0	T 602	436	670	512	
1801	0	T 596	441	672	516	
1802	0	T 596	443	668	517	
1803	0	T 600	449	669	523	
1804	0	T 601	449	669	523	
1805	0	T 599	451	668	521	
1806	0	T 601	450	673	519	
1807	0	T 600	456	669	520	
1808	0	T 598	453	666	522	
1809	0	T 597	450	673	526	
1810	0	T 599	447	670	521	
1811	0	T 603	452	668	515	
1812	0	T 606	441	667	508	
1813	0	T 609	434	667	496	
1814	0	T 613	424	670	488	
1815	0	T 607	417	676	485	
1816	0	T 618	410	677	471	
1817	0	T 625	409	688	472	
1818	0	T 634	409	694	473	
1819	0	T 642	409	703	480	
1820	0	T 645	419	710	487	
1821	0	T 649	422	711	488	
1822	0	T 651	424	713	488	
1823	0	T 655	433	714	494	
1824	0	T 657	437	716	510	
1825	1	T 655	442	714	514	P 588	42	84	84	
1826	1	T 655	448	715	521	P 546	0	84	84	
1827	0	T 655	457	712	530	
1828	0	T 657	465	715	539	
1829	0	T 655	477	714	546	
1830	0	T 656	493	712	564	
1831	0	T 654	507	710	575	
1832	0	T 650	529	707	595	
1833	0	T 648	555	704	629	
1834	0	T 626	585	703	657	
1835	0	T 636	607	697	676	
1836	0	T 636	615	689	686	
1837	0	T 631	625	685	697	
1838	0	T 627	634	679	701	
1839	0	T 619	644	674	717	
1840	0	T 618	650	673	719	
1841	0	T 613	656	664	719	
1842	0	T 611	663	662	718	
1843	0	T 611	662	661	719	
1844	0	T 610	659	659	718	
1845	0	T 608	651	655	718	
1846	0	T 609	641	656	713	
1847	0	T 607	631	655	702	
1848	0	T 609	613	655	685	
1849	0	T 609	588	654	661	
1850	0	T 606	548	653	621	
1851	0	T 602	488	650	557	
1852	0	T 602	419	653	491	
1853	0	T 605	364	651	434	
1854	0	T 604	318	646	390	
1855	0	T 602	286	643	358	
1856	0	T 599	259	640	333	
1857	0	T 592	236	636	312	
1858	0	T 585	217	627	292	
1859	0	T 577	200	618	273	
1860	1	T 568	190	609	263	P 1092	210	168	168	
1861	1	T 560	180	600	255	P 1134	252	126	126	
1862	1	T 552	175	591	245	P 1092	168	168	168	
1863	1	T 544	167	581	237	P 1050	84	168	252	
1864	1	T 536	161	573	233	P 1008	0	252	378	
1865	1	T 528	165	566	236	P 1008	42	252	336	
1866	2	T 523	173	560	245	P 1008	294	84	84	P 1134	168	84	84	
1867	1	T 520	180	556	254	P 1050	336	84	84	
1868	0	T 513	184	548	257	
1869	1	T 510	189	546	261	P 1008	294	126	84	
1870	1	T 508	190	542	263	P 1008	252	84	84	
1871	1	T 508	193	542	264	P 1008	210	84	126	
1872	1	T 511	199	542	269	P 1008	168	84	126	
1873	1	T 513	202	543	274	P 1008	168	84	126	
1874	1	T 521	206	551	278	P 1008	126	84	126	
1875	1	T 530	207	562	277	P 1008	126	84	84	
1876	0	T 540	204	571	275	
1877	2	T 553	200	583	271	P 0	168	84	84	P 1008	42	84	84	
1878	0	T 569	197	598	267	
1879	0	T 583	197	612	266	
1880	0	T 593	205	621	275	
1881	0	T 601	220	631	291	
1882	0	T 612	248	643	320	
1883	0	T 623	292	654	361	
1884	1	T 633	326	662	395	P 0	210	84	84	
1885	1	T 637	365	667	437	P 0	168	126	168	
1886	1	T 637	404	670	473	P 42	210	84	126	
1887	1	T 631	434	664	503	P 42	252	84	126	
1888	0	T 624	465	656	532	
1889	0	T 616	495	649	563	
1890	1	T 606	519	639	585	P 0	168	84	126	
1891	1	T 596	537	630	602	P 0	126	84	168	
1892	1	T 585	548	620	616	P 0	84	84	168	
1893	1	T 574	559	609	624	P 0	84	84	84	
1894	0	T 563	568	598	634	
1895	0	T 550	579	589	645	
1896	1	T 546	588	583	653	P 0	42	84	84	
1897	0	T 540	596	577	660	
1898	1	T 533	601	572	667	P 0	42	84	84	
1899	0	T 532	601	571	664	
1900	1	T 545	573	584	633	P 0	546	84	126	
1901	1	T 560	533	599	597	P 0	504	126	126	
1902	0	T 556	529	595	592	
1903	0	T 554	513	594	575	
1904	0	T 555	501	594	561	
1905	0	T 560	480	601	543	
1906	0	T 566	461	608	522	
1907	2	T 568	443	608	502	P 42	294	84	84	P 168	504	126	126	
1908	2	T 568	421	612	483	P 0	168	84	84	P 168	462	168	168	
1909	2	T 564	401	612	464	P 0	168	84	126	P 42	462	462	252	
1910	2	T 563	380	609	441	P 42	420	420	294	P 504	462	84	84	
1911	2	T 561	364	606	427	P 0	252	84	84	P 0	378	462	294	
1912	1	T 560	356	603	414	P 0	336	504	336	
1913	1	T 552	349	603	415	P 0	336	546	252	
1914	1	T 557	346	602	408	P 84	462	168	126	
1915	4	T 552	345	603	407	P 0	0	84	84	P 84	294	126	126	P 84	462	168	126	P 504	294	126	126	
1916	3	T 553	343	603	405	P 84	252	210	126	P 84	462	126	84	P 504	294	126	126	
1917	3	T 553	340	602	400	P 84	210	252	168	P 126	462	84	84	P 546	294	84	84	
1918	2	T 552	338	603	399	P 84	210	252	168	P 378	252	252	168	
1919	2	T 556	339	604	396	P 126	168	210	210	P 378	210	252	210	
1920	1	T 560	337	609	393	P 126	126	504	252	
1921	1	T 561	335	612	395	P 168	84	504	210	
1922	1	T 564	333	617	391	P 168	84	588	252	
1923	1	T 569	333	619	392	P 168	42	588	294	
1924	2	T 568	336	621	393	P 168	0	588	252	P 882	252	84	84	
1925	2	T 571	338	623	394	P 168	0	588	294	P 882	252	126	126	
1926	2	T 578	341	632	397	P 210	0	588	336	P 882	252	126	84	
1927	2	T 584	349	637	404	P 252	0	504	336	P 924	210	84	126	
1928	2	T 588	357	641	414	P 252	0	504	336	P 924	168	126	126	
1929	3	T 586	367	642	423	P 252	0	294	294	P 630	0	126	168	P 924	126	168	168	
1930	3	T 586	374	638	428	P 252	0	294	294	P 630	0	126	168	P 924	126	168	168	
1931	3	T 583	381	636	435	P 252	0	294	294	P 630	0	126	126	P 924	84	168	210	
1932	4	T 579	380	632	435	P 294	0	84	84	P 336	126	210	126	P 630	0	168	84	P 924	84	168	168	
1933	3	T 571	379	625	431	P 210	126	336	126	P 672	0	126	126	P 924	84	168	168	
1934	3	T 569	377	623	428	P 126	126	378	126	P 714	0	84	84	P 966	84	168	126	
1935	4	T 560	372	616	427	P 126	84	378	126	P 588	42	84	84	P 714	0	126	84	P 966	84	168	126	
1936	4	T 557	369	612	421	P 126	84	378	126	P 588	0	126	126	P 756	0	126	84	P 1008	42	126	126	
1937	3	T 553	364	609	416	P 210	84	294	168	P 630	0	210	126	P 1008	42	126	126	
1938	3	T 544	360	603	412	P 210	42	294	168	P 630	0	84	126	P 1050	0	84	126	
1939	2	T 541	353	597	402	P 210	42	252	168	P 630	0	84	84	
1940	1	T 520	328	580	381	P 168	0	294	126	
1941	1	T 522	323	580	374	P 294	0	168	126	
1942	2	T 523	319	581	368	P 294	0	126	84	P 630	0	84	84	
1943	1	T 527	316	585	367	P 294	0	168	84	
1944	1	T 530	313	594	363	P 294	0	168	84	
1945	1	T 541	311	600	361	P 294	0	168	84	
1946	1	T 546	304	607	355	P 336	0	84	84	
1947	0	T 550	301	612	351	
1948	0	T 555	299	615	348	
1949	0	T 555	294	614	342	
1950	0	T 552	293	614	340	
1951	0	T 550	291	610	339	
1952	0	T 545	288	607	338	
1953	0	T 541	290	603	339	
1954	0	T 536	297	597	344	
1955	0	T 533	307	596	353	
1956	0	T 527	320	589	369	
1957	0	T 521	339	583	385	
1958	0	T 517	352	579	400	
1959	2	T 513	365	577	410	P 0	210	84	84	P 126	210	84	126	
1960	1	T 511	375	573	422	P 126	210	126	126	
1961	1	T 507	385	571	428	P 42	210	210	84	
1962	1	T 506	391	571	435	P 126	168	126	126	
1963	1	T 507	394	571	440	P 168	168	84	84	
1964	1	T 508	402	573	445	P 168	126	84	84	
1965	1	T 507	404	571	446	P 210	126	126	84	
1966	1	T 507	404	571	448	P 210	126	126	84	
1967	1	T 503	403	569	449	P 210	126	126	126	
1968	1	T 500	405	564	449	P 210	126	126	126	
1969	1	T 493	405	557	449	P 210	126	126	84	
1970	2	T 488	407	552	450	P 0	630	84	84	P 210	126	126	84	
1971	3	T 482	405	547	447	P 0	588	126	126	P 168	630	126	84	P 336	42	84	84	
1972	3	T 477	409	543	451	P 0	588	168	126	P 210	630	84	84	P 336	42	126	84	
1973	3	T 476	406	541	448	P 0	588	126	126	P 252	588	84	126	P 378	0	84	126	
1974	2	T 480	406	543	450	P 42	546	168	126	P 336	0	168	126	
1975	3	T 479	408	547	451	P 84	546	126	126	P 336	0	126	84	P 714	630	168	84	
1976	3	T 482	410	549	453	P 126	546	126	84	P 336	0	126	84	P 714	630	126	84	
1977	4	T 489	414	555	455	P 84	462	210	168	P 378	0	84	84	P 462	630	84	84	P 714	630	126	84	
1978	3	T 501	418	565	462	P 0	504	84	84	P 126	462	294	252	P 756	588	84	126	
1979	4	T 515	424	579	468	P 0	0	84	84	P 42	462	588	252	P 756	588	126	84	P 1176	630	84	84	
1980	2	T 529	436	592	476	P 42	462	630	252	P 798	588	84	84	
1981	4	T 544	445	605	487	P 0	0	126	84	P 0	462	336	168	P 378	588	294	126	P 1134	546	126	126	
1982	4	T 549	450	613	490	P 0	0	168	84	P 0	462	714	252	P 882	546	84	84	P 1134	546	126	84	
1983	4	T 554	452	618	496	P 0	462	714	252	P 42	0	126	84	P 924	546	84	84	P 1134	504	126	126	
1984	5	T 556	455	620	494	P 0	462	336	126	P 84	0	84	84	P 462	504	294	210	P 840	630	126	84	P 1176	504	84	84	
1985	5	T 556	448	625	487	P 0	420	336	168	P 378	462	420	252	P 882	630	168	84	P 966	504	84	84	P 1176	504	84	84	
1986	4	T 561	444	627	485	P 42	420	168	126	P 252	462	84	84	P 420	420	672	294	P 1176	462	84	84	
1987	2	T 560	443	628	485	P 42	420	210	126	P 378	378	882	336	
1988	2	T 562	443	626	482	P 84	420	168	126	P 378	378	756	336	
1989	3	T 561	441	627	483	P 84	420	168	126	P 378	378	546	336	P 1008	462	168	168	
1990	3	T 557	441	622	481	P 126	420	84	84	P 378	378	588	336	P 1050	420	210	168	
1991	3	T 557	441	621	479	P 294	378	210	126	P 588	378	84	84	P 588	420	672	252	
1992	5	T 552	436	620	479	P 336	378	126	126	P 546	336	126	126	P 630	546	84	84	P 756	462	252	252	P 1092	420	168	168	
1993	4	T 549	437	616	476	P 336	420	126	84	P 546	294	126	126	P 756	420	294	294	P 1134	420	126	126	
1994	3	T 547	435	616	474	P 462	252	210	126	P 756	420	336	294	P 1134	378	126	168	
1995	4	T 549	429	614	468	P 0	378	84	126	P 462	252	252	168	P 756	420	336	294	P 1134	378	126	126	
1996	3	T 547	428	615	468	P 0	378	84	84	P 462	210	252	168	P 798	378	462	252	
1997	5	T 549	419	617	460	P 0	336	126	126	P 294	252	84	84	P 462	210	252	210	P 798	378	336	294	P 1176	378	84	84	
1998	4	T 546	411	614	454	P 0	378	126	84	P 252	252	126	126	P 462	168	252	210	P 840	378	336	252	
1999	4	T 548	405	611	444	P 252	252	126	84	P 462	168	252	168	P 756	630	84	84	P 840	336	378	252	
2000	3	T 554	393	617	433	P 336	168	210	84	P 588	126	168	168	P 630	294	630	252	
2001	7	P 0	336	84	126	P 252	630	210	84	P 420	126	126	126	P 588	126	168	168	P 672	504	210	210	P 882	252	378	168	P 1134	462	84	84	
2002	7	P 168	210	84	84	P 210	588	294	126	P 420	126	126	126	P 504	420	126	126	P 588	84	168	210	P 672	462	252	252	P 966	252	294	168	
2003	4	P 168	210	126	84	P 210	210	1050	336	P 336	126	210	126	P 630	42	126	252	
2004	4	P 210	84	336	126	P 294	420	714	294	P 588	0	168	252	P 1008	210	252	168	
2005	4	P 126	84	420	168	P 336	336	630	378	P 588	0	210	252	P 1008	168	252	168	
2006	4	P 168	84	378	210	P 294	336	714	378	P 588	0	252	252	P 1008	168	252	126	
2007	5	P 84	84	420	168	P 336	546	126	84	P 504	336	546	378	P 588	0	252	252	P 1008	126	252	168	
2008	4	P 84	42	420	168	P 504	294	546	420	P 588	0	294	210	P 1050	126	210	126	
2009	5	P 0	546	84	84	P 126	42	378	168	P 504	336	504	378	P 588	0	336	210	P 1050	126	210	126	
2010	5	P 42	546	84	84	P 126	42	378	168	P 504	336	378	252	P 630	0	420	210	P 1134	126	126	126	
2011	3	P 42	504	126	126	P 126	0	420	168	P 630	0	462	168	
2012	3	P 84	504	126	84	P 210	0	336	168	P 672	0	420	168	
2013	2	P 210	0	294	168	P 672	0	462	168	
2014	2	P 168	42	294	210	P 672	0	504	168	
2015	2	P 168	42	336	210	P 798	0	378	168	
2016	3	P 84	42	420	210	P 588	0	84	84	P 798	0	378	168	
2017	3	P 84	210	126	126	P 252	42	252	168	P 840	0	336	168	
2018	2	P 294	0	252	168	P 840	0	294	168	
2019	2	P 126	0	420	168	P 882	0	294	126	
2020	3	P 126	84	126	168	P 336	0	210	168	P 882	0	168	84	
2021	3	P 126	84	168	168	P 336	0	168	210	P 924	0	126	84	
2022	3	P 168	0	336	168	P 672	126	84	126	P 924	0	126	84	
2023	3	P 168	0	336	168	P 714	126	84	126	P 1008	0	84	84	
2024	2	P 168	0	294	126	P 714	126	84	84	
2025	3	P 0	210	84	126	P 168	0	336	126	P 756	126	84	84	
2026	2	P 0	168	126	168	P 210	0	252	126	
2027	5	P 42	210	126	84	P 168	0	294	126	P 504	0	84	84	P 504	630	168	84	P 798	0	126	84	
2028	5	P 42	168	126	168	P 252	0	210	126	P 504	0	84	84	P 504	630	210	84	P 798	0	168	84	
2029	4	P 84	168	126	168	P 252	0	210	126	P 504	588	210	126	P 882	0	84	126	
2030	4	P 84	168	126	126	P 294	0	126	84	P 546	588	168	126	P 882	0	126	84	
2031	3	P 126	168	126	126	P 294	0	84	84	P 546	588	168	126	
2032	3	P 126	168	126	126	P 588	588	126	126	P 924	0	84	84	
2033	3	P 42	84	252	210	P 630	588	84	84	P 966	0	84	84	
2034	2	P 84	84	210	210	P 966	0	126	84	
2035	2	P 168	168	168	126	P 924	0	168	84	
2036	2	P 210	126	126	168	P 924	84	168	84	
2037	2	P 210	126	168	168	P 882	42	210	168	
2038	2	P 252	126	126	126	P 882	42	252	168	
2039	1	P 924	42	210	126	
2040	2	P 336	126	126	126	P 966	42	168	126	
2041	3	P 336	126	126	126	P 798	546	84	84	P 924	546	84	84	
2042	2	P 378	126	126	126	P 798	504	294	126	
2043	3	P 42	0	84	84	P 420	84	126	126	P 840	462	336	126	
2044	4	P 42	0	84	84	P 462	84	126	126	P 882	504	84	84	P 1008	462	84	84	
2045	2	P 504	84	84	84	P 924	420	336	126	
2046	3	P 504	42	168	126	P 966	420	126	126	P 1176	420	84	126	
2047	2	P 546	0	168	126	P 1008	420	252	126	
2048	3	P 630	0	126	126	P 1008	420	126	84	P 1176	378	84	84	
2049	2	P 630	0	126	126	P 1050	378	210	126	
2050	3	P 672	0	126	126	P 966	168	126	126	P 1050	378	126	126	
2051	3	P 672	0	126	126	P 966	168	168	126	P 1092	378	84	84	
2052	3	P 714	0	126	84	P 1008	168	126	126	P 1092	336	126	126	
2053	3	P 714	0	126	84	P 1008	168	126	84	P 1092	294	168	126	
2054	2	P 756	0	84	84	P 1134	294	126	168	
2055	2	P 756	0	84	84	P 1134	252	126	210	
2056	1	P 1134	294	126	126	
2057	1	P 1176	294	84	126	
2058	0	
2059	0	
2060	1	P 798	546	84	84	
2061	2	P 336	630	84	84	P 798	546	126	84	
2062	2	P 336	546	168	168	P 840	504	84	84	
2063	1	P 336	504	168	210	
2064	2	P 336	504	210	210	P 630	0	84	84	
2065	1	P 378	504	210	210	
2066	1	P 378	546	336	168	
2067	1	P 420	504	294	168	
2068	1	P 420	504	294	210	
2069	1	P 420	504	294	210	
2070	1	P 336	462	420	252	
2071	2	P 462	504	84	84	P 588	504	210	126	
2072	3	P 336	630	84	84	P 630	630	126	84	P 714	504	126	84	
2073	3	P 336	630	84	84	P 630	630	168	84	P 756	504	126	84	
2074	3	P 336	630	126	84	P 672	630	126	84	P 756	504	168	84	
2075	2	P 336	588	168	126	P 756	504	210	126	
2076	2	P 336	588	168	126	P 756	462	210	168	
2077	2	P 378	588	126	84	P 756	462	252	210	
2078	2	P 336	588	252	126	P 798	462	252	210	
2079	2	P 378	546	252	126	P 840	462	252	126	
2080	4	P 252	294	84	84	P 420	504	336	126	P 504	252	168	210	P 798	336	462	168	
2081	2	P 378	336	882	168	P 504	210	210	168	
2082	2	P 420	336	840	126	P 504	252	210	126	
2083	4	P 462	294	798	168	P 630	252	84	84	P 882	210	126	84	P 1050	210	168	84	
2084	2	P 462	294	336	336	P 882	210	378	294	
2085	1	P 504	168	756	336	
2086	3	P 504	294	210	168	P 798	168	462	294	P 840	210	84	84	
2087	1	P 630	168	630	252	
2088	1	P 630	84	630	420	
2089	1	P 630	42	630	462	
2090	2	P 672	84	420	336	P 1176	42	84	84	
2091	0	
2092	1	P 966	252	126	126	
2093	1	P 672	84	84	84	
2094	0	
2095	0	
2096	0	
2097	0	
2098	4	P 378	630	84	84	P 504	336	126	126	P 504	630	84	84	P 966	504	126	168	
2099	4	P 252	630	84	84	P 420	630	84	84	P 462	294	378	168	P 1008	630	84	84	
2100	2	P 168	0	126	84	P 252	588	420	126	
