frame	IoU
1	0.127551
2	0.127551
3	0.127551
4	0.127551
5	0.127551
6	0.14881
7	0.14881
8	0.14881
9	0.127551
10	0.14881
11	0.14881
12	0.14881
13	0.14881
14	0.173611
15	0.173611
16	0.14881
17	0.127551
18	0.127551
19	0.127551
20	0.127551
21	0.127551
22	0.14881
23	0.14881
24	0.14881
25	0.127551
26	0.127551
27	0.14881
28	0.14881
29	0.14881
30	0.173611
31	0.173611
32	0.14881
33	0.127551
34	0.127551
35	0.127551
36	0.127551
37	0.127551
38	0.14881
39	0.14881
40	0.14881
41	0.127551
42	0.127551
43	0.14881
44	0.14881
45	0.14881
46	0.173611
47	0.173611
48	0.14881
49	0.127551
50	0.127551
51	0.127551
52	0.127551
53	0.127551
54	0.14881
55	0.14881
56	0.127551
57	0.127551
58	0.127551
59	0.14881
60	0.14881
61	0.14881
62	0.173611
63	0.173611
64	0.127551
65	0.127551
66	0.127551
67	0.127551
68	0.127551
69	0.127551
70	0.14881
71	0.14881
72	0.14881
73	0.127551
74	0.127551
75	0.14881
76	0.14881
77	0.14881
78	0.173611
79	0.173611
80	0.14881
81	0.127551
82	0.127551
83	0.127551
84	0.127551
85	0.127551
86	0.14881
87	0.14881
88	0.14881
89	0.127551
90	0.127551
91	0.14881
92	0.14881
93	0.14881
94	0.173611
95	0.173611
96	0.14881
97	0.127551
98	0.127551
99	0.127551
100	0.127551
101	0.127551
102	0.14881
103	0.14881
104	0.14881
105	0.127551
106	0.127551
107	0.14881
108	0.14881
109	0.14881
110	0.173611
111	0.173611
112	0.14881
113	0.127551
114	0.127551
115	0.127551
116	0.127551
117	0.127551
118	0.14881
119	0.14881
120	0.127551
121	0.127551
122	0.127551
123	0.14881
124	0.14881
125	0.14881
126	0.173611
127	0.173611
128	0.14881
129	0.127551
130	0.127551
131	0.127551
132	0.127551
133	0.127551
134	0.14881
135	0.14881
136	0.14881
137	0.127551
138	0.127551
139	0.14881
140	0.14881
141	0.14881
142	0.173611
143	0.173611
144	0.14881
145	0.127551
146	0.127551
147	0.127551
148	0.127551
149	0.127551
150	0.14881
151	0.14881
152	0.14881
153	0.127551
154	0.127551
155	0.14881
156	0.14881
157	0.14881
158	0.173611
159	0.173611
160	0.14881
161	0.127551
162	0.127551
163	0.127551
164	0.127551
165	0.127551
166	0.14881
167	0.14881
168	0.14881
169	0.127551
170	0.127551
171	0.14881
172	0.14881
173	0.14881
174	0.173611
175	0.14881
176	0.14881
177	0.127551
178	0.127551
179	0.127551
180	0.127551
181	0.127551
182	0.14881
183	0.14881
184	0.14881
185	0.127551
186	0.127551
187	0.14881
188	0.14881
189	0.14881
190	0.173611
191	0.173611
192	0.14881
193	0.127551
194	0.127551
195	0.127551
196	0.127551
197	0.127551
198	0.14881
199	0.14881
200	0.14881
201	0.127551
202	0.127551
203	0.14881
204	0.14881
205	0.14881
206	0.173611
207	0.173611
208	0.14881
209	0.127551
210	0.127551
211	0.127551
212	0.127551
213	0.127551
214	0.14881
215	0.14881
216	0.14881
217	0.127551
218	0.127551
219	0.14881
220	0.14881
221	0.14881
222	0.173611
223	0.173611
224	0.14881
225	0.127551
226	0.127551
227	0.127551
228	0.127551
229	0.127551
230	0.14881
231	0.14881
232	0.14881
233	0.127551
234	0.127551
235	0.14881
236	0.14881
237	0.14881
238	0.173611
239	0.173611
240	0.14881
241	0.127551
242	0.127551
243	0.127551
244	0.127551
245	0.127551
246	0.14881
247	0.14881
248	0.127551
249	0.127551
250	0.127551
251	0.14881
252	0.14881
253	0.14881
254	0.173611
255	0.173611
256	0.14881
257	0.127551
258	0.127551
259	0.127551
260	0.127551
261	0.127551
262	0.14881
263	0.14881
264	0.14881
265	0.127551
266	0.127551
267	0.14881
268	0.14881
269	0.14881
270	0.173611
271	0.14881
272	0.14881
273	0.127551
274	0.127551
275	0.127551
276	0.127551
277	0.127551
278	0.14881
279	0.14881
280	0.14881
281	0.127551
282	0.127551
283	0.14881
284	0.14881
285	0.14881
286	0.173611
287	0.173611
288	0.14881
289	0.14881
290	0.14881
291	0.14881
292	0.14881
293	0.14881
294	0.14881
295	0.14881
296	0.14881
297	0.127551
298	0.127551
299	0.14881
300	0.14881
301	0.14881
302	0.173611
303	0.173611
304	0.14881
305	0.127551
306	0.127551
307	0.127551
308	0.127551
309	0.127551
310	0.14881
311	0.14881
312	0.14881
313	0.127551
314	0.14881
315	0.14881
316	0.14881
317	0.14881
318	0.173611
319	0.14881
320	0.14881
321	0.127551
322	0.127551
323	0.127551
324	0.127551
325	0.127551
326	0.14881
327	0.14881
328	0.14881
329	0.127551
330	0.127551
331	0.14881
332	0.14881
333	0.14881
334	0.173611
335	0.173611
336	0.173611
337	0.14881
338	0.14881
339	0.14881
340	0.14881
341	0.14881
342	0.173611
343	0.173611
344	0.173611
345	0.14881
346	0.14881
347	0.14881
348	0.14881
349	0.14881
350	0.173611
351	0.173611
352	0.14881
353	0.127551
354	0.127551
355	0.127551
356	0.127551
357	0.127551
358	0.14881
359	0.14881
360	0.14881
361	0.127551
362	0.127551
363	0.14881
364	0.14881
365	0.14881
366	0.173611
367	0.173611
368	0.14881
369	0.127551
370	0.127551
371	0.127551
372	0.127551
373	0.127551
374	0.14881
375	0.14881
376	0.14881
377	0.127551
378	0.127551
379	0.14881
380	0.14881
381	0.14881
382	0.173611
383	0.173611
384	0.14881
385	0.127551
386	0.127551
387	0.127551
388	0.127551
389	0.127551
390	0.14881
391	0.14881
392	0.14881
393	0.127551
394	0.127551
395	0.14881
396	0.14881
397	0.14881
398	0.173611
399	0.173611
400	0.14881
401	0.127551
402	0.127551
403	0.127551
404	0.127551
405	0.127551
406	0.14881
407	0.14881
408	0.14881
409	0.127551
410	0.127551
411	0.14881
412	0.14881
413	0.14881
414	0.173611
415	0.173611
416	0.14881
417	0.127551
418	0.127551
419	0.127551
420	0.127551
421	0.127551
422	0.14881
423	0.14881
424	0.14881
425	0.127551
426	0.127551
427	0.14881
428	0.14881
429	0.14881
430	0.173611
431	0.173611
432	0.14881
433	0.127551
434	0.127551
435	0.127551
436	0.127551
437	0.127551
438	0.14881
439	0.14881
440	0.14881
441	0.127551
442	0.127551
443	0.14881
444	0.14881
445	0.14881
446	0.173611
447	0.173611
448	0.14881
449	0.127551
450	0.127551
451	0.127551
452	0.127551
453	0.127551
454	0.14881
455	0.14881
456	0.127551
457	0.127551
458	0.127551
459	0.127551
460	0.14881
461	0.14881
462	0.173611
463	0.173611
464	0.14881
465	0.127551
466	0.127551
467	0.127551
468	0.127551
469	0.127551
470	0.14881
471	0.14881
472	0.14881
473	0.127551
474	0.127551
475	0.127551
476	0.14881
477	0.14881
478	0.173611
479	0.173611
480	0.14881
481	0.127551
482	0.127551
483	0.127551
484	0.127551
485	0.127551
486	0.14881
487	0.14881
488	0.14881
489	0.127551
490	0.127551
491	0.14881
492	0.14881
493	0.14881
494	0.173611
495	0.173611
496	0.14881
497	0.127551
498	0.127551
499	0.127551
500	0.127551
501	0.127551
502	0.14881
503	0.14881
504	0.14881
505	0.127551
506	0.127551
507	0.127551
508	0.14881
509	0.14881
510	0.173611
511	0.14881
512	0.127551
513	0.127551
514	0.127551
515	0.127551
516	0.127551
517	0.127551
518	0.14881
519	0.14881
520	0.14881
521	0.127551
522	0.127551
523	0.14881
524	0.14881
525	0.14881
526	0.173611
527	0.173611
528	0.14881
529	0.127551
530	0.127551
531	0.127551
532	0.127551
533	0.127551
534	0.14881
535	0.14881
536	0.14881
537	0.127551
538	0.127551
539	0.127551
540	0.14881
541	0.14881
542	0.173611
543	0.173611
544	0.14881
545	0.127551
546	0.127551
547	0.127551
548	0.127551
549	0.127551
550	0.14881
551	0.14881
552	0.14881
553	0.127551
554	0.127551
555	0.127551
556	0.14881
557	0.14881
558	0.173611
559	0.173611
560	0.14881
561	0.127551
562	0.127551
563	0.127551
564	0.127551
565	0.127551
566	0.14881
567	0.14881
568	0.14881
569	0.127551
570	0.127551
571	0.14881
572	0.14881
573	0.14881
574	0.173611
575	0.173611
576	0.14881
577	0.127551
578	0.127551
579	0.127551
580	0.127551
581	0.127551
582	0.14881
583	0.14881
584	0.14881
585	0.127551
586	0.127551
587	0.14881
588	0.14881
589	0.14881
590	0.173611
591	0.173611
592	0.14881
593	0.127551
594	0.127551
595	0.127551
596	0.127551
597	0.127551
598	0.14881
599	0.14881
600	0.14881
601	0.127551
602	0.127551
603	0.127551
604	0.14881
605	0.14881
606	0.173611
607	0.173611
608	0.14881
609	0.14881
610	0.14881
611	0.14881
612	0.14881
613	0.14881
614	0.14881
615	0.14881
616	0.14881
617	0.127551
618	0.127551
619	0.14881
620	0.14881
621	0.14881
622	0.173611
623	0.173611
624	0.14881
625	0.127551
626	0.127551
627	0.127551
628	0.127551
629	0.127551
630	0.14881
631	0.14881
632	0.14881
633	0.127551
634	0.127551
635	0.127551
636	0.14881
637	0.14881
638	0.173611
639	0.173611
640	0.14881
641	0.127551
642	0.127551
643	0.127551
644	0.127551
645	0.127551
646	0.14881
647	0.14881
648	0.14881
649	0.127551
650	0.127551
651	0.14881
652	0.14881
653	0.14881
654	0.173611
655	0.173611
656	0.14881
657	0.127551
658	0.127551
659	0.127551
660	0.127551
661	0.127551
662	0.14881
663	0.14881
664	0.14881
665	0.127551
666	0.127551
667	0.14881
668	0.14881
669	0.14881
670	0.173611
671	0.173611
672	0.14881
673	0.127551
674	0.127551
675	0.127551
676	0.127551
677	0.127551
678	0.14881
679	0.14881
680	0.14881
681	0.127551
682	0.127551
683	0.14881
684	0.14881
685	0.14881
686	0.173611
687	0.173611
688	0.14881
689	0.127551
690	0.127551
691	0.127551
692	0.127551
693	0.127551
694	0.14881
695	0.14881
696	0.14881
697	0.127551
698	0.127551
699	0.14881
700	0.14881
701	0.14881
702	0.173611
703	0.173611
704	0.14881
705	0.127551
706	0.127551
707	0.127551
708	0.127551
709	0.127551
710	0.14881
711	0.14881
712	0.14881
713	0.127551
714	0.127551
715	0.14881
716	0.14881
717	0.14881
718	0.173611
719	0.173611
720	0.14881
721	0.127551
722	0.127551
723	0.127551
724	0.127551
725	0.127551
726	0.14881
727	0.14881
728	0.14881
729	0.127551
730	0.127551
731	0.14881
732	0.14881
733	0.14881
734	0.173611
735	0.173611
736	0.173611
737	0.14881
738	0.14881
739	0.14881
740	0.14881
741	0.14881
742	0.173611
743	0.173611
744	0.173611
745	0.14881
746	0.14881
747	0.14881
748	0.14881
749	0.14881
750	0.173611
751	0.173611
752	0.14881
753	0.127551
754	0.127551
755	0.127551
756	0.127551
757	0.127551
758	0.14881
759	0.14881
760	0.14881
761	0.127551
762	0.127551
763	0.14881
764	0.14881
765	0.14881
766	0.173611
767	0.173611
768	0.14881
769	0.127551
770	0.127551
771	0.127551
772	0.127551
773	0.127551
774	0.14881
775	0.14881
776	0.14881
777	0.127551
778	0.127551
779	0.14881
780	0.14881
781	0.14881
782	0.173611
783	0.14881
784	0.14881
785	0.127551
786	0.127551
787	0.127551
788	0.127551
789	0.127551
790	0.14881
791	0.14881
792	0.14881
793	0.127551
794	0.127551
795	0.14881
796	0.14881
797	0.14881
798	0.173611
799	0.173611
800	0.14881
801	0.127551
802	0.127551
803	0.127551
804	0.127551
805	0.127551
806	0.14881
807	0.14881
808	0.14881
809	0.127551
810	0.127551
811	0.14881
812	0.14881
813	0.14881
814	0.173611
815	0.14881
816	0.14881
817	0.127551
818	0.127551
819	0.127551
820	0.127551
821	0.127551
822	0.14881
823	0.14881
824	0.14881
825	0.127551
826	0.127551
827	0.14881
828	0.14881
829	0.14881
830	0.173611
831	0.173611
832	0.14881
833	0.127551
834	0.127551
835	0.127551
836	0.127551
837	0.127551
838	0.14881
839	0.14881
840	0.127551
841	0.127551
842	0.127551
843	0.14881
844	0.14881
845	0.14881
846	0.173611
847	0.173611
848	0.14881
849	0.127551
850	0.127551
851	0.127551
852	0.127551
853	0.127551
854	0.14881
855	0.14881
856	0.14881
857	0.127551
858	0.127551
859	0.14881
860	0.14881
861	0.14881
862	0.173611
863	0.173611
864	0.127551
865	0.127551
866	0.127551
867	0.127551
868	0.127551
869	0.127551
870	0.14881
871	0.14881
872	0.14881
873	0.127551
874	0.127551
875	0.14881
876	0.14881
877	0.14881
878	0.173611
879	0.14881
880	0.14881
881	0.127551
882	0.127551
883	0.127551
884	0.127551
885	0.127551
886	0.14881
887	0.14881
888	0.14881
889	0.127551
890	0.127551
891	0.14881
892	0.14881
893	0.14881
894	0.173611
895	0.14881
896	0.14881
897	0.127551
898	0.127551
899	0.127551
900	0.127551
901	0.127551
902	0.14881
903	0.14881
904	0.14881
905	0.127551
906	0.127551
907	0.14881
908	0.14881
909	0.14881
910	0.173611
911	0.14881
912	0.14881
913	0.127551
914	0.127551
915	0.127551
916	0.127551
917	0.127551
918	0.14881
919	0.14881
920	0.127551
921	0.127551
922	0.127551
923	0.14881
924	0.14881
925	0.14881
926	0.173611
927	0.173611
928	0.14881
929	0.14881
930	0.14881
931	0.14881
932	0.14881
933	0.14881
934	0.14881
935	0.14881
936	0.14881
937	0.127551
938	0.127551
939	0.14881
940	0.14881
941	0.14881
942	0.173611
943	0.14881
944	0.14881
945	0.127551
946	0.127551
947	0.127551
948	0.127551
949	0.127551
950	0.14881
951	0.14881
952	0.14881
953	0.127551
954	0.127551
955	0.127551
956	0.14881
957	0.14881
958	0.173611
959	0.14881
960	0.14881
961	0.127551
962	0.127551
963	0.127551
964	0.127551
965	0.127551
966	0.14881
967	0.14881
968	0.14881
969	0.127551
970	0.127551
971	0.127551
972	0.14881
973	0.14881
974	0.173611
975	0.14881
976	0.127551
977	0.127551
978	0.127551
979	0.127551
980	0.127551
981	0.127551
982	0.14881
983	0.14881
984	0.14881
985	0.127551
986	0.127551
987	0.14881
988	0.14881
989	0.14881
990	0.173611
991	0.173611
992	0.14881
993	0.127551
994	0.127551
995	0.127551
996	0.127551
997	0.127551
998	0.14881
999	0.14881
1000	0.14881
1001	0.127551
1002	0.127551
1003	0.14881
1004	0.14881
1005	0.14881
1006	0.173611
1007	0.14881
1008	0.14881
1009	0.127551
1010	0.127551
1011	0.127551
1012	0.127551
1013	0.127551
1014	0.14881
1015	0.14881
1016	0.14881
1017	0.127551
1018	0.127551
1019	0.14881
1020	0.14881
1021	0.14881
1022	0.173611
1023	0.14881
1024	0.14881
1025	0.127551
1026	0.127551
1027	0.127551
1028	0.127551
1029	0.127551
1030	0.14881
1031	0.14881
1032	0.14881
1033	0.127551
1034	0.127551
1035	0.14881
1036	0.14881
1037	0.14881
1038	0.173611
1039	0.173611
1040	0.127551
1041	0.127551
1042	0.127551
1043	0.127551
1044	0.127551
1045	0.127551
1046	0.14881
1047	0.14881
1048	0.127551
1049	0.127551
1050	0.127551
1051	0.14881
1052	0.14881
1053	0.14881
1054	0.173611
1055	0.173611
1056	0.14881
1057	0.127551
1058	0.127551
1059	0.127551
1060	0.127551
1061	0.127551
1062	0.14881
1063	0.14881
1064	0.14881
1065	0.127551
1066	0.127551
1067	0.14881
1068	0.14881
1069	0.14881
1070	0.173611
1071	0.173611
1072	0.14881
1073	0.127551
1074	0.127551
1075	0.127551
1076	0.127551
1077	0.127551
1078	0.14881
1079	0.14881
1080	0.14881
1081	0.127551
1082	0.127551
1083	0.14881
1084	0.14881
1085	0.14881
1086	0.173611
1087	0.14881
1088	0.14881
1089	0.127551
1090	0.127551
1091	0.127551
1092	0.127551
1093	0.127551
1094	0.14881
1095	0.14881
1096	0.14881
1097	0.127551
1098	0.127551
1099	0.14881
1100	0.14881
1101	0.14881
1102	0.173611
1103	0.14881
1104	0.14881
1105	0.127551
1106	0.127551
1107	0.127551
1108	0.127551
1109	0.127551
1110	0.14881
1111	0.14881
1112	0.14881
1113	0.127551
1114	0.127551
1115	0.14881
1116	0.14881
1117	0.14881
1118	0.173611
1119	0.173611
1120	0.14881
1121	0.127551
1122	0.127551
1123	0.127551
1124	0.127551
1125	0.127551
1126	0.14881
1127	0.14881
1128	0.14881
1129	0.127551
1130	0.127551
1131	0.14881
1132	0.14881
1133	0.14881
1134	0.173611
1135	0.173611
1136	0.14881
1137	0.14881
1138	0.14881
1139	0.14881
1140	0.14881
1141	0.14881
1142	0.173611
1143	0.173611
1144	0.173611
1145	0.14881
1146	0.14881
1147	0.14881
1148	0.14881
1149	0.14881
1150	0.173611
1151	0.173611
1152	0.14881
1153	0.127551
1154	0.127551
1155	0.127551
1156	0.127551
1157	0.127551
1158	0.14881
1159	0.14881
1160	0.14881
1161	0.127551
1162	0.127551
1163	0.14881
1164	0.14881
1165	0.14881
1166	0.173611
1167	0.14881
1168	0.14881
1169	0.127551
1170	0.127551
1171	0.127551
1172	0.127551
1173	0.127551
1174	0.14881
1175	0.14881
1176	0.14881
1177	0.127551
1178	0.127551
1179	0.14881
1180	0.14881
1181	0.14881
1182	0.173611
1183	0.173611
1184	0.14881
1185	0.127551
1186	0.127551
1187	0.127551
1188	0.127551
1189	0.127551
1190	0.14881
1191	0.14881
1192	0.14881
1193	0.127551
1194	0.127551
1195	0.127551
1196	0.14881
1197	0.14881
1198	0.173611
1199	0.173611
1200	0.14881
1201	0.127551
1202	0.127551
1203	0.127551
1204	0.127551
1205	0.127551
1206	0.14881
1207	0.14881
1208	0.14881
1209	0.127551
1210	0.127551
1211	0.14881
1212	0.14881
1213	0.14881
1214	0.173611
1215	0.173611
1216	0.14881
1217	0.127551
1218	0.127551
1219	0.127551
1220	0.127551
1221	0.127551
1222	0.14881
1223	0.14881
1224	0.14881
1225	0.127551
1226	0.127551
1227	0.14881
1228	0.14881
1229	0.14881
1230	0.173611
1231	0.173611
1232	0.14881
1233	0.127551
1234	0.127551
1235	0.127551
1236	0.127551
1237	0.127551
1238	0.14881
1239	0.14881
1240	0.14881
1241	0.127551
1242	0.127551
1243	0.14881
1244	0.14881
1245	0.14881
1246	0.173611
1247	0.173611
1248	0.14881
1249	0.14881
1250	0.14881
1251	0.14881
1252	0.14881
1253	0.14881
1254	0.14881
1255	0.14881
1256	0.14881
1257	0.127551
1258	0.127551
1259	0.127551
1260	0.14881
1261	0.14881
1262	0.173611
1263	0.173611
1264	0.14881
1265	0.127551
1266	0.127551
1267	0.127551
1268	0.127551
1269	0.127551
1270	0.14881
1271	0.14881
1272	0.14881
1273	0.127551
1274	0.127551
1275	0.14881
1276	0.14881
1277	0.14881
1278	0.173611
1279	0.173611
1280	0.14881
1281	0.127551
1282	0.127551
1283	0.127551
1284	0.127551
1285	0.127551
1286	0.14881
1287	0.14881
1288	0.14881
1289	0.127551
1290	0.127551
1291	0.14881
1292	0.14881
1293	0.14881
1294	0.173611
1295	0.173611
1296	0.14881
1297	0.127551
1298	0.127551
1299	0.127551
1300	0.127551
1301	0.127551
1302	0.14881
1303	0.14881
1304	0.14881
1305	0.127551
1306	0.127551
1307	0.14881
1308	0.14881
1309	0.14881
1310	0.173611
1311	0.173611
1312	0.14881
1313	0.127551
1314	0.127551
1315	0.127551
1316	0.127551
1317	0.127551
1318	0.14881
1319	0.14881
1320	0.14881
1321	0.127551
1322	0.127551
1323	0.14881
1324	0.14881
1325	0.14881
1326	0.173611
1327	0.173611
1328	0.14881
1329	0.127551
1330	0.127551
1331	0.127551
1332	0.127551
1333	0.127551
1334	0.14881
1335	0.14881
1336	0.14881
1337	0.127551
1338	0.127551
1339	0.14881
1340	0.14881
1341	0.14881
1342	0.173611
1343	0.173611
1344	0.14881
1345	0.127551
1346	0.127551
1347	0.127551
1348	0.127551
1349	0.127551
1350	0.14881
1351	0.14881
1352	0.14881
1353	0.127551
1354	0.127551
1355	0.14881
1356	0.14881
1357	0.14881
1358	0.173611
1359	0.173611
1360	0.14881
1361	0.127551
1362	0.127551
1363	0.127551
1364	0.127551
1365	0.127551
1366	0.14881
1367	0.14881
1368	0.14881
1369	0.127551
1370	0.127551
1371	0.127551
1372	0.14881
1373	0.14881
1374	0.173611
1375	0.173611
1376	0.14881
1377	0.127551
1378	0.127551
1379	0.127551
1380	0.127551
1381	0.127551
1382	0.14881
1383	0.14881
1384	0.14881
1385	0.127551
1386	0.127551
1387	0.14881
1388	0.14881
1389	0.14881
1390	0.173611
1391	0.173611
1392	0.173611
1393	0.127551
1394	0.127551
1395	0.127551
1396	0.127551
1397	0.127551
1398	0.14881
1399	0.14881
1400	0.14881
1401	0.127551
1402	0.127551
1403	0.14881
1404	0.14881
1405	0.14881
1406	0.173611
1407	0.173611
1408	0.14881
1409	0.127551
1410	0.127551
1411	0.127551
1412	0.127551
1413	0.127551
1414	0.14881
1415	0.14881
1416	0.14881
1417	0.127551
1418	0.127551
1419	0.14881
1420	0.14881
1421	0.14881
1422	0.173611
1423	0.173611
1424	0.14881
1425	0.127551
1426	0.127551
1427	0.127551
1428	0.127551
1429	0.127551
1430	0.14881
1431	0.14881
1432	0.14881
1433	0.127551
1434	0.127551
1435	0.14881
1436	0.14881
1437	0.14881
1438	0.173611
1439	0.173611
1440	0.14881
1441	0.127551
1442	0.127551
1443	0.127551
1444	0.127551
1445	0.127551
1446	0.14881
1447	0.14881
1448	0.14881
1449	0.127551
1450	0.127551
1451	0.14881
1452	0.14881
1453	0.14881
1454	0.173611
1455	0.173611
1456	0.14881
1457	0.127551
1458	0.127551
1459	0.127551
1460	0.127551
1461	0.127551
1462	0.14881
1463	0.14881
1464	0.14881
1465	0.127551
1466	0.127551
1467	0.14881
1468	0.14881
1469	0.14881
1470	0.173611
1471	0.173611
1472	0.14881
1473	0.127551
1474	0.127551
1475	0.127551
1476	0.127551
1477	0.127551
1478	0.127551
1479	0.14881
1480	0.14881
1481	0.127551
1482	0.127551
1483	0.14881
1484	0.14881
1485	0.14881
1486	0.173611
1487	0.173611
1488	0.127551
1489	0.127551
1490	0.127551
1491	0.127551
1492	0.127551
1493	0.127551
1494	0.14881
1495	0.14881
1496	0.14881
1497	0.127551
1498	0.127551
1499	0.14881
1500	0.14881
1501	0.14881
1502	0.173611
1503	0.173611
1504	0.14881
1505	0.127551
1506	0.127551
1507	0.127551
1508	0.127551
1509	0.127551
1510	0.14881
1511	0.14881
1512	0.14881
1513	0.127551
1514	0.127551
1515	0.14881
1516	0.14881
1517	0.14881
1518	0.173611
1519	0.173611
1520	0.14881
1521	0.127551
1522	0.127551
1523	0.127551
1524	0.127551
1525	0.127551
1526	0.14881
1527	0.14881
1528	0.14881
1529	0.127551
1530	0.127551
1531	0.14881
1532	0.14881
1533	0.14881
1534	0.173611
1535	0.173611
1536	0.173611
1537	0.14881
1538	0.14881
1539	0.14881
1540	0.14881
1541	0.14881
1542	0.173611
1543	0.173611
1544	0.173611
1545	0.14881
1546	0.14881
1547	0.14881
1548	0.14881
1549	0.14881
1550	0.173611
1551	0.173611
1552	0.14881
1553	0.127551
1554	0.127551
1555	0.127551
1556	0.127551
1557	0.127551
1558	0.14881
1559	0.14881
1560	0.14881
1561	0.127551
1562	0.127551
1563	0.14881
1564	0.14881
1565	0.14881
1566	0.173611
1567	0.14881
1568	0.14881
1569	0.14881
1570	0.14881
1571	0.14881
1572	0.14881
1573	0.14881
1574	0.14881
1575	0.14881
1576	0.14881
1577	0.127551
1578	0.127551
1579	0.14881
1580	0.14881
1581	0.14881
1582	0.173611
1583	0.173611
1584	0.14881
1585	0.127551
1586	0.127551
1587	0.127551
1588	0.127551
1589	0.127551
1590	0.14881
1591	0.14881
1592	0.14881
1593	0.127551
1594	0.127551
1595	0.14881
1596	0.14881
1597	0.14881
1598	0.173611
1599	0.173611
1600	0.14881
1601	0.127551
1602	0.127551
1603	0.127551
1604	0.127551
1605	0.127551
1606	0.14881
1607	0.14881
1608	0.14881
1609	0.127551
1610	0.127551
1611	0.14881
1612	0.14881
1613	0.14881
1614	0.173611
1615	0.173611
1616	0.14881
1617	0.127551
1618	0.127551
1619	0.127551
1620	0.127551
1621	0.127551
1622	0.14881
1623	0.14881
1624	0.14881
1625	0.127551
1626	0.127551
1627	0.14881
1628	0.14881
1629	0.14881
1630	0.173611
1631	0.173611
1632	0.14881
1633	0.127551
1634	0.127551
1635	0.127551
1636	0.127551
1637	0.127551
1638	0.14881
1639	0.14881
1640	0.14881
1641	0.127551
1642	0.127551
1643	0.14881
1644	0.14881
1645	0.14881
1646	0.173611
1647	0.173611
1648	0.14881
1649	0.127551
1650	0.127551
1651	0.127551
1652	0.127551
1653	0.127551
1654	0.14881
1655	0.14881
1656	0.14881
1657	0.127551
1658	0.127551
1659	0.14881
1660	0.14881
1661	0.14881
1662	0.173611
1663	0.173611
1664	0.14881
1665	0.127551
1666	0.127551
1667	0.127551
1668	0.127551
1669	0.127551
1670	0.14881
1671	0.14881
1672	0.14881
1673	0.127551
1674	0.127551
1675	0.127551
1676	0.14881
1677	0.14881
1678	0.173611
1679	0.173611
1680	0.14881
1681	0.127551
1682	0.127551
1683	0.127551
1684	0.127551
1685	0.127551
1686	0.14881
1687	0.14881
1688	0.14881
1689	0.127551
1690	0.127551
1691	0.14881
1692	0.14881
1693	0.14881
1694	0.173611
1695	0.173611
1696	0.14881
1697	0.127551
1698	0.127551
1699	0.127551
1700	0.127551
1701	0.127551
1702	0.14881
1703	0.14881
1704	0.14881
1705	0.127551
1706	0.127551
1707	0.14881
1708	0.14881
1709	0.14881
1710	0.173611
1711	0.173611
1712	0.127551
1713	0.127551
1714	0.127551
1715	0.127551
1716	0.127551
1717	0.127551
1718	0.14881
1719	0.14881
1720	0.127551
1721	0.127551
1722	0.127551
1723	0.14881
1724	0.14881
1725	0.14881
1726	0.173611
1727	0.173611
1728	0.14881
1729	0.127551
1730	0.127551
1731	0.127551
1732	0.127551
1733	0.127551
1734	0.14881
1735	0.14881
1736	0.14881
1737	0.127551
1738	0.127551
1739	0.14881
1740	0.14881
1741	0.14881
1742	0.173611
1743	0.173611
1744	0.14881
1745	0.127551
1746	0.127551
1747	0.127551
1748	0.127551
1749	0.127551
1750	0.14881
1751	0.14881
1752	0.14881
1753	0.127551
1754	0.127551
1755	0.14881
1756	0.14881
1757	0.14881
1758	0.173611
1759	0.173611
1760	0.14881
1761	0.127551
1762	0.127551
1763	0.127551
1764	0.127551
1765	0.127551
1766	0.14881
1767	0.14881
1768	0.14881
1769	0.127551
1770	0.127551
1771	0.14881
1772	0.14881
1773	0.14881
1774	0.173611
1775	0.173611
1776	0.14881
1777	0.127551
1778	0.127551
1779	0.127551
1780	0.127551
1781	0.127551
1782	0.14881
1783	0.14881
1784	0.14881
1785	0.127551
1786	0.14881
1787	0.14881
1788	0.14881
1789	0.14881
1790	0.173611
1791	0.173611
1792	0.14881
1793	0.127551
1794	0.127551
1795	0.127551
1796	0.127551
1797	0.127551
1798	0.14881
1799	0.14881
1800	0.14881
1801	0.127551
1802	0.14881
1803	0.14881
1804	0.14881
1805	0.14881
1806	0.173611
1807	0.173611
1808	0.14881
1809	0.127551
1810	0.127551
1811	0.127551
1812	0.127551
1813	0.127551
1814	0.14881
1815	0.14881
1816	0.14881
1817	0.127551
1818	0.127551
1819	0.14881
1820	0.14881
1821	0.14881
1822	0.173611
1823	0.173611
1824	0.14881
1825	0.127551
1826	0.127551
1827	0.127551
1828	0.127551
1829	0.127551
1830	0.14881
1831	0.14881
1832	0.14881
1833	0.127551
1834	0.127551
1835	0.127551
1836	0.14881
1837	0.14881
1838	0.173611
1839	0.173611
1840	0.14881
1841	0.127551
1842	0.127551
1843	0.127551
1844	0.127551
1845	0.127551
1846	0.14881
1847	0.14881
1848	0.14881
1849	0.127551
1850	0.127551
1851	0.14881
1852	0.14881
1853	0.14881
1854	0.173611
1855	0.173611
1856	0.127551
1857	0.127551
1858	0.127551
1859	0.127551
1860	0.127551
1861	0.127551
1862	0.14881
1863	0.14881
1864	0.14881
1865	0.127551
1866	0.127551
1867	0.127551
1868	0.14881
1869	0.14881
1870	0.173611
1871	0.14881
1872	0.14881
1873	0.127551
1874	0.127551
1875	0.127551
1876	0.127551
1877	0.127551
1878	0.14881
1879	0.14881
1880	0.127551
1881	0.127551
1882	0.127551
1883	0.14881
1884	0.14881
1885	0.14881
1886	0.173611
1887	0.173611
1888	0.14881
1889	0.14881
1890	0.14881
1891	0.14881
1892	0.14881
1893	0.14881
1894	0.14881
1895	0.14881
1896	0.14881
1897	0.127551
1898	0.127551
1899	0.14881
1900	0.14881
1901	0.14881
1902	0.173611
1903	0.173611
1904	0.14881
1905	0.127551
1906	0.127551
1907	0.127551
1908	0.127551
1909	0.127551
1910	0.14881
1911	0.14881
1912	0.14881
1913	0.127551
1914	0.127551
1915	0.14881
1916	0.14881
1917	0.14881
1918	0.173611
1919	0.173611
1920	0.127551
1921	0.127551
1922	0.127551
1923	0.127551
1924	0.127551
1925	0.127551
1926	0.14881
1927	0.14881
1928	0.14881
1929	0.127551
1930	0.127551
1931	0.14881
1932	0.14881
1933	0.14881
1934	0.173611
1935	0.173611
1936	0.173611
1937	0.14881
1938	0.14881
1939	0.14881
1940	0.14881
1941	0.14881
1942	0.173611
1943	0.173611
1944	0.173611
1945	0.14881
1946	0.14881
1947	0.14881
1948	0.14881
1949	0.14881
1950	0.173611
1951	0.173611
1952	0.127551
1953	0.127551
1954	0.127551
1955	0.127551
1956	0.127551
1957	0.127551
1958	0.14881
1959	0.14881
1960	0.14881
1961	0.127551
1962	0.127551
1963	0.14881
1964	0.14881
1965	0.14881
1966	0.173611
1967	0.14881
1968	0.14881
1969	0.127551
1970	0.127551
1971	0.127551
1972	0.127551
1973	0.127551
1974	0.14881
1975	0.14881
1976	0.14881
1977	0.127551
1978	0.127551
1979	0.14881
1980	0.14881
1981	0.14881
1982	0.173611
1983	0.173611
1984	0.173611
1985	0.127551
1986	0.127551
1987	0.127551
1988	0.127551
1989	0.127551
1990	0.14881
1991	0.14881
1992	0.127551
1993	0.127551
1994	0.127551
1995	0.14881
1996	0.14881
1997	0.14881
1998	0.173611
1999	0.173611
2000	0.14881
