1	3	T 80	80	40	40	P 105	231	63	84	P 567	357	63	63	P 630	189	42	42	
2	3	T 82	81	40	40	P 63	210	63	42	P 105	0	42	63	P 462	420	63	42	
3	0	T 84	82	40	40	
4	2	T 86	83	40	40	P 0	189	42	42	P 0	420	63	42	
5	2	T 88	84	40	40	P 126	315	63	63	P 399	147	42	42	
6	4	T 90	85	40	40	P 294	210	63	63	P 420	105	42	42	P 462	357	63	63	P 546	126	42	63	
7	0	T 92	86	40	40	
8	1	T 94	87	40	40	P 0	147	42	42	
9	2	T 96	88	40	40	P 504	168	42	42	P 588	168	63	42	
10	1	T 98	89	40	40	P 399	84	42	42	
11	0	T 100	90	40	40	
12	0	T 102	91	40	40	
13	0	T 104	92	40	40	
14	1	T 106	93	40	40	P 252	399	63	63	
15	1	T 108	94	40	40	P 0	210	63	42	
16	2	T 110	95	40	40	P 147	315	63	42	P 630	336	63	63	
17	4	T 112	96	40	40	P 105	0	63	63	P 252	273	63	63	P 546	315	42	63	P 567	84	42	42	
18	1	T 114	97	40	40	P 630	399	42	42	
19	2	T 116	98	40	40	P 42	357	42	42	P 147	420	42	42	
20	1	T 118	99	40	40	P 378	210	42	63	
21	2	T 120	100	40	40	P 63	231	42	63	P 147	21	63	42	
22	4	T 122	101	40	40	P 63	294	63	63	P 168	21	42	63	P 231	252	63	42	P 378	273	42	42	
23	2	T 124	102	40	40	P 0	126	63	42	P 273	315	63	63	
24	1	T 126	103	40	40	P 504	63	42	63	
25	0	T 128	104	40	40	
26	2	T 130	105	40	40	P 462	21	42	42	P 609	42	63	63	
27	1	T 132	106	40	40	P 567	21	63	42	
28	2	T 134	107	40	40	P 147	0	63	42	P 567	42	63	84	
29	0	T 136	108	40	40	
30	1	T 138	109	40	40	P 21	378	42	63	
31	1	T 140	110	40	40	P 483	336	63	63	
32	1	T 142	111	40	40	P 84	189	84	84	
33	1	T 144	112	40	40	P 63	315	63	63	
34	1	T 146	113	40	40	P 210	420	42	42	
35	1	T 148	114	40	40	P 147	315	105	84	
36	0	T 150	115	40	40	
37	2	T 152	116	40	40	P 441	252	42	63	P 525	252	63	42	
38	2	T 154	117	40	40	P 462	399	63	63	P 483	252	63	42	
39	2	T 156	118	40	40	P 126	315	63	42	P 252	252	42	63	
40	2	T 158	119	40	40	P 105	336	63	63	P 273	252	42	42	
41	2	T 160	120	40	40	P 483	273	63	63	P 567	147	63	63	
42	1	T 162	121	40	40	P 651	378	63	42	
43	3	T 164	122	40	40	P 21	357	63	63	P 420	21	63	63	P 525	420	63	42	
44	4	T 166	123	40	40	P 21	357	42	63	P 378	336	42	42	P 420	63	63	42	P 651	126	42	42	
45	3	T 168	124	40	40	P 42	42	42	63	P 189	0	42	42	P 315	168	63	63	
46	1	T 170	125	40	40	P 672	273	42	42	
47	1	T 172	126	40	40	P 273	273	42	63	
48	2	T 174	127	40	40	P 0	42	63	42	P 0	168	42	42	
49	3	T 176	128	40	40	P 0	273	42	63	P 147	84	63	42	P 252	84	63	63	
50	0	T 178	129	40	40	
51	1	T 180	130	40	40	P 294	189	42	42	
52	1	T 182	131	40	40	P 189	420	63	42	
53	4	T 184	132	40	40	P 105	336	63	63	P 231	399	63	63	P 525	210	42	42	P 567	105	42	42	
54	3	T 186	133	40	40	P 42	126	42	63	P 168	168	42	63	P 525	294	63	63	
55	2	T 188	134	40	40	P 126	63	63	63	P 441	420	63	42	
56	0	T 190	135	40	40	
57	3	T 192	136	40	40	P 168	126	42	42	P 420	315	42	63	P 588	294	63	63	
58	2	T 194	137	40	40	P 231	294	63	42	P 609	399	63	63	
59	0	T 196	138	40	40	
60	0	T 198	139	40	40	
61	1	T 200	140	40	40	P 378	147	42	63	
62	1	T 202	141	40	40	P 252	147	42	63	
63	0	T 204	142	40	40	
64	1	T 206	143	40	40	P 546	21	63	42	
65	1	T 208	144	40	40	P 84	210	42	42	
66	1	T 210	145	40	40	P 504	0	42	63	
67	2	T 212	146	40	40	P 105	336	63	63	P 126	168	63	42	
68	2	T 214	147	40	40	P 315	42	84	42	P 378	336	42	42	
69	0	T 216	148	40	40	
70	2	T 218	149	40	40	P 147	42	63	63	P 189	126	42	63	
71	2	T 220	150	40	40	P 168	252	42	63	P 483	84	63	42	
72	2	T 222	151	40	40	P 147	0	42	42	P 525	189	42	42	
73	5	T 224	152	40	40	P 21	126	63	63	P 21	420	63	42	P 252	231	63	42	P 315	0	63	42	P 588	105	63	42	
74	0	T 226	153	40	40	
75	1	T 228	154	40	40	P 420	84	42	42	
76	0	T 230	155	40	40	
77	1	T 232	156	40	40	P 567	231	42	42	
78	1	T 234	157	40	40	P 168	42	63	63	
79	1	T 236	158	40	40	P 63	42	63	42	
80	2	T 238	159	40	40	P 210	0	63	42	P 546	63	63	63	
81	0	T 240	160	40	40	
82	2	T 242	161	40	40	P 231	336	63	42	P 672	105	42	42	
83	2	T 244	162	40	40	P 42	147	63	63	P 42	336	63	63	
84	3	T 246	163	40	40	P 168	105	63	63	P 189	252	42	42	P 441	357	42	63	
85	0	T 248	164	40	40	
86	1	T 250	165	40	40	P 462	273	42	42	
87	2	T 252	166	40	40	P 63	21	63	63	P 651	357	63	63	
88	2	T 254	167	40	40	P 609	0	63	42	P 672	105	42	42	
89	2	T 256	168	40	40	P 0	315	42	63	P 483	252	63	63	
90	3	T 258	169	40	40	P 63	105	42	42	P 126	126	63	63	P 651	357	63	63	
91	2	T 260	170	40	40	P 294	252	63	63	P 546	84	42	42	
92	1	T 262	171	40	40	P 0	21	42	42	
93	2	T 264	172	40	40	P 126	42	63	63	P 567	336	42	42	
94	0	T 266	173	40	40	
95	1	T 268	174	40	40	P 483	357	105	63	
96	1	T 270	175	40	40	P 42	273	63	63	
97	2	T 272	176	40	40	P 210	420	42	42	P 525	105	63	63	
98	0	T 274	177	40	40	
99	0	T 276	178	40	40	
100	1	T 278	179	40	40	P 42	252	63	84	
101	2	T 280	180	40	40	P 336	420	42	42	P 672	0	42	42	
102	2	T 282	181	40	40	P 420	0	63	63	P 630	63	63	42	
103	1	T 284	182	40	40	P 441	294	63	63	
104	0	T 286	183	40	40	
105	1	T 288	184	40	40	P 672	273	42	63	
106	2	T 290	185	40	40	P 588	126	63	42	P 672	126	42	63	
107	2	T 292	186	40	40	P 378	420	63	42	P 525	147	63	63	
108	2	T 294	187	40	40	P 399	378	42	63	P 525	378	63	63	
109	1	T 296	188	40	40	P 651	336	42	42	
110	0	T 298	189	40	40	
111	1	T 300	190	40	40	P 504	42	42	63	
112	1	T 302	191	40	40	P 588	42	42	42	
113	1	T 304	192	40	40	P 168	357	63	63	
114	0	T 306	193	40	40	
115	0	T 308	194	40	40	
116	1	T 310	195	40	40	P 189	126	42	42	
117	1	T 312	196	40	40	P 672	42	42	63	
118	0	T 314	197	40	40	
119	3	T 316	198	40	40	P 420	210	42	63	P 588	294	42	63	P 630	63	42	42	
120	1	T 318	199	40	40	P 126	0	42	63	
121	4	T 320	200	40	40	P 147	21	63	63	P 273	357	63	63	P 504	336	42	42	P 651	252	63	42	
122	4	T 322	201	40	40	P 84	252	63	63	P 210	273	42	63	P 231	84	42	42	P 504	21	42	42	
123	1	T 324	202	40	40	P 357	0	42	63	
124	2	T 326	203	40	40	P 357	126	42	63	P 378	294	63	42	
125	0	T 328	204	40	40	
126	0	T 330	205	40	40	
127	1	T 332	206	40	40	P 420	189	63	42	
128	2	T 334	207	40	40	P 210	147	63	42	P 336	315	42	42	
129	3	T 336	208	40	40	P 147	231	63	63	P 294	126	126	84	P 525	0	63	63	
130	1	T 338	209	40	40	P 231	294	63	63	
131	3	T 340	210	40	40	P 42	420	63	42	P 609	399	63	63	P 651	42	63	63	
132	1	T 342	211	40	40	P 168	42	63	63	
133	1	T 344	212	40	40	P 399	294	63	63	
134	0	T 346	213	40	40	
135	1	T 348	214	40	40	P 462	210	63	84	
136	2	T 350	215	40	40	P 294	357	42	42	P 672	210	42	42	
137	1	T 352	216	40	40	P 651	231	63	63	
138	2	T 354	217	40	40	P 63	0	63	63	P 441	84	42	42	
139	1	T 356	218	40	40	P 630	21	63	42	
140	0	T 358	219	40	40	
141	0	T 360	220	40	40	
142	3	T 362	221	40	40	P 0	147	42	63	P 462	420	63	42	P 672	42	42	63	
143	1	T 364	222	40	40	P 609	294	42	42	
144	1	T 366	223	40	40	P 126	21	42	42	
145	2	T 368	224	40	40	P 273	189	63	42	P 399	42	84	63	
146	2	T 370	225	40	40	P 42	336	42	63	P 315	336	63	42	
147	2	T 372	226	40	40	P 0	21	42	63	P 651	294	63	63	
148	1	T 374	227	40	40	P 378	0	42	63	
149	0	T 376	228	40	40	
150	0	T 378	229	40	40	
151	1	T 380	230	40	40	P 63	42	42	42	
152	2	T 382	231	40	40	P 0	189	63	42	P 399	147	42	42	
153	0	T 384	232	40	40	
154	0	T 386	233	40	40	
155	4	T 388	234	40	40	P 126	378	42	42	P 399	147	42	42	P 462	105	63	42	P 630	357	63	63	
156	0	T 390	235	40	40	
157	1	T 392	236	40	40	P 336	63	42	63	
158	2	T 394	237	40	40	P 147	42	63	63	P 399	357	63	63	
159	2	T 396	238	40	40	P 273	168	63	63	P 588	210	63	63	
160	1	T 398	239	40	40	P 525	63	42	63	
161	3	T 400	240	40	40	P 84	378	63	42	P 525	420	63	42	P 546	231	63	63	
162	4	T 402	241	40	40	P 21	168	42	63	P 105	357	63	63	P 147	0	63	42	P 294	294	42	63	
163	2	T 404	242	40	40	P 315	42	63	63	P 483	0	42	42	
164	1	T 406	243	40	40	P 483	84	63	42	
165	1	T 408	244	40	40	P 21	420	42	42	
166	2	T 410	245	40	40	P 63	294	42	63	P 252	0	42	42	
167	2	T 412	246	40	40	P 567	231	42	42	P 651	21	63	42	
168	0	T 414	247	40	40	
169	1	T 416	248	40	40	P 546	0	63	63	
170	4	T 418	249	40	40	P 42	105	63	63	P 147	420	63	42	P 189	273	42	63	P 294	210	63	63	
171	1	T 420	250	40	40	P 252	0	63	63	
172	1	T 422	251	40	40	P 609	210	63	63	
173	0	T 424	252	40	40	
174	1	T 426	253	40	40	P 546	378	42	42	
175	2	T 428	254	40	40	P 147	21	42	42	P 357	294	42	63	
176	2	T 430	255	40	40	P 42	0	63	63	P 231	63	42	63	
177	4	T 432	256	40	40	P 105	147	63	63	P 315	420	63	42	P 441	168	42	42	P 672	84	42	63	
178	1	T 434	257	40	40	P 588	84	63	63	
179	2	T 436	258	40	40	P 210	294	42	42	P 630	0	63	42	
180	2	T 438	259	40	40	P 63	273	42	42	P 84	21	42	42	
181	1	T 440	260	40	40	P 483	273	42	42	
182	0	T 442	261	40	40	
183	2	T 444	262	40	40	P 147	231	63	63	P 441	168	63	42	
184	1	T 446	263	40	40	P 651	231	42	42	
185	0	T 448	264	40	40	
186	2	T 450	265	40	40	P 378	84	63	63	P 546	273	42	42	
187	0	T 452	266	40	40	
188	1	T 454	267	40	40	P 0	21	42	42	
189	1	T 456	268	40	40	P 672	126	42	42	
190	1	T 458	269	40	40	P 273	168	42	42	
191	2	T 460	270	40	40	P 126	0	63	42	P 210	252	63	63	
192	3	T 462	271	40	40	P 21	210	63	63	P 336	315	42	63	P 399	0	42	42	
193	1	T 464	272	40	40	P 21	0	42	42	
194	2	T 466	273	40	40	P 336	210	42	63	P 504	252	63	63	
195	1	T 468	274	40	40	P 672	231	42	63	
196	0	T 470	275	40	40	
197	0	T 472	276	40	40	
198	2	T 474	277	40	40	P 420	21	42	42	P 567	0	63	63	
199	2	T 476	278	40	40	P 273	315	63	63	P 504	210	63	63	
200	3	T 478	279	40	40	P 0	294	42	42	P 483	0	63	42	P 504	168	63	63	
201	1	T 480	280	40	40	P 399	210	63	84	
202	1	T 482	281	40	40	P 567	210	63	63	
203	1	T 484	282	40	40	P 441	21	63	42	
204	2	T 486	283	40	40	P 84	21	42	42	P 210	0	42	42	
205	3	T 488	284	40	40	P 168	0	63	42	P 189	63	42	42	P 210	273	63	42	
206	2	T 490	285	40	40	P 21	210	42	42	P 462	0	63	42	
207	3	T 492	286	40	40	P 189	294	63	105	P 462	273	42	42	P 567	126	42	63	
208	2	T 494	287	40	40	P 21	63	42	42	P 672	273	42	42	
209	0	T 496	288	40	40	
210	0	T 498	289	40	40	
211	4	T 500	290	40	40	P 0	105	42	63	P 231	315	84	63	P 399	84	63	63	P 609	0	42	42	
212	1	T 502	291	40	40	P 21	336	63	63	
213	2	T 504	292	40	40	P 336	336	42	63	P 546	399	84	63	
214	0	T 506	293	40	40	
215	0	T 508	294	40	40	
216	3	T 510	295	40	40	P 0	84	42	42	P 378	84	63	63	P 483	147	63	63	
217	1	T 512	296	40	40	P 546	378	42	63	
218	0	T 514	297	40	40	
219	1	T 516	298	40	40	P 231	315	63	42	
220	0	T 518	299	40	40	
221	2	T 520	300	40	40	P 21	378	63	42	P 567	273	63	63	
222	2	T 522	301	40	40	P 21	336	63	42	P 525	420	42	42	
223	5	T 524	302	40	40	P 126	210	63	63	P 252	294	63	63	P 315	420	63	42	P 336	336	42	42	P 609	189	63	42	
224	1	T 526	303	40	40	P 273	168	63	42	
225	2	T 528	304	40	40	P 63	273	42	42	P 147	399	63	63	
226	1	T 530	305	40	40	P 147	63	63	63	
227	2	T 532	306	40	40	P 357	294	63	42	P 378	0	42	42	
228	1	T 534	307	40	40	P 0	399	42	63	
229	1	T 536	308	40	40	P 567	252	42	63	
230	3	T 538	309	40	40	P 42	399	42	42	P 63	294	42	42	P 294	357	42	42	
231	1	T 540	310	40	40	P 588	210	63	63	
232	2	T 542	311	40	40	P 21	147	63	42	P 651	231	42	42	
233	2	T 544	312	40	40	P 546	0	63	42	P 630	336	42	42	
234	0	T 546	313	40	40	
235	3	T 548	314	40	40	P 252	294	63	42	P 378	126	105	63	P 546	336	42	63	
236	1	T 550	315	40	40	P 210	210	42	63	
237	2	T 552	316	40	40	P 147	357	42	63	P 483	42	42	42	
238	3	T 554	317	40	40	P 336	378	42	42	P 441	63	42	63	P 525	231	42	63	
239	0	T 556	318	40	40	
240	1	T 558	319	40	40	P 147	168	63	63	
241	0	T 560	320	40	40	
242	1	T 562	321	40	40	P 63	420	63	42	
243	0	T 564	322	40	40	
244	2	T 566	323	40	40	P 189	273	42	63	P 567	147	42	42	
245	2	T 568	324	40	40	P 504	0	63	105	P 609	189	42	42	
246	2	T 570	325	40	40	P 21	168	63	63	P 672	42	42	63	
247	0	T 572	326	40	40	
248	3	T 574	327	40	40	P 21	420	42	42	P 420	0	63	42	P 588	273	42	42	
249	1	T 576	328	40	40	P 21	0	63	63	
250	2	T 578	329	40	40	P 0	147	42	42	P 630	0	42	42	
251	2	T 580	330	40	40	P 378	126	63	42	P 651	168	63	63	
252	1	T 582	331	40	40	P 462	168	42	42	
253	0	T 584	332	40	40	
254	0	T 586	333	40	40	
255	1	T 588	334	40	40	P 147	168	63	63	
256	3	T 590	335	40	40	P 0	357	42	42	P 546	168	63	63	P 672	147	42	42	
257	1	T 592	336	40	40	P 294	189	42	63	
258	0	T 594	337	40	40	
259	3	T 596	338	40	40	P 315	84	63	63	P 609	420	42	42	P 630	273	42	42	
260	1	T 598	339	40	40	P 252	378	63	42	
261	3	T 600	340	40	40	P 126	378	42	63	P 336	378	42	42	P 399	420	63	42	
262	2	T 602	341	40	40	P 294	42	42	42	P 567	147	63	63	
263	4	T 604	342	40	40	P 126	189	63	63	P 189	84	63	63	P 378	252	63	63	P 609	168	42	63	
264	1	T 606	343	40	40	P 294	147	42	63	
265	2	T 608	344	40	40	P 0	273	63	42	P 147	147	63	63	
266	1	T 610	345	40	40	P 189	147	84	63	
267	0	T 612	346	40	40	
268	1	T 614	347	40	40	P 399	315	42	63	
269	1	T 616	348	40	40	P 294	357	63	63	
270	1	T 618	349	40	40	P 399	21	42	63	
271	1	T 620	350	40	40	P 273	105	42	42	
272	1	T 622	351	40	40	P 525	210	63	63	
273	2	T 624	352	40	40	P 84	189	63	63	P 588	0	63	42	
274	1	T 626	353	40	40	P 672	0	42	42	
275	2	T 628	354	40	40	P 63	357	42	63	P 546	273	84	42	
276	1	T 630	355	40	40	P 672	42	42	42	
277	3	T 632	356	40	40	P 0	336	42	42	P 84	357	42	42	P 483	63	63	63	
278	2	T 634	357	40	40	P 273	63	42	42	P 462	168	42	63	
279	1	T 636	358	40	40	P 273	168	42	42	
280	2	T 638	359	40	40	P 231	399	42	42	P 420	147	42	63	
281	4	T 640	360	40	40	P 0	357	42	63	P 63	21	63	63	P 147	399	42	42	P 546	378	63	63	
282	2	T 642	361	40	40	P 525	126	63	42	P 588	252	63	42	
283	3	T 644	362	40	40	P 21	0	42	63	P 84	0	63	42	P 357	0	42	42	
284	2	T 646	363	40	40	P 84	21	63	42	P 441	420	63	42	
285	2	T 648	364	40	40	P 315	252	42	42	P 399	315	63	42	
286	0	T 650	365	40	40	
287	5	T 652	366	40	40	P 105	336	63	63	P 147	21	42	42	P 189	252	63	42	P 336	189	63	63	P 483	378	63	63	
288	2	T 654	367	40	40	P 84	210	63	42	P 525	357	63	42	
289	1	T 656	368	40	40	P 609	399	63	63	
290	1	T 658	369	40	40	P 651	147	63	63	
291	2	T 660	370	40	40	P 252	147	42	42	P 672	252	42	42	
292	2	T 658	371	40	40	P 294	63	42	42	P 483	294	63	42	
293	1	T 656	372	40	40	P 0	399	42	63	
294	1	T 654	373	40	40	P 525	231	63	63	
295	1	T 652	374	40	40	P 42	189	42	42	
296	2	T 650	375	40	40	P 168	189	42	63	P 273	336	42	42	
297	1	T 648	376	40	40	P 21	0	63	63	
298	0	T 646	377	40	40	
299	3	T 644	378	40	40	P 21	84	42	42	P 336	399	63	63	P 504	0	42	63	
300	0	T 642	379	40	40	
301	0	T 640	380	40	40	
302	2	T 638	381	40	40	P 0	231	63	42	P 294	63	42	42	
303	1	T 636	382	40	40	P 63	336	42	63	
304	2	T 634	383	40	40	P 168	294	63	42	P 273	252	42	63	
305	2	T 632	384	40	40	P 42	105	63	63	P 336	357	63	63	
306	0	T 630	385	40	40	
307	0	T 628	386	40	40	
308	0	T 626	387	40	40	
309	2	T 624	388	40	40	P 0	336	42	42	P 84	105	63	42	
310	2	T 622	389	40	40	P 252	336	63	63	P 504	357	63	63	
311	3	T 620	390	40	40	P 210	378	42	42	P 441	294	42	63	P 672	0	42	42	
312	2	T 618	391	40	40	P 483	126	63	42	P 630	336	63	63	
313	1	T 616	392	40	40	P 210	210	42	42	
314	1	T 614	393	40	40	P 483	399	63	63	
315	1	T 612	394	40	40	P 273	294	63	63	
316	2	T 610	395	40	40	P 126	378	42	42	P 441	21	63	63	
317	3	T 608	396	40	40	P 315	84	63	63	P 441	378	63	42	P 651	168	42	42	
318	1	T 606	397	40	40	P 147	273	63	63	
319	3	T 604	398	40	40	P 483	336	42	63	P 651	315	42	42	P 651	420	63	42	
320	0	T 602	399	40	40	
321	1	T 600	400	40	40	P 504	357	42	42	
322	1	T 598	401	40	40	P 399	252	63	63	
323	4	T 596	402	40	40	P 84	21	42	63	P 147	231	63	42	P 315	420	63	42	P 462	336	42	42	
324	1	T 594	403	40	40	P 651	399	42	42	
325	2	T 592	404	40	40	P 147	210	42	63	P 546	210	42	63	
326	1	T 590	405	40	40	P 567	105	42	42	
327	2	T 588	406	40	40	P 0	378	42	42	P 630	315	42	42	
328	2	T 586	407	40	40	P 105	0	42	42	P 189	231	63	63	
329	4	T 584	408	40	40	P 21	42	63	63	P 42	294	105	84	P 210	42	63	63	P 672	210	42	63	
330	0	T 582	409	40	40	
331	4	T 580	410	40	40	P 0	210	42	42	P 0	357	63	42	P 399	0	42	63	P 399	84	63	42	
332	1	T 578	411	40	40	P 105	252	63	42	
333	1	T 576	412	40	40	P 651	210	42	42	
334	0	T 574	413	40	40	
335	0	T 572	414	40	40	
336	0	T 570	415	40	40	
337	0	T 568	416	40	40	
338	1	T 566	417	40	40	P 315	168	63	63	
339	3	T 564	418	40	40	P 273	147	63	63	P 567	189	63	63	P 630	105	42	42	
340	1	T 562	419	40	40	P 252	252	63	42	
341	1	T 560	420	40	40	P 315	126	63	63	
342	1	T 558	419	40	40	P 189	84	42	63	
343	4	T 556	418	40	40	P 105	357	42	42	P 420	273	63	63	P 441	189	63	63	P 546	357	42	63	
344	2	T 554	417	40	40	P 378	42	63	42	P 567	126	63	63	
345	1	T 552	416	40	40	P 420	84	63	63	
346	2	T 550	415	40	40	P 126	378	63	63	P 210	147	42	42	
347	1	T 548	414	40	40	P 147	189	63	42	
348	0	T 546	413	40	40	
349	3	T 544	412	40	40	P 126	105	63	63	P 315	0	42	42	P 609	0	42	42	
350	1	T 542	411	40	40	P 567	63	63	42	
351	1	T 540	410	40	40	P 651	126	42	63	
352	2	T 538	409	40	40	P 84	105	63	63	P 462	63	42	63	
353	0	T 536	408	40	40	
354	1	T 534	407	40	40	P 42	21	63	63	
355	2	T 532	406	40	40	P 567	105	42	63	P 567	210	63	63	
356	1	T 530	405	40	40	P 378	252	63	84	
357	2	T 528	404	40	40	P 315	21	63	63	P 357	147	126	105	
358	3	T 526	403	40	40	P 420	126	63	63	P 462	0	42	42	P 504	168	63	42	
359	2	T 524	402	40	40	P 0	21	42	42	P 588	378	63	63	
360	3	T 522	401	40	40	P 252	63	63	63	P 399	63	42	42	P 504	63	63	42	
361	1	T 520	400	40	40	P 315	168	63	63	
362	3	T 518	399	40	40	P 231	210	42	42	P 294	0	63	42	P 420	168	63	63	
363	2	T 516	398	40	40	P 231	315	42	63	P 651	315	42	42	
364	3	T 514	397	40	40	P 84	147	63	63	P 147	336	42	42	P 294	21	42	63	
365	3	T 512	396	40	40	P 21	21	63	63	P 147	378	63	63	P 525	84	63	63	
366	1	T 510	395	40	40	P 504	0	63	42	
367	2	T 508	394	40	40	P 147	147	63	63	P 420	63	63	63	
368	3	T 506	393	40	40	P 105	126	42	42	P 315	420	63	42	P 504	84	63	63	
369	3	T 504	392	40	40	P 0	0	42	42	P 168	336	42	42	P 420	147	42	42	
370	1	T 502	391	40	40	P 273	168	42	63	
371	0	T 500	390	40	40	
372	4	T 498	389	40	40	P 42	378	63	63	P 336	126	63	63	P 357	294	63	42	P 462	105	63	63	
373	2	T 496	388	40	40	P 399	357	42	42	P 567	336	42	42	
374	2	T 494	387	40	40	P 294	84	42	63	P 630	336	42	63	
375	5	T 492	386	40	40	P 105	105	63	63	P 147	189	63	63	P 231	294	42	63	P 630	252	63	63	P 672	168	42	42	
376	1	T 490	385	40	40	P 42	105	42	42	
377	1	T 488	384	40	40	P 126	21	63	63	
378	3	T 486	383	40	40	P 0	420	63	42	P 462	42	42	63	P 672	105	42	42	
379	2	T 484	382	40	40	P 21	105	42	42	P 168	378	42	42	
380	1	T 482	381	40	40	P 105	147	63	63	
381	1	T 480	380	40	40	P 609	126	42	42	
382	2	T 478	379	40	40	P 336	105	63	63	P 504	189	63	63	
383	1	T 476	378	40	40	P 126	315	63	42	
384	1	T 474	377	40	40	P 189	105	42	63	
385	1	T 472	376	40	40	P 273	126	63	63	
386	2	T 470	375	40	40	P 84	399	63	63	P 378	231	63	42	
387	4	T 468	374	40	40	P 168	357	63	63	P 294	42	63	42	P 588	294	63	63	P 651	126	63	63	
388	1	T 466	373	40	40	P 336	420	42	42	
389	2	T 464	372	40	40	P 42	84	63	63	P 126	399	63	63	
390	0	T 462	371	40	40	
391	3	T 460	370	40	40	P 105	105	42	42	P 504	294	63	63	P 609	126	42	63	
392	5	T 458	369	40	40	P 21	252	105	63	P 42	168	63	42	P 273	42	42	42	P 399	315	63	63	P 609	168	42	42	
393	1	T 456	368	40	40	P 147	294	105	63	
394	0	T 454	367	40	40	
395	1	T 452	366	40	40	P 84	273	63	63	
396	2	T 450	365	40	40	P 147	315	126	63	P 630	168	63	63	
397	1	T 448	364	40	40	P 399	294	42	42	
398	4	T 446	363	40	40	P 189	357	42	63	P 210	189	42	42	P 399	63	63	63	P 420	273	42	42	
399	0	T 444	362	40	40	
400	1	T 442	361	40	40	P 105	273	63	42	
401	2	T 440	360	40	40	P 0	210	42	63	P 504	189	42	42	
402	1	T 438	359	40	40	P 441	189	42	63	
403	0	T 436	358	40	40	
404	3	T 434	357	40	40	P 21	252	63	63	P 546	105	63	63	P 651	336	63	42	
405	0	T 432	356	40	40	
406	1	T 430	355	40	40	P 210	147	63	63	
407	2	T 428	354	40	40	P 315	63	42	63	P 588	0	105	63	
408	0	T 426	353	40	40	
409	0	T 424	352	40	40	
410	2	T 422	351	40	40	P 63	63	42	42	P 378	21	42	42	
411	2	T 420	350	40	40	P 63	399	63	63	P 546	147	63	63	
412	2	T 418	349	40	40	P 42	252	42	63	P 231	399	42	63	
413	1	T 416	348	40	40	P 525	210	42	63	
414	0	T 414	347	40	40	
415	3	T 412	346	40	40	P 315	399	63	42	P 567	42	42	42	P 630	273	63	63	
416	2	T 410	345	40	40	P 336	0	42	63	P 441	420	63	42	
417	0	T 408	344	40	40	
418	4	T 406	343	40	40	P 63	63	42	63	P 210	168	63	63	P 294	147	42	63	P 336	420	42	42	
419	0	T 404	342	40	40	
420	2	T 402	341	40	40	P 315	210	63	63	P 525	63	42	42	
421	0	T 400	340	40	40	
422	1	T 398	339	40	40	P 63	420	63	42	
423	1	T 396	338	40	40	P 231	21	42	63	
424	2	T 394	337	40	40	P 420	378	63	63	P 567	0	63	42	
425	2	T 392	336	40	40	P 42	42	63	63	P 651	210	63	42	
426	0	T 390	335	40	40	
427	3	T 388	334	40	40	P 168	189	42	42	P 168	294	42	42	P 273	231	63	63	
428	2	T 386	333	40	40	P 210	21	63	63	P 651	336	42	42	
429	2	T 384	332	40	40	P 462	84	63	63	P 651	378	42	63	
430	0	T 382	331	40	40	
431	1	T 380	330	40	40	P 336	399	63	63	
432	3	T 378	329	40	40	P 294	378	42	42	P 315	63	63	63	P 462	294	42	42	
433	1	T 376	328	40	40	P 504	315	42	63	
434	0	T 374	327	40	40	
435	1	T 372	326	40	40	P 420	0	42	42	
436	2	T 370	325	40	40	P 609	105	42	63	P 651	21	63	42	
437	1	T 368	324	40	40	P 609	252	42	42	
438	2	T 366	323	40	40	P 63	357	63	63	P 588	294	105	84	
439	1	T 364	322	40	40	P 273	21	42	42	
440	0	T 362	321	40	40	
441	1	T 360	320	40	40	P 294	147	42	63	
442	0	T 358	319	40	40	
443	1	T 356	318	40	40	P 378	168	105	63	
444	1	T 354	317	40	40	P 42	168	63	63	
445	1	T 352	316	40	40	P 315	21	42	42	
446	0	T 350	315	40	40	
447	0	T 348	314	40	40	
448	4	T 346	313	40	40	P 0	42	42	63	P 168	336	42	42	P 231	357	42	63	P 651	189	63	63	
449	4	T 344	312	40	40	P 63	315	63	63	P 126	0	42	42	P 189	231	42	63	P 609	42	105	84	
450	3	T 342	311	40	40	P 231	315	42	63	P 294	0	42	63	P 504	147	63	42	
451	0	T 340	310	40	40	
452	2	T 338	309	40	40	P 420	63	63	63	P 630	252	42	42	
453	0	T 336	308	40	40	
454	4	T 334	307	40	40	P 147	252	63	63	P 189	168	63	42	P 399	105	63	63	P 399	294	42	42	
455	1	T 332	306	40	40	P 399	168	63	63	
456	0	T 330	305	40	40	
457	2	T 328	304	40	40	P 189	147	42	42	P 462	231	42	63	
458	2	T 326	303	40	40	P 189	84	63	63	P 609	357	63	63	
459	2	T 324	302	40	40	P 462	315	63	63	P 567	21	63	63	
460	3	T 322	301	40	40	P 210	42	42	42	P 420	273	63	63	P 525	294	42	42	
461	0	T 320	300	40	40	
462	0	T 318	299	40	40	
463	0	T 316	298	40	40	
464	0	T 314	297	40	40	
465	2	T 312	296	40	40	P 63	399	63	63	P 525	378	42	42	
466	2	T 310	295	40	40	P 84	63	42	63	P 273	21	63	42	
467	1	T 308	294	40	40	P 462	105	42	63	
468	2	T 306	293	40	40	P 273	210	63	42	P 567	21	63	63	
469	2	T 304	292	40	40	P 105	378	105	42	P 147	126	63	84	
470	1	T 302	291	40	40	P 525	42	63	63	
471	1	T 300	290	40	40	P 189	252	63	42	
472	1	T 298	289	40	40	P 42	63	63	126	
473	0	T 296	288	40	40	
474	3	T 294	287	40	40	P 63	231	63	63	P 441	42	63	42	P 588	189	63	63	
475	0	T 292	286	40	40	
476	2	T 290	285	40	40	P 210	0	42	42	P 483	105	42	42	
477	2	T 288	284	40	40	P 294	21	63	42	P 630	63	42	63	
478	1	T 286	283	40	40	P 651	294	42	63	
479	2	T 284	282	40	40	P 168	420	63	42	P 315	252	63	42	
480	3	T 282	281	40	40	P 462	21	63	63	P 567	21	63	63	P 588	105	42	63	
481	1	T 280	280	40	40	P 273	231	63	63	
482	2	T 278	279	40	40	P 105	189	42	63	P 546	21	42	42	
483	0	T 276	278	40	40	
484	3	T 274	277	40	40	P 0	210	42	63	P 126	84	63	42	P 399	189	63	63	
485	2	T 272	276	40	40	P 147	294	63	42	P 315	273	63	63	
486	2	T 270	275	40	40	P 84	189	42	63	P 210	42	42	42	
487	4	T 268	274	40	40	P 42	105	42	42	P 231	168	63	63	P 315	273	63	63	P 651	231	63	63	
488	3	T 266	273	40	40	P 126	105	63	63	P 483	210	42	63	P 567	84	63	42	
489	0	T 264	272	40	40	
490	4	T 262	271	40	40	P 378	315	42	42	P 462	399	63	63	P 525	315	63	63	P 651	210	63	63	
491	3	T 260	270	40	40	P 0	42	42	42	P 63	294	42	42	P 630	21	63	42	
492	1	T 258	269	40	40	P 0	210	42	63	
493	0	T 256	268	40	40	
494	0	T 254	267	40	40	
495	2	T 252	266	40	40	P 147	315	42	63	P 210	189	63	63	
496	1	T 250	265	40	40	P 105	231	42	42	
497	3	T 248	264	40	40	P 0	273	63	63	P 315	294	63	63	P 483	336	63	63	
498	5	T 246	263	40	40	P 42	42	63	42	P 357	168	63	42	P 378	336	63	63	P 483	126	63	63	P 525	42	42	63	
499	2	T 244	262	40	40	P 147	63	42	42	P 609	273	63	63	
500	3	T 242	261	40	40	P 84	42	42	42	P 378	420	42	42	P 525	63	63	63	
501	2	T 240	260	40	40	P 147	42	63	63	P 294	273	63	63	
502	1	T 238	259	40	40	P 651	189	42	63	
503	0	T 236	258	40	40	
504	1	T 234	257	40	40	P 525	210	63	42	
505	2	T 232	256	40	40	P 0	399	42	63	P 315	315	42	42	
506	1	T 230	255	40	40	P 336	273	42	63	
507	1	T 228	254	40	40	P 168	168	42	42	
508	3	T 226	253	40	40	P 168	231	42	63	P 462	189	63	42	P 546	231	42	42	
509	1	T 224	252	40	40	P 0	168	42	42	
510	4	T 222	251	40	40	P 168	273	63	63	P 357	21	42	42	P 420	315	63	63	P 630	105	63	42	
511	3	T 220	250	40	40	P 252	357	63	63	P 315	210	63	42	P 462	294	63	42	
512	1	T 218	249	40	40	P 651	294	42	42	
513	0	T 216	248	40	40	
514	0	T 214	247	40	40	
515	0	T 212	246	40	40	
516	2	T 210	245	40	40	P 441	294	63	63	P 462	126	42	42	
517	2	T 208	244	40	40	P 0	315	63	42	P 126	84	63	42	
518	2	T 206	243	40	40	P 252	21	42	63	P 546	378	63	63	
519	1	T 204	242	40	40	P 315	63	42	42	
520	0	T 202	241	40	40	
521	2	T 200	240	40	40	P 0	378	42	42	P 336	189	42	42	
522	2	T 198	239	40	40	P 294	357	63	42	P 609	336	63	63	
523	4	T 196	238	40	40	P 105	315	63	42	P 294	63	42	42	P 462	294	42	42	P 504	147	63	42	
524	0	T 194	237	40	40	
525	1	T 192	236	40	40	P 210	357	63	63	
526	2	T 190	235	40	40	P 0	84	42	42	P 273	189	63	42	
527	3	T 188	234	40	40	P 0	357	84	63	P 84	294	63	42	P 336	0	63	42	
528	0	T 186	233	40	40	
529	2	T 184	232	40	40	P 0	336	42	63	P 462	147	42	63	
530	0	T 182	231	40	40	
531	0	T 180	230	40	40	
532	2	T 178	229	40	40	P 294	63	63	63	P 609	273	63	63	
533	1	T 176	228	40	40	P 357	273	63	63	
534	1	T 174	227	40	40	P 63	420	42	42	
535	2	T 172	226	40	40	P 147	126	63	63	P 315	105	42	42	
536	4	T 170	225	40	40	P 63	21	63	63	P 105	378	42	42	P 525	63	42	63	P 630	378	63	42	
537	3	T 168	224	40	40	P 252	336	42	63	P 567	189	63	63	P 630	294	63	63	
538	4	T 166	223	40	40	P 0	336	42	63	P 210	273	42	42	P 462	315	42	63	P 504	0	63	42	
539	2	T 164	222	40	40	P 126	189	42	42	P 441	252	42	42	
540	3	T 162	221	40	40	P 0	399	42	42	P 63	105	63	63	P 399	168	42	63	
541	2	T 160	220	40	40	P 315	420	63	42	P 672	0	42	63	
542	2	T 158	219	40	40	P 399	420	63	42	P 504	84	63	42	
543	0	T 156	218	40	40	
544	1	T 154	217	40	40	P 378	399	42	42	
545	2	T 152	216	40	40	P 231	84	63	63	P 504	0	63	42	
546	2	T 150	215	40	40	P 105	147	63	42	P 189	0	63	42	
547	4	T 148	214	40	40	P 0	231	105	63	P 294	336	42	63	P 462	126	42	42	P 651	294	42	42	
548	1	T 146	213	40	40	P 336	231	63	63	
549	0	T 144	212	40	40	
550	4	T 142	211	40	40	P 168	0	63	63	P 399	0	63	42	P 399	315	63	63	P 609	105	42	63	
551	2	T 140	210	40	40	P 504	399	42	42	P 672	105	42	42	
552	0	T 138	209	40	40	
553	2	T 136	208	40	40	P 0	294	42	63	P 483	126	63	63	
554	0	T 134	207	40	40	
555	0	T 132	206	40	40	
556	4	T 130	205	40	40	P 84	126	63	63	P 168	147	63	63	P 168	399	126	63	P 483	294	63	63	
557	3	T 128	204	40	40	P 0	357	42	42	P 588	420	42	42	P 630	84	63	63	
558	1	T 126	203	40	40	P 420	63	63	42	
559	0	T 124	202	40	40	
560	0	T 122	201	40	40	
561	4	T 120	200	40	40	P 189	315	42	63	P 273	105	63	63	P 315	357	42	42	P 336	294	42	42	
562	1	T 118	199	40	40	P 21	378	63	42	
563	1	T 116	198	40	40	P 210	378	63	63	
564	3	T 114	197	40	40	P 21	63	42	42	P 483	336	42	42	P 567	315	42	63	
565	3	T 112	196	40	40	P 0	147	63	63	P 441	126	63	42	P 567	21	42	42	
566	1	T 110	195	40	40	P 336	252	42	63	
567	2	T 108	194	40	40	P 84	378	63	63	P 147	168	42	63	
568	3	T 106	193	40	40	P 189	273	42	63	P 420	63	42	42	P 672	189	42	42	
569	1	T 104	192	40	40	P 42	63	42	42	
570	3	T 102	191	40	40	P 21	294	42	42	P 42	0	63	63	P 525	0	63	42	
571	0	T 100	190	40	40	
572	0	T 98	189	40	40	
573	3	T 96	188	40	40	P 63	126	63	63	P 147	189	42	42	P 315	231	63	63	
574	2	T 94	187	40	40	P 63	273	42	63	P 588	315	63	63	
575	3	T 92	186	40	40	P 21	84	42	63	P 231	84	63	63	P 483	273	63	63	
576	1	T 90	185	40	40	P 63	315	42	63	
577	1	T 88	184	40	40	P 294	0	42	42	
578	0	T 86	183	40	40	
579	1	T 84	182	40	40	P 336	21	42	63	
580	1	T 82	181	40	40	P 210	336	63	42	
581	1	T 80	180	40	40	P 336	231	42	42	
582	1	T 78	179	40	40	P 252	126	63	63	
583	2	T 76	178	40	40	P 84	0	63	42	P 462	168	42	42	
584	3	T 74	177	40	40	P 147	357	42	63	P 252	42	63	42	P 525	189	63	63	
585	4	T 72	176	40	40	P 168	126	63	42	P 252	168	63	42	P 315	294	42	42	P 420	21	42	63	
586	2	T 70	175	40	40	P 189	273	63	42	P 504	252	42	42	
587	0	T 68	174	40	40	
588	2	T 66	173	40	40	P 231	0	63	63	P 231	294	63	42	
589	2	T 64	172	40	40	P 126	252	63	42	P 672	42	42	63	
590	1	T 62	171	40	40	P 378	315	63	63	
591	1	T 60	170	40	40	P 189	126	42	42	
592	2	T 58	169	40	40	P 210	294	42	63	P 546	399	63	63	
593	0	T 56	168	40	40	
594	0	T 54	167	40	40	
595	1	T 52	166	40	40	P 0	63	42	42	
596	1	T 50	165	40	40	P 126	357	63	63	
597	3	T 48	164	40	40	P 126	210	42	42	P 189	105	63	63	P 273	105	63	42	
598	1	T 46	163	40	40	P 336	378	63	42	
599	2	T 44	162	40	40	P 504	252	63	42	P 672	231	42	42	
600	1	T 42	161	40	40	P 294	126	42	63	
601	0	T 40	160	40	40	
602	3	T 38	159	40	40	P 294	168	42	42	P 315	378	42	63	P 504	147	63	63	
603	1	T 36	158	40	40	P 273	63	42	42	
604	1	T 34	157	40	40	P 420	315	63	63	
605	2	T 32	156	40	40	P 252	273	42	63	P 483	63	42	42	
606	2	T 30	155	40	40	P 105	126	42	42	P 189	294	42	42	
607	0	T 28	154	40	40	
608	0	T 26	153	40	40	
609	0	T 24	152	40	40	
610	1	T 22	151	40	40	P 84	294	63	63	
611	1	T 20	150	40	40	P 651	63	63	63	
612	1	T 22	149	40	40	P 378	399	42	63	
613	0	T 24	148	40	40	
614	0	T 26	147	40	40	
615	0	T 28	146	40	40	
616	4	T 30	145	40	40	P 21	315	42	42	P 63	231	63	63	P 273	105	63	42	P 378	189	63	63	
617	2	T 32	144	40	40	P 42	294	63	42	P 357	336	42	42	
618	0	T 34	143	40	40	
619	3	T 36	142	40	40	P 21	42	42	63	P 147	420	63	42	P 609	42	42	42	
620	2	T 38	141	40	40	P 147	0	63	42	P 651	0	63	63	
621	2	T 40	140	40	40	P 105	378	63	84	P 336	231	63	42	
622	3	T 42	139	40	40	P 105	315	105	42	P 231	336	63	63	P 672	357	42	63	
623	1	T 44	138	40	40	P 630	126	63	42	
624	2	T 46	137	40	40	P 210	378	63	63	P 378	105	42	42	
625	1	T 48	136	40	40	P 609	42	63	42	
626	2	T 50	135	40	40	P 273	315	63	63	P 630	336	63	63	
627	0	T 52	134	40	40	
628	1	T 54	133	40	40	P 147	147	63	63	
629	3	T 56	132	40	40	P 126	84	63	63	P 315	0	63	42	P 588	0	84	63	
630	1	T 58	131	40	40	P 336	63	42	42	
631	1	T 60	130	40	40	P 147	147	63	63	
632	0	T 62	129	40	40	
633	0	T 64	128	40	40	
634	0	T 66	127	40	40	
635	1	T 68	126	40	40	P 546	336	42	42	
636	0	T 70	125	40	40	
637	0	T 72	124	40	40	
638	2	T 74	123	40	40	P 0	210	42	63	P 189	252	105	63	
639	3	T 76	122	40	40	P 42	273	63	63	P 105	189	42	63	P 357	315	63	63	
640	2	T 78	121	40	40	P 42	357	42	63	P 609	294	63	63	
641	0	T 80	120	40	40	
642	3	T 82	119	40	40	P 0	0	42	42	P 21	168	42	42	P 315	378	63	63	
643	2	T 84	118	40	40	P 168	0	42	42	P 231	105	63	42	
644	0	T 86	117	40	40	
645	5	T 88	116	40	40	P 63	399	42	42	P 294	273	63	63	P 462	126	42	63	P 630	168	42	42	P 630	231	63	42	
646	1	T 90	115	40	40	P 651	84	42	84	
647	1	T 92	114	40	40	P 462	84	63	63	
648	2	T 94	113	40	40	P 210	210	63	63	P 546	294	42	42	
649	2	T 96	112	40	40	P 21	105	42	42	P 147	420	63	42	
650	2	T 98	111	40	40	P 357	252	63	63	P 504	420	63	42	
651	3	T 100	110	40	40	P 63	294	63	63	P 126	42	63	63	P 651	420	63	42	
652	2	T 102	109	40	40	P 231	294	42	63	P 525	315	42	42	
653	1	T 104	108	40	40	P 0	210	63	42	
654	1	T 106	107	40	40	P 504	0	42	42	
655	2	T 108	106	40	40	P 105	315	63	42	P 525	63	42	63	
656	1	T 110	105	40	40	P 168	0	63	63	
657	0	T 112	104	40	40	
658	0	T 114	103	40	40	
659	1	T 116	102	40	40	P 105	147	84	84	
660	4	T 118	101	40	40	P 105	273	63	63	P 189	168	63	63	P 483	399	63	63	P 651	378	63	63	
661	0	T 120	100	40	40	
662	2	T 122	99	40	40	P 42	357	42	42	P 546	273	42	42	
663	2	T 124	98	40	40	P 294	21	63	63	P 378	42	105	63	
664	3	T 126	97	40	40	P 126	399	63	42	P 420	294	63	42	P 588	147	63	63	
665	2	T 128	96	40	40	P 399	399	63	63	P 588	252	63	42	
666	0	T 130	95	40	40	
667	2	T 132	94	40	40	P 525	42	63	63	P 546	273	42	42	
668	1	T 134	93	40	40	P 0	231	63	42	
669	3	T 136	92	40	40	P 168	21	63	42	P 189	273	42	42	P 546	105	42	42	
670	1	T 138	91	40	40	P 63	336	63	63	
671	0	T 140	90	40	40	
672	0	T 142	89	40	40	
673	2	T 144	88	40	40	P 147	378	42	42	P 357	357	63	63	
674	3	T 146	87	40	40	P 63	147	63	63	P 168	147	42	63	P 231	0	63	63	
675	1	T 148	86	40	40	P 462	378	63	42	
676	3	T 150	85	40	40	P 0	378	63	63	P 63	168	63	63	P 651	189	42	42	
677	1	T 152	84	40	40	P 126	336	42	42	
678	2	T 154	83	40	40	P 273	0	42	63	P 525	294	42	42	
679	2	T 156	82	40	40	P 189	294	42	63	P 672	189	42	42	
680	2	T 158	81	40	40	P 315	105	42	42	P 567	273	42	42	
681	2	T 160	80	40	40	P 378	315	63	63	P 609	378	63	63	
682	2	T 162	79	40	40	P 147	336	42	42	P 336	252	42	63	
683	0	T 164	78	40	40	
684	2	T 166	77	40	40	P 504	0	63	42	P 672	315	42	63	
685	1	T 168	76	40	40	P 630	420	42	42	
686	2	T 170	75	40	40	P 105	336	63	63	P 252	0	63	42	
687	1	T 172	74	40	40	P 672	189	42	63	
688	3	T 174	73	40	40	P 21	189	42	42	P 567	378	42	63	P 651	0	63	63	
689	1	T 176	72	40	40	P 399	63	63	63	
690	1	T 178	71	40	40	P 441	42	63	42	
691	4	T 180	70	40	40	P 126	252	63	42	P 441	336	63	63	P 504	21	42	42	P 651	336	42	42	
692	2	T 182	69	40	40	P 189	420	63	42	P 588	231	63	42	
693	0	T 184	68	40	40	
694	3	T 186	67	40	40	P 21	63	42	42	P 126	336	42	42	P 273	105	63	63	
695	2	T 188	66	40	40	P 84	0	63	42	P 672	0	42	63	
696	0	T 190	65	40	40	
697	0	T 192	64	40	40	
698	2	T 194	63	40	40	P 441	336	42	63	P 504	168	63	63	
699	1	T 196	62	40	40	P 315	63	42	42	
700	2	T 198	61	40	40	P 210	0	42	63	P 588	0	63	42	
701	0	T 200	60	40	40	
702	5	T 202	59	40	40	P 252	168	63	63	P 273	420	63	42	P 294	252	42	42	P 420	84	42	42	P 672	84	42	42	
703	0	T 204	58	40	40	
704	0	T 206	57	40	40	
705	2	T 208	56	40	40	P 525	0	42	42	P 609	147	42	63	
706	3	T 210	55	40	40	P 420	21	63	42	P 441	315	63	63	P 546	294	42	42	
707	1	T 212	54	40	40	P 357	231	42	42	
708	1	T 214	53	40	40	P 357	336	63	63	
709	0	T 216	52	40	40	
710	2	T 218	51	40	40	P 126	252	42	63	P 336	273	63	42	
711	3	T 220	50	40	40	P 0	294	42	63	P 63	42	42	42	P 252	42	63	63	
712	1	T 222	49	40	40	P 210	147	63	63	
713	1	T 224	48	40	40	P 294	105	63	63	
714	0	T 226	47	40	40	
715	0	T 228	46	40	40	
716	0	T 230	45	40	40	
717	2	T 232	44	40	40	P 147	336	42	42	P 588	63	42	42	
718	0	T 234	43	40	40	
719	2	T 236	42	40	40	P 420	84	42	63	P 546	336	63	42	
720	2	T 238	41	40	40	P 189	378	63	63	P 315	294	42	42	
721	2	T 240	40	40	40	P 126	21	42	42	P 168	147	63	63	
722	1	T 242	39	40	40	P 420	168	63	63	
723	1	T 244	38	40	40	P 546	42	63	84	
724	1	T 246	37	40	40	P 210	189	63	63	
725	1	T 248	36	40	40	P 189	315	42	63	
726	0	T 250	35	40	40	
727	1	T 252	34	40	40	P 483	252	42	42	
728	2	T 254	33	40	40	P 105	42	63	63	P 294	273	63	42	
729	3	T 256	32	40	40	P 105	168	63	42	P 210	126	42	63	P 273	63	63	42	
730	1	T 258	31	40	40	P 567	168	42	42	
731	0	T 260	30	40	40	
732	0	T 262	29	40	40	
733	3	T 264	28	40	40	P 210	231	63	63	P 315	42	63	63	P 483	42	63	63	
734	1	T 266	27	40	40	P 315	0	63	42	
735	1	T 268	26	40	40	P 672	399	42	63	
736	3	T 270	25	40	40	P 147	63	63	63	P 231	378	63	42	P 525	252	42	42	
737	5	T 272	24	40	40	P 63	126	42	42	P 63	252	42	63	P 147	273	42	42	P 483	231	63	63	P 672	315	42	42	
738	0	T 274	23	40	40	
739	0	T 276	22	40	40	
740	1	T 278	21	40	40	P 315	126	63	42	
741	2	T 280	20	40	40	P 0	105	42	42	P 588	126	63	63	
742	0	T 282	21	40	40	
743	1	T 284	22	40	40	P 126	210	63	63	
744	0	T 286	23	40	40	
745	1	T 288	24	40	40	P 546	105	42	42	
746	2	T 290	25	40	40	P 168	0	42	63	P 378	42	63	63	
747	1	T 292	26	40	40	P 609	357	42	42	
748	2	T 294	27	40	40	P 294	357	105	42	P 525	294	42	42	
749	3	T 296	28	40	40	P 42	0	42	42	P 63	210	63	63	P 273	399	63	42	
750	2	T 298	29	40	40	P 168	294	42	42	P 504	252	42	63	
751	1	T 300	30	40	40	P 420	42	42	42	
752	2	T 302	31	40	40	P 189	210	42	42	P 504	399	63	42	
753	2	T 304	32	40	40	P 63	42	42	42	P 420	147	42	42	
754	2	T 306	33	40	40	P 126	399	105	42	P 189	63	63	42	
755	2	T 308	34	40	40	P 378	273	42	42	P 672	210	42	42	
756	2	T 310	35	40	40	P 21	399	42	42	P 189	210	42	42	
757	0	T 312	36	40	40	
758	1	T 314	37	40	40	P 525	126	42	63	
759	2	T 316	38	40	40	P 546	315	126	63	P 672	147	42	42	
760	1	T 318	39	40	40	P 105	21	42	42	
761	1	T 320	40	40	40	P 630	189	63	63	
762	1	T 322	41	40	40	P 525	273	42	42	
763	2	T 324	42	40	40	P 210	420	63	42	P 462	357	63	42	
764	2	T 326	43	40	40	P 147	21	63	42	P 441	231	63	42	
765	1	T 328	44	40	40	P 378	378	42	63	
766	3	T 330	45	40	40	P 168	294	42	42	P 273	294	63	63	P 483	0	63	63	
767	2	T 332	46	40	40	P 21	168	63	63	P 441	315	42	42	
768	0	T 334	47	40	40	
769	1	T 336	48	40	40	P 189	189	63	63	
770	3	T 338	49	40	40	P 42	0	63	42	P 168	378	42	63	P 441	378	42	42	
771	0	T 340	50	40	40	
772	0	T 342	51	40	40	
773	1	T 344	52	40	40	P 357	420	42	42	
774	2	T 346	53	40	40	P 21	210	63	63	P 483	252	42	42	
775	3	T 348	54	40	40	P 0	0	63	63	P 546	273	63	63	P 588	357	63	63	
776	1	T 350	55	40	40	P 231	315	63	63	
777	0	T 352	56	40	40	
778	3	T 354	57	40	40	P 0	273	42	63	P 357	0	63	42	P 567	84	63	63	
779	2	T 356	58	40	40	P 42	210	63	42	P 378	210	42	42	
780	4	T 358	59	40	40	P 21	105	63	42	P 294	105	42	63	P 315	210	63	105	P 546	357	63	63	
781	3	T 360	60	40	40	P 42	231	63	63	P 273	63	63	63	P 378	168	42	42	
782	1	T 362	61	40	40	P 42	273	42	63	
783	1	T 364	62	40	40	P 630	63	42	42	
784	2	T 366	63	40	40	P 231	147	63	42	P 462	0	63	42	
785	4	T 368	64	40	40	P 168	0	42	42	P 462	231	63	42	P 525	42	63	42	P 546	189	42	42	
786	0	T 370	65	40	40	
787	3	T 372	66	40	40	P 210	105	63	63	P 441	0	63	63	P 546	336	42	42	
788	0	T 374	67	40	40	
789	2	T 376	68	40	40	P 378	105	63	63	P 567	21	42	42	
790	0	T 378	69	40	40	
791	1	T 380	70	40	40	P 168	294	42	63	
792	0	T 382	71	40	40	
793	1	T 384	72	40	40	P 294	189	42	42	
794	0	T 386	73	40	40	
795	0	T 388	74	40	40	
796	2	T 390	75	40	40	P 315	294	42	63	P 546	231	63	42	
797	4	T 392	76	40	40	P 0	189	42	63	P 273	315	63	42	P 294	168	42	42	P 546	294	63	63	
798	0	T 394	77	40	40	
799	1	T 396	78	40	40	P 63	399	42	63	
800	1	T 398	79	40	40	P 168	168	42	42	
801	1	T 400	80	40	40	P 546	357	63	42	
802	4	T 402	81	40	40	P 0	357	42	42	P 147	315	63	63	P 294	378	63	63	P 630	420	42	42	
803	2	T 404	82	40	40	P 420	336	42	63	P 651	168	63	63	
804	0	T 406	83	40	40	
805	2	T 408	84	40	40	P 294	378	63	63	P 609	420	63	42	
806	2	T 410	85	40	40	P 126	252	42	42	P 336	210	42	42	
807	4	T 412	86	40	40	P 63	336	42	42	P 399	21	42	63	P 483	420	63	42	P 630	420	63	42	
808	0	T 414	87	40	40	
809	0	T 416	88	40	40	
810	2	T 418	89	40	40	P 231	105	42	63	P 462	378	84	63	
811	7	T 420	90	40	40	P 63	315	42	42	P 357	273	63	63	P 462	357	63	42	P 525	420	42	42	P 546	231	42	42	P 588	84	42	42	P 630	210	63	42	
812	1	T 422	91	40	40	P 42	42	42	42	
813	1	T 424	92	40	40	P 21	399	42	42	
814	0	T 426	93	40	40	
815	2	T 428	94	40	40	P 21	210	63	63	P 315	315	63	63	
816	2	T 430	95	40	40	P 294	84	63	63	P 504	399	63	63	
817	1	T 432	96	40	40	P 0	252	42	63	
818	1	T 434	97	40	40	P 126	0	42	63	
819	1	T 436	98	40	40	P 84	336	63	63	
820	0	T 438	99	40	40	
821	1	T 440	100	40	40	P 420	420	42	42	
822	2	T 442	101	40	40	P 42	294	105	63	P 525	63	42	63	
823	1	T 444	102	40	40	P 273	147	42	42	
824	2	T 446	103	40	40	P 168	126	63	63	P 672	210	42	63	
825	0	T 448	104	40	40	
826	0	T 450	105	40	40	
827	3	T 452	106	40	40	P 84	294	42	42	P 231	315	42	63	P 294	0	42	42	
828	0	T 454	107	40	40	
829	0	T 456	108	40	40	
830	2	T 458	109	40	40	P 0	105	63	42	P 126	63	42	42	
831	3	T 460	110	40	40	P 105	294	63	63	P 294	126	63	42	P 567	84	63	63	
832	1	T 462	111	40	40	P 651	294	42	63	
833	1	T 464	112	40	40	P 189	315	63	63	
834	3	T 466	113	40	40	P 357	42	105	63	P 609	63	42	63	P 651	336	63	63	
835	2	T 468	114	40	40	P 525	84	42	63	P 609	399	42	42	
836	0	T 470	115	40	40	
837	2	T 472	116	40	40	P 462	189	42	63	P 630	210	42	42	
838	1	T 474	117	40	40	P 588	21	42	42	
839	0	T 476	118	40	40	
840	2	T 478	119	40	40	P 0	84	63	63	P 441	63	42	42	
841	3	T 480	120	40	40	P 42	147	42	42	P 651	252	42	42	P 672	420	42	42	
842	3	T 482	121	40	40	P 357	0	63	42	P 420	105	42	63	P 462	42	63	42	
843	1	T 484	122	40	40	P 441	21	63	63	
844	1	T 486	123	40	40	P 168	231	42	42	
845	5	T 488	124	40	40	P 0	84	42	63	P 105	273	42	42	P 525	63	42	63	P 630	105	63	42	P 630	399	42	63	
846	1	T 490	125	40	40	P 651	42	63	63	
847	3	T 492	126	40	40	P 84	315	63	63	P 273	294	63	63	P 504	315	63	63	
848	2	T 494	127	40	40	P 315	189	42	42	P 546	273	42	42	
849	1	T 496	128	40	40	P 294	42	42	42	
850	3	T 498	129	40	40	P 168	147	63	42	P 294	168	84	63	P 651	315	63	63	
851	1	T 500	130	40	40	P 315	84	42	42	
852	1	T 502	131	40	40	P 588	231	63	63	
853	2	T 504	132	40	40	P 315	0	42	42	P 462	0	42	42	
854	1	T 506	133	40	40	P 588	273	63	63	
855	2	T 508	134	40	40	P 0	252	105	105	P 651	21	63	42	
856	1	T 510	135	40	40	P 399	126	63	63	
857	0	T 512	136	40	40	
858	2	T 514	137	40	40	P 63	294	42	42	P 651	420	42	42	
859	0	T 516	138	40	40	
860	1	T 518	139	40	40	P 483	252	63	63	
861	1	T 520	140	40	40	P 588	399	42	42	
862	2	T 522	141	40	40	P 21	273	63	63	P 567	231	63	63	
863	2	T 524	142	40	40	P 0	0	63	63	P 441	189	42	42	
864	1	T 526	143	40	40	P 651	210	42	42	
865	3	T 528	144	40	40	P 42	42	42	42	P 63	168	63	63	P 399	273	63	42	
866	1	T 530	145	40	40	P 42	273	42	63	
867	0	T 532	146	40	40	
868	0	T 534	147	40	40	
869	3	T 536	148	40	40	P 147	0	63	63	P 588	357	42	42	P 630	0	63	42	
870	1	T 538	149	40	40	P 21	0	42	42	
871	1	T 540	150	40	40	P 84	63	63	42	
872	1	T 542	151	40	40	P 273	378	63	63	
873	2	T 544	152	40	40	P 147	231	42	42	P 483	84	84	105	
874	2	T 546	153	40	40	P 210	378	42	63	P 315	357	42	42	
875	0	T 548	154	40	40	
876	1	T 550	155	40	40	P 105	399	42	42	
877	0	T 552	156	40	40	
878	3	T 554	157	40	40	P 273	294	63	42	P 399	399	63	63	P 651	42	42	42	
879	1	T 556	158	40	40	P 315	84	63	42	
880	3	T 558	159	40	40	P 168	168	63	42	P 315	252	63	42	P 462	168	63	63	
881	1	T 560	160	40	40	P 399	84	63	63	
882	1	T 562	161	40	40	P 252	273	63	63	
883	1	T 564	162	40	40	P 105	357	63	42	
884	2	T 566	163	40	40	P 294	399	42	42	P 630	231	42	42	
885	1	T 568	164	40	40	P 630	147	63	63	
886	1	T 570	165	40	40	P 231	336	63	63	
887	1	T 572	166	40	40	P 0	399	63	63	
888	1	T 574	167	40	40	P 588	294	63	42	
889	1	T 576	168	40	40	P 399	252	63	42	
890	4	T 578	169	40	40	P 105	420	42	42	P 294	231	63	63	P 378	231	63	42	P 651	168	42	63	
891	0	T 580	170	40	40	
892	1	T 582	171	40	40	P 420	420	63	42	
893	0	T 584	172	40	40	
894	3	T 586	173	40	40	P 147	273	63	63	P 378	168	63	63	P 399	0	42	42	
895	2	T 588	174	40	40	P 21	105	42	42	P 378	252	42	42	
896	2	T 590	175	40	40	P 504	399	42	63	P 588	105	63	63	
897	2	T 592	176	40	40	P 42	336	63	42	P 651	357	42	42	
898	0	T 594	177	40	40	
899	1	T 596	178	40	40	P 294	21	42	63	
900	0	T 598	179	40	40	
901	3	T 600	180	40	40	P 126	105	63	63	P 168	21	63	42	P 315	399	63	42	
902	1	T 602	181	40	40	P 672	378	42	63	
903	2	T 604	182	40	40	P 105	42	63	42	P 546	105	42	42	
904	2	T 606	183	40	40	P 168	189	63	63	P 651	21	42	63	
905	1	T 608	184	40	40	P 588	399	63	42	
906	2	T 610	185	40	40	P 0	84	63	63	P 147	252	42	42	
907	0	T 612	186	40	40	
908	4	T 614	187	40	40	P 63	42	63	42	P 189	84	42	42	P 315	336	105	63	P 651	168	63	42	
909	1	T 616	188	40	40	P 231	252	63	42	
910	2	T 618	189	40	40	P 231	84	63	63	P 315	378	63	42	
911	0	T 620	190	40	40	
912	3	T 622	191	40	40	P 105	378	63	63	P 189	336	42	42	P 336	84	63	63	
913	1	T 624	192	40	40	P 63	105	63	63	
914	1	T 626	193	40	40	P 441	294	42	42	
915	5	T 628	194	40	40	P 0	168	42	63	P 105	147	63	63	P 462	168	42	63	P 588	84	63	63	P 672	168	42	63	
916	0	T 630	195	40	40	
917	0	T 632	196	40	40	
918	2	T 634	197	40	40	P 315	0	63	63	P 651	21	42	42	
919	0	T 636	198	40	40	
920	0	T 638	199	40	40	
921	3	T 640	200	40	40	P 0	42	63	63	P 105	231	63	63	P 315	294	63	63	
922	0	T 642	201	40	40	
923	1	T 644	202	40	40	P 21	357	42	42	
924	1	T 646	203	40	40	P 210	21	63	42	
925	2	T 648	204	40	40	P 294	357	42	42	P 504	315	63	63	
926	0	T 650	205	40	40	
927	4	T 652	206	40	40	P 252	147	63	63	P 315	420	63	42	P 357	0	42	42	P 588	399	63	42	
928	0	T 654	207	40	40	
929	0	T 656	208	40	40	
930	0	T 658	209	40	40	
931	1	T 660	210	40	40	P 546	378	63	63	
932	1	T 658	211	40	40	P 294	168	42	42	
933	1	T 656	212	40	40	P 504	189	63	42	
934	3	T 654	213	40	40	P 126	84	63	63	P 168	294	63	42	P 630	0	42	42	
935	0	T 652	214	40	40	
936	0	T 650	215	40	40	
937	0	T 648	216	40	40	
938	0	T 646	217	40	40	
939	1	T 644	218	40	40	P 63	0	42	42	
940	2	T 642	219	40	40	P 420	63	63	63	P 504	189	42	42	
941	1	T 640	220	40	40	P 21	210	42	42	
942	2	T 638	221	40	40	P 483	126	63	63	P 525	63	63	42	
943	3	T 636	222	40	40	P 147	21	63	63	P 168	231	42	42	P 609	63	63	63	
944	6	T 634	223	40	40	P 210	378	63	63	P 231	105	42	42	P 273	315	63	42	P 441	63	42	63	P 483	315	63	42	P 672	147	42	42	
945	1	T 632	224	40	40	P 63	168	42	63	
946	1	T 630	225	40	40	P 84	189	63	42	
947	1	T 628	226	40	40	P 105	420	42	42	
948	5	T 626	227	40	40	P 21	399	63	42	P 462	0	42	42	P 546	42	63	63	P 546	336	84	84	P 588	231	42	42	
949	3	T 624	228	40	40	P 21	210	63	42	P 63	84	42	42	P 420	126	42	42	
950	2	T 622	229	40	40	P 315	294	42	63	P 588	147	42	42	
951	2	T 620	230	40	40	P 84	21	63	42	P 273	126	63	63	
952	1	T 618	231	40	40	P 546	231	42	42	
953	0	T 616	232	40	40	
954	3	T 614	233	40	40	P 336	84	42	63	P 504	252	63	63	P 651	357	42	42	
955	1	T 612	234	40	40	P 357	273	84	105	
956	1	T 610	235	40	40	P 357	420	42	42	
957	3	T 608	236	40	40	P 21	42	63	63	P 105	126	63	63	P 189	189	63	42	
958	2	T 606	237	40	40	P 84	105	105	105	P 315	210	63	63	
959	0	T 604	238	40	40	
960	2	T 602	239	40	40	P 462	357	42	42	P 651	357	63	42	
961	0	T 600	240	40	40	
962	2	T 598	241	40	40	P 0	252	63	63	P 336	21	63	63	
963	2	T 596	242	40	40	P 63	399	42	42	P 378	357	63	63	
964	3	T 594	243	40	40	P 189	315	63	42	P 420	357	63	63	P 609	21	63	63	
965	3	T 592	244	40	40	P 420	105	42	42	P 462	294	42	63	P 504	420	42	42	
966	2	T 590	245	40	40	P 231	378	42	42	P 546	147	63	63	
967	0	T 588	246	40	40	
968	2	T 586	247	40	40	P 483	336	42	63	P 525	168	63	42	
969	0	T 584	248	40	40	
970	2	T 582	249	40	40	P 399	252	63	63	P 567	0	42	42	
971	1	T 580	250	40	40	P 504	0	42	42	
972	2	T 578	251	40	40	P 21	210	63	63	P 42	294	63	63	
973	1	T 576	252	40	40	P 84	420	42	42	
974	0	T 574	253	40	40	
975	2	T 572	254	40	40	P 273	294	63	63	P 294	21	63	42	
976	2	T 570	255	40	40	P 378	336	63	63	P 420	210	42	63	
977	1	T 568	256	40	40	P 105	420	42	42	
978	0	T 566	257	40	40	
979	2	T 564	258	40	40	P 168	420	63	42	P 420	126	63	63	
980	0	T 562	259	40	40	
981	2	T 560	260	40	40	P 357	420	42	42	P 462	210	42	63	
982	3	T 558	261	40	40	P 0	357	63	63	P 483	294	63	63	P 567	336	42	63	
983	3	T 556	262	40	40	P 105	252	63	63	P 336	0	42	63	P 546	294	42	63	
984	1	T 554	263	40	40	P 231	0	63	63	
985	3	T 552	264	40	40	P 21	231	63	63	P 588	105	63	63	P 609	315	42	42	
986	5	T 550	265	40	40	P 0	315	42	42	P 147	210	63	42	P 252	168	63	63	P 294	0	63	63	P 378	168	63	63	
987	4	T 548	266	40	40	P 42	42	42	42	P 210	399	63	42	P 567	0	63	42	P 588	189	42	63	
988	0	T 546	267	40	40	
989	2	T 544	268	40	40	P 189	378	42	42	P 525	420	63	42	
990	1	T 542	269	40	40	P 441	357	63	63	
991	1	T 540	270	40	40	P 252	126	63	63	
992	1	T 538	271	40	40	P 42	63	63	63	
993	1	T 536	272	40	40	P 588	126	63	63	
994	3	T 534	273	40	40	P 21	21	63	42	P 105	147	42	42	P 336	189	42	63	
995	3	T 532	274	40	40	P 84	420	63	42	P 210	336	63	63	P 525	0	42	42	
996	1	T 530	275	40	40	P 210	21	42	42	
997	0	T 528	276	40	40	
998	0	T 526	277	40	40	
999	1	T 524	278	40	40	P 252	63	63	63	
1000	1	T 522	279	40	40	P 273	105	42	63	
1001	1	T 520	280	40	40	P 252	420	63	42	
1002	1	T 518	281	40	40	P 0	210	63	42	
1003	2	T 516	282	40	40	P 315	0	63	42	P 546	0	63	42	
1004	0	T 514	283	40	40	
1005	1	T 512	284	40	40	P 252	420	42	42	
1006	4	T 510	285	40	40	P 126	315	63	63	P 378	336	42	42	P 399	0	84	63	P 441	147	42	63	
1007	1	T 508	286	40	40	P 609	0	42	42	
1008	1	T 506	287	40	40	P 84	21	42	42	
1009	3	T 504	288	40	40	P 441	63	63	63	P 483	336	42	63	P 651	231	42	42	
1010	3	T 502	289	40	40	P 126	168	42	63	P 147	315	63	42	P 630	210	63	63	
1011	0	T 500	290	40	40	
1012	0	T 498	291	40	40	
1013	1	T 496	292	40	40	P 42	273	105	42	
1014	2	T 494	293	40	40	P 0	0	42	63	P 231	168	63	63	
1015	0	T 492	294	40	40	
1016	1	T 490	295	40	40	P 378	126	42	63	
1017	0	T 488	296	40	40	
1018	0	T 486	297	40	40	
1019	3	T 484	298	40	40	P 21	231	63	42	P 315	189	63	63	P 483	336	42	42	
1020	0	T 482	299	40	40	
1021	1	T 480	300	40	40	P 588	315	63	63	
1022	2	T 478	301	40	40	P 189	168	42	42	P 567	210	42	42	
1023	3	T 476	302	40	40	P 0	105	42	63	P 357	420	42	42	P 567	294	63	63	
1024	1	T 474	303	40	40	P 630	231	63	105	
1025	0	T 472	304	40	40	
1026	1	T 470	305	40	40	P 525	168	42	63	
1027	1	T 468	306	40	40	P 525	420	63	42	
1028	1	T 466	307	40	40	P 504	252	42	42	
1029	0	T 464	308	40	40	
1030	0	T 462	309	40	40	
1031	5	T 460	310	40	40	P 105	0	42	42	P 231	147	63	63	P 525	294	63	63	P 630	0	84	42	P 630	399	63	63	
1032	0	T 458	311	40	40	
1033	2	T 456	312	40	40	P 252	126	63	63	P 672	63	42	63	
1034	5	T 454	313	40	40	P 0	252	42	63	P 126	21	63	42	P 294	84	105	105	P 462	105	42	63	P 567	126	63	42	
1035	8	T 452	314	40	40	P 21	63	42	63	P 84	315	42	42	P 126	21	42	63	P 210	273	63	63	P 294	0	42	42	P 294	399	42	63	P 525	399	63	63	P 672	231	42	63	
1036	0	T 450	315	40	40	
1037	0	T 448	316	40	40	
1038	1	T 446	317	40	40	P 63	336	42	42	
1039	1	T 444	318	40	40	P 672	315	42	63	
1040	2	T 442	319	40	40	P 0	63	42	42	P 441	399	42	63	
1041	1	T 440	320	40	40	P 630	336	63	63	
1042	1	T 438	321	40	40	P 294	294	42	63	
1043	1	T 436	322	40	40	P 252	315	63	63	
1044	2	T 434	323	40	40	P 126	84	42	63	P 609	378	42	42	
1045	2	T 432	324	40	40	P 21	84	63	42	P 168	231	42	42	
1046	0	T 430	325	40	40	
1047	1	T 428	326	40	40	P 84	231	42	42	
1048	1	T 426	327	40	40	P 462	252	42	42	
1049	1	T 424	328	40	40	P 84	147	63	63	
1050	1	T 422	329	40	40	P 378	0	63	63	
1051	1	T 420	330	40	40	P 336	147	63	63	
1052	1	T 418	331	40	40	P 189	147	63	63	
1053	1	T 416	332	40	40	P 462	420	63	42	
1054	1	T 414	333	40	40	P 0	168	63	42	
1055	2	T 412	334	40	40	P 63	315	42	42	P 630	420	63	42	
1056	4	T 410	335	40	40	P 63	294	63	42	P 189	147	42	42	P 357	84	63	63	P 441	63	42	42	
1057	3	T 408	336	40	40	P 168	147	42	63	P 231	315	63	63	P 294	126	63	63	
1058	1	T 406	337	40	40	P 315	84	63	42	
1059	1	T 404	338	40	40	P 609	357	42	63	
1060	1	T 402	339	40	40	P 483	378	63	42	
1061	2	T 400	340	40	40	P 105	252	63	63	P 483	315	42	42	
1062	0	T 398	341	40	40	
1063	3	T 396	342	40	40	P 84	315	42	42	P 357	21	42	42	P 441	336	63	42	
1064	1	T 394	343	40	40	P 651	252	42	63	
1065	0	T 392	344	40	40	
1066	2	T 390	345	40	40	P 420	168	63	42	P 525	168	42	63	
1067	5	T 388	346	40	40	P 210	210	63	63	P 231	336	63	63	P 315	336	63	42	P 546	273	42	42	P 630	252	63	42	
1068	2	T 386	347	40	40	P 168	63	42	63	P 168	273	63	42	
1069	0	T 384	348	40	40	
1070	3	T 382	349	40	40	P 315	210	42	42	P 483	420	63	42	P 588	378	42	42	
1071	0	T 380	350	40	40	
1072	2	T 378	351	40	40	P 84	0	63	42	P 567	336	63	42	
1073	2	T 376	352	40	40	P 147	399	63	63	P 378	0	63	42	
1074	2	T 374	353	40	40	P 0	252	42	63	P 462	42	63	63	
1075	0	T 372	354	40	40	
1076	1	T 370	355	40	40	P 315	378	42	42	
1077	1	T 368	356	40	40	P 189	0	63	63	
1078	2	T 366	357	40	40	P 315	420	42	42	P 336	168	42	63	
1079	1	T 364	358	40	40	P 231	63	42	63	
1080	1	T 362	359	40	40	P 210	42	126	63	
1081	1	T 360	360	40	40	P 504	399	42	42	
1082	4	T 358	361	40	40	P 84	168	63	63	P 189	168	42	42	P 336	210	63	42	P 462	42	84	126	
1083	2	T 356	362	40	40	P 378	63	42	42	P 525	315	42	42	
1084	2	T 354	363	40	40	P 0	42	42	42	P 378	294	63	42	
1085	1	T 352	364	40	40	P 168	42	84	84	
1086	3	T 350	365	40	40	P 231	420	63	42	P 273	336	63	63	P 336	21	42	42	
1087	2	T 348	366	40	40	P 63	63	42	63	P 273	336	42	42	
1088	2	T 346	367	40	40	P 21	294	126	63	P 378	0	63	63	
1089	2	T 344	368	40	40	P 399	231	42	42	P 672	42	42	42	
1090	3	T 342	369	40	40	P 252	189	42	42	P 378	210	63	63	P 567	273	63	63	
1091	1	T 340	370	40	40	P 588	294	42	42	
1092	0	T 338	371	40	40	
1093	2	T 336	372	40	40	P 84	315	63	63	P 273	189	63	63	
1094	1	T 334	373	40	40	P 63	399	42	42	
1095	2	T 332	374	40	40	P 126	168	42	63	P 210	63	63	63	
1096	1	T 330	375	40	40	P 588	0	63	42	
1097	2	T 328	376	40	40	P 42	42	42	42	P 399	63	42	63	
1098	0	T 326	377	40	40	
1099	1	T 324	378	40	40	P 63	294	63	63	
1100	2	T 322	379	40	40	P 504	126	42	63	P 651	21	42	42	
1101	0	T 320	380	40	40	
1102	0	T 318	381	40	40	
1103	1	T 316	382	40	40	P 0	168	63	63	
1104	4	T 314	383	40	40	P 42	168	42	63	P 315	0	63	42	P 315	210	42	42	P 609	294	63	63	
1105	1	T 312	384	40	40	P 462	126	42	42	
1106	3	T 310	385	40	40	P 0	84	63	42	P 105	252	42	42	P 483	420	42	42	
1107	3	T 308	386	40	40	P 126	42	42	63	P 126	294	63	42	P 504	0	63	63	
1108	1	T 306	387	40	40	P 483	147	42	42	
1109	1	T 304	388	40	40	P 504	231	63	42	
1110	1	T 302	389	40	40	P 483	63	168	126	
1111	4	T 300	390	40	40	P 21	357	63	63	P 105	231	42	42	P 189	189	42	42	P 567	357	63	63	
1112	0	T 298	391	40	40	
1113	0	T 296	392	40	40	
1114	2	T 294	393	40	40	P 63	315	42	63	P 273	252	42	42	
1115	2	T 292	394	40	40	P 63	189	42	42	P 273	105	63	63	
1116	1	T 290	395	40	40	P 84	84	42	42	
1117	2	T 288	396	40	40	P 294	252	42	42	P 315	336	63	63	
1118	0	T 286	397	40	40	
1119	2	T 284	398	40	40	P 147	42	42	63	P 168	420	63	42	
1120	2	T 282	399	40	40	P 126	378	63	63	P 630	0	63	63	
1121	2	T 280	400	40	40	P 21	63	63	42	P 483	21	63	42	
1122	1	T 278	401	40	40	P 105	21	63	42	
1123	0	T 276	402	40	40	
1124	2	T 274	403	40	40	P 126	420	63	42	P 399	378	42	42	
1125	2	T 272	404	40	40	P 21	420	63	42	P 357	231	63	63	
1126	2	T 270	405	40	40	P 21	336	42	63	P 420	336	42	63	
1127	0	T 268	406	40	40	
1128	1	T 266	407	40	40	P 210	0	42	42	
1129	2	T 264	408	40	40	P 357	105	63	63	P 609	399	105	63	
1130	3	T 262	409	40	40	P 21	105	42	63	P 294	294	63	42	P 357	399	42	42	
1131	1	T 260	410	40	40	P 105	231	42	63	
1132	2	T 258	411	40	40	P 441	399	63	42	P 462	147	63	42	
1133	1	T 256	412	40	40	P 525	42	63	63	
1134	1	T 254	413	40	40	P 252	315	63	42	
1135	2	T 252	414	40	40	P 147	0	63	42	P 294	336	42	42	
1136	4	T 250	415	40	40	P 84	294	42	63	P 105	147	63	63	P 357	315	63	63	P 567	126	42	42	
1137	4	T 248	416	40	40	P 63	210	63	42	P 189	420	42	42	P 336	273	42	63	P 504	63	42	63	
1138	0	T 246	417	40	40	
1139	0	T 244	418	40	40	
1140	1	T 242	419	40	40	P 0	210	42	63	
1141	4	T 240	420	40	40	P 336	378	42	42	P 378	294	42	42	P 441	294	42	63	P 609	357	42	42	
1142	2	T 238	419	40	40	P 294	336	42	42	P 357	231	63	63	
1143	1	T 236	418	40	40	P 294	42	42	63	
1144	0	T 234	417	40	40	
1145	1	T 232	416	40	40	P 441	21	63	42	
1146	1	T 230	415	40	40	P 231	231	42	42	
1147	0	T 228	414	40	40	
1148	3	T 226	413	40	40	P 21	126	63	42	P 147	420	63	42	P 651	21	63	63	
1149	1	T 224	412	40	40	P 504	399	42	42	
1150	3	T 222	411	40	40	P 105	420	42	42	P 378	357	63	42	P 441	420	63	42	
1151	1	T 220	410	40	40	P 252	21	63	63	
1152	2	T 218	409	40	40	P 231	420	63	42	P 630	168	42	42	
1153	3	T 216	408	40	40	P 0	420	63	42	P 21	210	42	63	P 504	105	63	42	
1154	2	T 214	407	40	40	P 168	399	42	42	P 546	399	63	63	
1155	0	T 212	406	40	40	
1156	2	T 210	405	40	40	P 0	63	42	42	P 609	84	63	63	
1157	1	T 208	404	40	40	P 651	420	42	42	
1158	2	T 206	403	40	40	P 420	147	63	42	P 525	378	42	63	
1159	1	T 204	402	40	40	P 567	252	63	63	
1160	2	T 202	401	40	40	P 189	231	63	63	P 441	0	63	42	
1161	2	T 200	400	40	40	P 546	315	63	63	P 567	84	63	63	
1162	1	T 198	399	40	40	P 105	210	42	42	
1163	0	T 196	398	40	40	
1164	3	T 194	397	40	40	P 399	420	63	42	P 441	63	63	63	P 609	252	63	63	
1165	2	T 192	396	40	40	P 210	252	42	42	P 357	0	63	42	
1166	2	T 190	395	40	40	P 483	336	42	63	P 588	168	42	42	
1167	1	T 188	394	40	40	P 462	294	63	42	
1168	2	T 186	393	40	40	P 231	399	63	63	P 525	420	63	42	
1169	1	T 184	392	40	40	P 357	273	42	63	
1170	0	T 182	391	40	40	
1171	1	T 180	390	40	40	P 420	189	42	42	
1172	1	T 178	389	40	40	P 294	273	63	42	
1173	2	T 176	388	40	40	P 42	315	42	42	P 672	126	42	63	
1174	2	T 174	387	40	40	P 294	252	63	63	P 609	315	63	63	
1175	2	T 172	386	40	40	P 0	252	42	63	P 0	378	42	63	
1176	0	T 170	385	40	40	
1177	2	T 168	384	40	40	P 294	210	63	63	P 441	63	63	63	
1178	2	T 166	383	40	40	P 210	168	42	42	P 525	189	63	42	
1179	1	T 164	382	40	40	P 378	84	42	42	
1180	0	T 162	381	40	40	
1181	2	T 160	380	40	40	P 63	105	63	63	P 357	84	63	63	
1182	0	T 158	379	40	40	
1183	3	T 156	378	40	40	P 336	84	42	42	P 483	336	42	42	P 609	357	63	63	
1184	3	T 154	377	40	40	P 21	231	63	42	P 105	252	63	63	P 672	420	42	42	
1185	0	T 152	376	40	40	
1186	1	T 150	375	40	40	P 357	315	42	42	
1187	3	T 148	374	40	40	P 147	63	63	63	P 441	357	42	42	P 483	0	63	63	
1188	2	T 146	373	40	40	P 189	315	63	63	P 609	147	42	42	
1189	1	T 144	372	40	40	P 525	336	63	63	
1190	5	T 142	371	40	40	P 126	84	42	42	P 189	252	63	63	P 231	63	42	42	P 462	378	63	63	P 588	168	63	63	
1191	0	T 140	370	40	40	
1192	2	T 138	369	40	40	P 315	252	63	63	P 567	168	63	63	
1193	0	T 136	368	40	40	
1194	5	T 134	367	40	40	P 84	105	42	63	P 168	126	63	63	P 210	399	42	42	P 336	189	42	42	P 441	210	63	63	
1195	2	T 132	366	40	40	P 294	420	42	42	P 630	126	42	63	
1196	3	T 130	365	40	40	P 63	21	42	42	P 168	378	63	63	P 210	252	42	63	
1197	0	T 128	364	40	40	
1198	3	T 126	363	40	40	P 63	63	63	63	P 84	273	126	63	P 525	0	42	42	
1199	3	T 124	362	40	40	P 84	21	63	63	P 105	294	63	63	P 567	315	42	42	
1200	2	T 122	361	40	40	P 0	252	42	42	P 147	42	42	42	
1201	2	T 120	360	40	40	P 357	21	63	63	P 609	357	63	42	
1202	0	T 118	359	40	40	
1203	2	T 116	358	40	40	P 147	399	42	42	P 588	273	42	63	
1204	2	T 114	357	40	40	P 504	252	42	63	P 609	105	63	63	
1205	5	T 112	356	40	40	P 357	252	63	42	P 357	357	63	63	P 441	105	63	42	P 630	147	42	63	P 651	399	42	42	
1206	1	T 110	355	40	40	P 84	84	42	42	
1207	1	T 108	354	40	40	P 672	294	42	42	
1208	2	T 106	353	40	40	P 399	105	63	42	P 630	273	63	63	
1209	1	T 104	352	40	40	P 462	399	42	63	
1210	2	T 102	351	40	40	P 147	21	42	42	P 483	147	42	42	
1211	4	T 100	350	40	40	P 0	252	42	42	P 336	84	63	42	P 525	105	42	63	P 672	63	42	63	
1212	3	T 98	349	40	40	P 0	357	63	63	P 168	231	63	63	P 189	378	63	63	
1213	0	T 96	348	40	40	
1214	4	T 94	347	40	40	P 0	84	42	63	P 420	294	63	42	P 504	105	63	63	P 588	357	42	63	
1215	1	T 92	346	40	40	P 651	0	63	42	
1216	1	T 90	345	40	40	P 42	273	105	63	
1217	2	T 88	344	40	40	P 42	42	63	63	P 336	63	42	42	
1218	1	T 86	343	40	40	P 399	189	42	42	
1219	0	T 84	342	40	40	
1220	0	T 82	341	40	40	
1221	1	T 80	340	40	40	P 168	399	63	63	
1222	0	T 78	339	40	40	
1223	1	T 76	338	40	40	P 378	126	63	63	
1224	3	T 74	337	40	40	P 42	0	63	63	P 168	399	42	63	P 567	420	42	42	
1225	2	T 72	336	40	40	P 294	168	63	63	P 294	294	63	63	
1226	2	T 70	335	40	40	P 231	21	42	42	P 546	252	42	63	
1227	0	T 68	334	40	40	
1228	1	T 66	333	40	40	P 609	0	63	63	
1229	1	T 64	332	40	40	P 420	315	42	42	
1230	0	T 62	331	40	40	
1231	2	T 60	330	40	40	P 168	126	42	63	P 231	42	42	63	
1232	2	T 58	329	40	40	P 252	273	42	63	P 588	336	63	63	
1233	2	T 56	328	40	40	P 126	315	63	63	P 504	273	42	63	
1234	1	T 54	327	40	40	P 126	378	42	63	
1235	2	T 52	326	40	40	P 357	252	63	63	P 504	0	42	42	
1236	1	T 50	325	40	40	P 168	210	42	63	
1237	1	T 48	324	40	40	P 336	378	63	63	
1238	1	T 46	323	40	40	P 189	21	63	63	
1239	1	T 44	322	40	40	P 0	399	42	42	
1240	2	T 42	321	40	40	P 420	189	63	63	P 525	210	42	42	
1241	1	T 40	320	40	40	P 294	84	63	63	
1242	4	T 38	319	40	40	P 273	0	42	42	P 294	168	63	42	P 483	189	42	42	P 630	294	63	42	
1243	3	T 36	318	40	40	P 84	63	63	63	P 462	0	63	63	P 504	105	42	63	
1244	2	T 34	317	40	40	P 63	420	42	42	P 378	315	42	42	
1245	2	T 32	316	40	40	P 42	189	63	63	P 63	357	42	42	
1246	2	T 30	315	40	40	P 42	399	63	63	P 252	252	63	42	
1247	3	T 28	314	40	40	P 420	315	63	63	P 441	147	42	63	P 525	84	105	105	
1248	3	T 26	313	40	40	P 546	0	42	42	P 546	105	63	42	P 567	315	42	42	
1249	0	T 24	312	40	40	
1250	2	T 22	311	40	40	P 189	231	63	63	P 273	336	42	42	
1251	2	T 20	310	40	40	P 63	378	63	63	P 462	126	42	42	
1252	0	T 22	309	40	40	
1253	3	T 24	308	40	40	P 126	0	42	42	P 252	21	42	42	P 336	189	42	63	
1254	1	T 26	307	40	40	P 210	315	63	63	
1255	2	T 28	306	40	40	P 126	294	63	63	P 252	147	42	42	
1256	1	T 30	305	40	40	P 126	21	42	42	
1257	5	T 32	304	40	40	P 0	420	42	42	P 147	210	63	63	P 294	42	63	63	P 315	252	63	63	P 378	357	42	42	
1258	1	T 34	303	40	40	P 462	315	42	63	
1259	2	T 36	302	40	40	P 0	231	42	63	P 504	357	63	63	
1260	2	T 38	301	40	40	P 147	399	63	63	P 210	315	42	63	
1261	0	T 40	300	40	40	
1262	2	T 42	299	40	40	P 105	294	63	42	P 294	252	42	42	
1263	1	T 44	298	40	40	P 588	63	63	63	
1264	2	T 46	297	40	40	P 420	168	42	42	P 441	0	63	63	
1265	2	T 48	296	40	40	P 0	294	42	63	P 567	273	63	63	
1266	0	T 50	295	40	40	
1267	1	T 52	294	40	40	P 546	336	63	63	
1268	1	T 54	293	40	40	P 63	147	63	63	
1269	1	T 56	292	40	40	P 273	231	42	42	
1270	2	T 58	291	40	40	P 126	147	105	63	P 609	84	63	63	
1271	1	T 60	290	40	40	P 441	189	63	42	
1272	3	T 62	289	40	40	P 21	105	42	42	P 525	210	63	42	P 672	63	42	63	
1273	2	T 64	288	40	40	P 168	168	63	63	P 399	21	42	63	
1274	4	T 66	287	40	40	P 21	294	42	42	P 42	189	42	63	P 147	168	42	42	P 273	378	63	63	
1275	3	T 68	286	40	40	P 0	399	42	42	P 168	0	63	42	P 168	378	63	63	
1276	1	T 70	285	40	40	P 672	0	42	63	
1277	1	T 72	284	40	40	P 231	147	42	42	
1278	2	T 74	283	40	40	P 252	210	42	63	P 525	42	42	42	
1279	4	T 76	282	40	40	P 336	231	105	84	P 483	126	63	63	P 483	294	63	63	P 630	252	63	63	
1280	1	T 78	281	40	40	P 651	315	42	42	
1281	0	T 80	280	40	40	
1282	0	T 82	279	40	40	
1283	1	T 84	278	40	40	P 462	0	105	105	
1284	3	T 86	277	40	40	P 252	126	63	63	P 483	357	42	42	P 672	0	42	42	
1285	1	T 88	276	40	40	P 525	21	63	42	
1286	1	T 90	275	40	40	P 483	378	63	42	
1287	2	T 92	274	40	40	P 336	315	63	42	P 651	84	42	42	
1288	0	T 94	273	40	40	
1289	1	T 96	272	40	40	P 399	63	42	42	
1290	1	T 98	271	40	40	P 378	84	63	63	
1291	4	T 100	270	40	40	P 21	0	63	42	P 42	126	42	42	P 147	84	63	42	P 231	294	42	42	
1292	0	T 102	269	40	40	
1293	0	T 104	268	40	40	
1294	2	T 106	267	40	40	P 21	84	42	63	P 609	147	63	63	
1295	1	T 108	266	40	40	P 210	0	63	63	
1296	1	T 110	265	40	40	P 126	42	63	63	
1297	0	T 112	264	40	40	
1298	2	T 114	263	40	40	P 294	0	42	42	P 483	294	63	42	
1299	1	T 116	262	40	40	P 189	378	63	42	
1300	2	T 118	261	40	40	P 294	147	42	42	P 672	210	42	63	
1301	2	T 120	260	40	40	P 462	168	63	63	P 672	168	42	42	
1302	3	T 122	259	40	40	P 189	357	63	63	P 567	252	63	63	P 651	420	63	42	
1303	2	T 124	258	40	40	P 231	21	105	42	P 399	0	63	42	
1304	5	T 126	257	40	40	P 168	84	42	63	P 210	399	63	63	P 273	21	42	42	P 483	294	42	42	P 504	420	42	42	
1305	2	T 128	256	40	40	P 21	273	63	63	P 546	63	63	42	
1306	0	T 130	255	40	40	
1307	1	T 132	254	40	40	P 147	42	42	42	
1308	2	T 134	253	40	40	P 0	336	42	42	P 672	357	42	42	
1309	3	T 136	252	40	40	P 126	168	63	63	P 504	105	42	63	P 672	189	42	42	
1310	2	T 138	251	40	40	P 84	336	63	105	P 210	168	63	63	
1311	1	T 140	250	40	40	P 357	0	63	42	
1312	1	T 142	249	40	40	P 336	336	63	63	
1313	3	T 144	248	40	40	P 420	210	42	63	P 483	420	63	42	P 567	105	42	63	
1314	1	T 146	247	40	40	P 63	189	63	42	
1315	0	T 148	246	40	40	
1316	1	T 150	245	40	40	P 105	315	63	63	
1317	3	T 152	244	40	40	P 105	378	63	63	P 525	399	42	42	P 672	63	42	42	
1318	0	T 154	243	40	40	
1319	0	T 156	242	40	40	
1320	3	T 158	241	40	40	P 42	147	42	63	P 588	315	63	63	P 609	63	63	42	
1321	2	T 160	240	40	40	P 126	315	42	42	P 525	210	63	63	
1322	2	T 162	239	40	40	P 105	420	63	42	P 252	21	63	63	
1323	2	T 164	238	40	40	P 63	147	42	63	P 168	168	42	42	
1324	4	T 166	237	40	40	P 0	231	42	63	P 168	84	42	63	P 252	357	63	63	P 504	0	42	42	
1325	2	T 168	236	40	40	P 294	147	63	63	P 399	84	42	42	
1326	0	T 170	235	40	40	
1327	0	T 172	234	40	40	
1328	2	T 174	233	40	40	P 462	0	63	42	P 630	357	63	63	
1329	4	T 176	232	40	40	P 105	147	42	42	P 273	273	63	42	P 336	399	42	42	P 546	378	63	63	
1330	0	T 178	231	40	40	
1331	1	T 180	230	40	40	P 399	63	63	63	
1332	4	T 182	229	40	40	P 0	357	42	63	P 63	210	42	42	P 105	315	63	63	P 504	273	63	63	
1333	4	T 184	228	40	40	P 63	315	63	42	P 126	126	63	63	P 126	210	63	42	P 378	189	63	63	
1334	1	T 186	227	40	40	P 336	315	42	63	
1335	1	T 188	226	40	40	P 420	378	42	42	
1336	1	T 190	225	40	40	P 84	399	63	63	
1337	1	T 192	224	40	40	P 294	126	63	63	
1338	0	T 194	223	40	40	
1339	0	T 196	222	40	40	
1340	0	T 198	221	40	40	
1341	2	T 200	220	40	40	P 609	210	42	63	P 609	378	63	63	
1342	1	T 202	219	40	40	P 210	294	42	42	
1343	0	T 204	218	40	40	
1344	0	T 206	217	40	40	
1345	2	T 208	216	40	40	P 546	105	63	63	P 567	399	42	63	
1346	2	T 210	215	40	40	P 21	63	63	63	P 252	0	63	42	
1347	4	T 212	214	40	40	P 294	105	63	63	P 399	189	63	63	P 462	21	63	42	P 609	252	42	42	
1348	1	T 214	213	40	40	P 399	357	42	42	
1349	3	T 216	212	40	40	P 273	315	63	63	P 441	420	42	42	P 525	147	63	63	
1350	2	T 218	211	40	40	P 84	105	63	63	P 168	189	42	63	
1351	1	T 220	210	40	40	P 336	0	42	63	
1352	2	T 222	209	40	40	P 357	168	63	63	P 588	42	63	63	
1353	3	T 224	208	40	40	P 210	336	42	63	P 399	42	42	42	P 462	294	42	63	
1354	2	T 226	207	40	40	P 0	420	42	42	P 630	168	63	63	
1355	1	T 228	206	40	40	P 378	0	42	42	
1356	3	T 230	205	40	40	P 210	378	63	42	P 399	42	42	63	P 630	420	42	42	
1357	3	T 232	204	40	40	P 84	357	42	42	P 567	105	84	84	P 672	168	42	63	
1358	2	T 234	203	40	40	P 147	315	63	63	P 567	231	63	63	
1359	3	T 236	202	40	40	P 399	357	63	63	P 483	294	42	63	P 546	273	63	63	
1360	2	T 238	201	40	40	P 42	105	42	42	P 210	252	42	42	
1361	3	T 240	200	40	40	P 42	378	42	63	P 273	0	84	42	P 420	357	63	63	
1362	2	T 242	199	40	40	P 399	252	42	42	P 483	0	63	42	
1363	1	T 244	198	40	40	P 651	105	63	63	
1364	1	T 246	197	40	40	P 609	105	63	63	
1365	3	T 248	196	40	40	P 252	336	63	42	P 336	42	63	63	P 588	63	42	63	
1366	3	T 250	195	40	40	P 42	294	84	63	P 210	84	63	63	P 525	315	42	42	
1367	1	T 252	194	40	40	P 252	273	63	63	
1368	2	T 254	193	40	40	P 315	252	42	42	P 378	63	63	63	
1369	1	T 256	192	40	40	P 63	126	42	63	
1370	3	T 258	191	40	40	P 0	399	42	63	P 252	357	63	42	P 462	105	42	63	
1371	0	T 260	190	40	40	
1372	1	T 262	189	40	40	P 588	0	63	42	
1373	1	T 264	188	40	40	P 609	63	63	63	
1374	1	T 266	187	40	40	P 483	0	42	42	
1375	3	T 268	186	40	40	P 378	105	63	63	P 420	294	63	63	P 504	399	63	63	
1376	1	T 270	185	40	40	P 462	336	63	63	
1377	1	T 272	184	40	40	P 651	105	63	63	
1378	2	T 274	183	40	40	P 0	357	42	42	P 378	399	42	42	
1379	0	T 276	182	40	40	
1380	2	T 278	181	40	40	P 294	315	63	63	P 357	210	63	63	
1381	2	T 280	180	40	40	P 105	189	63	42	P 189	315	63	63	
1382	1	T 282	179	40	40	P 105	105	63	63	
1383	1	T 284	178	40	40	P 252	357	42	63	
1384	3	T 286	177	40	40	P 273	294	63	42	P 357	231	63	42	P 462	0	42	42	
1385	0	T 288	176	40	40	
1386	0	T 290	175	40	40	
1387	1	T 292	174	40	40	P 252	420	42	42	
1388	2	T 294	173	40	40	P 84	252	42	42	P 189	399	63	63	
1389	0	T 296	172	40	40	
1390	3	T 298	171	40	40	P 399	84	63	63	P 483	189	42	42	P 483	273	63	42	
1391	0	T 300	170	40	40	
1392	2	T 302	169	40	40	P 315	21	42	42	P 630	231	42	63	
1393	2	T 304	168	40	40	P 0	420	63	42	P 630	84	63	63	
1394	1	T 306	167	40	40	P 252	168	63	42	
1395	3	T 308	166	40	40	P 336	126	42	63	P 462	21	42	63	P 567	63	63	42	
1396	1	T 310	165	40	40	P 189	315	63	42	
1397	1	T 312	164	40	40	P 42	189	42	42	
1398	3	T 314	163	40	40	P 42	63	63	63	P 462	63	63	42	P 609	168	42	63	
1399	0	T 316	162	40	40	
1400	0	T 318	161	40	40	
1401	1	T 320	160	40	40	P 483	189	63	42	
1402	2	T 322	159	40	40	P 420	189	63	63	P 588	399	63	63	
1403	3	T 324	158	40	40	P 84	189	42	42	P 84	252	63	63	P 609	168	42	42	
1404	4	T 326	157	40	40	P 252	147	63	63	P 441	273	42	42	P 483	420	42	42	P 651	84	42	42	
1405	1	T 328	156	40	40	P 651	147	42	42	
1406	1	T 330	155	40	40	P 231	21	63	63	
1407	3	T 332	154	40	40	P 42	63	126	63	P 147	336	42	42	P 189	0	63	42	
1408	2	T 334	153	40	40	P 147	63	42	42	P 567	0	42	63	
1409	0	T 336	152	40	40	
1410	3	T 338	151	40	40	P 273	63	63	42	P 357	336	105	84	P 504	294	42	42	
1411	1	T 340	150	40	40	P 84	0	63	63	
1412	1	T 342	149	40	40	P 168	273	42	63	
1413	0	T 344	148	40	40	
1414	3	T 346	147	40	40	P 42	231	42	42	P 210	210	63	63	P 252	42	63	63	
1415	0	T 348	146	40	40	
1416	1	T 350	145	40	40	P 210	168	42	42	
1417	4	T 352	144	40	40	P 126	378	63	63	P 252	336	63	63	P 399	420	42	42	P 504	273	42	42	
1418	3	T 354	143	40	40	P 126	0	42	63	P 210	420	63	42	P 336	420	42	42	
1419	0	T 356	142	40	40	
1420	5	T 358	141	40	40	P 42	84	42	63	P 147	336	63	63	P 378	399	63	63	P 462	0	42	42	P 546	420	63	42	
1421	2	T 360	140	40	40	P 336	399	63	63	P 546	189	63	63	
1422	2	T 362	139	40	40	P 504	42	63	42	P 609	42	63	63	
1423	0	T 364	138	40	40	
1424	1	T 366	137	40	40	P 483	378	63	63	
1425	3	T 368	136	40	40	P 231	231	63	63	P 315	315	63	63	P 546	399	63	42	
1426	2	T 370	135	40	40	P 273	63	42	63	P 378	294	105	63	
1427	1	T 372	134	40	40	P 21	294	105	63	
1428	6	T 374	133	40	40	P 0	0	63	42	P 42	252	63	63	P 42	399	63	63	P 84	21	42	42	P 336	420	63	42	P 651	63	42	63	
1429	0	T 376	132	40	40	
1430	1	T 378	131	40	40	P 567	294	63	42	
1431	1	T 380	130	40	40	P 399	168	105	84	
1432	3	T 382	129	40	40	P 21	294	63	63	P 399	399	42	42	P 525	357	42	63	
1433	3	T 384	128	40	40	P 147	210	63	63	P 462	147	42	63	P 462	399	42	42	
1434	1	T 386	127	40	40	P 231	105	63	42	
1435	2	T 388	126	40	40	P 504	189	42	63	P 651	0	42	42	
1436	1	T 390	125	40	40	P 588	189	42	63	
1437	2	T 392	124	40	40	P 126	252	63	63	P 357	252	63	63	
1438	2	T 394	123	40	40	P 168	315	63	42	P 231	420	63	42	
1439	2	T 396	122	40	40	P 126	21	42	42	P 336	105	63	63	
1440	1	T 398	121	40	40	P 21	378	63	63	
1441	0	T 400	120	40	40	
1442	2	T 402	119	40	40	P 567	126	42	42	P 609	189	42	42	
1443	2	T 404	118	40	40	P 168	399	63	63	P 546	252	42	42	
1444	3	T 406	117	40	40	P 105	399	42	42	P 378	147	42	42	P 504	273	63	63	
1445	2	T 408	116	40	40	P 252	147	63	63	P 504	252	42	42	
1446	3	T 410	115	40	40	P 21	168	63	42	P 126	357	63	42	P 210	357	42	42	
1447	4	T 412	114	40	40	P 189	273	63	63	P 231	105	63	42	P 315	189	63	63	P 567	126	63	42	
1448	1	T 414	113	40	40	P 567	0	42	42	
1449	4	T 416	112	40	40	P 336	294	63	42	P 525	21	63	63	P 567	252	63	63	P 672	294	42	63	
1450	1	T 418	111	40	40	P 567	147	63	42	
1451	3	T 420	110	40	40	P 378	399	63	42	P 525	84	42	42	P 525	210	42	42	
1452	3	T 422	109	40	40	P 0	231	42	63	P 126	399	42	42	P 315	315	63	42	
1453	0	T 424	108	40	40	
1454	5	T 426	107	40	40	P 210	315	105	63	P 336	105	42	63	P 441	315	63	63	P 504	0	63	63	P 630	294	42	63	
1455	1	T 428	106	40	40	P 399	399	63	42	
1456	1	T 430	105	40	40	P 525	399	42	63	
1457	2	T 432	104	40	40	P 315	147	63	63	P 399	252	42	42	
1458	1	T 434	103	40	40	P 273	420	63	42	
1459	0	T 436	102	40	40	
1460	1	T 438	101	40	40	P 126	210	63	63	
1461	2	T 440	100	40	40	P 63	189	63	42	P 525	0	42	42	
1462	2	T 442	99	40	40	P 21	336	63	63	P 525	126	42	63	
1463	3	T 444	98	40	40	P 63	231	42	42	P 462	273	63	63	P 567	294	63	63	
1464	1	T 446	97	40	40	P 168	147	84	63	
1465	4	T 448	96	40	40	P 21	294	42	42	P 168	315	42	42	P 357	84	42	63	P 420	126	63	42	
1466	3	T 450	95	40	40	P 126	252	63	63	P 210	336	63	42	P 630	168	42	42	
1467	2	T 452	94	40	40	P 231	21	42	42	P 609	231	42	42	
1468	0	T 454	93	40	40	
1469	2	T 456	92	40	40	P 0	42	63	63	P 609	168	42	42	
1470	0	T 458	91	40	40	
1471	1	T 460	90	40	40	P 588	231	63	63	
1472	2	T 462	89	40	40	P 399	189	42	42	P 483	399	63	63	
1473	1	T 464	88	40	40	P 210	21	63	42	
1474	1	T 466	87	40	40	P 399	105	63	42	
1475	1	T 468	86	40	40	P 525	0	42	42	
1476	1	T 470	85	40	40	P 189	399	42	42	
1477	0	T 472	84	40	40	
1478	0	T 474	83	40	40	
1479	0	T 476	82	40	40	
1480	2	T 478	81	40	40	P 210	357	63	63	P 525	420	63	42	
1481	3	T 480	80	40	40	P 189	294	63	63	P 462	294	42	42	P 630	315	63	42	
1482	0	T 482	79	40	40	
1483	0	T 484	78	40	40	
1484	1	T 486	77	40	40	P 84	231	42	42	
1485	1	T 488	76	40	40	P 609	420	63	42	
1486	1	T 490	75	40	40	P 168	21	42	42	
1487	0	T 492	74	40	40	
1488	1	T 494	73	40	40	P 168	126	63	42	
1489	3	T 496	72	40	40	P 231	273	42	63	P 441	399	42	63	P 504	420	63	42	
1490	1	T 498	71	40	40	P 126	147	63	42	
1491	0	T 500	70	40	40	
1492	3	T 502	69	40	40	P 294	294	63	63	P 315	231	42	42	P 504	168	42	63	
1493	3	T 504	68	40	40	P 294	294	42	63	P 441	336	42	42	P 672	231	42	63	
1494	0	T 506	67	40	40	
1495	2	T 508	66	40	40	P 63	378	42	63	P 84	105	63	63	
1496	2	T 510	65	40	40	P 252	63	42	63	P 399	126	42	42	
1497	2	T 512	64	40	40	P 231	105	42	63	P 567	42	42	63	
1498	2	T 514	63	40	40	P 84	357	42	42	P 651	294	42	63	
1499	0	T 516	62	40	40	
1500	1	T 518	61	40	40	P 84	294	63	63	
1501	1	T 520	60	40	40	P 84	420	63	42	
1502	3	T 522	59	40	40	P 21	84	63	63	P 126	210	42	42	P 420	126	42	63	
1503	2	T 524	58	40	40	P 441	84	42	63	P 588	0	63	42	
1504	3	T 526	57	40	40	P 21	315	42	63	P 231	399	42	63	P 378	0	42	42	
1505	1	T 528	56	40	40	P 483	231	63	63	
1506	4	T 530	55	40	40	P 63	84	63	63	P 126	315	42	42	P 294	420	63	42	P 336	273	42	42	
1507	2	T 532	54	40	40	P 63	315	42	63	P 168	21	63	42	
1508	1	T 534	53	40	40	P 0	231	42	42	
1509	3	T 536	52	40	40	P 420	378	63	42	P 567	168	63	63	P 672	420	42	42	
1510	1	T 538	51	40	40	P 378	168	42	42	
1511	1	T 540	50	40	40	P 546	336	63	42	
1512	2	T 542	49	40	40	P 168	294	63	42	P 504	126	42	63	
1513	2	T 544	48	40	40	P 504	378	42	63	P 588	84	42	42	
1514	1	T 546	47	40	40	P 420	231	63	63	
1515	2	T 548	46	40	40	P 294	294	63	63	P 504	357	63	42	
1516	3	T 550	45	40	40	P 189	0	42	42	P 231	399	42	63	P 567	63	42	42	
1517	2	T 552	44	40	40	P 168	315	63	42	P 630	0	42	42	
1518	1	T 554	43	40	40	P 63	420	63	42	
1519	0	T 556	42	40	40	
1520	2	T 558	41	40	40	P 0	0	42	63	P 21	105	42	42	
1521	3	T 560	40	40	40	P 63	252	63	63	P 84	357	63	42	P 294	294	42	42	
1522	1	T 562	39	40	40	P 336	42	63	63	
1523	1	T 564	38	40	40	P 378	42	42	63	
1524	3	T 566	37	40	40	P 252	378	63	63	P 357	84	84	84	P 609	336	42	63	
1525	4	T 568	36	40	40	P 42	294	42	63	P 210	315	42	42	P 504	0	63	42	P 630	168	42	42	
1526	4	T 570	35	40	40	P 315	84	63	63	P 420	357	42	42	P 609	105	42	63	P 609	378	42	63	
1527	1	T 572	34	40	40	P 21	42	42	42	
1528	1	T 574	33	40	40	P 21	147	63	63	
1529	1	T 576	32	40	40	P 126	252	42	63	
1530	1	T 578	31	40	40	P 630	210	42	42	
1531	1	T 580	30	40	40	P 294	336	42	42	
1532	2	T 582	29	40	40	P 336	21	42	42	P 357	105	63	63	
1533	3	T 584	28	40	40	P 105	168	63	63	P 210	399	42	63	P 441	336	63	63	
1534	2	T 586	27	40	40	P 420	336	63	63	P 672	147	42	63	
1535	1	T 588	26	40	40	P 273	357	63	42	
1536	0	T 590	25	40	40	
1537	3	T 592	24	40	40	P 147	315	63	63	P 567	105	63	63	P 651	336	42	63	
1538	0	T 594	23	40	40	
1539	2	T 596	22	40	40	P 0	231	63	63	P 189	294	63	63	
1540	1	T 598	21	40	40	P 483	126	63	63	
1541	3	T 600	20	40	40	P 0	252	42	63	P 294	357	42	63	P 609	378	42	42	
1542	1	T 602	21	40	40	P 525	336	63	63	
1543	5	T 604	22	40	40	P 0	357	63	63	P 168	336	42	63	P 231	357	63	63	P 252	189	63	63	P 357	84	42	63	
1544	4	T 606	23	40	40	P 105	420	63	42	P 147	63	42	42	P 189	231	42	63	P 504	336	63	63	
1545	2	T 608	24	40	40	P 378	168	42	63	P 630	0	42	42	
1546	2	T 610	25	40	40	P 126	399	42	42	P 483	273	42	42	
1547	0	T 612	26	40	40	
1548	3	T 614	27	40	40	P 378	315	63	63	P 588	252	63	63	P 672	420	42	42	
1549	1	T 616	28	40	40	P 126	0	63	42	
1550	2	T 618	29	40	40	P 63	63	42	42	P 420	84	63	63	
1551	0	T 620	30	40	40	
1552	2	T 622	31	40	40	P 378	189	63	63	P 504	147	63	42	
1553	2	T 624	32	40	40	P 147	294	63	42	P 399	0	42	42	
1554	1	T 626	33	40	40	P 441	420	42	42	
1555	2	T 628	34	40	40	P 189	252	42	63	P 546	273	63	63	
1556	0	T 630	35	40	40	
1557	2	T 632	36	40	40	P 252	0	63	42	P 378	315	42	42	
1558	1	T 634	37	40	40	P 294	420	63	42	
1559	2	T 636	38	40	40	P 21	21	42	42	P 147	63	63	63	
1560	1	T 638	39	40	40	P 357	231	63	42	
1561	0	T 640	40	40	40	
1562	2	T 642	41	40	40	P 0	0	42	63	P 273	252	63	63	
1563	0	T 644	42	40	40	
1564	2	T 646	43	40	40	P 105	21	63	63	P 273	315	63	63	
1565	2	T 648	44	40	40	P 63	126	42	63	P 252	210	42	42	
1566	2	T 650	45	40	40	P 105	0	63	63	P 546	42	42	63	
1567	2	T 652	46	40	40	P 252	210	42	42	P 336	399	63	63	
1568	4	T 654	47	40	40	P 168	21	42	63	P 420	126	42	42	P 588	252	63	42	P 630	168	63	63	
1569	2	T 656	48	40	40	P 483	84	63	42	P 630	189	42	42	
1570	2	T 658	49	40	40	P 210	336	63	63	P 273	84	42	63	
1571	1	T 660	50	40	40	P 21	21	63	63	
1572	2	T 658	51	40	40	P 441	315	42	63	P 609	315	63	42	
1573	2	T 656	52	40	40	P 231	189	42	42	P 609	231	63	42	
1574	3	T 654	53	40	40	P 42	315	42	42	P 210	336	63	42	P 525	399	63	42	
1575	2	T 652	54	40	40	P 168	315	105	63	P 651	252	63	63	
1576	1	T 650	55	40	40	P 63	315	42	42	
1577	3	T 648	56	40	40	P 189	231	63	63	P 210	147	63	42	P 315	147	63	63	
1578	2	T 646	57	40	40	P 0	0	63	63	P 42	420	63	42	
1579	2	T 644	58	40	40	P 189	252	63	63	P 231	84	63	63	
1580	2	T 642	59	40	40	P 315	147	63	42	P 378	399	63	63	
1581	2	T 640	60	40	40	P 105	84	63	63	P 546	126	63	63	
1582	5	T 638	61	40	40	P 189	0	84	63	P 420	336	42	42	P 441	0	63	63	P 504	315	42	42	P 588	252	42	63	
1583	3	T 636	62	40	40	P 0	21	42	63	P 294	294	42	42	P 672	378	42	63	
1584	1	T 634	63	40	40	P 63	399	42	42	
1585	0	T 632	64	40	40	
1586	3	T 630	65	40	40	P 0	294	42	63	P 126	378	63	63	P 546	168	63	63	
1587	2	T 628	66	40	40	P 336	21	63	63	P 588	315	63	63	
1588	1	T 626	67	40	40	P 336	126	63	42	
1589	1	T 624	68	40	40	P 210	378	42	63	
1590	2	T 622	69	40	40	P 0	84	42	42	P 0	273	63	63	
1591	3	T 620	70	40	40	P 546	231	42	42	P 609	168	42	42	P 672	147	42	42	
1592	1	T 618	71	40	40	P 567	21	42	63	
1593	2	T 616	72	40	40	P 231	399	42	63	P 399	378	63	42	
1594	1	T 614	73	40	40	P 609	168	63	63	
1595	1	T 612	74	40	40	P 630	231	63	63	
1596	1	T 610	75	40	40	P 126	105	63	42	
1597	2	T 608	76	40	40	P 504	63	63	63	P 546	210	63	42	
1598	3	T 606	77	40	40	P 0	21	42	42	P 105	273	42	63	P 252	231	63	42	
1599	0	T 604	78	40	40	
1600	0	T 602	79	40	40	
1601	3	T 600	80	40	40	P 84	63	63	63	P 84	420	63	42	P 567	0	63	42	
1602	2	T 598	81	40	40	P 21	336	63	63	P 273	315	63	63	
1603	2	T 596	82	40	40	P 42	63	42	42	P 210	126	42	63	
1604	1	T 594	83	40	40	P 483	273	42	42	
1605	0	T 592	84	40	40	
1606	2	T 590	85	40	40	P 63	84	42	63	P 252	0	63	63	
1607	3	T 588	86	40	40	P 42	273	42	42	P 105	273	63	63	P 210	294	63	63	
1608	2	T 586	87	40	40	P 399	252	42	42	P 588	0	42	63	
1609	0	T 584	88	40	40	
1610	1	T 582	89	40	40	P 231	126	42	42	
1611	2	T 580	90	40	40	P 231	420	42	42	P 399	273	63	63	
1612	1	T 578	91	40	40	P 651	189	42	42	
1613	2	T 576	92	40	40	P 336	294	42	63	P 651	357	42	63	
1614	2	T 574	93	40	40	P 399	21	63	63	P 525	168	63	42	
1615	3	T 572	94	40	40	P 336	399	63	63	P 399	252	63	42	P 462	105	42	42	
1616	0	T 570	95	40	40	
1617	2	T 568	96	40	40	P 441	210	42	63	P 546	189	42	42	
1618	4	T 566	97	40	40	P 483	231	63	42	P 525	63	42	42	P 609	420	63	42	P 672	63	42	42	
1619	0	T 564	98	40	40	
1620	0	T 562	99	40	40	
1621	0	T 560	100	40	40	
1622	2	T 558	101	40	40	P 294	84	42	63	P 630	63	42	63	
1623	1	T 556	102	40	40	P 231	63	63	63	
1624	1	T 554	103	40	40	P 84	189	63	63	
1625	2	T 552	104	40	40	P 84	189	63	63	P 567	0	63	42	
1626	3	T 550	105	40	40	P 0	399	42	63	P 189	315	42	63	P 567	210	42	42	
1627	0	T 548	106	40	40	
1628	1	T 546	107	40	40	P 420	63	63	63	
1629	0	T 544	108	40	40	
1630	2	T 542	109	40	40	P 420	63	42	42	P 609	126	42	63	
1631	4	T 540	110	40	40	P 231	0	42	42	P 252	105	42	63	P 357	189	63	63	P 630	63	42	63	
1632	1	T 538	111	40	40	P 126	189	42	42	
1633	2	T 536	112	40	40	P 63	273	63	63	P 168	420	42	42	
1634	1	T 534	113	40	40	P 630	231	42	42	
1635	4	T 532	114	40	40	P 0	84	42	42	P 231	252	42	42	P 588	378	42	42	P 672	105	42	42	
1636	0	T 530	115	40	40	
1637	2	T 528	116	40	40	P 168	420	63	42	P 441	252	63	63	
1638	2	T 526	117	40	40	P 357	420	63	42	P 588	399	63	42	
1639	0	T 524	118	40	40	
1640	2	T 522	119	40	40	P 378	315	63	42	P 546	252	42	63	
1641	2	T 520	120	40	40	P 84	252	63	63	P 210	420	42	42	
1642	2	T 518	121	40	40	P 294	84	42	63	P 630	21	63	63	
1643	3	T 516	122	40	40	P 42	420	42	42	P 105	0	42	63	P 609	378	63	63	
1644	0	T 514	123	40	40	
1645	2	T 512	124	40	40	P 126	126	42	42	P 357	336	42	63	
1646	0	T 510	125	40	40	
1647	1	T 508	126	40	40	P 630	189	42	42	
1648	1	T 506	127	40	40	P 567	84	63	63	
1649	0	T 504	128	40	40	
1650	1	T 502	129	40	40	P 546	126	42	42	
1651	3	T 500	130	40	40	P 105	84	42	63	P 630	273	63	42	P 651	63	42	42	
1652	2	T 498	131	40	40	P 609	126	63	63	P 630	336	63	42	
1653	1	T 496	132	40	40	P 525	231	63	63	
1654	0	T 494	133	40	40	
1655	1	T 492	134	40	40	P 462	168	42	63	
1656	2	T 490	135	40	40	P 231	336	42	42	P 609	126	63	63	
1657	3	T 488	136	40	40	P 315	147	42	42	P 357	336	63	63	P 525	168	42	63	
1658	2	T 486	137	40	40	P 0	357	63	63	P 462	126	42	42	
1659	0	T 484	138	40	40	
1660	0	T 482	139	40	40	
1661	1	T 480	140	40	40	P 126	336	42	42	
1662	1	T 478	141	40	40	P 0	84	63	63	
1663	1	T 476	142	40	40	P 0	399	42	63	
1664	4	T 474	143	40	40	P 0	273	42	42	P 105	21	63	63	P 147	126	63	63	P 483	399	42	42	
1665	3	T 472	144	40	40	P 105	63	63	42	P 210	315	42	42	P 378	0	42	63	
1666	0	T 470	145	40	40	
1667	2	T 468	146	40	40	P 210	126	63	42	P 336	294	63	42	
1668	1	T 466	147	40	40	P 21	63	42	42	
1669	1	T 464	148	40	40	P 378	399	63	63	
1670	1	T 462	149	40	40	P 672	273	42	42	
1671	3	T 460	150	40	40	P 147	63	63	63	P 483	189	42	42	P 651	0	63	63	
1672	0	T 458	151	40	40	
1673	2	T 456	152	40	40	P 63	0	63	63	P 651	126	42	42	
1674	2	T 454	153	40	40	P 63	168	42	63	P 672	189	42	63	
1675	1	T 452	154	40	40	P 588	21	42	42	
1676	2	T 450	155	40	40	P 336	231	42	63	P 588	294	42	63	
1677	3	T 448	156	40	40	P 84	84	63	63	P 420	126	42	42	P 546	0	42	63	
1678	3	T 446	157	40	40	P 0	105	63	63	P 210	336	63	42	P 525	315	42	42	
1679	0	T 444	158	40	40	
1680	3	T 442	159	40	40	P 336	357	63	63	P 420	210	42	63	P 588	21	63	63	
1681	3	T 440	160	40	40	P 147	315	84	42	P 252	21	42	63	P 357	84	42	63	
1682	4	T 438	161	40	40	P 357	63	42	42	P 378	0	63	42	P 378	315	42	63	P 504	63	42	63	
1683	2	T 436	162	40	40	P 252	210	63	42	P 315	105	63	63	
1684	0	T 434	163	40	40	
1685	1	T 432	164	40	40	P 672	273	42	42	
1686	1	T 430	165	40	40	P 567	168	42	42	
1687	1	T 428	166	40	40	P 0	21	63	63	
1688	0	T 426	167	40	40	
1689	0	T 424	168	40	40	
1690	2	T 422	169	40	40	P 294	273	42	42	P 651	42	42	42	
1691	3	T 420	170	40	40	P 231	315	42	42	P 525	273	63	63	P 630	126	63	42	
1692	2	T 418	171	40	40	P 420	399	42	42	P 588	147	63	42	
1693	1	T 416	172	40	40	P 630	126	63	42	
1694	1	T 414	173	40	40	P 630	147	42	42	
1695	3	T 412	174	40	40	P 273	378	63	42	P 504	126	63	42	P 504	378	42	42	
1696	3	T 410	175	40	40	P 21	399	42	42	P 126	84	63	42	P 441	231	63	42	
1697	1	T 408	176	40	40	P 588	378	63	63	
1698	3	T 406	177	40	40	P 84	84	63	63	P 84	420	63	42	P 462	21	63	42	
1699	1	T 404	178	40	40	P 378	63	42	63	
1700	1	T 402	179	40	40	P 315	105	63	42	
1701	1	T 400	180	40	40	P 168	399	63	42	
1702	3	T 398	181	40	40	P 63	378	63	63	P 105	168	63	63	P 315	84	42	42	
1703	0	T 396	182	40	40	
1704	3	T 394	183	40	40	P 294	21	63	63	P 441	42	42	42	P 609	273	63	63	
1705	2	T 392	184	40	40	P 336	378	63	42	P 420	147	63	63	
1706	2	T 390	185	40	40	P 147	378	42	42	P 525	210	63	42	
1707	3	T 388	186	40	40	P 147	168	42	84	P 357	273	42	42	P 483	210	42	63	
1708	1	T 386	187	40	40	P 525	378	63	42	
1709	1	T 384	188	40	40	P 168	0	63	42	
1710	1	T 382	189	40	40	P 588	189	42	63	
1711	0	T 380	190	40	40	
1712	0	T 378	191	40	40	
1713	0	T 376	192	40	40	
1714	3	T 374	193	40	40	P 84	294	42	42	P 441	315	42	63	P 483	105	42	63	
1715	2	T 372	194	40	40	P 336	420	63	42	P 441	189	42	42	
1716	0	T 370	195	40	40	
1717	0	T 368	196	40	40	
1718	5	T 366	197	40	40	P 147	357	63	63	P 567	105	42	42	P 609	294	42	42	P 630	399	42	63	P 672	273	42	42	
1719	4	T 364	198	40	40	P 63	231	63	63	P 357	126	42	42	P 525	0	42	63	P 630	336	63	42	
1720	4	T 362	199	40	40	P 210	252	126	63	P 294	168	42	42	P 441	210	63	42	P 672	63	42	63	
1721	1	T 360	200	40	40	P 84	378	105	42	
1722	2	T 358	201	40	40	P 252	105	63	42	P 672	21	42	42	
1723	1	T 356	202	40	40	P 294	231	42	42	
1724	0	T 354	203	40	40	
1725	1	T 352	204	40	40	P 483	231	42	63	
1726	4	T 350	205	40	40	P 0	357	42	63	P 252	231	42	63	P 462	105	42	63	P 672	168	42	42	
1727	1	T 348	206	40	40	P 483	357	63	63	
1728	2	T 346	207	40	40	P 147	378	63	42	P 504	273	42	63	
1729	1	T 344	208	40	40	P 588	294	63	42	
1730	2	T 342	209	40	40	P 0	0	42	42	P 231	21	42	42	
1731	1	T 340	210	40	40	P 399	357	42	63	
1732	2	T 338	211	40	40	P 378	357	42	63	P 441	336	42	42	
1733	0	T 336	212	40	40	
1734	3	T 334	213	40	40	P 210	63	63	63	P 315	21	63	63	P 399	42	63	63	
1735	1	T 332	214	40	40	P 105	378	42	42	
1736	0	T 330	215	40	40	
1737	0	T 328	216	40	40	
1738	4	T 326	217	40	40	P 0	105	63	42	P 147	147	63	63	P 399	315	63	63	P 483	420	63	42	
1739	1	T 324	218	40	40	P 210	399	63	42	
1740	1	T 322	219	40	40	P 210	273	63	63	
1741	1	T 320	220	40	40	P 210	378	63	63	
1742	2	T 318	221	40	40	P 315	105	63	63	P 504	252	42	42	
1743	0	T 316	222	40	40	
1744	1	T 314	223	40	40	P 63	126	42	42	
1745	3	T 312	224	40	40	P 63	420	42	42	P 105	63	42	42	P 567	399	42	63	
1746	2	T 310	225	40	40	P 21	378	63	63	P 252	378	42	63	
1747	3	T 308	226	40	40	P 273	315	42	42	P 483	168	63	42	P 588	168	63	63	
1748	0	T 306	227	40	40	
1749	2	T 304	228	40	40	P 0	210	42	63	P 168	105	42	63	
1750	3	T 302	229	40	40	P 0	420	42	42	P 357	63	42	63	P 651	399	63	63	
1751	0	T 300	230	40	40	
1752	3	T 298	231	40	40	P 0	399	63	42	P 147	420	42	42	P 315	315	63	42	
1753	1	T 296	232	40	40	P 651	63	63	42	
1754	2	T 294	233	40	40	P 0	378	42	63	P 210	294	63	63	
1755	1	T 292	234	40	40	P 210	252	63	42	
1756	3	T 290	235	40	40	P 126	147	42	42	P 525	273	42	42	P 609	21	42	42	
1757	2	T 288	236	40	40	P 168	105	63	63	P 210	42	42	42	
1758	2	T 286	237	40	40	P 252	399	63	63	P 483	210	42	42	
1759	1	T 284	238	40	40	P 0	21	42	63	
1760	2	T 282	239	40	40	P 252	105	42	63	P 483	0	63	63	
1761	0	T 280	240	40	40	
1762	2	T 278	241	40	40	P 147	0	63	42	P 189	399	63	63	
1763	1	T 276	242	40	40	P 567	21	42	42	
1764	0	T 274	243	40	40	
1765	1	T 272	244	40	40	P 0	126	42	42	
1766	1	T 270	245	40	40	P 588	231	63	63	
1767	1	T 268	246	40	40	P 588	42	63	63	
1768	3	T 266	247	40	40	P 189	105	42	42	P 294	231	63	42	P 504	210	63	42	
1769	0	T 264	248	40	40	
1770	1	T 262	249	40	40	P 504	21	63	63	
1771	1	T 260	250	40	40	P 84	189	42	63	
1772	0	T 258	251	40	40	
1773	4	T 256	252	40	40	P 147	420	42	42	P 168	126	42	63	P 168	231	63	42	P 630	84	42	63	
1774	0	T 254	253	40	40	
1775	2	T 252	254	40	40	P 273	105	42	63	P 630	273	63	42	
1776	3	T 250	255	40	40	P 399	273	63	42	P 483	42	63	63	P 525	420	42	42	
1777	2	T 248	256	40	40	P 0	0	42	42	P 483	42	42	63	
1778	2	T 246	257	40	40	P 84	420	42	42	P 105	126	63	84	
1779	2	T 244	258	40	40	P 294	378	63	63	P 483	84	42	42	
1780	0	T 242	259	40	40	
1781	2	T 240	260	40	40	P 420	126	63	63	P 420	294	42	42	
1782	1	T 238	261	40	40	P 420	42	42	42	
1783	3	T 236	262	40	40	P 84	0	63	42	P 147	294	63	63	P 252	399	63	42	
1784	1	T 234	263	40	40	P 168	378	42	42	
1785	3	T 232	264	40	40	P 252	0	42	42	P 567	0	63	105	P 588	273	42	42	
1786	2	T 230	265	40	40	P 126	231	42	63	P 210	21	42	42	
1787	1	T 228	266	40	40	P 357	147	63	63	
1788	1	T 226	267	40	40	P 294	420	63	42	
1789	3	T 224	268	40	40	P 105	168	63	63	P 357	294	63	63	P 609	378	63	63	
1790	2	T 222	269	40	40	P 189	189	63	63	P 588	252	42	42	
1791	4	T 220	270	40	40	P 21	294	42	63	P 294	147	42	42	P 567	315	42	42	P 630	147	42	42	
1792	2	T 218	271	40	40	P 399	294	63	42	P 441	63	42	42	
1793	2	T 216	272	40	40	P 420	231	42	42	P 588	399	63	63	
1794	2	T 214	273	40	40	P 126	0	63	42	P 504	168	42	63	
1795	2	T 212	274	40	40	P 231	126	63	63	P 672	21	42	42	
1796	2	T 210	275	40	40	P 357	0	63	63	P 378	294	63	42	
1797	1	T 208	276	40	40	P 105	357	42	42	
1798	3	T 206	277	40	40	P 0	168	42	42	P 483	126	42	42	P 567	336	42	63	
1799	2	T 204	278	40	40	P 210	420	42	42	P 483	273	63	63	
1800	2	T 202	279	40	40	P 273	0	63	42	P 462	189	63	63	
1801	0	T 200	280	40	40	
1802	2	T 198	281	40	40	P 63	63	42	63	P 273	273	63	42	
1803	0	T 196	282	40	40	
1804	1	T 194	283	40	40	P 189	147	42	42	
1805	2	T 192	284	40	40	P 0	105	42	42	P 504	336	63	42	
1806	3	T 190	285	40	40	P 0	63	42	42	P 42	294	63	63	P 483	231	42	42	
1807	5	T 188	286	40	40	P 168	168	42	63	P 252	0	63	63	P 420	357	42	42	P 525	0	63	42	P 630	357	63	63	
1808	1	T 186	287	40	40	P 252	42	63	63	
1809	4	T 184	288	40	40	P 147	336	42	42	P 252	252	42	42	P 651	210	63	63	P 672	315	42	42	
1810	3	T 182	289	40	40	P 21	0	63	63	P 126	231	63	42	P 252	273	84	126	
1811	2	T 180	290	40	40	P 0	252	42	63	P 651	168	42	42	
1812	3	T 178	291	40	40	P 63	231	63	42	P 273	126	63	63	P 462	252	42	63	
1813	1	T 176	292	40	40	P 441	294	42	42	
1814	0	T 174	293	40	40	
1815	2	T 172	294	40	40	P 42	420	63	42	P 567	105	63	63	
1816	0	T 170	295	40	40	
1817	1	T 168	296	40	40	P 378	357	63	63	
1818	2	T 166	297	40	40	P 357	231	63	63	P 567	0	42	63	
1819	0	T 164	298	40	40	
1820	1	T 162	299	40	40	P 21	252	42	42	
1821	0	T 160	300	40	40	
1822	1	T 158	301	40	40	P 504	63	42	42	
1823	3	T 156	302	40	40	P 168	105	42	42	P 210	231	63	42	P 504	168	42	42	
1824	1	T 154	303	40	40	P 357	0	42	42	
1825	1	T 152	304	40	40	P 42	252	63	63	
1826	1	T 150	305	40	40	P 399	378	42	63	
1827	3	T 148	306	40	40	P 84	42	63	42	P 231	294	42	63	P 588	336	63	42	
1828	0	T 146	307	40	40	
1829	1	T 144	308	40	40	P 252	420	63	42	
1830	0	T 142	309	40	40	
1831	1	T 140	310	40	40	P 336	252	63	42	
1832	2	T 138	311	40	40	P 21	231	63	63	P 525	315	63	63	
1833	3	T 136	312	40	40	P 252	63	63	63	P 252	294	63	63	P 483	252	42	63	
1834	1	T 134	313	40	40	P 441	84	42	63	
1835	1	T 132	314	40	40	P 651	189	63	63	
1836	1	T 130	315	40	40	P 588	21	63	63	
1837	2	T 128	316	40	40	P 0	294	63	63	P 441	105	42	42	
1838	0	T 126	317	40	40	
1839	0	T 124	318	40	40	
1840	1	T 122	319	40	40	P 231	399	42	42	
1841	3	T 120	320	40	40	P 315	63	63	63	P 357	147	63	63	P 651	357	42	42	
1842	0	T 118	321	40	40	
1843	1	T 116	322	40	40	P 630	63	42	42	
1844	1	T 114	323	40	40	P 42	294	42	63	
1845	0	T 112	324	40	40	
1846	3	T 110	325	40	40	P 63	231	63	42	P 189	210	63	63	P 567	21	42	42	
1847	1	T 108	326	40	40	P 546	378	63	63	
1848	1	T 106	327	40	40	P 294	0	42	42	
1849	2	T 104	328	40	40	P 42	0	42	42	P 189	315	63	42	
1850	4	T 102	329	40	40	P 126	63	63	63	P 147	378	42	42	P 441	399	42	63	P 672	126	42	42	
1851	2	T 100	330	40	40	P 84	42	63	63	P 651	189	63	42	
1852	2	T 98	331	40	40	P 231	0	42	63	P 567	399	42	63	
1853	2	T 96	332	40	40	P 252	63	42	42	P 504	168	42	42	
1854	3	T 94	333	40	40	P 126	252	63	63	P 525	294	63	63	P 567	105	63	63	
1855	1	T 92	334	40	40	P 399	168	42	63	
1856	1	T 90	335	40	40	P 357	42	63	63	
1857	0	T 88	336	40	40	
1858	2	T 86	337	40	40	P 483	0	63	42	P 504	105	42	42	
1859	2	T 84	338	40	40	P 567	315	63	42	P 672	252	42	42	
1860	3	T 82	339	40	40	P 84	42	63	63	P 105	210	63	63	P 609	0	42	42	
1861	0	T 80	340	40	40	
1862	1	T 78	341	40	40	P 399	315	63	42	
1863	1	T 76	342	40	40	P 126	42	63	63	
1864	4	T 74	343	40	40	P 105	189	126	126	P 168	399	42	63	P 294	420	42	42	P 567	0	42	63	
1865	3	T 72	344	40	40	P 210	105	63	42	P 357	231	42	42	P 420	378	42	42	
1866	3	T 70	345	40	40	P 21	0	63	63	P 315	105	42	42	P 357	378	63	42	
1867	4	T 68	346	40	40	P 0	105	42	63	P 231	105	42	42	P 546	105	63	63	P 546	189	42	42	
1868	1	T 66	347	40	40	P 252	252	42	63	
1869	1	T 64	348	40	40	P 462	336	42	63	
1870	2	T 62	349	40	40	P 483	357	63	42	P 525	126	63	42	
1871	1	T 60	350	40	40	P 315	294	42	42	
1872	3	T 58	351	40	40	P 546	399	63	63	P 651	168	42	63	P 672	21	42	63	
1873	3	T 56	352	40	40	P 336	315	42	63	P 378	126	63	63	P 399	357	63	42	
1874	2	T 54	353	40	40	P 168	126	63	63	P 420	294	63	63	
1875	1	T 52	354	40	40	P 420	0	63	63	
1876	0	T 50	355	40	40	
1877	1	T 48	356	40	40	P 63	399	63	63	
1878	1	T 46	357	40	40	P 651	231	63	63	
1879	2	T 44	358	40	40	P 378	252	42	42	P 546	84	63	42	
1880	1	T 42	359	40	40	P 462	210	42	63	
1881	5	T 40	360	40	40	P 126	315	63	42	P 189	105	42	42	P 294	399	63	63	P 567	252	63	42	P 609	315	42	42	
1882	2	T 38	361	40	40	P 294	273	42	63	P 609	147	42	63	
1883	0	T 36	362	40	40	
1884	0	T 34	363	40	40	
1885	1	T 32	364	40	40	P 210	147	42	42	
1886	2	T 30	365	40	40	P 336	399	63	63	P 504	252	42	63	
1887	1	T 28	366	40	40	P 84	42	63	63	
1888	0	T 26	367	40	40	
1889	1	T 24	368	40	40	P 525	294	63	42	
1890	1	T 22	369	40	40	P 378	42	63	42	
1891	1	T 20	370	40	40	P 483	63	42	42	
1892	1	T 22	371	40	40	P 273	126	63	63	
1893	0	T 24	372	40	40	
1894	3	T 26	373	40	40	P 21	126	63	63	P 231	63	42	42	P 630	252	42	63	
1895	2	T 28	374	40	40	P 105	63	63	63	P 378	231	63	63	
1896	1	T 30	375	40	40	P 126	357	63	63	
1897	1	T 32	376	40	40	P 126	147	63	42	
1898	1	T 34	377	40	40	P 126	210	63	63	
1899	0	T 36	378	40	40	
1900	1	T 38	379	40	40	P 294	273	63	42	
1901	1	T 40	380	40	40	P 609	84	42	42	
1902	2	T 42	381	40	40	P 357	84	63	42	P 504	336	63	63	
1903	0	T 44	382	40	40	
1904	1	T 46	383	40	40	P 462	273	42	63	
1905	4	T 48	384	40	40	P 0	84	63	63	P 84	315	63	63	P 315	147	63	63	P 504	273	42	63	
1906	0	T 50	385	40	40	
1907	2	T 52	386	40	40	P 399	0	63	42	P 672	105	42	63	
1908	0	T 54	387	40	40	
1909	2	T 56	388	40	40	P 0	420	42	42	P 630	252	63	63	
1910	3	T 58	389	40	40	P 105	420	63	42	P 567	42	105	84	P 567	357	42	42	
1911	2	T 60	390	40	40	P 252	105	63	63	P 672	105	42	63	
1912	2	T 62	391	40	40	P 42	315	42	63	P 294	147	42	63	
1913	3	T 64	392	40	40	P 84	336	63	42	P 399	21	42	42	P 483	42	42	63	
1914	0	T 66	393	40	40	
1915	3	T 68	394	40	40	P 420	168	42	42	P 525	0	63	63	P 651	0	63	63	
1916	1	T 70	395	40	40	P 21	210	42	42	
1917	4	T 72	396	40	40	P 126	105	63	63	P 231	84	63	42	P 294	378	42	63	P 315	210	63	63	
1918	2	T 74	397	40	40	P 399	294	42	42	P 462	63	42	42	
1919	2	T 76	398	40	40	P 252	42	63	63	P 357	42	63	42	
1920	1	T 78	399	40	40	P 252	105	63	63	
1921	1	T 80	400	40	40	P 42	42	42	42	
1922	1	T 82	401	40	40	P 483	252	42	42	
1923	1	T 84	402	40	40	P 273	0	63	42	
1924	3	T 86	403	40	40	P 294	294	63	63	P 378	105	42	42	P 483	126	63	42	
1925	1	T 88	404	40	40	P 483	0	63	63	
1926	2	T 90	405	40	40	P 189	210	63	63	P 315	210	42	42	
1927	1	T 92	406	40	40	P 567	357	42	42	
1928	4	T 94	407	40	40	P 0	399	42	63	P 252	0	42	42	P 504	147	63	42	P 546	231	42	42	
1929	1	T 96	408	40	40	P 357	126	63	42	
1930	1	T 98	409	40	40	P 525	63	63	63	
1931	0	T 100	410	40	40	
1932	1	T 102	411	40	40	P 168	105	63	42	
1933	2	T 104	412	40	40	P 315	336	63	63	P 672	399	42	63	
1934	0	T 106	413	40	40	
1935	2	T 108	414	40	40	P 525	147	42	42	P 651	357	42	63	
1936	0	T 110	415	40	40	
1937	1	T 112	416	40	40	P 483	0	42	63	
1938	1	T 114	417	40	40	P 462	21	42	42	
1939	1	T 116	418	40	40	P 504	168	63	42	
1940	2	T 118	419	40	40	P 21	399	63	42	P 315	378	63	63	
1941	3	T 120	420	40	40	P 84	147	42	42	P 105	63	63	63	P 210	294	42	42	
1942	0	T 122	419	40	40	
1943	0	T 124	418	40	40	
1944	2	T 126	417	40	40	P 336	126	42	63	P 378	0	63	42	
1945	3	T 128	416	40	40	P 84	357	63	63	P 357	147	63	63	P 378	0	63	63	
1946	0	T 130	415	40	40	
1947	2	T 132	414	40	40	P 378	378	42	42	P 567	147	63	63	
1948	0	T 134	413	40	40	
1949	3	T 136	412	40	40	P 0	378	42	63	P 84	336	63	42	P 147	63	42	63	
1950	3	T 138	411	40	40	P 0	399	42	63	P 63	273	42	63	P 126	336	63	63	
1951	1	T 140	410	40	40	P 0	21	42	63	
1952	0	T 142	409	40	40	
1953	0	T 144	408	40	40	
1954	0	T 146	407	40	40	
1955	5	T 148	406	40	40	P 84	357	42	42	P 294	147	42	42	P 336	357	42	42	P 462	21	63	63	P 525	168	63	42	
1956	3	T 150	405	40	40	P 42	84	42	42	P 399	189	42	42	P 651	126	42	42	
1957	0	T 152	404	40	40	
1958	0	T 154	403	40	40	
1959	2	T 156	402	40	40	P 63	294	63	42	P 378	105	63	63	
1960	2	T 158	401	40	40	P 504	0	63	42	P 651	294	42	42	
1961	2	T 160	400	40	40	P 42	210	63	63	P 672	189	42	42	
1962	0	T 162	399	40	40	
1963	1	T 164	398	40	40	P 672	252	42	63	
1964	1	T 166	397	40	40	P 0	189	84	105	
1965	1	T 168	396	40	40	P 0	378	42	42	
1966	4	T 170	395	40	40	P 294	168	42	42	P 462	336	42	63	P 567	231	42	63	P 588	168	42	42	
1967	1	T 172	394	40	40	P 105	0	42	42	
1968	1	T 174	393	40	40	P 147	210	42	42	
1969	5	T 176	392	40	40	P 294	84	42	63	P 315	357	42	42	P 399	63	63	63	P 525	21	63	42	P 609	231	42	42	
1970	0	T 178	391	40	40	
1971	0	T 180	390	40	40	
1972	3	T 182	389	40	40	P 63	399	42	63	P 126	147	63	84	P 630	42	63	63	
1973	1	T 184	388	40	40	P 504	189	63	42	
1974	0	T 186	387	40	40	
1975	4	T 188	386	40	40	P 189	0	42	42	P 315	42	42	42	P 504	399	63	63	P 630	168	63	63	
1976	1	T 190	385	40	40	P 630	63	42	42	
1977	0	T 192	384	40	40	
1978	2	T 194	383	40	40	P 567	420	63	42	P 588	147	63	63	
1979	0	T 196	382	40	40	
1980	0	T 198	381	40	40	
1981	2	T 200	380	40	40	P 42	357	63	63	P 168	189	84	63	
1982	0	T 202	379	40	40	
1983	1	T 204	378	40	40	P 336	42	63	42	
1984	1	T 206	377	40	40	P 0	336	84	105	
1985	3	T 208	376	40	40	P 126	336	42	42	P 420	210	63	63	P 630	252	63	63	
1986	1	T 210	375	40	40	P 105	294	63	63	
1987	1	T 212	374	40	40	P 315	21	63	63	
1988	1	T 214	373	40	40	P 252	84	63	63	
1989	2	T 216	372	40	40	P 378	21	42	42	P 588	189	63	63	
1990	0	T 218	371	40	40	
1991	2	T 220	370	40	40	P 147	315	42	63	P 231	126	63	42	
1992	0	T 222	369	40	40	
1993	1	T 224	368	40	40	P 0	399	42	42	
1994	1	T 226	367	40	40	P 21	147	42	42	
1995	2	T 228	366	40	40	P 483	294	63	42	P 504	357	63	42	
1996	3	T 230	365	40	40	P 63	63	63	63	P 441	399	63	63	P 483	84	63	63	
1997	2	T 232	364	40	40	P 189	63	63	63	P 546	399	63	42	
1998	1	T 234	363	40	40	P 0	105	42	42	
1999	1	T 236	362	40	40	P 147	147	42	63	
2000	2	T 238	361	40	40	P 0	273	42	42	P 504	315	42	42	
