1	0	T 80	80	40	40	
2	1	T 82	81	40	40	P 68	66	64	66	
3	2	T 84	82	40	40	P 68	66	64	66	P 68	66	64	66	
4	3	T 86	83	40	40	P 74	70	64	66	P 68	66	64	66	P 130	116	1	6	
5	3	T 88	84	40	40	P 76	72	64	64	P 130	116	1	6	P 82	74	8	1	
6	3	T 90	85	40	40	P 79	70	63	66	P 82	74	8	1	P 75	116	1	8	
7	3	T 92	86	40	40	P 78	70	57	66	P 75	116	1	8	P 78	70	57	66	
8	2	T 94	87	40	40	P 87	74	56	28	P 87	74	59	64	
9	2	T 96	88	40	40	P 82	76	66	64	P 87	74	59	64	
10	1	T 98	89	40	40	P 86	76	64	64	
11	2	T 100	90	40	40	P 88	78	64	64	P 82	82	28	34	
12	2	T 102	91	40	40	P 88	78	66	64	P 82	82	28	34	
13	2	T 104	92	40	40	P 90	80	66	66	P 82	82	28	34	
14	1	T 106	93	40	40	P 94	80	64	64	
15	1	T 108	94	40	40	P 94	80	66	66	
16	1	T 110	95	40	40	P 98	82	64	66	
17	3	T 112	96	40	40	P 100	82	64	66	P 138	80	4	2	P 138	80	4	2	
18	3	T 114	97	40	40	P 102	84	64	66	P 138	80	4	2	P 138	80	4	2	
19	1	T 116	98	40	40	P 107	86	59	28	
20	4	T 118	99	40	40	P 107	118	60	32	P 156	89	4	2	P 116	90	8	1	P 106	86	64	64	
21	4	T 120	100	40	40	P 106	88	66	64	P 156	89	4	2	P 116	90	8	1	P 106	86	64	64	
22	3	T 122	101	40	40	P 112	88	55	32	P 154	90	4	1	P 113	124	54	30	
23	4	T 124	102	40	40	P 116	90	59	28	P 158	91	8	3	P 114	122	61	32	P 122	93	8	1	
24	6	T 126	103	40	40	P 121	92	50	30	P 158	91	8	3	P 116	126	50	30	P 122	93	8	1	P 120	96	12	3	P 169	128	3	20	
25	6	T 128	104	40	40	P 114	90	68	66	P 116	126	50	30	P 120	96	12	3	P 169	128	3	20	P 175	102	2	8	P 175	102	2	8	
26	6	T 130	105	40	40	P 116	92	66	64	P 175	102	2	8	P 175	102	2	8	P 126	93	4	2	P 126	93	4	2	P 124	97	18	5	
27	4	T 132	106	40	40	P 120	94	64	64	P 126	93	4	2	P 126	93	4	2	P 124	97	18	5	
28	1	T 134	107	40	40	P 122	94	64	64	
29	1	T 136	108	40	40	P 124	96	64	64	
30	1	T 138	109	40	40	P 129	96	61	64	
31	3	T 140	110	40	40	P 126	96	62	64	P 136	157	6	2	P 136	157	6	2	
32	3	T 142	111	40	40	P 130	98	64	66	P 136	157	6	2	P 136	157	6	2	
33	3	T 144	112	40	40	P 133	98	59	64	P 134	104	18	8	P 130	98	66	66	
34	4	T 146	113	40	40	P 134	100	64	66	P 134	104	18	8	P 128	98	59	64	P 176	101	6	1	
35	4	T 148	114	40	40	P 134	100	66	66	P 128	98	59	64	P 176	101	6	1	P 180	104	10	3	
36	2	T 150	115	40	40	P 136	102	66	66	P 180	104	10	3	
37	1	T 152	116	40	40	P 138	102	66	66	
38	1	T 154	117	40	40	P 140	104	66	66	
39	1	T 156	118	40	40	P 142	104	66	66	
40	3	T 158	119	40	40	P 142	104	66	66	P 147	142	9	24	P 151	110	10	22	
41	5	T 160	120	40	40	P 146	108	68	64	P 181	106	25	40	P 151	110	10	22	P 158	140	13	30	P 181	106	25	40	
42	4	T 162	121	40	40	P 148	108	68	66	P 181	106	25	40	P 158	140	13	30	P 181	106	25	40	
43	1	T 164	122	40	40	P 150	108	66	68	
44	1	T 166	123	40	40	P 154	110	64	64	
45	1	T 168	124	40	40	P 154	110	66	68	
46	1	T 170	125	40	40	P 156	112	66	66	
47	1	T 172	126	40	40	P 158	112	66	66	
48	1	T 174	127	40	40	P 160	114	66	66	
49	1	T 176	128	40	40	P 162	114	66	66	
50	1	T 178	129	40	40	P 164	116	68	66	
51	1	T 180	130	40	40	P 166	116	66	66	
52	2	T 182	131	40	40	P 168	118	66	64	P 218	120	6	2	
53	3	T 184	132	40	40	P 168	118	66	64	P 218	120	6	2	P 176	138	1	14	
54	2	T 186	133	40	40	P 172	118	66	68	P 174	138	29	44	
55	4	T 188	134	40	40	P 174	120	66	66	P 174	138	29	44	P 184	122	6	2	P 184	122	6	2	
56	3	T 190	135	40	40	P 176	122	66	66	P 184	122	6	2	P 184	122	6	2	
57	1	T 192	136	40	40	P 178	124	66	64	
58	1	T 194	137	40	40	P 182	124	64	66	
59	1	T 196	138	40	40	P 182	124	68	66	
60	1	T 198	139	40	40	P 184	126	66	66	
61	1	T 200	140	40	40	P 186	126	66	66	
62	2	T 202	141	40	40	P 190	128	64	66	P 202	130	8	2	
63	2	T 204	142	40	40	P 190	128	66	66	P 202	130	8	2	
64	2	T 206	143	40	40	P 192	130	66	65	P 226	129	4	2	
65	2	T 208	144	40	40	P 196	130	62	66	P 226	129	4	2	
66	2	T 210	145	40	40	P 196	132	66	66	P 242	134	12	4	
67	2	T 212	146	40	40	P 198	134	66	64	P 242	134	12	4	
68	1	T 214	147	40	40	P 200	134	66	66	
69	1	T 216	148	40	40	P 202	136	66	66	
70	1	T 218	149	40	40	P 202	136	66	66	
71	1	T 220	150	40	40	P 208	136	64	66	
72	1	T 222	151	40	40	P 208	138	68	66	
73	1	T 224	152	40	40	P 210	138	66	66	
74	1	T 226	153	40	40	P 212	140	66	66	
75	4	T 228	154	40	40	P 214	142	66	64	P 230	139	40	39	P 222	143	4	2	P 222	143	4	2	
76	4	T 230	155	40	40	P 216	142	66	66	P 230	139	40	39	P 222	143	4	2	P 222	143	4	2	
77	2	T 232	156	40	40	P 218	142	66	66	P 230	139	40	39	
78	1	T 234	157	40	40	P 222	144	64	66	
79	3	T 236	158	40	40	P 222	144	66	66	P 232	148	10	1	P 232	149	14	2	
80	3	T 238	159	40	40	P 224	146	66	66	P 232	148	10	1	P 232	149	14	2	
81	1	T 240	160	40	40	P 226	146	66	66	
82	3	T 242	161	40	40	P 230	148	64	66	P 262	143	6	2	P 262	143	6	2	
83	3	T 244	162	40	40	P 230	148	66	66	P 262	143	6	2	P 262	143	6	2	
84	2	T 246	163	40	40	P 232	150	66	64	P 228	145	6	1	
85	2	T 248	164	40	40	P 234	150	66	66	P 228	145	6	1	
86	1	T 250	165	40	40	P 236	152	66	66	
87	1	T 252	166	40	40	P 238	152	66	68	
88	1	T 254	167	40	40	P 240	154	68	66	
89	1	T 256	168	40	40	P 244	156	64	64	
90	1	T 258	169	40	40	P 244	156	66	66	
91	1	T 260	170	40	40	P 246	156	66	66	
92	1	T 262	171	40	40	P 250	168	44	54	
93	2	T 264	172	40	40	P 250	158	66	66	P 256	158	6	2	
94	2	T 266	173	40	40	P 252	158	66	68	P 256	158	6	2	
95	2	T 268	174	40	40	P 254	160	66	66	P 264	163	8	3	
96	2	T 270	175	40	40	P 256	162	68	66	P 264	163	8	3	
97	1	T 272	176	40	40	P 258	162	66	66	
98	3	T 274	177	40	40	P 260	164	66	66	P 268	164	6	2	P 268	164	6	2	
99	3	T 276	178	40	40	P 262	164	66	66	P 268	164	6	2	P 268	164	6	2	
100	2	T 278	179	40	40	P 264	166	66	66	P 270	169	18	7	
101	2	T 280	180	40	40	P 268	166	64	66	P 270	169	18	7	
102	1	T 282	181	40	40	P 268	168	66	66	
103	2	T 284	182	40	40	P 270	168	68	66	P 280	171	8	3	
104	2	T 286	183	40	40	P 274	170	64	66	P 280	171	8	3	
105	4	T 288	184	40	40	P 274	172	66	64	P 277	176	23	22	P 306	164	4	2	P 306	164	4	2	
106	4	T 290	185	40	40	P 276	172	66	66	P 277	176	23	22	P 306	164	4	2	P 306	164	4	2	
107	1	T 292	186	40	40	P 278	172	66	66	
108	1	T 294	187	40	40	P 280	174	66	66	
109	2	T 296	188	40	40	P 282	174	68	66	P 292	177	24	3	
110	2	T 298	189	40	40	P 284	176	66	66	P 292	177	24	3	
111	2	T 300	190	40	40	P 286	176	68	66	P 326	179	8	1	
112	2	T 302	191	40	40	P 288	178	66	66	P 326	179	8	1	
113	2	T 304	192	40	40	P 290	178	66	66	P 312	179	14	2	
114	2	T 306	193	40	40	P 292	178	68	68	P 312	179	14	2	
115	1	T 308	194	40	40	P 294	180	66	66	
116	1	T 310	195	40	40	P 296	182	66	66	
117	1	T 312	196	40	40	P 298	182	66	66	
118	1	T 314	197	40	40	P 300	184	66	66	
119	1	T 316	198	40	40	P 302	184	66	66	
120	1	T 318	199	40	40	P 304	186	68	66	
121	1	T 320	200	40	40	P 306	186	66	66	
122	1	T 322	201	40	40	P 308	188	68	66	
123	2	T 324	202	40	40	P 310	188	66	66	P 340	190	8	5	
124	2	T 326	203	40	40	P 312	190	66	66	P 340	190	8	5	
125	1	T 328	204	40	40	P 314	190	68	66	
126	1	T 330	205	40	40	P 316	192	66	66	
127	1	T 332	206	40	40	P 318	192	66	66	
128	2	T 334	207	40	40	P 320	194	68	66	P 328	195	8	3	
129	2	T 336	208	40	40	P 322	196	66	64	P 328	195	8	3	
130	2	T 338	209	40	40	P 324	196	66	66	P 328	195	8	3	
131	1	T 340	210	40	40	P 326	196	66	66	
132	1	T 342	211	40	40	P 328	198	66	66	
133	3	T 344	212	40	40	P 330	198	66	66	P 366	194	6	3	P 366	194	6	3	
134	3	T 346	213	40	40	P 332	200	66	66	P 366	194	6	3	P 366	194	6	3	
135	1	T 348	214	40	40	P 334	200	66	66	
136	3	T 350	215	40	40	P 334	200	66	66	P 340	234	29	34	P 339	208	10	20	
137	4	T 352	216	40	40	P 338	202	68	66	P 340	234	29	34	P 339	208	10	20	P 348	204	10	5	
138	2	T 354	217	40	40	P 340	204	66	66	P 348	204	10	5	
139	1	T 356	218	40	40	P 342	204	66	66	
140	1	T 358	219	40	40	P 346	206	66	66	
141	1	T 360	220	40	40	P 346	206	66	66	
142	1	T 362	221	40	40	P 348	208	66	66	
143	1	T 364	222	40	40	P 350	210	66	64	
144	1	T 366	223	40	40	P 352	210	66	66	
145	2	T 368	224	40	40	P 354	210	68	66	P 384	203	6	2	
146	2	T 370	225	40	40	P 354	212	68	66	P 384	203	6	2	
147	2	T 372	226	40	40	P 358	212	68	66	P 384	203	6	2	
148	1	T 374	227	40	40	P 362	214	64	66	
149	2	T 376	228	40	40	P 362	214	66	68	P 374	217	16	2	
150	2	T 378	229	40	40	P 364	216	66	66	P 374	217	16	2	
151	1	T 380	230	40	40	P 366	216	66	66	
152	1	T 382	231	40	40	P 368	218	68	66	
153	1	T 384	232	40	40	P 370	218	68	66	
154	1	T 386	233	40	40	P 374	220	66	64	
155	3	T 388	234	40	40	P 374	220	66	66	P 384	222	6	3	P 384	222	6	3	
156	3	T 390	235	40	40	P 376	222	66	64	P 384	222	6	3	P 384	222	6	3	
157	1	T 392	236	40	40	P 378	222	66	66	
158	1	T 394	237	40	40	P 380	224	66	66	
159	1	T 396	238	40	40	P 382	224	66	66	
160	1	T 398	239	40	40	P 384	226	66	66	
161	3	T 400	240	40	40	P 386	226	68	66	P 424	225	8	2	P 424	225	8	2	
162	3	T 402	241	40	40	P 388	228	66	66	P 424	225	8	2	P 424	225	8	2	
163	2	T 404	242	40	40	P 390	230	66	64	P 394	226	8	2	
164	4	T 406	243	40	40	P 392	230	66	66	P 394	226	8	2	P 400	231	10	4	P 400	231	10	4	
165	4	T 408	244	40	40	P 394	230	66	66	P 394	226	8	2	P 400	231	10	4	P 400	231	10	4	
166	1	T 410	245	40	40	P 396	232	66	66	
167	2	T 412	246	40	40	P 396	232	66	66	P 444	291	4	2	
168	2	T 414	247	40	40	P 400	234	66	66	P 444	291	4	2	
169	2	T 416	248	40	40	P 402	234	66	66	P 444	291	4	2	
170	2	T 418	249	40	40	P 404	236	66	66	P 432	235	12	1	
171	2	T 420	250	40	40	P 406	236	68	66	P 432	235	12	1	
172	3	T 422	251	40	40	P 408	238	68	66	P 412	236	6	2	P 412	236	6	2	
173	3	T 424	252	40	40	P 410	238	68	66	P 412	236	6	2	P 412	236	6	2	
174	1	T 426	253	40	40	P 412	240	68	66	
175	1	T 428	254	40	40	P 414	240	66	66	
176	1	T 430	255	40	40	P 416	242	66	66	
177	1	T 432	256	40	40	P 420	242	64	66	
178	2	T 434	257	40	40	P 420	244	66	66	P 466	306	8	2	
179	3	T 436	258	40	40	P 422	244	66	66	P 466	306	8	2	P 414	297	8	1	
180	2	T 438	259	40	40	P 422	246	68	66	P 414	297	8	1	
181	1	T 440	260	40	40	P 426	246	66	66	
182	1	T 442	261	40	40	P 428	246	66	68	
183	1	T 444	262	40	40	P 430	248	66	66	
184	1	T 446	263	40	40	P 432	250	66	64	
185	1	T 448	264	40	40	P 434	250	68	66	
186	1	T 450	265	40	40	P 436	252	66	64	
187	2	T 452	266	40	40	P 424	238	40	52	P 438	252	64	66	
188	2	T 454	267	40	40	P 440	252	66	68	P 438	252	64	66	
189	1	T 456	268	40	40	P 442	256	66	64	
190	1	T 458	269	40	40	P 444	256	66	64	
191	1	T 460	270	40	40	P 446	256	66	66	
192	1	T 462	271	40	40	P 450	258	64	66	
193	2	T 464	272	40	40	P 450	258	64	66	P 457	272	4	14	
194	2	T 466	273	40	40	P 452	260	66	64	P 456	294	30	32	
195	2	T 468	274	40	40	P 454	260	66	66	P 456	294	30	32	
196	2	T 470	275	40	40	P 456	262	66	66	P 462	264	22	9	
197	2	T 472	276	40	40	P 458	262	68	66	P 462	264	22	9	
198	2	T 474	277	40	40	P 460	264	66	66	P 508	266	8	3	
199	4	T 476	278	40	40	P 462	264	66	66	P 508	267	10	3	P 502	263	8	3	P 502	263	8	3	
200	4	T 478	279	40	40	P 464	266	66	64	P 508	267	10	3	P 502	263	8	3	P 502	263	8	3	
201	1	T 480	280	40	40	P 466	266	66	68	
202	1	T 482	281	40	40	P 468	268	66	66	
203	1	T 484	282	40	40	P 470	268	66	66	
204	1	T 486	283	40	40	P 474	270	64	66	
205	1	T 488	284	40	40	P 474	270	66	66	
206	1	T 490	285	40	40	P 476	272	66	66	
207	1	T 492	286	40	40	P 480	272	64	66	
208	1	T 494	287	40	40	P 480	274	66	66	
209	1	T 496	288	40	40	P 482	274	66	66	
210	1	T 498	289	40	40	P 484	276	66	64	
211	1	T 500	290	40	40	P 486	276	66	66	
212	1	T 502	291	40	40	P 488	278	66	64	
213	1	T 504	292	40	40	P 490	280	66	64	
214	1	T 506	293	40	40	P 492	280	66	66	
215	3	T 508	294	40	40	P 494	280	66	66	P 526	275	6	2	P 526	275	6	2	
216	3	T 510	295	40	40	P 496	282	66	64	P 526	275	6	2	P 526	275	6	2	
217	1	T 512	296	40	40	P 498	282	66	66	
218	1	T 514	297	40	40	P 500	284	66	66	
219	1	T 516	298	40	40	P 504	284	64	66	
220	1	T 518	299	40	40	P 504	286	66	66	
221	1	T 520	300	40	40	P 506	286	68	66	
222	1	T 522	301	40	40	P 510	288	64	66	
223	1	T 524	302	40	40	P 510	288	66	66	
224	1	T 526	303	40	40	P 514	290	64	66	
225	1	T 528	304	40	40	P 514	290	66	66	
226	1	T 530	305	40	40	P 516	292	66	66	
227	2	T 532	306	40	40	P 518	292	66	66	P 524	290	6	1	
228	2	T 534	307	40	40	P 520	294	66	66	P 526	290	8	1	
229	2	T 536	308	40	40	P 524	294	64	66	P 526	290	8	1	
230	1	T 538	309	40	40	P 524	296	66	66	
231	3	T 540	310	40	40	P 526	296	66	66	P 562	301	6	1	P 574	298	12	5	
232	4	T 542	311	40	40	P 528	298	66	66	P 562	301	6	1	P 574	298	12	5	P 562	293	6	1	
233	3	T 544	312	40	40	P 530	298	66	66	P 578	302	10	3	P 562	293	6	1	
234	2	T 546	313	40	40	P 532	300	66	66	P 578	302	10	3	
235	1	T 548	314	40	40	P 536	302	64	64	
236	1	T 550	315	40	40	P 536	302	66	66	
237	1	T 552	316	40	40	P 538	302	66	66	
238	1	T 554	317	40	40	P 540	304	66	66	
239	1	T 556	318	40	40	P 542	304	66	66	
240	4	T 558	319	40	40	P 544	306	68	66	P 584	304	6	3	P 584	304	6	3	P 588	369	10	2	
241	4	T 560	320	40	40	P 546	306	66	66	P 584	304	6	3	P 584	304	6	3	P 588	369	10	2	
242	1	T 562	321	40	40	P 548	308	66	66	
243	2	T 564	322	40	40	P 550	308	66	64	P 560	311	16	4	
244	2	T 566	323	40	40	P 554	310	64	66	P 560	311	16	4	
245	1	T 568	324	40	40	P 559	318	30	58	
246	2	T 570	325	40	40	P 556	312	68	66	P 598	315	10	1	
247	2	T 572	326	40	40	P 558	312	66	66	P 598	315	10	1	
248	3	T 574	327	40	40	P 560	314	66	64	P 556	326	2	4	P 556	326	2	4	
249	3	T 576	328	40	40	P 562	314	66	66	P 556	326	2	4	P 556	326	2	4	
250	1	T 578	329	40	40	P 564	318	66	64	
251	1	T 580	330	40	40	P 566	316	66	66	
252	1	T 582	331	40	40	P 568	318	68	66	
253	1	T 584	332	40	40	P 570	318	68	66	
254	1	T 586	333	40	40	P 572	320	66	66	
255	1	T 588	334	40	40	P 574	320	66	68	
256	1	T 590	335	40	40	P 578	320	64	68	
257	1	T 592	336	40	40	P 578	322	66	66	
258	1	T 594	337	40	40	P 580	324	66	66	
259	1	T 596	338	40	40	P 582	324	66	66	
260	1	T 598	339	40	40	P 586	326	64	66	
261	1	T 600	340	40	40	P 586	326	66	66	
262	1	T 602	341	40	40	P 588	326	66	68	
263	3	T 604	342	40	40	P 590	328	66	66	P 632	327	6	2	P 632	327	6	2	
264	3	T 606	343	40	40	P 592	330	66	66	P 632	327	6	2	P 632	327	6	2	
265	1	T 608	344	40	40	P 594	332	66	64	
266	2	T 610	345	40	40	P 596	330	66	68	P 640	332	8	3	
267	3	T 612	346	40	40	P 598	332	66	66	P 638	333	8	1	P 640	332	8	3	
268	3	T 614	347	40	40	P 600	334	66	66	P 640	332	8	3	P 640	332	8	3	
269	2	T 616	348	40	40	P 602	334	66	66	P 640	332	8	3	
270	1	T 618	349	40	40	P 604	336	68	66	
271	3	T 620	350	40	40	P 606	336	66	66	P 648	395	6	2	P 648	395	6	2	
272	3	T 622	351	40	40	P 608	338	66	66	P 648	395	6	2	P 648	395	6	2	
273	1	T 624	352	40	40	P 612	338	64	66	
274	1	T 626	353	40	40	P 612	338	64	66	
275	1	T 628	354	40	40	P 616	340	64	66	
276	2	T 630	355	40	40	P 616	342	66	66	P 639	360	3	8	
277	2	T 632	356	40	40	P 618	342	66	66	P 639	360	3	8	
278	1	T 634	357	40	40	P 620	344	68	66	
279	1	T 636	358	40	40	P 622	344	66	66	
280	1	T 638	359	40	40	P 624	346	66	66	
281	3	T 640	360	40	40	P 626	346	68	66	P 645	340	3	2	P 645	340	3	2	
282	3	T 642	361	40	40	P 628	348	66	66	P 645	340	3	2	P 645	340	3	2	
283	1	T 644	362	40	40	P 630	348	66	66	
284	1	T 646	363	40	40	P 634	350	64	66	
285	1	T 648	364	40	40	P 634	352	66	66	
286	1	T 650	365	40	40	P 636	352	66	66	
287	1	T 652	366	40	40	P 638	354	68	62	
288	1	T 654	367	40	40	P 640	354	66	66	
289	1	T 656	368	40	40	P 642	354	66	66	
290	3	T 658	369	40	40	P 644	356	68	66	P 678	350	4	2	P 678	350	4	2	
291	3	T 660	370	40	40	P 646	356	66	68	P 678	350	4	2	P 678	350	4	2	
292	3	T 658	371	40	40	P 644	358	68	66	P 654	417	6	2	P 654	417	6	2	
293	3	T 656	372	40	40	P 642	358	66	66	P 654	417	6	2	P 654	417	6	2	
294	1	T 654	373	40	40	P 642	360	64	66	
295	1	T 652	374	40	40	P 638	360	66	66	
296	1	T 650	375	40	40	P 636	362	66	64	
297	1	T 648	376	40	40	P 634	362	66	66	
298	1	T 646	377	40	40	P 632	364	66	66	
299	3	T 644	378	40	40	P 630	364	66	66	P 686	364	6	2	P 686	364	6	2	
300	3	T 642	379	40	40	P 628	366	66	66	P 686	364	6	2	P 686	364	6	2	
301	2	T 640	380	40	40	P 626	366	68	66	P 615	374	41	32	
302	3	T 638	381	40	40	P 624	368	66	66	P 615	374	41	32	P 672	371	10	2	
303	3	T 636	382	40	40	P 622	368	66	66	P 615	374	41	32	P 672	371	10	2	
304	2	T 634	383	40	40	P 618	368	69	68	P 672	371	10	2	
305	1	T 632	384	40	40	P 620	370	64	66	
306	1	T 630	385	40	40	P 616	372	66	66	
307	1	T 628	386	40	40	P 614	372	68	66	
308	2	T 626	387	40	40	P 614	374	62	66	P 636	370	6	2	
309	3	T 624	388	40	40	P 610	374	66	66	P 636	370	6	2	P 622	376	6	4	
310	2	T 622	389	40	40	P 608	376	66	66	P 626	377	6	1	
311	2	T 620	390	40	40	P 608	376	66	66	P 626	377	6	1	
312	2	T 618	391	40	40	P 606	378	65	64	P 614	381	10	3	
313	2	T 616	392	40	40	P 602	378	66	66	P 614	381	10	3	
314	1	T 614	393	40	40	P 600	378	67	66	
315	1	T 612	394	40	40	P 598	380	66	66	
316	2	T 610	395	40	40	P 596	382	66	66	P 618	380	8	1	
317	2	T 608	396	40	40	P 596	382	64	66	P 618	380	8	1	
318	2	T 606	397	40	40	P 592	384	66	66	P 602	386	8	3	
319	2	T 604	398	40	40	P 590	384	68	66	P 602	386	8	3	
320	1	T 602	399	40	40	P 592	386	62	64	
321	1	T 600	400	40	40	P 586	386	66	66	
322	1	T 598	401	40	40	P 584	388	66	66	
323	1	T 596	402	40	40	P 582	388	66	66	
324	1	T 594	403	40	40	P 580	388	66	68	
325	1	T 592	404	40	40	P 580	390	64	66	
326	1	T 590	405	40	40	P 576	392	66	66	
327	2	T 588	406	40	40	P 574	392	66	66	P 584	395	8	3	
328	3	T 586	407	40	40	P 572	394	66	64	P 584	395	8	3	P 614	395	10	2	
329	2	T 584	408	40	40	P 570	394	66	68	P 614	395	10	2	
330	2	T 582	409	40	40	P 568	396	66	66	P 608	459	12	1	
331	2	T 580	410	40	40	P 566	396	66	66	P 608	459	12	1	
332	2	T 578	411	40	40	P 564	396	66	68	P 604	399	8	1	
333	3	T 576	412	40	40	P 562	398	66	66	P 604	399	8	1	P 574	401	6	4	
334	2	T 574	413	40	40	P 562	400	66	66	P 574	401	6	4	
335	2	T 572	414	40	40	P 558	400	66	66	P 570	404	6	2	
336	2	T 570	415	40	40	P 556	402	66	66	P 570	404	6	2	
337	1	T 568	416	40	40	P 554	402	68	66	
338	2	T 566	417	40	40	P 552	402	66	68	P 562	407	8	2	
339	2	T 564	418	40	40	P 550	404	66	66	P 562	407	8	2	
340	2	T 562	419	40	40	P 550	404	66	66	P 603	410	7	16	
341	3	T 560	420	40	40	P 546	406	66	68	P 552	438	34	32	P 552	438	34	32	
342	3	T 558	419	40	40	P 544	406	66	66	P 552	438	34	32	P 552	438	34	32	
343	2	T 556	418	40	40	P 542	404	66	66	P 548	407	22	9	
344	2	T 554	417	40	40	P 543	404	63	66	P 548	407	22	9	
345	1	T 552	416	40	40	P 538	402	66	66	
346	2	T 550	415	40	40	P 536	402	66	66	P 552	408	6	1	
347	3	T 548	414	40	40	P 536	400	64	66	P 552	408	6	1	P 546	403	6	2	
348	2	T 546	413	40	40	P 532	400	68	64	P 546	403	6	2	
349	2	T 544	412	40	40	P 532	398	66	66	P 578	400	4	2	
350	2	T 542	411	40	40	P 528	398	66	66	P 578	400	4	2	
351	1	T 540	410	40	40	P 526	396	67	66	
352	3	T 538	409	40	40	P 526	396	67	66	P 529	406	4	16	P 528	444	2	8	
353	3	T 536	408	40	40	P 522	394	66	68	P 533	434	24	26	P 528	444	2	8	
354	2	T 534	407	40	40	P 520	394	68	66	P 533	434	24	26	
355	1	T 532	406	40	40	P 518	392	66	66	
356	1	T 530	405	40	40	P 516	390	66	68	
357	1	T 528	404	40	40	P 516	390	64	66	
358	1	T 526	403	40	40	P 512	390	66	66	
359	1	T 524	402	40	40	P 510	388	66	66	
360	1	T 522	401	40	40	P 508	388	66	66	
361	2	T 520	400	40	40	P 506	386	66	66	P 554	449	8	2	
362	2	T 518	399	40	40	P 504	386	66	66	P 554	449	8	2	
363	1	T 516	398	40	40	P 502	384	66	66	
364	1	T 514	397	40	40	P 500	384	68	64	
365	1	T 512	396	40	40	P 498	382	66	66	
366	1	T 510	395	40	40	P 496	382	66	66	
367	4	T 508	394	40	40	P 494	380	68	66	P 564	393	4	2	P 564	393	4	2	P 506	383	6	2	
368	4	T 506	393	40	40	P 492	380	68	66	P 564	393	4	2	P 564	393	4	2	P 506	383	6	2	
369	1	T 504	392	40	40	P 490	378	66	66	
370	1	T 502	391	40	40	P 488	378	66	66	
371	1	T 500	390	40	40	P 488	376	64	66	
372	1	T 498	389	40	40	P 484	376	66	66	
373	2	T 496	388	40	40	P 482	374	66	66	P 540	383	6	1	
374	2	T 494	387	40	40	P 480	372	66	68	P 540	383	6	1	
375	1	T 492	386	40	40	P 478	372	66	66	
376	1	T 490	385	40	40	P 476	372	66	66	
377	1	T 488	384	40	40	P 474	370	66	66	
378	1	T 486	383	40	40	P 472	370	68	66	
379	2	T 484	382	40	40	P 470	368	66	68	P 520	371	6	2	
380	2	T 482	381	40	40	P 468	368	66	66	P 520	371	6	2	
381	1	T 480	380	40	40	P 466	366	66	66	
382	1	T 478	379	40	40	P 464	366	66	66	
383	1	T 476	378	40	40	P 462	364	68	66	
384	1	T 474	377	40	40	P 460	364	66	66	
385	2	T 472	376	40	40	P 460	364	66	66	P 461	382	3	6	
386	3	T 470	375	40	40	P 456	362	66	66	P 461	382	3	6	P 500	364	6	1	
387	2	T 468	374	40	40	P 454	360	66	66	P 500	364	6	1	
388	1	T 466	373	40	40	P 454	358	64	68	
389	1	T 464	372	40	40	P 450	358	66	66	
390	1	T 462	371	40	40	P 450	358	64	66	
391	1	T 460	370	40	40	P 446	356	66	66	
392	1	T 458	369	40	40	P 444	356	66	66	
393	1	T 456	368	40	40	P 442	354	66	66	
394	1	T 454	367	40	40	P 440	354	66	64	
395	1	T 452	366	40	40	P 440	352	66	66	
396	1	T 450	365	40	40	P 438	352	64	66	
397	1	T 448	364	40	40	P 434	350	66	66	
398	2	T 446	363	40	40	P 432	350	66	66	P 461	394	28	34	
399	2	T 444	362	40	40	P 432	348	66	66	P 461	394	28	34	
400	3	T 442	361	40	40	P 430	348	64	66	P 461	394	28	34	P 442	351	8	1	
401	3	T 440	360	40	40	P 426	346	66	66	P 442	351	8	1	P 438	349	6	2	
402	2	T 438	359	40	40	P 424	346	66	66	P 438	349	6	2	
403	1	T 436	358	40	40	P 424	346	64	64	
404	2	T 434	357	40	40	P 420	344	66	66	P 470	406	4	2	
405	2	T 432	356	40	40	P 420	342	66	68	P 470	406	4	2	
406	2	T 430	355	40	40	P 416	342	66	66	P 466	344	6	3	
407	2	T 428	354	40	40	P 416	340	64	66	P 466	344	6	3	
408	1	T 426	353	40	40	P 412	340	68	64	
409	1	T 424	352	40	40	P 410	338	66	66	
410	1	T 422	351	40	40	P 408	338	66	66	
411	1	T 420	350	40	40	P 406	336	66	66	
412	1	T 418	349	40	40	P 404	336	66	66	
413	1	T 416	348	40	40	P 402	334	66	66	
414	1	T 414	347	40	40	P 400	332	66	68	
415	1	T 412	346	40	40	P 398	332	66	66	
416	2	T 410	345	40	40	P 396	330	66	68	P 440	333	8	1	
417	2	T 408	344	40	40	P 396	330	64	66	P 440	333	8	1	
418	1	T 406	343	40	40	P 392	330	66	66	
419	1	T 404	342	40	40	P 390	328	66	66	
420	1	T 402	341	40	40	P 388	328	66	64	
421	1	T 400	340	40	40	P 386	326	66	66	
422	1	T 398	339	40	40	P 384	326	68	66	
423	2	T 396	338	40	40	P 382	326	66	64	P 418	337	6	1	
424	3	T 394	337	40	40	P 386	330	18	60	P 418	337	6	1	P 440	330	4	8	
425	2	T 392	336	40	40	P 378	322	66	68	P 440	330	4	8	
426	1	T 390	335	40	40	P 378	322	64	66	
427	3	T 388	334	40	40	P 374	320	66	66	P 422	324	4	2	P 422	324	4	2	
428	4	T 386	333	40	40	P 372	320	66	66	P 422	324	4	2	P 422	324	4	2	P 388	321	10	1	
429	2	T 384	332	40	40	P 370	318	66	66	P 388	321	10	1	
430	1	T 382	331	40	40	P 368	318	66	66	
431	1	T 380	330	40	40	P 366	316	66	68	
432	1	T 378	329	40	40	P 364	316	66	66	
433	1	T 376	328	40	40	P 364	314	64	66	
434	1	T 374	327	40	40	P 362	314	64	66	
435	1	T 372	326	40	40	P 358	312	66	68	
436	1	T 370	325	40	40	P 356	310	66	68	
437	2	T 368	324	40	40	P 354	310	66	68	P 370	375	6	1	
438	2	T 366	323	40	40	P 352	310	66	66	P 370	375	6	1	
439	1	T 364	322	40	40	P 350	308	66	66	
440	1	T 362	321	40	40	P 348	308	66	64	
441	2	T 360	320	40	40	P 346	306	66	66	P 358	309	8	2	
442	2	T 358	319	40	40	P 344	306	68	66	P 358	309	8	2	
443	1	T 356	318	40	40	P 342	306	66	64	
444	1	T 354	317	40	40	P 340	302	66	68	
445	1	T 352	316	40	40	P 338	302	66	66	
446	1	T 350	315	40	40	P 336	302	66	66	
447	1	T 348	314	40	40	P 334	300	66	66	
448	1	T 346	313	40	40	P 332	300	66	66	
449	1	T 344	312	40	40	P 330	298	66	66	
450	1	T 342	311	40	40	P 328	298	66	66	
451	1	T 340	310	40	40	P 326	296	66	66	
452	1	T 338	309	40	40	P 324	296	66	64	
453	1	T 336	308	40	40	P 322	294	66	66	
454	3	T 334	307	40	40	P 322	294	64	66	P 368	296	6	1	P 368	296	8	3	
455	4	T 332	306	40	40	P 318	292	66	66	P 368	296	6	1	P 368	296	8	3	P 362	355	8	1	
456	2	T 330	305	40	40	P 316	292	66	66	P 362	355	8	1	
457	1	T 328	304	40	40	P 314	290	66	66	
458	2	T 326	303	40	40	P 312	290	66	64	P 332	356	6	1	
459	2	T 324	302	40	40	P 310	288	66	66	P 332	356	6	1	
460	1	T 322	301	40	40	P 308	288	66	66	
461	1	T 320	300	40	40	P 306	286	66	68	
462	3	T 318	299	40	40	P 304	286	66	66	P 318	289	6	2	P 318	289	6	2	
463	3	T 316	298	40	40	P 302	284	66	68	P 318	289	6	2	P 318	289	6	2	
464	1	T 314	297	40	40	P 300	284	66	66	
465	1	T 312	296	40	40	P 298	284	66	64	
466	1	T 310	295	40	40	P 296	282	66	66	
467	1	T 308	294	40	40	P 294	280	66	66	
468	3	T 306	293	40	40	P 292	280	66	66	P 342	284	8	2	P 342	284	8	2	
469	3	T 304	292	40	40	P 290	278	66	66	P 342	284	8	2	P 342	284	8	2	
470	3	T 302	291	40	40	P 290	278	64	66	P 338	282	8	2	P 338	282	8	2	
471	3	T 300	290	40	40	P 286	276	66	66	P 338	282	8	2	P 338	282	8	2	
472	1	T 298	289	40	40	P 284	276	66	66	
473	1	T 296	288	40	40	P 282	274	66	66	
474	2	T 294	287	40	40	P 280	274	68	66	P 290	277	10	2	
475	2	T 292	286	40	40	P 278	272	66	66	P 290	277	10	2	
476	3	T 290	285	40	40	P 278	272	64	66	P 298	279	6	2	P 298	279	6	2	
477	3	T 288	284	40	40	P 274	270	66	66	P 298	279	6	2	P 298	279	6	2	
478	1	T 286	283	40	40	P 272	272	66	64	
479	1	T 284	282	40	40	P 270	268	66	66	
480	1	T 282	281	40	40	P 268	266	66	68	
481	1	T 280	280	40	40	P 266	266	66	66	
482	2	T 278	279	40	40	P 266	278	51	54	P 319	270	8	16	
483	2	T 276	278	40	40	P 262	264	68	66	P 319	270	8	16	
484	1	T 274	277	40	40	P 260	264	66	64	
485	1	T 272	276	40	40	P 258	262	66	66	
486	3	T 270	275	40	40	P 256	262	66	66	P 316	275	4	2	P 316	275	4	2	
487	3	T 268	274	40	40	P 254	262	66	64	P 316	275	4	2	P 316	275	4	2	
488	2	T 266	273	40	40	P 252	260	68	66	P 269	274	2	4	
489	2	T 264	272	40	40	P 250	258	66	66	P 269	274	2	4	
490	2	T 262	271	40	40	P 248	258	68	66	P 264	262	6	1	
491	2	T 260	270	40	40	P 246	258	66	64	P 264	262	6	1	
492	1	T 258	269	40	40	P 244	256	66	66	
493	2	T 256	268	40	40	P 244	254	64	66	P 294	258	4	3	
494	3	T 254	267	40	40	P 240	254	66	66	P 294	258	4	3	P 288	316	6	3	
495	2	T 252	266	40	40	P 238	252	68	66	P 288	316	6	3	
496	1	T 250	265	40	40	P 236	252	66	66	
497	3	T 248	264	40	40	P 234	250	66	66	P 288	255	4	2	P 288	255	4	2	
498	3	T 246	263	40	40	P 232	250	66	66	P 288	255	4	2	P 288	255	4	2	
499	1	T 244	262	40	40	P 230	248	66	66	
500	2	T 242	261	40	40	P 228	248	68	66	P 274	252	10	1	
