1	0	T 80	80	40	40	
2	1	T 82	81	40	40	P 84	75	40	40	
3	2	T 84	82	40	40	P 75	84	40	40	P 493	208	40	40	
4	0	T 86	83	40	40	
5	1	T 88	84	40	40	P 84	84	40	40	
6	1	T 90	85	40	40	P 94	94	40	40	
7	1	T 92	86	40	40	P 94	84	40	40	
8	1	T 94	87	40	40	P 94	84	40	40	
9	1	T 96	88	40	40	P 94	94	40	40	
10	0	T 98	89	40	40	
11	1	T 100	90	40	40	P 94	94	40	40	
12	2	T 102	91	40	40	P 94	94	40	40	P 189	284	40	40	
13	0	T 104	92	40	40	
14	1	T 106	93	40	40	P 103	94	40	40	
15	0	T 108	94	40	40	
16	0	T 110	95	40	40	
17	1	T 112	96	40	40	P 103	94	40	40	
18	1	T 114	97	40	40	P 113	94	40	40	
19	1	T 116	98	40	40	P 113	94	40	40	
20	1	T 118	99	40	40	P 113	94	40	40	
21	2	T 120	100	40	40	P 27	46	40	40	P 113	94	40	40	
22	1	T 122	101	40	40	P 122	103	40	40	
23	1	T 124	102	40	40	P 122	103	40	40	
24	1	T 126	103	40	40	P 141	103	40	40	
25	1	T 128	104	40	40	P 122	103	40	40	
26	0	T 130	105	40	40	
27	1	T 132	106	40	40	P 132	103	40	40	
28	1	T 134	107	40	40	P 132	113	40	40	
29	0	T 136	108	40	40	
30	1	T 138	109	40	40	P 132	113	40	40	
31	1	T 140	110	40	40	P 132	113	40	40	
32	1	T 142	111	40	40	P 141	113	40	40	
33	2	T 144	112	40	40	P 151	113	40	40	P 455	18	40	40	
34	1	T 146	113	40	40	P 265	170	40	40	
35	0	T 148	114	40	40	
36	0	T 150	115	40	40	
37	1	T 152	116	40	40	P 151	113	40	40	
38	2	T 154	117	40	40	P 151	113	40	40	P 341	132	40	40	
39	1	T 156	118	40	40	P 160	122	40	40	
40	1	T 158	119	40	40	P 160	122	40	40	
41	1	T 160	120	40	40	P 160	122	40	40	
42	1	T 162	121	40	40	P 160	122	40	40	
43	1	T 164	122	40	40	P 160	122	40	40	
44	0	T 166	123	40	40	
45	1	T 168	124	40	40	P 170	122	40	40	
46	1	T 170	125	40	40	P 170	132	40	40	
47	0	T 172	126	40	40	
48	2	T 174	127	40	40	P 170	132	40	40	P 341	132	40	40	
49	1	T 176	128	40	40	P 170	132	40	40	
50	1	T 178	129	40	40	P 170	132	40	40	
51	1	T 180	130	40	40	P 179	132	40	40	
52	1	T 182	131	40	40	P 170	132	40	40	
53	1	T 184	132	40	40	P 189	132	40	40	
54	1	T 186	133	40	40	P 189	132	40	40	
55	1	T 188	134	40	40	P 179	132	40	40	
56	1	T 190	135	40	40	P 189	132	40	40	
57	1	T 192	136	40	40	P 189	132	40	40	
58	1	T 194	137	40	40	P 198	132	40	40	
59	1	T 196	138	40	40	P 198	132	40	40	
60	1	T 198	139	40	40	P 189	132	40	40	
61	1	T 200	140	40	40	P 189	141	40	40	
62	2	T 202	141	40	40	P 208	132	40	40	P 483	322	40	40	
63	0	T 204	142	40	40	
64	0	T 206	143	40	40	
65	1	T 208	144	40	40	P 208	141	40	40	
66	1	T 210	145	40	40	P 208	141	40	40	
67	1	T 212	146	40	40	P 208	151	40	40	
68	0	T 214	147	40	40	
69	1	T 216	148	40	40	P 208	151	40	40	
70	1	T 218	149	40	40	P 217	151	40	40	
71	1	T 220	150	40	40	P 227	151	40	40	
72	1	T 222	151	40	40	P 227	151	40	40	
73	1	T 224	152	40	40	P 227	151	40	40	
74	0	T 226	153	40	40	
75	1	T 228	154	40	40	P 227	151	40	40	
76	2	T 230	155	40	40	P 227	151	40	40	P 341	151	40	40	
77	0	T 232	156	40	40	
78	2	T 234	157	40	40	P 27	246	40	40	P 227	151	40	40	
79	3	T 236	158	40	40	P 94	189	40	40	P 236	151	40	40	P 493	179	40	40	
80	0	T 238	159	40	40	
81	0	T 240	160	40	40	
82	1	T 242	161	40	40	P 236	160	40	40	
83	1	T 244	162	40	40	P 246	160	40	40	
84	0	T 246	163	40	40	
85	0	T 248	164	40	40	
86	0	T 250	165	40	40	
87	1	T 252	166	40	40	P 255	170	40	40	
88	1	T 254	167	40	40	P 255	160	40	40	
89	0	T 256	168	40	40	
90	2	T 258	169	40	40	P 113	246	40	40	P 255	170	40	40	
91	1	T 260	170	40	40	P 255	170	40	40	
92	1	T 262	171	40	40	P 265	170	40	40	
93	1	T 264	172	40	40	P 265	170	40	40	
94	1	T 266	173	40	40	P 265	170	40	40	
95	2	T 268	174	40	40	P 217	303	40	40	P 265	170	40	40	
96	1	T 270	175	40	40	P 274	179	40	40	
97	1	T 272	176	40	40	P 274	170	40	40	
98	1	T 274	177	40	40	P 274	179	40	40	
99	1	T 276	178	40	40	P 284	170	40	40	
100	1	T 278	179	40	40	P 284	170	40	40	
101	1	T 280	180	40	40	P 274	179	40	40	
102	2	T 282	181	40	40	P 284	179	40	40	P 303	113	40	40	
103	1	T 284	182	40	40	P 284	179	40	40	
104	1	T 286	183	40	40	P 284	189	40	40	
105	1	T 288	184	40	40	P 284	189	40	40	
106	0	T 290	185	40	40	
107	1	T 292	186	40	40	P 284	189	40	40	
108	1	T 294	187	40	40	P 284	189	40	40	
109	1	T 296	188	40	40	P 303	189	40	40	
110	1	T 298	189	40	40	P 293	189	40	40	
111	1	T 300	190	40	40	P 303	189	40	40	
112	1	T 302	191	40	40	P 293	179	40	40	
113	0	T 304	192	40	40	
114	1	T 306	193	40	40	P 303	189	40	40	
115	1	T 308	194	40	40	P 303	189	40	40	
116	1	T 310	195	40	40	P 312	189	40	40	
117	0	T 312	196	40	40	
118	0	T 314	197	40	40	
119	0	T 316	198	40	40	
120	1	T 318	199	40	40	P 322	198	40	40	
121	1	T 320	200	40	40	P 322	198	40	40	
122	1	T 322	201	40	40	P 322	208	40	40	
123	1	T 324	202	40	40	P 322	198	40	40	
124	2	T 326	203	40	40	P 331	198	40	40	P 388	18	40	40	
125	1	T 328	204	40	40	P 322	198	40	40	
126	0	T 330	205	40	40	
127	1	T 332	206	40	40	P 322	208	40	40	
128	1	T 334	207	40	40	P 331	208	40	40	
129	0	T 336	208	40	40	
130	1	T 338	209	40	40	P 341	208	40	40	
131	1	T 340	210	40	40	P 331	217	40	40	
132	1	T 342	211	40	40	P 341	208	40	40	
133	2	T 344	212	40	40	P 265	18	40	40	P 341	208	40	40	
134	1	T 346	213	40	40	P 341	208	40	40	
135	1	T 348	214	40	40	P 341	208	40	40	
136	1	T 350	215	40	40	P 132	75	40	40	
137	0	T 352	216	40	40	
138	1	T 354	217	40	40	P 350	217	40	40	
139	1	T 356	218	40	40	P 360	217	40	40	
140	1	T 358	219	40	40	P 360	227	40	40	
141	1	T 360	220	40	40	P 360	217	40	40	
142	1	T 362	221	40	40	P 360	217	40	40	
143	1	T 364	222	40	40	P 360	217	40	40	
144	1	T 366	223	40	40	P 369	227	40	40	
145	2	T 368	224	40	40	P 369	227	40	40	P 379	18	40	40	
146	1	T 370	225	40	40	P 369	227	40	40	
147	2	T 372	226	40	40	P 189	274	40	40	P 369	227	40	40	
148	1	T 374	227	40	40	P 379	236	40	40	
149	1	T 376	228	40	40	P 379	227	40	40	
150	0	T 378	229	40	40	
151	1	T 380	230	40	40	P 379	236	40	40	
152	1	T 382	231	40	40	P 369	236	40	40	
153	1	T 384	232	40	40	P 379	236	40	40	
154	1	T 386	233	40	40	P 379	227	40	40	
155	2	T 388	234	40	40	P 388	227	40	40	P 464	27	40	40	
156	2	T 390	235	40	40	P 160	398	40	40	P 379	227	40	40	
157	1	T 392	236	40	40	P 18	75	40	40	
158	0	T 394	237	40	40	
159	1	T 396	238	40	40	P 398	236	40	40	
160	1	T 398	239	40	40	P 398	236	40	40	
161	1	T 400	240	40	40	P 398	236	40	40	
162	1	T 402	241	40	40	P 398	246	40	40	
163	1	T 404	242	40	40	P 407	246	40	40	
164	0	T 406	243	40	40	
165	0	T 408	244	40	40	
166	1	T 410	245	40	40	P 407	246	40	40	
167	1	T 412	246	40	40	P 407	246	40	40	
168	1	T 414	247	40	40	P 407	246	40	40	
169	1	T 416	248	40	40	P 417	246	40	40	
170	1	T 418	249	40	40	P 417	246	40	40	
171	1	T 420	250	40	40	P 417	246	40	40	
172	1	T 422	251	40	40	P 417	246	40	40	
173	1	T 424	252	40	40	P 426	255	40	40	
174	0	T 426	253	40	40	
175	1	T 428	254	40	40	P 426	255	40	40	
176	1	T 430	255	40	40	P 56	75	40	40	
177	1	T 432	256	40	40	P 436	265	40	40	
178	2	T 434	257	40	40	P 103	265	40	40	P 436	265	40	40	
179	1	T 436	258	40	40	P 436	255	40	40	
180	1	T 438	259	40	40	P 436	255	40	40	
181	1	T 440	260	40	40	P 436	265	40	40	
182	2	T 442	261	40	40	P 322	265	40	40	P 445	255	40	40	
183	1	T 444	262	40	40	P 436	265	40	40	
184	2	T 446	263	40	40	P 179	341	40	40	P 445	265	40	40	
185	1	T 448	264	40	40	P 445	265	40	40	
186	1	T 450	265	40	40	P 445	265	40	40	
187	2	T 452	266	40	40	P 113	18	40	40	P 455	265	40	40	
188	1	T 454	267	40	40	P 455	265	40	40	
189	1	T 456	268	40	40	P 455	265	40	40	
190	1	T 458	269	40	40	P 455	265	40	40	
191	2	T 460	270	40	40	P 379	18	40	40	P 455	265	40	40	
192	1	T 462	271	40	40	P 455	265	40	40	
193	1	T 464	272	40	40	P 464	274	40	40	
194	1	T 466	273	40	40	P 464	274	40	40	
195	1	T 468	274	40	40	P 464	274	40	40	
196	2	T 470	275	40	40	P 426	417	40	40	P 464	274	40	40	
197	1	T 472	276	40	40	P 474	274	40	40	
198	0	T 474	277	40	40	
199	1	T 476	278	40	40	P 474	274	40	40	
200	2	T 478	279	40	40	P 398	37	40	40	P 474	274	40	40	
201	0	T 480	280	40	40	
202	1	T 482	281	40	40	P 483	284	40	40	
203	1	T 484	282	40	40	P 483	284	40	40	
204	1	T 486	283	40	40	P 483	284	40	40	
205	1	T 488	284	40	40	P 493	284	40	40	
206	1	T 490	285	40	40	P 493	284	40	40	
207	0	T 492	286	40	40	
208	0	T 494	287	40	40	
209	1	T 496	288	40	40	P 493	284	40	40	
210	1	T 498	289	40	40	P 502	293	40	40	
211	2	T 500	290	40	40	P 436	18	40	40	P 493	284	40	40	
212	1	T 502	291	40	40	P 493	284	40	40	
213	1	T 504	292	40	40	P 502	293	40	40	
214	1	T 506	293	40	40	P 502	293	40	40	
215	1	T 508	294	40	40	P 502	293	40	40	
216	1	T 510	295	40	40	P 512	293	40	40	
217	3	T 512	296	40	40	P 274	236	40	40	P 512	293	40	40	P 626	407	40	40	
218	1	T 514	297	40	40	P 512	303	40	40	
219	1	T 516	298	40	40	P 512	293	40	40	
220	1	T 518	299	40	40	P 521	303	40	40	
221	1	T 520	300	40	40	P 521	303	40	40	
222	2	T 522	301	40	40	P 246	388	40	40	P 521	303	40	40	
223	1	T 524	302	40	40	P 521	303	40	40	
224	1	T 526	303	40	40	P 531	303	40	40	
225	1	T 528	304	40	40	P 531	303	40	40	
226	1	T 530	305	40	40	P 531	303	40	40	
227	0	T 532	306	40	40	
228	1	T 534	307	40	40	P 531	303	40	40	
229	1	T 536	308	40	40	P 531	303	40	40	
230	1	T 538	309	40	40	P 531	303	40	40	
231	1	T 540	310	40	40	P 341	151	40	40	
232	0	T 542	311	40	40	
233	1	T 544	312	40	40	P 550	312	40	40	
234	0	T 546	313	40	40	
235	2	T 548	314	40	40	P 455	341	40	40	P 550	312	40	40	
236	1	T 550	315	40	40	P 550	312	40	40	
237	1	T 552	316	40	40	P 550	322	40	40	
238	1	T 554	317	40	40	P 550	322	40	40	
239	1	T 556	318	40	40	P 550	322	40	40	
240	1	T 558	319	40	40	P 550	322	40	40	
241	1	T 560	320	40	40	P 559	322	40	40	
242	2	T 562	321	40	40	P 322	360	40	40	P 569	322	40	40	
243	1	T 564	322	40	40	P 559	322	40	40	
244	1	T 566	323	40	40	P 569	322	40	40	
245	1	T 568	324	40	40	P 569	322	40	40	
246	1	T 570	325	40	40	P 569	322	40	40	
247	1	T 572	326	40	40	P 569	322	40	40	
248	1	T 574	327	40	40	P 569	322	40	40	
249	1	T 576	328	40	40	P 578	331	40	40	
250	1	T 578	329	40	40	P 578	322	40	40	
251	1	T 580	330	40	40	P 578	322	40	40	
252	1	T 582	331	40	40	P 578	331	40	40	
253	1	T 584	332	40	40	P 588	331	40	40	
254	2	T 586	333	40	40	P 588	331	40	40	P 645	151	40	40	
255	2	T 588	334	40	40	P 227	407	40	40	P 588	331	40	40	
256	0	T 590	335	40	40	
257	1	T 592	336	40	40	P 597	331	40	40	
258	1	T 594	337	40	40	P 597	341	40	40	
259	2	T 596	338	40	40	P 37	170	40	40	P 588	341	40	40	
260	1	T 598	339	40	40	P 597	341	40	40	
261	0	T 600	340	40	40	
262	1	T 602	341	40	40	P 597	331	40	40	
263	1	T 604	342	40	40	P 607	341	40	40	
264	1	T 606	343	40	40	P 607	341	40	40	
265	1	T 608	344	40	40	P 607	341	40	40	
266	0	T 610	345	40	40	
267	0	T 612	346	40	40	
268	2	T 614	347	40	40	P 341	37	40	40	P 607	350	40	40	
269	1	T 616	348	40	40	P 607	350	40	40	
270	0	T 618	349	40	40	
271	1	T 620	350	40	40	P 616	350	40	40	
272	1	T 622	351	40	40	P 626	350	40	40	
273	0	T 624	352	40	40	
274	1	T 626	353	40	40	P 626	360	40	40	
275	1	T 628	354	40	40	P 626	360	40	40	
276	1	T 630	355	40	40	P 626	360	40	40	
277	1	T 632	356	40	40	P 626	350	40	40	
278	2	T 634	357	40	40	P 626	246	40	40	P 635	360	40	40	
279	1	T 636	358	40	40	P 635	360	40	40	
280	1	T 638	359	40	40	P 635	360	40	40	
281	1	T 640	360	40	40	P 635	360	40	40	
282	1	T 642	361	40	40	P 645	360	40	40	
283	1	T 644	362	40	40	P 645	360	40	40	
284	1	T 646	363	40	40	P 645	360	40	40	
285	1	T 648	364	40	40	P 645	360	40	40	
286	1	T 650	365	40	40	P 645	369	40	40	
287	1	T 652	366	40	40	P 645	360	40	40	
288	1	T 654	367	40	40	P 645	369	40	40	
289	0	T 656	368	40	40	
290	1	T 658	369	40	40	P 331	379	40	40	
291	0	T 660	370	40	40	
292	0	T 658	371	40	40	
293	1	T 656	372	40	40	P 645	379	40	40	
294	1	T 654	373	40	40	P 645	379	40	40	
295	3	T 652	374	40	40	P 132	198	40	40	P 493	265	40	40	P 645	379	40	40	
296	1	T 650	375	40	40	P 645	369	40	40	
297	1	T 648	376	40	40	P 645	379	40	40	
298	1	T 646	377	40	40	P 645	379	40	40	
299	1	T 644	378	40	40	P 645	369	40	40	
300	2	T 642	379	40	40	P 322	56	40	40	P 645	379	40	40	
301	0	T 640	380	40	40	
302	1	T 638	381	40	40	P 635	379	40	40	
303	1	T 636	382	40	40	P 626	379	40	40	
304	2	T 634	383	40	40	P 379	151	40	40	P 626	379	40	40	
305	1	T 632	384	40	40	P 626	379	40	40	
306	1	T 630	385	40	40	P 626	388	40	40	
307	1	T 628	386	40	40	P 626	379	40	40	
308	0	T 626	387	40	40	
309	0	T 624	388	40	40	
310	0	T 622	389	40	40	
311	0	T 620	390	40	40	
312	1	T 618	391	40	40	P 626	398	40	40	
313	2	T 616	392	40	40	P 217	322	40	40	P 607	388	40	40	
314	1	T 614	393	40	40	P 607	398	40	40	
315	2	T 612	394	40	40	P 616	398	40	40	P 635	84	40	40	
316	1	T 610	395	40	40	P 607	398	40	40	
317	1	T 608	396	40	40	P 607	398	40	40	
318	1	T 606	397	40	40	P 607	398	40	40	
319	1	T 604	398	40	40	P 607	398	40	40	
320	1	T 602	399	40	40	P 607	398	40	40	
321	1	T 600	400	40	40	P 597	398	40	40	
322	1	T 598	401	40	40	P 597	398	40	40	
323	2	T 596	402	40	40	P 208	94	40	40	P 597	407	40	40	
324	0	T 594	403	40	40	
325	1	T 592	404	40	40	P 588	407	40	40	
326	1	T 590	405	40	40	P 322	27	40	40	
327	1	T 588	406	40	40	P 588	407	40	40	
328	1	T 586	407	40	40	P 588	407	40	40	
329	0	T 584	408	40	40	
330	2	T 582	409	40	40	P 521	27	40	40	P 588	417	40	40	
331	1	T 580	410	40	40	P 578	407	40	40	
332	1	T 578	411	40	40	P 578	407	40	40	
333	0	T 576	412	40	40	
334	0	T 574	413	40	40	
335	1	T 572	414	40	40	P 569	417	40	40	
336	2	T 570	415	40	40	P 141	284	40	40	P 569	417	40	40	
337	1	T 568	416	40	40	P 569	417	40	40	
338	1	T 566	417	40	40	P 569	417	40	40	
339	1	T 564	418	40	40	P 569	417	40	40	
340	1	T 562	419	40	40	P 569	417	40	40	
341	1	T 560	420	40	40	P 559	417	40	40	
342	1	T 558	419	40	40	P 559	417	40	40	
343	2	T 556	418	40	40	P 198	46	40	40	P 550	417	40	40	
344	1	T 554	417	40	40	P 559	417	40	40	
345	1	T 552	416	40	40	P 37	227	40	40	
346	1	T 550	415	40	40	P 550	417	40	40	
347	1	T 548	414	40	40	P 550	417	40	40	
348	1	T 546	413	40	40	P 540	417	40	40	
349	0	T 544	412	40	40	
350	1	T 542	411	40	40	P 531	417	40	40	
351	1	T 540	410	40	40	P 540	407	40	40	
352	0	T 538	409	40	40	
353	0	T 536	408	40	40	
354	2	T 534	407	40	40	P 208	18	40	40	P 531	407	40	40	
355	1	T 532	406	40	40	P 531	398	40	40	
356	1	T 530	405	40	40	P 531	407	40	40	
357	1	T 528	404	40	40	P 531	398	40	40	
358	1	T 526	403	40	40	P 626	284	40	40	
359	0	T 524	402	40	40	
360	1	T 522	401	40	40	P 521	398	40	40	
361	1	T 520	400	40	40	P 521	398	40	40	
362	1	T 518	399	40	40	P 512	398	40	40	
363	1	T 516	398	40	40	P 512	398	40	40	
364	1	T 514	397	40	40	P 512	398	40	40	
365	0	T 512	396	40	40	
366	1	T 510	395	40	40	P 512	398	40	40	
367	1	T 508	394	40	40	P 512	398	40	40	
368	2	T 506	393	40	40	P 284	360	40	40	P 512	398	40	40	
369	0	T 504	392	40	40	
370	1	T 502	391	40	40	P 493	398	40	40	
371	2	T 500	390	40	40	P 493	388	40	40	P 521	84	40	40	
372	1	T 498	389	40	40	P 512	208	40	40	
373	1	T 496	388	40	40	P 493	398	40	40	
374	1	T 494	387	40	40	P 493	388	40	40	
375	2	T 492	386	40	40	P 322	236	40	40	P 493	388	40	40	
376	1	T 490	385	40	40	P 483	388	40	40	
377	0	T 488	384	40	40	
378	2	T 486	383	40	40	P 132	341	40	40	P 483	379	40	40	
379	1	T 484	382	40	40	P 483	379	40	40	
380	2	T 482	381	40	40	P 483	388	40	40	P 626	75	40	40	
381	0	T 480	380	40	40	
382	1	T 478	379	40	40	P 474	379	40	40	
383	1	T 476	378	40	40	P 474	379	40	40	
384	0	T 474	377	40	40	
385	2	T 472	376	40	40	P 27	388	40	40	P 474	369	40	40	
386	0	T 470	375	40	40	
387	1	T 468	374	40	40	P 474	379	40	40	
388	1	T 466	373	40	40	P 464	369	40	40	
389	1	T 464	372	40	40	P 464	369	40	40	
390	1	T 462	371	40	40	P 464	369	40	40	
391	1	T 460	370	40	40	P 455	369	40	40	
392	1	T 458	369	40	40	P 455	360	40	40	
393	0	T 456	368	40	40	
394	1	T 454	367	40	40	P 455	369	40	40	
395	1	T 452	366	40	40	P 455	369	40	40	
396	1	T 450	365	40	40	P 445	360	40	40	
397	1	T 448	364	40	40	P 455	360	40	40	
398	1	T 446	363	40	40	P 436	360	40	40	
399	1	T 444	362	40	40	P 436	360	40	40	
400	2	T 442	361	40	40	P 436	113	40	40	P 445	360	40	40	
401	1	T 440	360	40	40	P 436	360	40	40	
402	0	T 438	359	40	40	
403	1	T 436	358	40	40	P 426	350	40	40	
404	1	T 434	357	40	40	P 436	360	40	40	
405	1	T 432	356	40	40	P 436	350	40	40	
406	1	T 430	355	40	40	P 426	360	40	40	
407	1	T 428	354	40	40	P 426	360	40	40	
408	1	T 426	353	40	40	P 27	227	40	40	
409	2	T 424	352	40	40	P 113	160	40	40	P 417	350	40	40	
410	1	T 422	351	40	40	P 417	350	40	40	
411	1	T 420	350	40	40	P 417	350	40	40	
412	2	T 418	349	40	40	P 189	132	40	40	P 417	350	40	40	
413	1	T 416	348	40	40	P 417	350	40	40	
414	2	T 414	347	40	40	P 417	341	40	40	P 550	151	40	40	
415	1	T 412	346	40	40	P 407	341	40	40	
416	0	T 410	345	40	40	
417	1	T 408	344	40	40	P 407	341	40	40	
418	1	T 406	343	40	40	P 398	341	40	40	
419	1	T 404	342	40	40	P 398	341	40	40	
420	1	T 402	341	40	40	P 398	341	40	40	
421	1	T 400	340	40	40	P 398	341	40	40	
422	1	T 398	339	40	40	P 398	341	40	40	
423	1	T 396	338	40	40	P 388	341	40	40	
424	1	T 394	337	40	40	P 398	341	40	40	
425	2	T 392	336	40	40	P 398	341	40	40	P 607	312	40	40	
426	0	T 390	335	40	40	
427	1	T 388	334	40	40	P 379	331	40	40	
428	1	T 386	333	40	40	P 388	331	40	40	
429	1	T 384	332	40	40	P 388	331	40	40	
430	1	T 382	331	40	40	P 379	331	40	40	
431	1	T 380	330	40	40	P 379	331	40	40	
432	1	T 378	329	40	40	P 379	322	40	40	
433	2	T 376	328	40	40	P 379	322	40	40	P 578	274	40	40	
434	1	T 374	327	40	40	P 369	331	40	40	
435	1	T 372	326	40	40	P 369	322	40	40	
436	1	T 370	325	40	40	P 369	322	40	40	
437	1	T 368	324	40	40	P 369	322	40	40	
438	1	T 366	323	40	40	P 540	27	40	40	
439	1	T 364	322	40	40	P 360	322	40	40	
440	1	T 362	321	40	40	P 360	322	40	40	
441	1	T 360	320	40	40	P 360	322	40	40	
442	1	T 358	319	40	40	P 350	312	40	40	
443	1	T 356	318	40	40	P 360	322	40	40	
444	1	T 354	317	40	40	P 350	322	40	40	
445	1	T 352	316	40	40	P 350	322	40	40	
446	1	T 350	315	40	40	P 341	322	40	40	
447	1	T 348	314	40	40	P 341	322	40	40	
448	0	T 346	313	40	40	
449	2	T 344	312	40	40	P 322	94	40	40	P 341	312	40	40	
450	1	T 342	311	40	40	P 341	303	40	40	
451	1	T 340	310	40	40	P 331	312	40	40	
452	2	T 338	309	40	40	P 331	303	40	40	P 559	341	40	40	
453	1	T 336	308	40	40	P 331	303	40	40	
454	1	T 334	307	40	40	P 626	208	40	40	
455	0	T 332	306	40	40	
456	1	T 330	305	40	40	P 322	303	40	40	
457	1	T 328	304	40	40	P 331	303	40	40	
458	0	T 326	303	40	40	
459	1	T 324	302	40	40	P 322	303	40	40	
460	0	T 322	301	40	40	
461	1	T 320	300	40	40	P 312	303	40	40	
462	1	T 318	299	40	40	P 322	303	40	40	
463	1	T 316	298	40	40	P 312	303	40	40	
464	1	T 314	297	40	40	P 312	293	40	40	
465	0	T 312	296	40	40	
466	1	T 310	295	40	40	P 303	303	40	40	
467	1	T 308	294	40	40	P 303	284	40	40	
468	1	T 306	293	40	40	P 303	293	40	40	
469	0	T 304	292	40	40	
470	1	T 302	291	40	40	P 303	293	40	40	
471	1	T 300	290	40	40	P 303	293	40	40	
472	1	T 298	289	40	40	P 293	293	40	40	
473	0	T 296	288	40	40	
474	1	T 294	287	40	40	P 293	284	40	40	
475	0	T 292	286	40	40	
476	1	T 290	285	40	40	P 284	284	40	40	
477	1	T 288	284	40	40	P 284	284	40	40	
478	1	T 286	283	40	40	P 284	284	40	40	
479	1	T 284	282	40	40	P 284	284	40	40	
480	1	T 282	281	40	40	P 284	284	40	40	
481	0	T 280	280	40	40	
482	1	T 278	279	40	40	P 274	274	40	40	
483	1	T 276	278	40	40	P 274	274	40	40	
484	1	T 274	277	40	40	P 274	274	40	40	
485	1	T 272	276	40	40	P 274	65	40	40	
486	1	T 270	275	40	40	P 265	284	40	40	
487	1	T 268	274	40	40	P 265	274	40	40	
488	2	T 266	273	40	40	P 265	274	40	40	P 493	56	40	40	
489	0	T 264	272	40	40	
490	0	T 262	271	40	40	
491	1	T 260	270	40	40	P 255	265	40	40	
492	1	T 258	269	40	40	P 255	265	40	40	
493	3	T 256	268	40	40	P 151	208	40	40	P 255	265	40	40	P 398	360	40	40	
494	1	T 254	267	40	40	P 246	265	40	40	
495	1	T 252	266	40	40	P 246	265	40	40	
496	1	T 250	265	40	40	P 246	265	40	40	
497	1	T 248	264	40	40	P 246	265	40	40	
498	1	T 246	263	40	40	P 246	265	40	40	
499	1	T 244	262	40	40	P 246	265	40	40	
500	1	T 242	261	40	40	P 246	265	40	40	
501	0	T 240	260	40	40	
502	2	T 238	259	40	40	P 236	255	40	40	P 312	350	40	40	
503	2	T 236	258	40	40	P 227	265	40	40	P 388	198	40	40	
504	1	T 234	257	40	40	P 236	255	40	40	
505	1	T 232	256	40	40	P 236	255	40	40	
506	1	T 230	255	40	40	P 227	246	40	40	
507	1	T 228	254	40	40	P 227	255	40	40	
508	1	T 226	253	40	40	P 227	255	40	40	
509	1	T 224	252	40	40	P 569	113	40	40	
510	1	T 222	251	40	40	P 217	255	40	40	
511	1	T 220	250	40	40	P 227	246	40	40	
512	1	T 218	249	40	40	P 217	246	40	40	
513	2	T 216	248	40	40	P 18	56	40	40	P 208	255	40	40	
514	1	T 214	247	40	40	P 208	246	40	40	
515	2	T 212	246	40	40	P 208	246	40	40	P 569	265	40	40	
516	0	T 210	245	40	40	
517	1	T 208	244	40	40	P 208	236	40	40	
518	1	T 206	243	40	40	P 208	246	40	40	
519	1	T 204	242	40	40	P 208	246	40	40	
520	1	T 202	241	40	40	P 208	246	40	40	
521	1	T 200	240	40	40	P 198	236	40	40	
522	1	T 198	239	40	40	P 189	246	40	40	
523	1	T 196	238	40	40	P 189	236	40	40	
524	1	T 194	237	40	40	P 189	236	40	40	
525	0	T 192	236	40	40	
526	2	T 190	235	40	40	P 189	236	40	40	P 540	284	40	40	
527	1	T 188	234	40	40	P 189	236	40	40	
528	1	T 186	233	40	40	P 189	227	40	40	
529	1	T 184	232	40	40	P 189	236	40	40	
530	1	T 182	231	40	40	P 179	227	40	40	
531	1	T 180	230	40	40	P 170	227	40	40	
532	1	T 178	229	40	40	P 170	227	40	40	
533	1	T 176	228	40	40	P 170	227	40	40	
534	1	T 174	227	40	40	P 179	227	40	40	
535	1	T 172	226	40	40	P 170	227	40	40	
536	1	T 170	225	40	40	P 170	227	40	40	
537	1	T 168	224	40	40	P 379	113	40	40	
538	1	T 166	223	40	40	P 160	227	40	40	
539	1	T 164	222	40	40	P 170	227	40	40	
540	2	T 162	221	40	40	P 151	113	40	40	P 160	227	40	40	
541	1	T 160	220	40	40	P 483	151	40	40	
542	1	T 158	219	40	40	P 151	217	40	40	
543	1	T 156	218	40	40	P 151	217	40	40	
544	1	T 154	217	40	40	P 160	217	40	40	
545	1	T 152	216	40	40	P 151	388	40	40	
546	0	T 150	215	40	40	
547	1	T 148	214	40	40	P 141	208	40	40	
548	2	T 146	213	40	40	P 151	208	40	40	P 293	417	40	40	
549	0	T 144	212	40	40	
550	1	T 142	211	40	40	P 141	208	40	40	
551	2	T 140	210	40	40	P 18	379	40	40	P 141	208	40	40	
552	1	T 138	209	40	40	P 132	208	40	40	
553	1	T 136	208	40	40	P 141	208	40	40	
554	1	T 134	207	40	40	P 132	208	40	40	
555	1	T 132	206	40	40	P 132	208	40	40	
556	1	T 130	205	40	40	P 132	208	40	40	
557	1	T 128	204	40	40	P 122	198	40	40	
558	2	T 126	203	40	40	P 132	208	40	40	P 578	27	40	40	
559	1	T 124	202	40	40	P 122	208	40	40	
560	1	T 122	201	40	40	P 122	198	40	40	
561	0	T 120	200	40	40	
562	1	T 118	199	40	40	P 122	198	40	40	
563	1	T 116	198	40	40	P 113	189	40	40	
564	1	T 114	197	40	40	P 113	198	40	40	
565	1	T 112	196	40	40	P 113	189	40	40	
566	0	T 110	195	40	40	
567	1	T 108	194	40	40	P 113	189	40	40	
568	1	T 106	193	40	40	P 113	189	40	40	
569	1	T 104	192	40	40	P 103	189	40	40	
570	1	T 102	191	40	40	P 94	189	40	40	
571	0	T 100	190	40	40	
572	1	T 98	189	40	40	P 94	189	40	40	
573	1	T 96	188	40	40	P 94	189	40	40	
574	1	T 94	187	40	40	P 94	189	40	40	
575	1	T 92	186	40	40	P 94	189	40	40	
576	1	T 90	185	40	40	P 94	179	40	40	
577	1	T 88	184	40	40	P 94	179	40	40	
578	1	T 86	183	40	40	P 84	189	40	40	
579	0	T 84	182	40	40	
580	1	T 82	181	40	40	P 75	189	40	40	
581	1	T 80	180	40	40	P 75	179	40	40	
582	1	T 78	179	40	40	P 75	179	40	40	
583	1	T 76	178	40	40	P 75	179	40	40	
584	1	T 74	177	40	40	P 75	170	40	40	
585	2	T 72	176	40	40	P 65	179	40	40	P 455	284	40	40	
586	1	T 70	175	40	40	P 65	170	40	40	
587	0	T 68	174	40	40	
588	2	T 66	173	40	40	P 65	170	40	40	P 512	94	40	40	
589	2	T 64	172	40	40	P 56	170	40	40	P 436	94	40	40	
590	2	T 62	171	40	40	P 56	170	40	40	P 645	37	40	40	
591	1	T 60	170	40	40	P 56	170	40	40	
592	1	T 58	169	40	40	P 37	37	40	40	
593	1	T 56	168	40	40	P 56	170	40	40	
594	1	T 54	167	40	40	P 56	170	40	40	
595	1	T 52	166	40	40	P 56	170	40	40	
596	1	T 50	165	40	40	P 46	160	40	40	
597	1	T 48	164	40	40	P 46	170	40	40	
598	1	T 46	163	40	40	P 550	94	40	40	
599	1	T 44	162	40	40	P 37	160	40	40	
600	1	T 42	161	40	40	P 37	160	40	40	
601	1	T 40	160	40	40	P 37	160	40	40	
602	1	T 38	159	40	40	P 37	160	40	40	
603	1	T 36	158	40	40	P 37	151	40	40	
604	1	T 34	157	40	40	P 37	160	40	40	
605	0	T 32	156	40	40	
606	0	T 30	155	40	40	
607	1	T 28	154	40	40	P 27	151	40	40	
608	1	T 26	153	40	40	P 27	151	40	40	
609	1	T 24	152	40	40	P 27	151	40	40	
610	1	T 22	151	40	40	P 18	151	40	40	
611	1	T 20	150	40	40	P 18	141	40	40	
612	3	T 22	149	40	40	P 18	151	40	40	P 170	265	40	40	P 588	75	40	40	
613	0	T 24	148	40	40	
614	1	T 26	147	40	40	P 303	236	40	40	
615	2	T 28	146	40	40	P 27	151	40	40	P 445	198	40	40	
616	1	T 30	145	40	40	P 27	141	40	40	
617	1	T 32	144	40	40	P 37	151	40	40	
618	1	T 34	143	40	40	P 37	141	40	40	
619	1	T 36	142	40	40	P 27	141	40	40	
620	1	T 38	141	40	40	P 37	132	40	40	
621	1	T 40	140	40	40	P 37	141	40	40	
622	1	T 42	139	40	40	P 46	141	40	40	
623	1	T 44	138	40	40	P 46	141	40	40	
624	1	T 46	137	40	40	P 46	141	40	40	
625	1	T 48	136	40	40	P 46	132	40	40	
626	1	T 50	135	40	40	P 46	132	40	40	
627	1	T 52	134	40	40	P 46	132	40	40	
628	1	T 54	133	40	40	P 56	132	40	40	
629	1	T 56	132	40	40	P 56	132	40	40	
630	1	T 58	131	40	40	P 56	132	40	40	
631	1	T 60	130	40	40	P 56	132	40	40	
632	0	T 62	129	40	40	
633	1	T 64	128	40	40	P 65	132	40	40	
634	0	T 66	127	40	40	
635	0	T 68	126	40	40	
636	0	T 70	125	40	40	
637	1	T 72	124	40	40	P 75	132	40	40	
638	1	T 74	123	40	40	P 75	122	40	40	
639	1	T 76	122	40	40	P 75	122	40	40	
640	1	T 78	121	40	40	P 75	122	40	40	
641	0	T 80	120	40	40	
642	1	T 82	119	40	40	P 84	122	40	40	
643	2	T 84	118	40	40	P 75	113	40	40	P 436	189	40	40	
644	1	T 86	117	40	40	P 84	113	40	40	
645	0	T 88	116	40	40	
646	1	T 90	115	40	40	P 94	113	40	40	
647	1	T 92	114	40	40	P 94	113	40	40	
648	1	T 94	113	40	40	P 94	113	40	40	
649	1	T 96	112	40	40	P 94	113	40	40	
650	2	T 98	111	40	40	P 94	113	40	40	P 616	227	40	40	
651	1	T 100	110	40	40	P 94	113	40	40	
652	2	T 102	109	40	40	P 94	113	40	40	P 417	322	40	40	
653	0	T 104	108	40	40	
654	1	T 106	107	40	40	P 103	113	40	40	
655	1	T 108	106	40	40	P 103	103	40	40	
656	1	T 110	105	40	40	P 113	103	40	40	
657	0	T 112	104	40	40	
658	1	T 114	103	40	40	P 113	103	40	40	
659	0	T 116	102	40	40	
660	1	T 118	101	40	40	P 113	94	40	40	
661	2	T 120	100	40	40	P 113	94	40	40	P 483	388	40	40	
662	1	T 122	99	40	40	P 122	94	40	40	
663	1	T 124	98	40	40	P 122	94	40	40	
664	1	T 126	97	40	40	P 122	103	40	40	
665	2	T 128	96	40	40	P 113	341	40	40	P 559	417	40	40	
666	2	T 130	95	40	40	P 132	94	40	40	P 426	388	40	40	
667	1	T 132	94	40	40	P 132	94	40	40	
668	1	T 134	93	40	40	P 132	94	40	40	
669	1	T 136	92	40	40	P 141	94	40	40	
670	1	T 138	91	40	40	P 132	94	40	40	
671	1	T 140	90	40	40	P 132	94	40	40	
672	2	T 142	89	40	40	P 141	94	40	40	P 626	417	40	40	
673	1	T 144	88	40	40	P 141	94	40	40	
674	2	T 146	87	40	40	P 151	94	40	40	P 274	265	40	40	
675	1	T 148	86	40	40	P 151	94	40	40	
676	1	T 150	85	40	40	P 151	94	40	40	
677	2	T 152	84	40	40	P 151	84	40	40	P 198	189	40	40	
678	1	T 154	83	40	40	P 151	84	40	40	
679	1	T 156	82	40	40	P 151	84	40	40	
680	1	T 158	81	40	40	P 455	379	40	40	
681	0	T 160	80	40	40	
682	0	T 162	79	40	40	
683	2	T 164	78	40	40	P 46	398	40	40	P 160	75	40	40	
684	1	T 166	77	40	40	P 170	75	40	40	
685	0	T 168	76	40	40	
686	1	T 170	75	40	40	P 170	75	40	40	
687	2	T 172	74	40	40	P 274	322	40	40	P 626	37	40	40	
688	1	T 174	73	40	40	P 170	75	40	40	
689	2	T 176	72	40	40	P 170	75	40	40	P 379	236	40	40	
690	1	T 178	71	40	40	P 179	65	40	40	
691	1	T 180	70	40	40	P 132	84	40	40	
692	1	T 182	69	40	40	P 179	75	40	40	
693	0	T 184	68	40	40	
694	2	T 186	67	40	40	P 75	189	40	40	P 189	65	40	40	
695	1	T 188	66	40	40	P 189	65	40	40	
696	1	T 190	65	40	40	P 189	65	40	40	
697	1	T 192	64	40	40	P 189	65	40	40	
698	1	T 194	63	40	40	P 189	56	40	40	
699	1	T 196	62	40	40	P 189	65	40	40	
700	2	T 198	61	40	40	P 198	56	40	40	P 436	113	40	40	
701	1	T 200	60	40	40	P 198	65	40	40	
702	1	T 202	59	40	40	P 198	56	40	40	
703	0	T 204	58	40	40	
704	1	T 206	57	40	40	P 198	56	40	40	
705	1	T 208	56	40	40	P 208	56	40	40	
706	1	T 210	55	40	40	P 208	56	40	40	
707	1	T 212	54	40	40	P 208	56	40	40	
708	1	T 214	53	40	40	P 208	56	40	40	
709	1	T 216	52	40	40	P 208	56	40	40	
710	1	T 218	51	40	40	P 217	56	40	40	
711	1	T 220	50	40	40	P 217	56	40	40	
712	1	T 222	49	40	40	P 217	46	40	40	
713	1	T 224	48	40	40	P 217	46	40	40	
714	1	T 226	47	40	40	P 227	37	40	40	
715	1	T 228	46	40	40	P 217	46	40	40	
716	1	T 230	45	40	40	P 227	46	40	40	
717	1	T 232	44	40	40	P 227	37	40	40	
718	1	T 234	43	40	40	P 227	46	40	40	
719	1	T 236	42	40	40	P 227	37	40	40	
720	1	T 238	41	40	40	P 227	37	40	40	
721	1	T 240	40	40	40	P 246	37	40	40	
722	1	T 242	39	40	40	P 246	37	40	40	
723	1	T 244	38	40	40	P 236	37	40	40	
724	1	T 246	37	40	40	P 246	37	40	40	
725	2	T 248	36	40	40	P 246	37	40	40	P 645	132	40	40	
726	1	T 250	35	40	40	P 246	37	40	40	
727	1	T 252	34	40	40	P 246	37	40	40	
728	1	T 254	33	40	40	P 255	37	40	40	
729	1	T 256	32	40	40	P 569	170	40	40	
730	1	T 258	31	40	40	P 265	37	40	40	
731	1	T 260	30	40	40	P 265	37	40	40	
732	1	T 262	29	40	40	P 265	27	40	40	
733	1	T 264	28	40	40	P 265	27	40	40	
734	0	T 266	27	40	40	
735	2	T 268	26	40	40	P 236	113	40	40	P 265	18	40	40	
736	1	T 270	25	40	40	P 265	27	40	40	
737	1	T 272	24	40	40	P 265	18	40	40	
738	0	T 274	23	40	40	
739	1	T 276	22	40	40	P 274	18	40	40	
740	1	T 278	21	40	40	P 274	18	40	40	
741	1	T 280	20	40	40	P 274	18	40	40	
742	0	T 282	21	40	40	
743	3	T 284	22	40	40	P 284	18	40	40	P 303	331	40	40	P 455	151	40	40	
744	1	T 286	23	40	40	P 284	18	40	40	
745	2	T 288	24	40	40	P 284	27	40	40	P 407	170	40	40	
746	2	T 290	25	40	40	P 284	18	40	40	P 407	341	40	40	
747	0	T 292	26	40	40	
748	0	T 294	27	40	40	
749	1	T 296	28	40	40	P 293	18	40	40	
750	1	T 298	29	40	40	P 303	27	40	40	
751	2	T 300	30	40	40	P 151	236	40	40	P 303	27	40	40	
752	2	T 302	31	40	40	P 303	37	40	40	P 426	122	40	40	
753	1	T 304	32	40	40	P 303	37	40	40	
754	1	T 306	33	40	40	P 303	37	40	40	
755	1	T 308	34	40	40	P 303	37	40	40	
756	2	T 310	35	40	40	P 265	217	40	40	P 303	37	40	40	
757	0	T 312	36	40	40	
758	1	T 314	37	40	40	P 474	360	40	40	
759	0	T 316	38	40	40	
760	2	T 318	39	40	40	P 312	37	40	40	P 626	360	40	40	
761	1	T 320	40	40	40	P 322	37	40	40	
762	2	T 322	41	40	40	P 132	360	40	40	P 322	37	40	40	
763	0	T 324	42	40	40	
764	1	T 326	43	40	40	P 322	46	40	40	
765	1	T 328	44	40	40	P 322	37	40	40	
766	1	T 330	45	40	40	P 331	46	40	40	
767	1	T 332	46	40	40	P 331	37	40	40	
768	1	T 334	47	40	40	P 331	46	40	40	
769	0	T 336	48	40	40	
770	1	T 338	49	40	40	P 341	46	40	40	
771	1	T 340	50	40	40	P 341	46	40	40	
772	1	T 342	51	40	40	P 341	56	40	40	
773	1	T 344	52	40	40	P 350	46	40	40	
774	1	T 346	53	40	40	P 341	56	40	40	
775	1	T 348	54	40	40	P 341	56	40	40	
776	1	T 350	55	40	40	P 341	56	40	40	
777	0	T 352	56	40	40	
778	1	T 354	57	40	40	P 350	56	40	40	
779	2	T 356	58	40	40	P 122	369	40	40	P 360	56	40	40	
780	1	T 358	59	40	40	P 360	56	40	40	
781	1	T 360	60	40	40	P 360	56	40	40	
782	0	T 362	61	40	40	
783	1	T 364	62	40	40	P 360	56	40	40	
784	1	T 366	63	40	40	P 369	65	40	40	
785	2	T 368	64	40	40	P 369	65	40	40	P 645	360	40	40	
786	1	T 370	65	40	40	P 360	56	40	40	
787	1	T 372	66	40	40	P 369	65	40	40	
788	1	T 374	67	40	40	P 369	65	40	40	
789	1	T 376	68	40	40	P 369	65	40	40	
790	0	T 378	69	40	40	
791	2	T 380	70	40	40	P 236	84	40	40	P 379	75	40	40	
792	0	T 382	71	40	40	
793	1	T 384	72	40	40	P 379	75	40	40	
794	1	T 386	73	40	40	P 379	75	40	40	
795	2	T 388	74	40	40	P 379	75	40	40	P 645	227	40	40	
796	1	T 390	75	40	40	P 493	274	40	40	
797	1	T 392	76	40	40	P 398	75	40	40	
798	0	T 394	77	40	40	
799	0	T 396	78	40	40	
800	1	T 398	79	40	40	P 398	75	40	40	
801	1	T 400	80	40	40	P 398	75	40	40	
802	0	T 402	81	40	40	
803	1	T 404	82	40	40	P 398	84	40	40	
804	2	T 406	83	40	40	P 312	398	40	40	P 407	84	40	40	
805	2	T 408	84	40	40	P 312	293	40	40	P 417	75	40	40	
806	0	T 410	85	40	40	
807	1	T 412	86	40	40	P 464	141	40	40	
808	1	T 414	87	40	40	P 417	75	40	40	
809	1	T 416	88	40	40	P 417	94	40	40	
810	1	T 418	89	40	40	P 417	84	40	40	
811	0	T 420	90	40	40	
812	1	T 422	91	40	40	P 417	94	40	40	
813	1	T 424	92	40	40	P 198	122	40	40	
814	1	T 426	93	40	40	P 426	94	40	40	
815	1	T 428	94	40	40	P 426	94	40	40	
816	1	T 430	95	40	40	P 426	94	40	40	
817	2	T 432	96	40	40	P 436	94	40	40	P 559	151	40	40	
818	2	T 434	97	40	40	P 37	417	40	40	P 436	103	40	40	
819	1	T 436	98	40	40	P 436	103	40	40	
820	1	T 438	99	40	40	P 436	94	40	40	
821	1	T 440	100	40	40	P 436	94	40	40	
822	1	T 442	101	40	40	P 436	103	40	40	
823	1	T 444	102	40	40	P 436	103	40	40	
824	1	T 446	103	40	40	P 445	103	40	40	
825	1	T 448	104	40	40	P 445	103	40	40	
826	1	T 450	105	40	40	P 455	113	40	40	
827	1	T 452	106	40	40	P 455	103	40	40	
828	1	T 454	107	40	40	P 455	113	40	40	
829	2	T 456	108	40	40	P 94	360	40	40	P 455	103	40	40	
830	1	T 458	109	40	40	P 455	113	40	40	
831	1	T 460	110	40	40	P 455	113	40	40	
832	1	T 462	111	40	40	P 464	103	40	40	
833	1	T 464	112	40	40	P 455	113	40	40	
834	3	T 466	113	40	40	P 208	312	40	40	P 341	360	40	40	P 464	113	40	40	
835	1	T 468	114	40	40	P 464	113	40	40	
836	1	T 470	115	40	40	P 474	113	40	40	
837	1	T 472	116	40	40	P 474	113	40	40	
838	0	T 474	117	40	40	
839	1	T 476	118	40	40	P 474	113	40	40	
840	1	T 478	119	40	40	P 474	113	40	40	
841	1	T 480	120	40	40	P 474	122	40	40	
842	0	T 482	121	40	40	
843	1	T 484	122	40	40	P 483	113	40	40	
844	1	T 486	123	40	40	P 474	132	40	40	
845	1	T 488	124	40	40	P 493	132	40	40	
846	0	T 490	125	40	40	
847	1	T 492	126	40	40	P 493	122	40	40	
848	1	T 494	127	40	40	P 493	122	40	40	
849	1	T 496	128	40	40	P 483	122	40	40	
850	1	T 498	129	40	40	P 493	132	40	40	
851	1	T 500	130	40	40	P 493	132	40	40	
852	2	T 502	131	40	40	P 502	132	40	40	P 607	227	40	40	
853	1	T 504	132	40	40	P 502	132	40	40	
854	2	T 506	133	40	40	P 46	75	40	40	P 512	132	40	40	
855	1	T 508	134	40	40	P 512	132	40	40	
856	1	T 510	135	40	40	P 512	132	40	40	
857	1	T 512	136	40	40	P 512	141	40	40	
858	1	T 514	137	40	40	P 512	132	40	40	
859	1	T 516	138	40	40	P 512	141	40	40	
860	1	T 518	139	40	40	P 512	141	40	40	
861	1	T 520	140	40	40	P 521	141	40	40	
862	1	T 522	141	40	40	P 521	141	40	40	
863	1	T 524	142	40	40	P 531	151	40	40	
864	1	T 526	143	40	40	P 521	151	40	40	
865	1	T 528	144	40	40	P 531	151	40	40	
866	0	T 530	145	40	40	
867	1	T 532	146	40	40	P 531	151	40	40	
868	0	T 534	147	40	40	
869	0	T 536	148	40	40	
870	2	T 538	149	40	40	P 455	398	40	40	P 540	151	40	40	
871	0	T 540	150	40	40	
872	1	T 542	151	40	40	P 540	151	40	40	
873	1	T 544	152	40	40	P 540	151	40	40	
874	1	T 546	153	40	40	P 540	160	40	40	
875	1	T 548	154	40	40	P 540	151	40	40	
876	2	T 550	155	40	40	P 474	132	40	40	P 550	151	40	40	
877	0	T 552	156	40	40	
878	1	T 554	157	40	40	P 550	151	40	40	
879	1	T 556	158	40	40	P 550	151	40	40	
880	0	T 558	159	40	40	
881	1	T 560	160	40	40	P 550	151	40	40	
882	1	T 562	161	40	40	P 569	160	40	40	
883	1	T 564	162	40	40	P 559	170	40	40	
884	2	T 566	163	40	40	P 141	46	40	40	P 569	160	40	40	
885	1	T 568	164	40	40	P 569	170	40	40	
886	1	T 570	165	40	40	P 569	170	40	40	
887	1	T 572	166	40	40	P 569	170	40	40	
888	0	T 574	167	40	40	
889	1	T 576	168	40	40	P 569	170	40	40	
890	1	T 578	169	40	40	P 569	170	40	40	
891	1	T 580	170	40	40	P 578	170	40	40	
892	1	T 582	171	40	40	P 578	170	40	40	
893	1	T 584	172	40	40	P 578	170	40	40	
894	1	T 586	173	40	40	P 588	170	40	40	
895	1	T 588	174	40	40	P 588	179	40	40	
896	1	T 590	175	40	40	P 578	179	40	40	
897	0	T 592	176	40	40	
898	1	T 594	177	40	40	P 588	170	40	40	
899	1	T 596	178	40	40	P 597	189	40	40	
900	0	T 598	179	40	40	
901	1	T 600	180	40	40	P 607	179	40	40	
902	2	T 602	181	40	40	P 597	27	40	40	P 607	179	40	40	
903	1	T 604	182	40	40	P 597	179	40	40	
904	1	T 606	183	40	40	P 607	189	40	40	
905	1	T 608	184	40	40	P 607	189	40	40	
906	1	T 610	185	40	40	P 607	189	40	40	
907	1	T 612	186	40	40	P 607	189	40	40	
908	1	T 614	187	40	40	P 607	189	40	40	
909	1	T 616	188	40	40	P 616	189	40	40	
910	0	T 618	189	40	40	
911	1	T 620	190	40	40	P 626	189	40	40	
912	1	T 622	191	40	40	P 616	198	40	40	
913	0	T 624	192	40	40	
914	1	T 626	193	40	40	P 626	189	40	40	
915	0	T 628	194	40	40	
916	1	T 630	195	40	40	P 626	189	40	40	
917	0	T 632	196	40	40	
918	1	T 634	197	40	40	P 635	198	40	40	
919	1	T 636	198	40	40	P 635	198	40	40	
920	2	T 638	199	40	40	P 626	56	40	40	P 626	198	40	40	
921	1	T 640	200	40	40	P 645	208	40	40	
922	1	T 642	201	40	40	P 645	208	40	40	
923	0	T 644	202	40	40	
924	2	T 646	203	40	40	P 350	18	40	40	P 645	208	40	40	
925	1	T 648	204	40	40	P 645	198	40	40	
926	2	T 650	205	40	40	P 379	208	40	40	P 645	208	40	40	
927	1	T 652	206	40	40	P 645	208	40	40	
928	1	T 654	207	40	40	P 645	208	40	40	
929	1	T 656	208	40	40	P 645	208	40	40	
930	2	T 658	209	40	40	P 322	132	40	40	P 531	18	40	40	
931	0	T 660	210	40	40	
932	1	T 658	211	40	40	P 645	208	40	40	
933	0	T 656	212	40	40	
934	1	T 654	213	40	40	P 645	208	40	40	
935	1	T 652	214	40	40	P 645	217	40	40	
936	0	T 650	215	40	40	
937	1	T 648	216	40	40	P 645	217	40	40	
938	1	T 646	217	40	40	P 284	113	40	40	
939	0	T 644	218	40	40	
940	1	T 642	219	40	40	P 645	227	40	40	
941	0	T 640	220	40	40	
942	1	T 638	221	40	40	P 635	217	40	40	
943	1	T 636	222	40	40	P 635	227	40	40	
944	0	T 634	223	40	40	
945	1	T 632	224	40	40	P 635	227	40	40	
946	1	T 630	225	40	40	P 635	227	40	40	
947	1	T 628	226	40	40	P 626	227	40	40	
948	1	T 626	227	40	40	P 616	217	40	40	
949	0	T 624	228	40	40	
950	1	T 622	229	40	40	P 616	227	40	40	
951	1	T 620	230	40	40	P 616	227	40	40	
952	0	T 618	231	40	40	
953	1	T 616	232	40	40	P 616	236	40	40	
954	1	T 614	233	40	40	P 607	236	40	40	
955	1	T 612	234	40	40	P 607	227	40	40	
956	1	T 610	235	40	40	P 626	179	40	40	
957	1	T 608	236	40	40	P 607	236	40	40	
958	1	T 606	237	40	40	P 607	227	40	40	
959	1	T 604	238	40	40	P 597	236	40	40	
960	1	T 602	239	40	40	P 407	312	40	40	
961	1	T 600	240	40	40	P 607	236	40	40	
962	1	T 598	241	40	40	P 597	236	40	40	
963	1	T 596	242	40	40	P 597	246	40	40	
964	1	T 594	243	40	40	P 588	246	40	40	
965	2	T 592	244	40	40	P 56	18	40	40	P 588	246	40	40	
966	1	T 590	245	40	40	P 588	246	40	40	
967	0	T 588	246	40	40	
968	1	T 586	247	40	40	P 578	246	40	40	
969	1	T 584	248	40	40	P 588	246	40	40	
970	2	T 582	249	40	40	P 18	417	40	40	P 578	246	40	40	
971	0	T 580	250	40	40	
972	2	T 578	251	40	40	P 18	18	40	40	P 569	246	40	40	
973	0	T 576	252	40	40	
974	1	T 574	253	40	40	P 578	255	40	40	
975	1	T 572	254	40	40	P 569	255	40	40	
976	2	T 570	255	40	40	P 379	246	40	40	P 569	255	40	40	
977	1	T 568	256	40	40	P 569	255	40	40	
978	1	T 566	257	40	40	P 569	255	40	40	
979	1	T 564	258	40	40	P 569	255	40	40	
980	1	T 562	259	40	40	P 569	265	40	40	
981	1	T 560	260	40	40	P 559	265	40	40	
982	2	T 558	261	40	40	P 436	388	40	40	P 559	265	40	40	
983	1	T 556	262	40	40	P 550	265	40	40	
984	1	T 554	263	40	40	P 550	265	40	40	
985	1	T 552	264	40	40	P 550	265	40	40	
986	1	T 550	265	40	40	P 550	265	40	40	
987	0	T 548	266	40	40	
988	2	T 546	267	40	40	P 18	208	40	40	P 540	274	40	40	
989	1	T 544	268	40	40	P 540	265	40	40	
990	2	T 542	269	40	40	P 274	46	40	40	P 540	274	40	40	
991	1	T 540	270	40	40	P 531	265	40	40	
992	1	T 538	271	40	40	P 531	265	40	40	
993	1	T 536	272	40	40	P 531	265	40	40	
994	2	T 534	273	40	40	P 436	284	40	40	P 531	274	40	40	
995	0	T 532	274	40	40	
996	1	T 530	275	40	40	P 531	274	40	40	
997	1	T 528	276	40	40	P 531	274	40	40	
998	1	T 526	277	40	40	P 531	265	40	40	
999	1	T 524	278	40	40	P 521	284	40	40	
1000	0	T 522	279	40	40	
1001	1	T 520	280	40	40	P 521	284	40	40	
1002	1	T 518	281	40	40	P 512	284	40	40	
1003	0	T 516	282	40	40	
1004	1	T 514	283	40	40	P 512	284	40	40	
1005	1	T 512	284	40	40	P 512	284	40	40	
1006	1	T 510	285	40	40	P 502	284	40	40	
1007	1	T 508	286	40	40	P 502	284	40	40	
1008	2	T 506	287	40	40	P 341	379	40	40	P 502	293	40	40	
1009	2	T 504	288	40	40	P 512	284	40	40	P 616	293	40	40	
1010	1	T 502	289	40	40	P 502	284	40	40	
1011	1	T 500	290	40	40	P 493	293	40	40	
1012	1	T 498	291	40	40	P 493	293	40	40	
1013	1	T 496	292	40	40	P 493	284	40	40	
1014	2	T 494	293	40	40	P 388	46	40	40	P 493	303	40	40	
1015	1	T 492	294	40	40	P 483	293	40	40	
1016	1	T 490	295	40	40	P 493	293	40	40	
1017	2	T 488	296	40	40	P 493	293	40	40	P 531	37	40	40	
1018	1	T 486	297	40	40	P 493	303	40	40	
1019	0	T 484	298	40	40	
1020	0	T 482	299	40	40	
1021	1	T 480	300	40	40	P 474	303	40	40	
1022	2	T 478	301	40	40	P 379	56	40	40	P 474	303	40	40	
1023	1	T 476	302	40	40	P 474	293	40	40	
1024	1	T 474	303	40	40	P 474	303	40	40	
1025	1	T 472	304	40	40	P 464	303	40	40	
1026	2	T 470	305	40	40	P 312	274	40	40	P 474	303	40	40	
1027	1	T 468	306	40	40	P 464	303	40	40	
1028	0	T 466	307	40	40	
1029	0	T 464	308	40	40	
1030	1	T 462	309	40	40	P 464	303	40	40	
1031	1	T 460	310	40	40	P 455	303	40	40	
1032	1	T 458	311	40	40	P 455	312	40	40	
1033	1	T 456	312	40	40	P 455	312	40	40	
1034	0	T 454	313	40	40	
1035	1	T 452	314	40	40	P 455	312	40	40	
1036	1	T 450	315	40	40	P 445	312	40	40	
1037	1	T 448	316	40	40	P 445	312	40	40	
1038	1	T 446	317	40	40	P 445	312	40	40	
1039	1	T 444	318	40	40	P 445	322	40	40	
1040	0	T 442	319	40	40	
1041	1	T 440	320	40	40	P 436	322	40	40	
1042	1	T 438	321	40	40	P 436	322	40	40	
1043	2	T 436	322	40	40	P 436	322	40	40	P 645	18	40	40	
1044	1	T 434	323	40	40	P 436	322	40	40	
1045	1	T 432	324	40	40	P 436	322	40	40	
1046	0	T 430	325	40	40	
1047	2	T 428	326	40	40	P 417	56	40	40	P 426	322	40	40	
1048	1	T 426	327	40	40	P 426	322	40	40	
1049	0	T 424	328	40	40	
1050	1	T 422	329	40	40	P 417	331	40	40	
1051	0	T 420	330	40	40	
1052	2	T 418	331	40	40	P 303	360	40	40	P 417	331	40	40	
1053	1	T 416	332	40	40	P 417	331	40	40	
1054	1	T 414	333	40	40	P 407	331	40	40	
1055	2	T 412	334	40	40	P 417	341	40	40	P 626	246	40	40	
1056	1	T 410	335	40	40	P 417	331	40	40	
1057	1	T 408	336	40	40	P 398	331	40	40	
1058	1	T 406	337	40	40	P 407	341	40	40	
1059	2	T 404	338	40	40	P 312	265	40	40	P 407	341	40	40	
1060	1	T 402	339	40	40	P 398	341	40	40	
1061	1	T 400	340	40	40	P 398	341	40	40	
1062	1	T 398	341	40	40	P 398	341	40	40	
1063	1	T 396	342	40	40	P 398	341	40	40	
1064	0	T 394	343	40	40	
1065	1	T 392	344	40	40	P 398	341	40	40	
1066	1	T 390	345	40	40	P 388	341	40	40	
1067	1	T 388	346	40	40	P 388	350	40	40	
1068	1	T 386	347	40	40	P 388	341	40	40	
1069	1	T 384	348	40	40	P 379	341	40	40	
1070	1	T 382	349	40	40	P 379	350	40	40	
1071	1	T 380	350	40	40	P 312	122	40	40	
1072	0	T 378	351	40	40	
1073	1	T 376	352	40	40	P 369	350	40	40	
1074	1	T 374	353	40	40	P 379	350	40	40	
1075	1	T 372	354	40	40	P 369	360	40	40	
1076	1	T 370	355	40	40	P 369	360	40	40	
1077	1	T 368	356	40	40	P 369	350	40	40	
1078	1	T 366	357	40	40	P 369	360	40	40	
1079	1	T 364	358	40	40	P 360	360	40	40	
1080	1	T 362	359	40	40	P 360	360	40	40	
1081	1	T 360	360	40	40	P 360	360	40	40	
1082	1	T 358	361	40	40	P 360	360	40	40	
1083	0	T 356	362	40	40	
1084	2	T 354	363	40	40	P 75	179	40	40	P 350	360	40	40	
1085	1	T 352	364	40	40	P 341	360	40	40	
1086	1	T 350	365	40	40	P 626	141	40	40	
1087	1	T 348	366	40	40	P 350	369	40	40	
1088	1	T 346	367	40	40	P 350	369	40	40	
1089	1	T 344	368	40	40	P 341	369	40	40	
1090	1	T 342	369	40	40	P 341	369	40	40	
1091	1	T 340	370	40	40	P 341	369	40	40	
1092	1	T 338	371	40	40	P 341	369	40	40	
1093	1	T 336	372	40	40	P 331	379	40	40	
1094	1	T 334	373	40	40	P 341	379	40	40	
1095	1	T 332	374	40	40	P 331	379	40	40	
1096	1	T 330	375	40	40	P 322	379	40	40	
1097	1	T 328	376	40	40	P 322	379	40	40	
1098	1	T 326	377	40	40	P 322	379	40	40	
1099	1	T 324	378	40	40	P 322	379	40	40	
1100	1	T 322	379	40	40	P 322	379	40	40	
1101	1	T 320	380	40	40	P 312	379	40	40	
1102	1	T 318	381	40	40	P 322	379	40	40	
1103	2	T 316	382	40	40	P 265	151	40	40	P 312	379	40	40	
1104	1	T 314	383	40	40	P 312	388	40	40	
1105	1	T 312	384	40	40	P 569	322	40	40	
1106	2	T 310	385	40	40	P 312	388	40	40	P 379	255	40	40	
1107	1	T 308	386	40	40	P 303	379	40	40	
1108	2	T 306	387	40	40	P 151	75	40	40	P 303	388	40	40	
1109	1	T 304	388	40	40	P 303	388	40	40	
1110	1	T 302	389	40	40	P 303	388	40	40	
1111	1	T 300	390	40	40	P 303	388	40	40	
1112	1	T 298	391	40	40	P 303	398	40	40	
1113	1	T 296	392	40	40	P 293	398	40	40	
1114	1	T 294	393	40	40	P 293	398	40	40	
1115	1	T 292	394	40	40	P 293	398	40	40	
1116	1	T 290	395	40	40	P 293	398	40	40	
1117	1	T 288	396	40	40	P 293	398	40	40	
1118	0	T 286	397	40	40	
1119	1	T 284	398	40	40	P 284	398	40	40	
1120	1	T 282	399	40	40	P 284	398	40	40	
1121	1	T 280	400	40	40	P 284	398	40	40	
1122	1	T 278	401	40	40	P 274	398	40	40	
1123	1	T 276	402	40	40	P 274	398	40	40	
1124	1	T 274	403	40	40	P 274	398	40	40	
1125	2	T 272	404	40	40	P 265	398	40	40	P 483	37	40	40	
1126	1	T 270	405	40	40	P 265	398	40	40	
1127	1	T 268	406	40	40	P 265	407	40	40	
1128	0	T 266	407	40	40	
1129	0	T 264	408	40	40	
1130	1	T 262	409	40	40	P 265	417	40	40	
1131	0	T 260	410	40	40	
1132	1	T 258	411	40	40	P 255	407	40	40	
1133	1	T 256	412	40	40	P 255	417	40	40	
1134	1	T 254	413	40	40	P 246	417	40	40	
1135	0	T 252	414	40	40	
1136	1	T 250	415	40	40	P 246	417	40	40	
1137	0	T 248	416	40	40	
1138	1	T 246	417	40	40	P 246	417	40	40	
1139	1	T 244	418	40	40	P 246	417	40	40	
1140	1	T 242	419	40	40	P 246	417	40	40	
1141	0	T 240	420	40	40	
1142	0	T 238	419	40	40	
1143	0	T 236	418	40	40	
1144	1	T 234	417	40	40	P 236	417	40	40	
1145	1	T 232	416	40	40	P 236	417	40	40	
1146	0	T 230	415	40	40	
1147	1	T 228	414	40	40	P 227	417	40	40	
1148	1	T 226	413	40	40	P 227	417	40	40	
1149	2	T 224	412	40	40	P 227	417	40	40	P 303	322	40	40	
1150	1	T 222	411	40	40	P 217	407	40	40	
1151	3	T 220	410	40	40	P 132	227	40	40	P 217	417	40	40	P 531	46	40	40	
1152	0	T 218	409	40	40	
1153	1	T 216	408	40	40	P 217	417	40	40	
1154	1	T 214	407	40	40	P 208	417	40	40	
1155	1	T 212	406	40	40	P 208	398	40	40	
1156	2	T 210	405	40	40	P 132	75	40	40	P 208	398	40	40	
1157	1	T 208	404	40	40	P 208	398	40	40	
1158	1	T 206	403	40	40	P 198	407	40	40	
1159	1	T 204	402	40	40	P 208	398	40	40	
1160	2	T 202	401	40	40	P 208	398	40	40	P 436	341	40	40	
1161	0	T 200	400	40	40	
1162	1	T 198	399	40	40	P 198	398	40	40	
1163	1	T 196	398	40	40	P 198	398	40	40	
1164	1	T 194	397	40	40	P 189	398	40	40	
1165	1	T 192	396	40	40	P 189	398	40	40	
1166	1	T 190	395	40	40	P 189	398	40	40	
1167	1	T 188	394	40	40	P 189	398	40	40	
1168	1	T 186	393	40	40	P 189	398	40	40	
1169	1	T 184	392	40	40	P 189	388	40	40	
1170	1	T 182	391	40	40	P 179	398	40	40	
1171	1	T 180	390	40	40	P 179	388	40	40	
1172	1	T 178	389	40	40	P 189	246	40	40	
1173	1	T 176	388	40	40	P 179	388	40	40	
1174	1	T 174	387	40	40	P 170	388	40	40	
1175	0	T 172	386	40	40	
1176	1	T 170	385	40	40	P 170	379	40	40	
1177	1	T 168	384	40	40	P 170	379	40	40	
1178	2	T 166	383	40	40	P 160	388	40	40	P 265	379	40	40	
1179	1	T 164	382	40	40	P 160	379	40	40	
1180	1	T 162	381	40	40	P 160	379	40	40	
1181	2	T 160	380	40	40	P 160	379	40	40	P 350	113	40	40	
1182	1	T 158	379	40	40	P 151	379	40	40	
1183	1	T 156	378	40	40	P 151	379	40	40	
1184	1	T 154	377	40	40	P 151	369	40	40	
1185	1	T 152	376	40	40	P 151	379	40	40	
1186	1	T 150	375	40	40	P 151	379	40	40	
1187	1	T 148	374	40	40	P 141	379	40	40	
1188	1	T 146	373	40	40	P 151	369	40	40	
1189	0	T 144	372	40	40	
1190	1	T 142	371	40	40	P 141	379	40	40	
1191	0	T 140	370	40	40	
1192	1	T 138	369	40	40	P 141	369	40	40	
1193	1	T 136	368	40	40	P 132	379	40	40	
1194	1	T 134	367	40	40	P 132	369	40	40	
1195	1	T 132	366	40	40	P 132	369	40	40	
1196	1	T 130	365	40	40	P 132	360	40	40	
1197	1	T 128	364	40	40	P 132	360	40	40	
1198	2	T 126	363	40	40	P 27	84	40	40	P 122	360	40	40	
1199	1	T 124	362	40	40	P 122	360	40	40	
1200	1	T 122	361	40	40	P 122	360	40	40	
1201	1	T 120	360	40	40	P 122	360	40	40	
1202	2	T 118	359	40	40	P 122	350	40	40	P 398	265	40	40	
1203	1	T 116	358	40	40	P 113	350	40	40	
1204	1	T 114	357	40	40	P 113	350	40	40	
1205	1	T 112	356	40	40	P 113	360	40	40	
1206	1	T 110	355	40	40	P 103	350	40	40	
1207	1	T 108	354	40	40	P 103	360	40	40	
1208	1	T 106	353	40	40	P 113	350	40	40	
1209	2	T 104	352	40	40	P 103	350	40	40	P 350	65	40	40	
1210	1	T 102	351	40	40	P 94	360	40	40	
1211	0	T 100	350	40	40	
1212	1	T 98	349	40	40	P 94	350	40	40	
1213	0	T 96	348	40	40	
1214	1	T 94	347	40	40	P 94	341	40	40	
1215	1	T 92	346	40	40	P 94	341	40	40	
1216	1	T 90	345	40	40	P 94	350	40	40	
1217	1	T 88	344	40	40	P 84	341	40	40	
1218	1	T 86	343	40	40	P 84	341	40	40	
1219	1	T 84	342	40	40	P 84	341	40	40	
1220	0	T 82	341	40	40	
1221	1	T 80	340	40	40	P 75	341	40	40	
1222	1	T 78	339	40	40	P 75	341	40	40	
1223	1	T 76	338	40	40	P 75	331	40	40	
1224	1	T 74	337	40	40	P 75	341	40	40	
1225	1	T 72	336	40	40	P 75	341	40	40	
1226	1	T 70	335	40	40	P 65	341	40	40	
1227	2	T 68	334	40	40	P 65	331	40	40	P 312	236	40	40	
1228	1	T 66	333	40	40	P 65	341	40	40	
1229	1	T 64	332	40	40	P 65	331	40	40	
1230	1	T 62	331	40	40	P 56	331	40	40	
1231	1	T 60	330	40	40	P 56	331	40	40	
1232	1	T 58	329	40	40	P 56	322	40	40	
1233	1	T 56	328	40	40	P 56	322	40	40	
1234	0	T 54	327	40	40	
1235	2	T 52	326	40	40	P 56	322	40	40	P 151	417	40	40	
1236	1	T 50	325	40	40	P 46	322	40	40	
1237	1	T 48	324	40	40	P 46	322	40	40	
1238	1	T 46	323	40	40	P 37	322	40	40	
1239	1	T 44	322	40	40	P 37	322	40	40	
1240	1	T 42	321	40	40	P 37	322	40	40	
1241	2	T 40	320	40	40	P 46	312	40	40	P 312	407	40	40	
1242	1	T 38	319	40	40	P 37	322	40	40	
1243	1	T 36	318	40	40	P 37	322	40	40	
1244	1	T 34	317	40	40	P 37	312	40	40	
1245	1	T 32	316	40	40	P 27	322	40	40	
1246	1	T 30	315	40	40	P 37	312	40	40	
1247	0	T 28	314	40	40	
1248	0	T 26	313	40	40	
1249	1	T 24	312	40	40	P 132	56	40	40	
1250	1	T 22	311	40	40	P 18	303	40	40	
1251	1	T 20	310	40	40	P 18	312	40	40	
1252	1	T 22	309	40	40	P 27	303	40	40	
1253	1	T 24	308	40	40	P 27	303	40	40	
1254	1	T 26	307	40	40	P 18	312	40	40	
1255	2	T 28	306	40	40	P 18	303	40	40	P 151	360	40	40	
1256	1	T 30	305	40	40	P 37	303	40	40	
1257	1	T 32	304	40	40	P 37	303	40	40	
1258	1	T 34	303	40	40	P 37	303	40	40	
1259	1	T 36	302	40	40	P 27	303	40	40	
1260	1	T 38	301	40	40	P 37	303	40	40	
1261	1	T 40	300	40	40	P 46	303	40	40	
1262	1	T 42	299	40	40	P 37	303	40	40	
1263	1	T 44	298	40	40	P 37	303	40	40	
1264	2	T 46	297	40	40	P 46	303	40	40	P 426	27	40	40	
1265	1	T 48	296	40	40	P 46	293	40	40	
1266	2	T 50	295	40	40	P 46	293	40	40	P 436	94	40	40	
1267	1	T 52	294	40	40	P 46	293	40	40	
1268	2	T 54	293	40	40	P 46	293	40	40	P 379	27	40	40	
1269	0	T 56	292	40	40	
1270	0	T 58	291	40	40	
1271	1	T 60	290	40	40	P 56	284	40	40	
1272	1	T 62	289	40	40	P 56	284	40	40	
1273	1	T 64	288	40	40	P 65	293	40	40	
1274	1	T 66	287	40	40	P 75	284	40	40	
1275	1	T 68	286	40	40	P 65	284	40	40	
1276	2	T 70	285	40	40	P 65	217	40	40	P 75	284	40	40	
1277	1	T 72	284	40	40	P 65	284	40	40	
1278	1	T 74	283	40	40	P 75	284	40	40	
1279	1	T 76	282	40	40	P 75	284	40	40	
1280	0	T 78	281	40	40	
1281	1	T 80	280	40	40	P 75	284	40	40	
1282	1	T 82	279	40	40	P 84	274	40	40	
1283	1	T 84	278	40	40	P 84	274	40	40	
1284	1	T 86	277	40	40	P 84	274	40	40	
1285	0	T 88	276	40	40	
1286	2	T 90	275	40	40	P 94	274	40	40	P 379	151	40	40	
1287	0	T 92	274	40	40	
1288	1	T 94	273	40	40	P 94	274	40	40	
1289	2	T 96	272	40	40	P 94	274	40	40	P 132	170	40	40	
1290	1	T 98	271	40	40	P 540	103	40	40	
1291	1	T 100	270	40	40	P 94	265	40	40	
1292	1	T 102	269	40	40	P 103	265	40	40	
1293	1	T 104	268	40	40	P 103	265	40	40	
1294	0	T 106	267	40	40	
1295	1	T 108	266	40	40	P 103	265	40	40	
1296	1	T 110	265	40	40	P 103	265	40	40	
1297	1	T 112	264	40	40	P 113	265	40	40	
1298	1	T 114	263	40	40	P 113	265	40	40	
1299	1	T 116	262	40	40	P 103	265	40	40	
1300	1	T 118	261	40	40	P 122	255	40	40	
1301	0	T 120	260	40	40	
1302	1	T 122	259	40	40	P 122	265	40	40	
1303	1	T 124	258	40	40	P 122	265	40	40	
1304	1	T 126	257	40	40	P 132	265	40	40	
1305	1	T 128	256	40	40	P 578	141	40	40	
1306	1	T 130	255	40	40	P 132	255	40	40	
1307	0	T 132	254	40	40	
1308	1	T 134	253	40	40	P 132	255	40	40	
1309	1	T 136	252	40	40	P 132	246	40	40	
1310	1	T 138	251	40	40	P 141	255	40	40	
1311	1	T 140	250	40	40	P 141	255	40	40	
1312	1	T 142	249	40	40	P 141	246	40	40	
1313	1	T 144	248	40	40	P 141	246	40	40	
1314	3	T 146	247	40	40	P 141	246	40	40	P 407	360	40	40	P 455	170	40	40	
1315	1	T 148	246	40	40	P 151	246	40	40	
1316	1	T 150	245	40	40	P 151	246	40	40	
1317	1	T 152	244	40	40	P 151	246	40	40	
1318	1	T 154	243	40	40	P 151	246	40	40	
1319	2	T 156	242	40	40	P 151	236	40	40	P 588	179	40	40	
1320	1	T 158	241	40	40	P 160	236	40	40	
1321	0	T 160	240	40	40	
1322	1	T 162	239	40	40	P 160	236	40	40	
1323	1	T 164	238	40	40	P 151	236	40	40	
1324	1	T 166	237	40	40	P 160	236	40	40	
1325	1	T 168	236	40	40	P 170	227	40	40	
1326	1	T 170	235	40	40	P 170	236	40	40	
1327	1	T 172	234	40	40	P 170	236	40	40	
1328	0	T 174	233	40	40	
1329	1	T 176	232	40	40	P 179	236	40	40	
1330	1	T 178	231	40	40	P 179	227	40	40	
1331	1	T 180	230	40	40	P 179	227	40	40	
1332	2	T 182	229	40	40	P 179	227	40	40	P 502	341	40	40	
1333	1	T 184	228	40	40	P 179	227	40	40	
1334	0	T 186	227	40	40	
1335	1	T 188	226	40	40	P 189	236	40	40	
1336	1	T 190	225	40	40	P 189	227	40	40	
1337	1	T 192	224	40	40	P 189	227	40	40	
1338	1	T 194	223	40	40	P 189	227	40	40	
1339	1	T 196	222	40	40	P 189	227	40	40	
1340	1	T 198	221	40	40	P 198	217	40	40	
1341	1	T 200	220	40	40	P 198	217	40	40	
1342	2	T 202	219	40	40	P 198	217	40	40	P 550	56	40	40	
1343	1	T 204	218	40	40	P 208	217	40	40	
1344	0	T 206	217	40	40	
1345	1	T 208	216	40	40	P 198	217	40	40	
1346	1	T 210	215	40	40	P 303	18	40	40	
1347	1	T 212	214	40	40	P 208	208	40	40	
1348	1	T 214	213	40	40	P 217	217	40	40	
1349	1	T 216	212	40	40	P 217	208	40	40	
1350	2	T 218	211	40	40	P 493	417	40	40	P 531	94	40	40	
1351	2	T 220	210	40	40	P 217	208	40	40	P 569	122	40	40	
1352	1	T 222	209	40	40	P 227	208	40	40	
1353	1	T 224	208	40	40	P 227	208	40	40	
1354	0	T 226	207	40	40	
1355	2	T 228	206	40	40	P 132	56	40	40	P 236	198	40	40	
1356	1	T 230	205	40	40	P 227	208	40	40	
1357	1	T 232	204	40	40	P 236	208	40	40	
1358	2	T 234	203	40	40	P 198	312	40	40	P 227	208	40	40	
1359	1	T 236	202	40	40	P 227	208	40	40	
1360	1	T 238	201	40	40	P 236	198	40	40	
1361	0	T 240	200	40	40	
1362	1	T 242	199	40	40	P 246	198	40	40	
1363	1	T 244	198	40	40	P 246	198	40	40	
1364	1	T 246	197	40	40	P 246	198	40	40	
1365	1	T 248	196	40	40	P 246	189	40	40	
1366	2	T 250	195	40	40	P 255	198	40	40	P 322	265	40	40	
1367	1	T 252	194	40	40	P 246	198	40	40	
1368	1	T 254	193	40	40	P 255	189	40	40	
1369	1	T 256	192	40	40	P 246	189	40	40	
1370	1	T 258	191	40	40	P 265	189	40	40	
1371	1	T 260	190	40	40	P 265	189	40	40	
1372	1	T 262	189	40	40	P 265	189	40	40	
1373	1	T 264	188	40	40	P 265	189	40	40	
1374	2	T 266	187	40	40	P 198	65	40	40	P 265	189	40	40	
1375	1	T 268	186	40	40	P 265	189	40	40	
1376	0	T 270	185	40	40	
1377	1	T 272	184	40	40	P 265	189	40	40	
1378	1	T 274	183	40	40	P 265	189	40	40	
1379	2	T 276	182	40	40	P 217	388	40	40	P 274	189	40	40	
1380	1	T 278	181	40	40	P 274	179	40	40	
1381	1	T 280	180	40	40	P 284	179	40	40	
1382	1	T 282	179	40	40	P 284	179	40	40	
1383	1	T 284	178	40	40	P 284	179	40	40	
1384	1	T 286	177	40	40	P 284	179	40	40	
1385	0	T 288	176	40	40	
1386	1	T 290	175	40	40	P 284	170	40	40	
1387	0	T 292	174	40	40	
1388	1	T 294	173	40	40	P 293	170	40	40	
1389	1	T 296	172	40	40	P 293	170	40	40	
1390	1	T 298	171	40	40	P 293	170	40	40	
1391	1	T 300	170	40	40	P 293	170	40	40	
1392	1	T 302	169	40	40	P 303	170	40	40	
1393	1	T 304	168	40	40	P 303	170	40	40	
1394	1	T 306	167	40	40	P 303	170	40	40	
1395	1	T 308	166	40	40	P 303	170	40	40	
1396	2	T 310	165	40	40	P 56	160	40	40	P 312	160	40	40	
1397	0	T 312	164	40	40	
1398	1	T 314	163	40	40	P 312	170	40	40	
1399	2	T 316	162	40	40	P 312	160	40	40	P 645	236	40	40	
1400	1	T 318	161	40	40	P 322	160	40	40	
1401	1	T 320	160	40	40	P 312	160	40	40	
1402	1	T 322	159	40	40	P 322	151	40	40	
1403	0	T 324	158	40	40	
1404	2	T 326	157	40	40	P 322	160	40	40	P 417	208	40	40	
1405	1	T 328	156	40	40	P 322	151	40	40	
1406	1	T 330	155	40	40	P 331	151	40	40	
1407	2	T 332	154	40	40	P 56	84	40	40	P 331	151	40	40	
1408	0	T 334	153	40	40	
1409	1	T 336	152	40	40	P 331	151	40	40	
1410	1	T 338	151	40	40	P 331	151	40	40	
1411	2	T 340	150	40	40	P 113	350	40	40	P 331	151	40	40	
1412	2	T 342	149	40	40	P 341	151	40	40	P 645	151	40	40	
1413	1	T 344	148	40	40	P 341	151	40	40	
1414	1	T 346	147	40	40	P 341	151	40	40	
1415	1	T 348	146	40	40	P 341	151	40	40	
1416	2	T 350	145	40	40	P 94	236	40	40	P 341	151	40	40	
1417	0	T 352	144	40	40	
1418	1	T 354	143	40	40	P 350	141	40	40	
1419	1	T 356	142	40	40	P 360	141	40	40	
1420	1	T 358	141	40	40	P 360	132	40	40	
1421	1	T 360	140	40	40	P 360	141	40	40	
1422	2	T 362	139	40	40	P 360	141	40	40	P 626	113	40	40	
1423	0	T 364	138	40	40	
1424	1	T 366	137	40	40	P 512	132	40	40	
1425	1	T 368	136	40	40	P 369	132	40	40	
1426	2	T 370	135	40	40	P 369	132	40	40	P 626	303	40	40	
1427	1	T 372	134	40	40	P 369	132	40	40	
1428	1	T 374	133	40	40	P 369	132	40	40	
1429	1	T 376	132	40	40	P 379	132	40	40	
1430	1	T 378	131	40	40	P 379	132	40	40	
1431	1	T 380	130	40	40	P 379	132	40	40	
1432	1	T 382	129	40	40	P 379	132	40	40	
1433	1	T 384	128	40	40	P 379	132	40	40	
1434	1	T 386	127	40	40	P 388	122	40	40	
1435	0	T 388	126	40	40	
1436	0	T 390	125	40	40	
1437	1	T 392	124	40	40	P 388	122	40	40	
1438	1	T 394	123	40	40	P 398	122	40	40	
1439	1	T 396	122	40	40	P 398	122	40	40	
1440	1	T 398	121	40	40	P 398	113	40	40	
1441	0	T 400	120	40	40	
1442	0	T 402	119	40	40	
1443	2	T 404	118	40	40	P 398	407	40	40	P 407	122	40	40	
1444	0	T 406	117	40	40	
1445	1	T 408	116	40	40	P 407	113	40	40	
1446	1	T 410	115	40	40	P 417	113	40	40	
1447	0	T 412	114	40	40	
1448	1	T 414	113	40	40	P 417	113	40	40	
1449	0	T 416	112	40	40	
1450	1	T 418	111	40	40	P 417	113	40	40	
1451	1	T 420	110	40	40	P 417	113	40	40	
1452	1	T 422	109	40	40	P 417	113	40	40	
1453	0	T 424	108	40	40	
1454	1	T 426	107	40	40	P 426	113	40	40	
1455	1	T 428	106	40	40	P 426	103	40	40	
1456	1	T 430	105	40	40	P 426	103	40	40	
1457	1	T 432	104	40	40	P 436	103	40	40	
1458	2	T 434	103	40	40	P 113	350	40	40	P 436	103	40	40	
1459	1	T 436	102	40	40	P 436	103	40	40	
1460	1	T 438	101	40	40	P 436	94	40	40	
1461	0	T 440	100	40	40	
1462	0	T 442	99	40	40	
1463	2	T 444	98	40	40	P 284	132	40	40	P 445	94	40	40	
1464	1	T 446	97	40	40	P 445	94	40	40	
1465	1	T 448	96	40	40	P 455	94	40	40	
1466	2	T 450	95	40	40	P 132	151	40	40	P 455	94	40	40	
1467	1	T 452	94	40	40	P 455	94	40	40	
1468	2	T 454	93	40	40	P 303	274	40	40	P 455	94	40	40	
1469	1	T 456	92	40	40	P 455	94	40	40	
1470	1	T 458	91	40	40	P 455	94	40	40	
1471	2	T 460	90	40	40	P 464	94	40	40	P 512	379	40	40	
1472	1	T 462	89	40	40	P 455	94	40	40	
1473	2	T 464	88	40	40	P 189	284	40	40	P 464	84	40	40	
1474	1	T 466	87	40	40	P 464	94	40	40	
1475	1	T 468	86	40	40	P 464	84	40	40	
1476	1	T 470	85	40	40	P 474	84	40	40	
1477	1	T 472	84	40	40	P 474	84	40	40	
1478	0	T 474	83	40	40	
1479	0	T 476	82	40	40	
1480	2	T 478	81	40	40	P 265	246	40	40	P 474	75	40	40	
1481	2	T 480	80	40	40	P 160	398	40	40	P 474	75	40	40	
1482	1	T 482	79	40	40	P 483	75	40	40	
1483	1	T 484	78	40	40	P 483	75	40	40	
1484	0	T 486	77	40	40	
1485	1	T 488	76	40	40	P 493	75	40	40	
1486	1	T 490	75	40	40	P 493	75	40	40	
1487	1	T 492	74	40	40	P 493	75	40	40	
1488	1	T 494	73	40	40	P 493	75	40	40	
1489	0	T 496	72	40	40	
1490	1	T 498	71	40	40	P 502	65	40	40	
1491	0	T 500	70	40	40	
1492	1	T 502	69	40	40	P 502	65	40	40	
1493	1	T 504	68	40	40	P 502	65	40	40	
1494	1	T 506	67	40	40	P 512	75	40	40	
1495	0	T 508	66	40	40	
1496	1	T 510	65	40	40	P 502	65	40	40	
1497	1	T 512	64	40	40	P 512	65	40	40	
1498	1	T 514	63	40	40	P 512	65	40	40	
1499	1	T 516	62	40	40	P 512	56	40	40	
1500	1	T 518	61	40	40	P 521	56	40	40	
1501	2	T 520	60	40	40	P 512	56	40	40	P 607	312	40	40	
1502	0	T 522	59	40	40	
1503	1	T 524	58	40	40	P 521	56	40	40	
1504	0	T 526	57	40	40	
1505	1	T 528	56	40	40	P 531	56	40	40	
1506	1	T 530	55	40	40	P 531	56	40	40	
1507	0	T 532	54	40	40	
1508	2	T 534	53	40	40	P 208	132	40	40	P 531	56	40	40	
1509	0	T 536	52	40	40	
1510	1	T 538	51	40	40	P 540	46	40	40	
1511	1	T 540	50	40	40	P 531	56	40	40	
1512	1	T 542	49	40	40	P 540	46	40	40	
1513	1	T 544	48	40	40	P 540	46	40	40	
1514	1	T 546	47	40	40	P 550	46	40	40	
1515	1	T 548	46	40	40	P 550	46	40	40	
1516	1	T 550	45	40	40	P 550	46	40	40	
1517	2	T 552	44	40	40	P 360	141	40	40	P 550	46	40	40	
1518	1	T 554	43	40	40	P 550	46	40	40	
1519	0	T 556	42	40	40	
1520	1	T 558	41	40	40	P 550	37	40	40	
1521	1	T 560	40	40	40	P 559	37	40	40	
1522	1	T 562	39	40	40	P 559	37	40	40	
1523	1	T 564	38	40	40	P 569	37	40	40	
1524	1	T 566	37	40	40	P 569	37	40	40	
1525	2	T 568	36	40	40	P 417	151	40	40	P 569	37	40	40	
1526	1	T 570	35	40	40	P 569	37	40	40	
1527	1	T 572	34	40	40	P 578	27	40	40	
1528	1	T 574	33	40	40	P 569	27	40	40	
1529	2	T 576	32	40	40	P 550	94	40	40	P 569	37	40	40	
1530	1	T 578	31	40	40	P 569	27	40	40	
1531	0	T 580	30	40	40	
1532	0	T 582	29	40	40	
1533	1	T 584	28	40	40	P 588	27	40	40	
1534	1	T 586	27	40	40	P 588	37	40	40	
1535	1	T 588	26	40	40	P 578	27	40	40	
1536	1	T 590	25	40	40	P 588	18	40	40	
1537	1	T 592	24	40	40	P 246	113	40	40	
1538	1	T 594	23	40	40	P 597	18	40	40	
1539	2	T 596	22	40	40	P 398	189	40	40	P 597	27	40	40	
1540	1	T 598	21	40	40	P 597	18	40	40	
1541	0	T 600	20	40	40	
1542	1	T 602	21	40	40	P 607	18	40	40	
1543	2	T 604	22	40	40	P 436	274	40	40	P 607	18	40	40	
1544	1	T 606	23	40	40	P 607	18	40	40	
1545	1	T 608	24	40	40	P 607	18	40	40	
1546	1	T 610	25	40	40	P 607	37	40	40	
1547	1	T 612	26	40	40	P 607	27	40	40	
1548	1	T 614	27	40	40	P 607	18	40	40	
1549	2	T 616	28	40	40	P 455	417	40	40	P 616	27	40	40	
1550	0	T 618	29	40	40	
1551	1	T 620	30	40	40	P 616	37	40	40	
1552	1	T 622	31	40	40	P 616	27	40	40	
1553	1	T 624	32	40	40	P 626	27	40	40	
1554	1	T 626	33	40	40	P 626	37	40	40	
1555	1	T 628	34	40	40	P 626	37	40	40	
1556	1	T 630	35	40	40	P 626	37	40	40	
1557	1	T 632	36	40	40	P 626	37	40	40	
1558	0	T 634	37	40	40	
1559	1	T 636	38	40	40	P 626	37	40	40	
1560	1	T 638	39	40	40	P 635	37	40	40	
1561	1	T 640	40	40	40	P 645	37	40	40	
1562	0	T 642	41	40	40	
1563	1	T 644	42	40	40	P 645	37	40	40	
1564	1	T 646	43	40	40	P 645	46	40	40	
1565	1	T 648	44	40	40	P 645	46	40	40	
1566	2	T 650	45	40	40	P 398	56	40	40	P 645	37	40	40	
1567	1	T 652	46	40	40	P 645	46	40	40	
1568	1	T 654	47	40	40	P 645	46	40	40	
1569	2	T 656	48	40	40	P 227	379	40	40	P 645	56	40	40	
1570	0	T 658	49	40	40	
1571	1	T 660	50	40	40	P 645	56	40	40	
1572	1	T 658	51	40	40	P 645	56	40	40	
1573	0	T 656	52	40	40	
1574	1	T 654	53	40	40	P 645	56	40	40	
1575	1	T 652	54	40	40	P 645	56	40	40	
1576	2	T 650	55	40	40	P 141	360	40	40	P 645	56	40	40	
1577	0	T 648	56	40	40	
1578	1	T 646	57	40	40	P 645	56	40	40	
1579	1	T 644	58	40	40	P 645	56	40	40	
1580	2	T 642	59	40	40	P 379	75	40	40	P 645	56	40	40	
1581	1	T 640	60	40	40	P 635	65	40	40	
1582	1	T 638	61	40	40	P 635	65	40	40	
1583	1	T 636	62	40	40	P 635	56	40	40	
1584	0	T 634	63	40	40	
1585	1	T 632	64	40	40	P 635	65	40	40	
1586	2	T 630	65	40	40	P 398	189	40	40	P 626	65	40	40	
1587	1	T 628	66	40	40	P 626	75	40	40	
1588	2	T 626	67	40	40	P 227	37	40	40	P 626	65	40	40	
1589	0	T 624	68	40	40	
1590	2	T 622	69	40	40	P 274	312	40	40	P 626	75	40	40	
1591	1	T 620	70	40	40	P 227	189	40	40	
1592	0	T 618	71	40	40	
1593	0	T 616	72	40	40	
1594	1	T 614	73	40	40	P 607	75	40	40	
1595	1	T 612	74	40	40	P 616	65	40	40	
1596	1	T 610	75	40	40	P 607	75	40	40	
1597	1	T 608	76	40	40	P 607	75	40	40	
1598	2	T 606	77	40	40	P 578	255	40	40	P 607	75	40	40	
1599	1	T 604	78	40	40	P 265	56	40	40	
1600	1	T 602	79	40	40	P 607	75	40	40	
1601	0	T 600	80	40	40	
1602	1	T 598	81	40	40	P 597	84	40	40	
1603	0	T 596	82	40	40	
1604	0	T 594	83	40	40	
1605	1	T 592	84	40	40	P 588	84	40	40	
1606	2	T 590	85	40	40	P 588	84	40	40	P 616	274	40	40	
1607	1	T 588	86	40	40	P 588	84	40	40	
1608	3	T 586	87	40	40	P 265	341	40	40	P 417	94	40	40	P 588	84	40	40	
1609	0	T 584	88	40	40	
1610	1	T 582	89	40	40	P 512	122	40	40	
1611	1	T 580	90	40	40	P 569	94	40	40	
1612	2	T 578	91	40	40	P 94	132	40	40	P 578	84	40	40	
1613	1	T 576	92	40	40	P 569	94	40	40	
1614	1	T 574	93	40	40	P 569	94	40	40	
1615	1	T 572	94	40	40	P 569	94	40	40	
1616	1	T 570	95	40	40	P 569	94	40	40	
1617	1	T 568	96	40	40	P 569	94	40	40	
1618	1	T 566	97	40	40	P 559	103	40	40	
1619	0	T 564	98	40	40	
1620	1	T 562	99	40	40	P 569	94	40	40	
1621	1	T 560	100	40	40	P 559	94	40	40	
1622	1	T 558	101	40	40	P 550	94	40	40	
1623	1	T 556	102	40	40	P 550	94	40	40	
1624	1	T 554	103	40	40	P 550	103	40	40	
1625	1	T 552	104	40	40	P 550	94	40	40	
1626	2	T 550	105	40	40	P 227	37	40	40	P 550	103	40	40	
1627	1	T 548	106	40	40	P 550	103	40	40	
1628	2	T 546	107	40	40	P 550	103	40	40	P 569	379	40	40	
1629	1	T 544	108	40	40	P 550	113	40	40	
1630	1	T 542	109	40	40	P 540	113	40	40	
1631	1	T 540	110	40	40	P 531	113	40	40	
1632	0	T 538	111	40	40	
1633	1	T 536	112	40	40	P 531	113	40	40	
1634	2	T 534	113	40	40	P 293	113	40	40	P 531	113	40	40	
1635	1	T 532	114	40	40	P 531	113	40	40	
1636	1	T 530	115	40	40	P 531	113	40	40	
1637	1	T 528	116	40	40	P 521	113	40	40	
1638	1	T 526	117	40	40	P 521	113	40	40	
1639	1	T 524	118	40	40	P 521	113	40	40	
1640	1	T 522	119	40	40	P 521	122	40	40	
1641	1	T 520	120	40	40	P 398	417	40	40	
1642	1	T 518	121	40	40	P 512	122	40	40	
1643	1	T 516	122	40	40	P 512	122	40	40	
1644	1	T 514	123	40	40	P 512	122	40	40	
1645	1	T 512	124	40	40	P 512	132	40	40	
1646	2	T 510	125	40	40	P 170	398	40	40	P 502	122	40	40	
1647	1	T 508	126	40	40	P 512	122	40	40	
1648	2	T 506	127	40	40	P 407	113	40	40	P 502	122	40	40	
1649	2	T 504	128	40	40	P 502	132	40	40	P 550	417	40	40	
1650	1	T 502	129	40	40	P 502	132	40	40	
1651	1	T 500	130	40	40	P 493	132	40	40	
1652	1	T 498	131	40	40	P 493	132	40	40	
1653	1	T 496	132	40	40	P 493	132	40	40	
1654	0	T 494	133	40	40	
1655	1	T 492	134	40	40	P 493	132	40	40	
1656	1	T 490	135	40	40	P 493	132	40	40	
1657	1	T 488	136	40	40	P 493	132	40	40	
1658	1	T 486	137	40	40	P 483	141	40	40	
1659	1	T 484	138	40	40	P 483	132	40	40	
1660	0	T 482	139	40	40	
1661	1	T 480	140	40	40	P 483	141	40	40	
1662	1	T 478	141	40	40	P 474	141	40	40	
1663	1	T 476	142	40	40	P 474	151	40	40	
1664	1	T 474	143	40	40	P 474	141	40	40	
1665	1	T 472	144	40	40	P 132	379	40	40	
1666	1	T 470	145	40	40	P 474	151	40	40	
1667	2	T 468	146	40	40	P 417	407	40	40	P 474	151	40	40	
1668	1	T 466	147	40	40	P 464	141	40	40	
1669	1	T 464	148	40	40	P 464	151	40	40	
1670	2	T 462	149	40	40	P 103	103	40	40	P 455	151	40	40	
1671	0	T 460	150	40	40	
1672	1	T 458	151	40	40	P 455	151	40	40	
1673	1	T 456	152	40	40	P 455	151	40	40	
1674	1	T 454	153	40	40	P 455	151	40	40	
1675	0	T 452	154	40	40	
1676	1	T 450	155	40	40	P 455	151	40	40	
1677	2	T 448	156	40	40	P 445	151	40	40	P 607	122	40	40	
1678	1	T 446	157	40	40	P 455	151	40	40	
1679	1	T 444	158	40	40	P 445	151	40	40	
1680	1	T 442	159	40	40	P 445	160	40	40	
1681	1	T 440	160	40	40	P 436	151	40	40	
1682	1	T 438	161	40	40	P 436	160	40	40	
1683	1	T 436	162	40	40	P 436	170	40	40	
1684	1	T 434	163	40	40	P 436	170	40	40	
1685	1	T 432	164	40	40	P 436	170	40	40	
1686	1	T 430	165	40	40	P 436	170	40	40	
1687	1	T 428	166	40	40	P 426	170	40	40	
1688	1	T 426	167	40	40	P 426	170	40	40	
1689	1	T 424	168	40	40	P 426	170	40	40	
1690	2	T 422	169	40	40	P 417	170	40	40	P 645	398	40	40	
1691	1	T 420	170	40	40	P 426	170	40	40	
1692	1	T 418	171	40	40	P 417	170	40	40	
1693	1	T 416	172	40	40	P 417	170	40	40	
1694	1	T 414	173	40	40	P 417	170	40	40	
1695	1	T 412	174	40	40	P 407	170	40	40	
1696	1	T 410	175	40	40	P 407	170	40	40	
1697	1	T 408	176	40	40	P 407	170	40	40	
1698	1	T 406	177	40	40	P 407	179	40	40	
1699	0	T 404	178	40	40	
1700	2	T 402	179	40	40	P 132	18	40	40	P 398	170	40	40	
1701	0	T 400	180	40	40	
1702	1	T 398	181	40	40	P 398	179	40	40	
1703	2	T 396	182	40	40	P 341	369	40	40	P 398	179	40	40	
1704	1	T 394	183	40	40	P 398	179	40	40	
1705	0	T 392	184	40	40	
1706	1	T 390	185	40	40	P 398	189	40	40	
1707	1	T 388	186	40	40	P 388	179	40	40	
1708	0	T 386	187	40	40	
1709	1	T 384	188	40	40	P 379	189	40	40	
1710	1	T 382	189	40	40	P 369	189	40	40	
1711	0	T 380	190	40	40	
1712	1	T 378	191	40	40	P 379	189	40	40	
1713	1	T 376	192	40	40	P 379	189	40	40	
1714	2	T 374	193	40	40	P 75	75	40	40	P 369	189	40	40	
1715	1	T 372	194	40	40	P 369	198	40	40	
1716	2	T 370	195	40	40	P 369	189	40	40	P 379	417	40	40	
1717	0	T 368	196	40	40	
1718	1	T 366	197	40	40	P 360	198	40	40	
1719	1	T 364	198	40	40	P 360	189	40	40	
1720	1	T 362	199	40	40	P 360	198	40	40	
1721	1	T 360	200	40	40	P 293	46	40	40	
1722	1	T 358	201	40	40	P 360	198	40	40	
1723	2	T 356	202	40	40	P 141	236	40	40	P 360	198	40	40	
1724	1	T 354	203	40	40	P 350	198	40	40	
1725	1	T 352	204	40	40	P 350	208	40	40	
1726	1	T 350	205	40	40	P 341	208	40	40	
1727	1	T 348	206	40	40	P 341	208	40	40	
1728	1	T 346	207	40	40	P 350	208	40	40	
1729	0	T 344	208	40	40	
1730	3	T 342	209	40	40	P 274	407	40	40	P 341	208	40	40	P 464	208	40	40	
1731	0	T 340	210	40	40	
1732	1	T 338	211	40	40	P 341	208	40	40	
1733	2	T 336	212	40	40	P 37	255	40	40	P 331	217	40	40	
1734	1	T 334	213	40	40	P 341	208	40	40	
1735	1	T 332	214	40	40	P 331	208	40	40	
1736	1	T 330	215	40	40	P 322	208	40	40	
1737	1	T 328	216	40	40	P 322	217	40	40	
1738	1	T 326	217	40	40	P 322	208	40	40	
1739	1	T 324	218	40	40	P 322	217	40	40	
1740	1	T 322	219	40	40	P 322	217	40	40	
1741	0	T 320	220	40	40	
1742	2	T 318	221	40	40	P 56	417	40	40	P 322	227	40	40	
1743	1	T 316	222	40	40	P 312	217	40	40	
1744	1	T 314	223	40	40	P 312	227	40	40	
1745	1	T 312	224	40	40	P 312	227	40	40	
1746	1	T 310	225	40	40	P 303	227	40	40	
1747	2	T 308	226	40	40	P 132	274	40	40	P 303	227	40	40	
1748	1	T 306	227	40	40	P 208	122	40	40	
1749	1	T 304	228	40	40	P 303	227	40	40	
1750	1	T 302	229	40	40	P 303	227	40	40	
1751	1	T 300	230	40	40	P 303	227	40	40	
1752	1	T 298	231	40	40	P 293	227	40	40	
1753	1	T 296	232	40	40	P 293	227	40	40	
1754	1	T 294	233	40	40	P 293	227	40	40	
1755	1	T 292	234	40	40	P 284	227	40	40	
1756	1	T 290	235	40	40	P 284	227	40	40	
1757	1	T 288	236	40	40	P 284	236	40	40	
1758	1	T 286	237	40	40	P 284	236	40	40	
1759	1	T 284	238	40	40	P 284	236	40	40	
1760	0	T 282	239	40	40	
1761	1	T 280	240	40	40	P 274	236	40	40	
1762	0	T 278	241	40	40	
1763	2	T 276	242	40	40	P 274	246	40	40	P 445	160	40	40	
1764	0	T 274	243	40	40	
1765	1	T 272	244	40	40	P 274	246	40	40	
1766	1	T 270	245	40	40	P 265	246	40	40	
1767	1	T 268	246	40	40	P 265	246	40	40	
1768	1	T 266	247	40	40	P 265	246	40	40	
1769	0	T 264	248	40	40	
1770	1	T 262	249	40	40	P 255	255	40	40	
1771	0	T 260	250	40	40	
1772	1	T 258	251	40	40	P 265	255	40	40	
1773	0	T 256	252	40	40	
1774	1	T 254	253	40	40	P 246	246	40	40	
1775	1	T 252	254	40	40	P 246	255	40	40	
1776	0	T 250	255	40	40	
1777	1	T 248	256	40	40	P 246	246	40	40	
1778	1	T 246	257	40	40	P 246	255	40	40	
1779	1	T 244	258	40	40	P 246	265	40	40	
1780	1	T 242	259	40	40	P 246	265	40	40	
1781	1	T 240	260	40	40	P 246	265	40	40	
1782	1	T 238	261	40	40	P 236	265	40	40	
1783	1	T 236	262	40	40	P 236	255	40	40	
1784	1	T 234	263	40	40	P 227	265	40	40	
1785	1	T 232	264	40	40	P 227	265	40	40	
1786	1	T 230	265	40	40	P 227	265	40	40	
1787	2	T 228	266	40	40	P 227	265	40	40	P 303	208	40	40	
1788	0	T 226	267	40	40	
1789	1	T 224	268	40	40	P 227	265	40	40	
1790	0	T 222	269	40	40	
1791	1	T 220	270	40	40	P 217	274	40	40	
1792	1	T 218	271	40	40	P 217	265	40	40	
1793	1	T 216	272	40	40	P 217	265	40	40	
1794	1	T 214	273	40	40	P 217	274	40	40	
1795	1	T 212	274	40	40	P 208	265	40	40	
1796	0	T 210	275	40	40	
1797	1	T 208	276	40	40	P 208	274	40	40	
1798	1	T 206	277	40	40	P 208	284	40	40	
1799	1	T 204	278	40	40	P 208	274	40	40	
1800	1	T 202	279	40	40	P 208	274	40	40	
1801	1	T 200	280	40	40	P 198	274	40	40	
1802	1	T 198	281	40	40	P 198	284	40	40	
1803	1	T 196	282	40	40	P 198	284	40	40	
1804	1	T 194	283	40	40	P 189	284	40	40	
1805	1	T 192	284	40	40	P 189	284	40	40	
1806	1	T 190	285	40	40	P 189	284	40	40	
1807	0	T 188	286	40	40	
1808	1	T 186	287	40	40	P 189	284	40	40	
1809	0	T 184	288	40	40	
1810	0	T 182	289	40	40	
1811	0	T 180	290	40	40	
1812	1	T 178	291	40	40	P 179	284	40	40	
1813	1	T 176	292	40	40	P 179	293	40	40	
1814	0	T 174	293	40	40	
1815	1	T 172	294	40	40	P 170	293	40	40	
1816	1	T 170	295	40	40	P 170	293	40	40	
1817	1	T 168	296	40	40	P 160	293	40	40	
1818	1	T 166	297	40	40	P 160	293	40	40	
1819	1	T 164	298	40	40	P 160	293	40	40	
1820	1	T 162	299	40	40	P 160	303	40	40	
1821	1	T 160	300	40	40	P 160	303	40	40	
1822	1	T 158	301	40	40	P 151	303	40	40	
1823	0	T 156	302	40	40	
1824	1	T 154	303	40	40	P 151	303	40	40	
1825	1	T 152	304	40	40	P 151	303	40	40	
1826	0	T 150	305	40	40	
1827	1	T 148	306	40	40	P 151	303	40	40	
1828	2	T 146	307	40	40	P 151	303	40	40	P 312	274	40	40	
1829	1	T 144	308	40	40	P 151	303	40	40	
1830	1	T 142	309	40	40	P 141	312	40	40	
1831	0	T 140	310	40	40	
1832	1	T 138	311	40	40	P 132	303	40	40	
1833	0	T 136	312	40	40	
1834	1	T 134	313	40	40	P 132	312	40	40	
1835	1	T 132	314	40	40	P 132	322	40	40	
1836	1	T 130	315	40	40	P 132	322	40	40	
1837	1	T 128	316	40	40	P 122	312	40	40	
1838	0	T 126	317	40	40	
1839	1	T 124	318	40	40	P 122	322	40	40	
1840	2	T 122	319	40	40	P 122	322	40	40	P 597	274	40	40	
1841	1	T 120	320	40	40	P 122	322	40	40	
1842	2	T 118	321	40	40	P 113	322	40	40	P 493	18	40	40	
1843	1	T 116	322	40	40	P 113	322	40	40	
1844	1	T 114	323	40	40	P 113	322	40	40	
1845	1	T 112	324	40	40	P 113	322	40	40	
1846	1	T 110	325	40	40	P 103	322	40	40	
1847	1	T 108	326	40	40	P 103	322	40	40	
1848	1	T 106	327	40	40	P 103	322	40	40	
1849	1	T 104	328	40	40	P 94	322	40	40	
1850	1	T 102	329	40	40	P 94	322	40	40	
1851	1	T 100	330	40	40	P 94	331	40	40	
1852	1	T 98	331	40	40	P 94	331	40	40	
1853	0	T 96	332	40	40	
1854	1	T 94	333	40	40	P 84	331	40	40	
1855	1	T 92	334	40	40	P 94	331	40	40	
1856	0	T 90	335	40	40	
1857	1	T 88	336	40	40	P 84	341	40	40	
1858	1	T 86	337	40	40	P 84	341	40	40	
1859	1	T 84	338	40	40	P 94	341	40	40	
1860	1	T 82	339	40	40	P 84	341	40	40	
1861	1	T 80	340	40	40	P 75	341	40	40	
1862	2	T 78	341	40	40	P 84	341	40	40	P 436	37	40	40	
1863	0	T 76	342	40	40	
1864	1	T 74	343	40	40	P 75	341	40	40	
1865	2	T 72	344	40	40	P 65	341	40	40	P 151	18	40	40	
1866	1	T 70	345	40	40	P 75	341	40	40	
1867	1	T 68	346	40	40	P 75	341	40	40	
1868	1	T 66	347	40	40	P 65	341	40	40	
1869	1	T 64	348	40	40	P 65	350	40	40	
1870	1	T 62	349	40	40	P 56	350	40	40	
1871	1	T 60	350	40	40	P 56	350	40	40	
1872	1	T 58	351	40	40	P 56	350	40	40	
1873	0	T 56	352	40	40	
1874	1	T 54	353	40	40	P 56	360	40	40	
1875	0	T 52	354	40	40	
1876	1	T 50	355	40	40	P 56	360	40	40	
1877	0	T 48	356	40	40	
1878	1	T 46	357	40	40	P 46	350	40	40	
1879	2	T 44	358	40	40	P 46	360	40	40	P 569	179	40	40	
1880	1	T 42	359	40	40	P 37	360	40	40	
1881	2	T 40	360	40	40	P 37	360	40	40	P 360	75	40	40	
1882	2	T 38	361	40	40	P 37	360	40	40	P 293	132	40	40	
1883	1	T 36	362	40	40	P 27	360	40	40	
1884	2	T 34	363	40	40	P 27	217	40	40	P 27	360	40	40	
1885	1	T 32	364	40	40	P 37	360	40	40	
1886	1	T 30	365	40	40	P 27	360	40	40	
1887	0	T 28	366	40	40	
1888	0	T 26	367	40	40	
1889	2	T 24	368	40	40	P 18	379	40	40	P 151	94	40	40	
1890	1	T 22	369	40	40	P 18	379	40	40	
1891	1	T 20	370	40	40	P 18	369	40	40	
1892	1	T 22	371	40	40	P 18	369	40	40	
1893	1	T 24	372	40	40	P 18	227	40	40	
1894	0	T 26	373	40	40	
1895	1	T 28	374	40	40	P 27	369	40	40	
1896	1	T 30	375	40	40	P 27	369	40	40	
1897	1	T 32	376	40	40	P 27	369	40	40	
1898	1	T 34	377	40	40	P 37	379	40	40	
1899	1	T 36	378	40	40	P 37	379	40	40	
1900	1	T 38	379	40	40	P 37	379	40	40	
1901	1	T 40	380	40	40	P 37	379	40	40	
1902	1	T 42	381	40	40	P 37	379	40	40	
1903	2	T 44	382	40	40	P 37	379	40	40	P 426	217	40	40	
1904	0	T 46	383	40	40	
1905	1	T 48	384	40	40	P 46	379	40	40	
1906	1	T 50	385	40	40	P 46	388	40	40	
1907	1	T 52	386	40	40	P 56	388	40	40	
1908	1	T 54	387	40	40	P 56	388	40	40	
1909	1	T 56	388	40	40	P 56	388	40	40	
1910	0	T 58	389	40	40	
1911	1	T 60	390	40	40	P 56	388	40	40	
1912	1	T 62	391	40	40	P 65	388	40	40	
1913	1	T 64	392	40	40	P 65	398	40	40	
1914	0	T 66	393	40	40	
1915	1	T 68	394	40	40	P 65	398	40	40	
1916	1	T 70	395	40	40	P 75	398	40	40	
1917	1	T 72	396	40	40	P 75	398	40	40	
1918	1	T 74	397	40	40	P 75	398	40	40	
1919	1	T 76	398	40	40	P 75	398	40	40	
1920	0	T 78	399	40	40	
1921	1	T 80	400	40	40	P 84	407	40	40	
1922	1	T 82	401	40	40	P 84	398	40	40	
1923	1	T 84	402	40	40	P 84	407	40	40	
1924	1	T 86	403	40	40	P 84	398	40	40	
1925	0	T 88	404	40	40	
1926	0	T 90	405	40	40	
1927	1	T 92	406	40	40	P 94	407	40	40	
1928	2	T 94	407	40	40	P 18	369	40	40	P 94	417	40	40	
1929	1	T 96	408	40	40	P 94	407	40	40	
1930	1	T 98	409	40	40	P 94	398	40	40	
1931	1	T 100	410	40	40	P 94	407	40	40	
1932	1	T 102	411	40	40	P 94	417	40	40	
1933	0	T 104	412	40	40	
1934	3	T 106	413	40	40	P 103	417	40	40	P 360	246	40	40	P 398	94	40	40	
1935	0	T 108	414	40	40	
1936	0	T 110	415	40	40	
1937	1	T 112	416	40	40	P 113	417	40	40	
1938	0	T 114	417	40	40	
1939	1	T 116	418	40	40	P 113	417	40	40	
1940	1	T 118	419	40	40	P 113	417	40	40	
1941	1	T 120	420	40	40	P 512	246	40	40	
1942	0	T 122	419	40	40	
1943	2	T 124	418	40	40	P 122	417	40	40	P 208	132	40	40	
1944	1	T 126	417	40	40	P 122	417	40	40	
1945	1	T 128	416	40	40	P 122	417	40	40	
1946	2	T 130	415	40	40	P 132	417	40	40	P 217	18	40	40	
1947	1	T 132	414	40	40	P 132	417	40	40	
1948	1	T 134	413	40	40	P 132	417	40	40	
1949	2	T 136	412	40	40	P 132	407	40	40	P 179	284	40	40	
1950	1	T 138	411	40	40	P 141	407	40	40	
1951	1	T 140	410	40	40	P 132	407	40	40	
1952	0	T 142	409	40	40	
1953	2	T 144	408	40	40	P 141	407	40	40	P 597	217	40	40	
1954	0	T 146	407	40	40	
1955	1	T 148	406	40	40	P 151	407	40	40	
1956	1	T 150	405	40	40	P 151	407	40	40	
1957	1	T 152	404	40	40	P 151	398	40	40	
1958	1	T 154	403	40	40	P 160	407	40	40	
1959	1	T 156	402	40	40	P 160	407	40	40	
1960	1	T 158	401	40	40	P 160	398	40	40	
1961	1	T 160	400	40	40	P 160	398	40	40	
1962	1	T 162	399	40	40	P 160	398	40	40	
1963	1	T 164	398	40	40	P 170	398	40	40	
1964	1	T 166	397	40	40	P 170	398	40	40	
1965	0	T 168	396	40	40	
1966	2	T 170	395	40	40	P 170	398	40	40	P 559	208	40	40	
1967	1	T 172	394	40	40	P 170	398	40	40	
1968	0	T 174	393	40	40	
1969	1	T 176	392	40	40	P 170	398	40	40	
1970	0	T 178	391	40	40	
1971	1	T 180	390	40	40	P 179	388	40	40	
1972	1	T 182	389	40	40	P 179	388	40	40	
1973	1	T 184	388	40	40	P 189	398	40	40	
1974	1	T 186	387	40	40	P 189	388	40	40	
1975	1	T 188	386	40	40	P 189	388	40	40	
1976	1	T 190	385	40	40	P 179	388	40	40	
1977	1	T 192	384	40	40	P 189	379	40	40	
1978	1	T 194	383	40	40	P 189	379	40	40	
1979	1	T 196	382	40	40	P 189	379	40	40	
1980	1	T 198	381	40	40	P 198	379	40	40	
1981	0	T 200	380	40	40	
1982	1	T 202	379	40	40	P 198	379	40	40	
1983	1	T 204	378	40	40	P 208	379	40	40	
1984	1	T 206	377	40	40	P 198	369	40	40	
1985	2	T 208	376	40	40	P 160	198	40	40	P 208	379	40	40	
1986	1	T 210	375	40	40	P 208	379	40	40	
1987	2	T 212	374	40	40	P 208	369	40	40	P 645	341	40	40	
1988	1	T 214	373	40	40	P 208	369	40	40	
1989	1	T 216	372	40	40	P 588	417	40	40	
1990	1	T 218	371	40	40	P 217	369	40	40	
1991	1	T 220	370	40	40	P 217	369	40	40	
1992	1	T 222	369	40	40	P 227	369	40	40	
1993	0	T 224	368	40	40	
1994	1	T 226	367	40	40	P 227	369	40	40	
1995	1	T 228	366	40	40	P 227	360	40	40	
1996	1	T 230	365	40	40	P 236	369	40	40	
1997	0	T 232	364	40	40	
1998	1	T 234	363	40	40	P 227	360	40	40	
1999	0	T 236	362	40	40	
2000	2	T 238	361	40	40	P 246	360	40	40	P 417	189	40	40	
