1	1	T 80	80	40	40	P 85	77	36	43	
2	0	T 82	81	40	40	
3	1	T 84	82	40	40	P 86	79	41	44	
4	1	T 86	83	40	40	P 86	80	44	44	
5	1	T 88	84	40	40	P 87	79	44	46	
6	1	T 90	85	40	40	P 92	85	40	38	
7	1	T 92	86	40	40	P 93	85	40	39	
8	1	T 94	87	40	40	P 95	87	38	38	
9	1	T 96	88	40	40	P 97	88	38	38	
10	0	T 98	89	40	40	
11	0	T 100	90	40	40	
12	0	T 102	91	40	40	
13	1	T 104	92	40	40	P 106	92	38	39	
14	1	T 106	93	40	40	P 108	92	38	41	
15	1	T 108	94	40	40	P 110	93	40	41	
16	1	T 110	95	40	40	P 112	94	41	41	
17	1	T 112	96	40	40	P 114	95	41	41	
18	1	T 114	97	40	40	P 114	95	43	43	
19	1	T 116	98	40	40	P 115	95	44	45	
20	1	T 118	99	40	40	P 120	98	41	40	
21	1	T 120	100	40	40	P 122	99	39	41	
22	1	T 122	101	40	40	P 123	100	39	40	
23	0	T 124	102	40	40	
24	1	T 126	103	40	40	P 126	102	39	40	
25	0	T 128	104	40	40	
26	1	T 130	105	40	40	P 130	103	40	41	
27	1	T 132	106	40	40	P 133	104	39	42	
28	1	T 134	107	40	40	P 136	104	38	43	
29	1	T 136	108	40	40	P 139	103	37	46	
30	1	T 138	109	40	40	P 141	102	36	50	
31	1	T 140	110	40	40	P 143	109	39	42	
32	1	T 142	111	40	40	P 144	110	40	43	
33	1	T 144	112	40	40	P 146	108	38	46	
34	1	T 146	113	40	40	P 149	113	39	40	
35	1	T 148	114	40	40	P 149	113	40	41	
36	1	T 150	115	40	40	P 152	114	37	40	
37	1	T 152	116	40	40	P 153	115	38	40	
38	1	T 154	117	40	40	P 155	117	38	39	
39	1	T 156	118	40	40	P 157	117	40	41	
40	1	T 158	119	40	40	P 159	118	40	41	
41	1	T 160	120	40	40	P 161	118	40	43	
42	1	T 162	121	40	40	P 165	117	39	44	
43	1	T 164	122	40	40	P 167	119	39	43	
44	1	T 166	123	40	40	P 168	119	41	44	
45	1	T 168	124	40	40	P 171	120	39	45	
46	1	T 170	125	40	40	P 171	121	40	45	
47	1	T 172	126	40	40	P 172	121	40	46	
48	1	T 174	127	40	40	P 171	121	50	48	
49	1	T 176	128	40	40	P 172	122	51	49	
50	1	T 178	129	40	40	P 179	130	39	39	
51	0	T 180	130	40	40	
52	1	T 182	131	40	40	P 183	133	36	35	
53	0	T 184	132	40	40	
54	1	T 186	133	40	40	P 188	133	39	37	
55	1	T 188	134	40	40	P 191	134	38	38	
56	1	T 190	135	40	40	P 193	133	39	41	
57	1	T 192	136	40	40	P 194	135	40	41	
58	1	T 194	137	40	40	P 197	136	41	41	
59	1	T 196	138	40	40	P 197	136	42	42	
60	1	T 198	139	40	40	P 198	138	43	41	
61	1	T 200	140	40	40	P 202	140	40	39	
62	1	T 202	141	40	40	P 203	139	40	40	
63	1	T 204	142	40	40	P 204	139	40	42	
64	0	T 206	143	40	40	
65	1	T 208	144	40	40	P 210	143	34	40	
66	0	T 210	145	40	40	
67	1	T 212	146	40	40	P 214	143	36	42	
68	1	T 214	147	40	40	P 216	150	38	35	
69	1	T 216	148	40	40	P 218	148	39	39	
70	1	T 218	149	40	40	P 219	147	41	41	
71	1	T 220	150	40	40	P 223	147	39	42	
72	1	T 222	151	40	40	P 223	149	42	43	
73	1	T 224	152	40	40	P 225	150	42	43	
74	1	T 226	153	40	40	P 226	150	42	44	
75	1	T 228	154	40	40	P 227	151	42	44	
76	1	T 230	155	40	40	P 232	156	39	37	
77	1	T 232	156	40	40	P 234	156	37	38	
78	1	T 234	157	40	40	P 235	157	36	39	
79	1	T 236	158	40	40	P 237	159	36	37	
80	0	T 238	159	40	40	
81	0	T 240	160	40	40	
82	0	T 242	161	40	40	
83	1	T 244	162	40	40	P 251	161	33	39	
84	0	T 246	163	40	40	
85	0	T 248	164	40	40	
86	0	T 250	165	40	40	
87	0	T 252	166	40	40	
88	0	T 254	167	40	40	
89	0	T 256	168	40	40	
90	1	T 258	169	40	40	P 261	170	37	37	
91	1	T 260	170	40	40	P 263	172	35	36	
92	1	T 262	171	40	40	P 264	173	36	36	
93	1	T 264	172	40	40	P 267	175	35	35	
94	1	T 266	173	40	40	P 269	174	35	36	
95	1	T 268	174	40	40	P 269	174	38	38	
96	1	T 270	175	40	40	P 272	175	38	39	
97	1	T 272	176	40	40	P 276	176	37	39	
98	1	T 274	177	40	40	P 278	175	38	41	
99	1	T 276	178	40	40	P 280	175	38	43	
100	1	T 278	179	40	40	P 283	176	37	42	
101	0	T 280	180	40	40	
102	1	T 282	181	40	40	P 283	177	40	45	
103	0	T 284	182	40	40	
104	0	T 286	183	40	40	
105	0	T 288	184	40	40	
106	0	T 290	185	40	40	
107	0	T 292	186	40	40	
108	0	T 294	187	40	40	
109	1	T 296	188	40	40	P 298	190	37	35	
110	1	T 298	189	40	40	P 301	189	37	38	
111	1	T 300	190	40	40	P 304	188	38	40	
112	1	T 302	191	40	40	P 307	190	37	40	
113	1	T 304	192	40	40	P 308	191	39	41	
114	1	T 306	193	40	40	P 308	192	40	41	
115	1	T 308	194	40	40	P 309	193	43	41	
116	1	T 310	195	40	40	P 310	192	42	43	
117	0	T 312	196	40	40	
118	0	T 314	197	40	40	
119	1	T 316	198	40	40	P 312	193	48	48	
120	0	T 318	199	40	40	
121	0	T 320	200	40	40	
122	1	T 322	201	40	40	P 318	195	48	49	
123	0	T 324	202	40	40	
124	1	T 326	203	40	40	P 329	204	37	37	
125	1	T 328	204	40	40	P 331	203	39	40	
126	1	T 330	205	40	40	P 332	204	40	41	
127	1	T 332	206	40	40	P 335	204	41	42	
128	1	T 334	207	40	40	P 336	207	41	41	
129	1	T 336	208	40	40	P 337	207	42	43	
130	1	T 338	209	40	40	P 338	205	42	44	
131	1	T 340	210	40	40	P 342	211	38	37	
132	1	T 342	211	40	40	P 344	211	37	38	
133	1	T 344	212	40	40	P 346	212	37	38	
134	0	T 346	213	40	40	
135	1	T 348	214	40	40	P 349	216	36	36	
136	0	T 350	215	40	40	
137	1	T 352	216	40	40	P 354	217	37	37	
138	1	T 354	217	40	40	P 359	217	35	37	
139	0	T 356	218	40	40	
140	1	T 358	219	40	40	P 363	215	34	44	
141	0	T 360	220	40	40	
142	0	T 362	221	40	40	
143	0	T 364	222	40	40	
144	0	T 366	223	40	40	
145	1	T 368	224	40	40	P 370	224	38	38	
146	1	T 370	225	40	40	P 372	225	37	38	
147	1	T 372	226	40	40	P 374	226	37	39	
148	0	T 374	227	40	40	
149	1	T 376	228	40	40	P 379	231	37	35	
150	1	T 378	229	40	40	P 380	230	39	37	
151	0	T 380	230	40	40	
152	1	T 382	231	40	40	P 385	231	38	38	
153	1	T 384	232	40	40	P 387	230	40	41	
154	1	T 386	233	40	40	P 390	231	38	40	
155	1	T 388	234	40	40	P 392	231	38	42	
156	1	T 390	235	40	40	P 394	232	38	42	
157	0	T 392	236	40	40	
158	0	T 394	237	40	40	
159	1	T 396	238	40	40	P 398	235	39	42	
160	1	T 398	239	40	40	P 400	236	38	43	
161	1	T 400	240	40	40	P 401	241	37	38	
162	0	T 402	241	40	40	
163	0	T 404	242	40	40	
164	1	T 406	243	40	40	P 407	242	38	38	
165	1	T 408	244	40	40	P 410	243	39	39	
166	1	T 410	245	40	40	P 413	243	39	40	
167	1	T 412	246	40	40	P 416	244	39	41	
168	1	T 414	247	40	40	P 418	246	39	41	
169	1	T 416	248	40	40	P 418	246	42	42	
170	1	T 418	249	40	40	P 418	247	44	42	
171	1	T 420	250	40	40	P 419	247	44	43	
172	1	T 422	251	40	40	P 425	251	39	39	
173	0	T 424	252	40	40	
174	1	T 426	253	40	40	P 428	252	37	40	
175	1	T 428	254	40	40	P 430	253	37	40	
176	1	T 430	255	40	40	P 432	255	37	39	
177	0	T 432	256	40	40	
178	1	T 434	257	40	40	P 436	254	36	43	
179	1	T 436	258	40	40	P 437	258	40	38	
180	1	T 438	259	40	40	P 440	258	39	40	
181	1	T 440	260	40	40	P 442	258	41	42	
182	1	T 442	261	40	40	P 444	259	41	42	
183	1	T 444	262	40	40	P 446	259	41	44	
184	1	T 446	263	40	40	P 447	262	43	43	
185	1	T 448	264	40	40	P 448	261	43	45	
186	1	T 450	265	40	40	P 452	264	39	40	
187	1	T 452	266	40	40	P 454	266	38	39	
188	0	T 454	267	40	40	
189	1	T 456	268	40	40	P 457	268	38	39	
190	1	T 458	269	40	40	P 460	270	36	37	
191	0	T 460	270	40	40	
192	1	T 462	271	40	40	P 465	271	37	38	
193	1	T 464	272	40	40	P 466	272	38	38	
194	1	T 466	273	40	40	P 470	270	36	40	
195	1	T 468	274	40	40	P 473	271	35	44	
196	0	T 470	275	40	40	
197	0	T 472	276	40	40	
198	0	T 474	277	40	40	
199	1	T 476	278	40	40	P 478	275	39	44	
200	1	T 478	279	40	40	P 481	278	39	40	
201	1	T 480	280	40	40	P 482	279	38	41	
202	0	T 482	281	40	40	
203	0	T 484	282	40	40	
204	1	T 486	283	40	40	P 488	285	37	36	
205	1	T 488	284	40	40	P 490	285	39	37	
206	1	T 490	285	40	40	P 491	285	40	39	
207	1	T 492	286	40	40	P 494	284	39	40	
208	1	T 494	287	40	40	P 498	285	39	40	
209	1	T 496	288	40	40	P 499	286	39	40	
210	1	T 498	289	40	40	P 501	287	39	41	
211	1	T 500	290	40	40	P 504	289	38	41	
212	1	T 502	291	40	40	P 504	289	40	43	
213	1	T 504	292	40	40	P 505	288	40	44	
214	1	T 506	293	40	40	P 508	291	39	41	
215	1	T 508	294	40	40	P 510	291	39	42	
216	1	T 510	295	40	40	P 512	297	37	37	
217	1	T 512	296	40	40	P 513	297	37	36	
218	0	T 514	297	40	40	
219	1	T 516	298	40	40	P 519	299	37	37	
220	1	T 518	299	40	40	P 520	299	39	36	
221	1	T 520	300	40	40	P 523	299	38	38	
222	1	T 522	301	40	40	P 526	299	39	42	
223	1	T 524	302	40	40	P 528	300	37	43	
224	1	T 526	303	40	40	P 529	302	41	41	
225	1	T 528	304	40	40	P 529	302	42	42	
226	1	T 530	305	40	40	P 531	303	42	42	
227	1	T 532	306	40	40	P 531	303	42	42	
228	1	T 534	307	40	40	P 536	305	39	40	
229	1	T 536	308	40	40	P 538	306	39	41	
230	0	T 538	309	40	40	
231	1	T 540	310	40	40	P 543	309	35	40	
232	1	T 542	311	40	40	P 545	310	34	40	
233	0	T 544	312	40	40	
234	0	T 546	313	40	40	
235	1	T 548	314	40	40	P 551	313	39	41	
236	1	T 550	315	40	40	P 553	313	38	42	
237	1	T 552	316	40	40	P 553	312	40	44	
238	1	T 554	317	40	40	P 556	315	40	43	
239	1	T 556	318	40	40	P 558	315	41	44	
240	1	T 558	319	40	40	P 558	317	42	44	
241	1	T 560	320	40	40	P 563	320	39	41	
242	1	T 562	321	40	40	P 564	320	38	41	
243	1	T 564	322	40	40	P 566	319	38	42	
244	1	T 566	323	40	40	P 567	321	38	42	
245	0	T 568	324	40	40	
246	0	T 570	325	40	40	
247	1	T 572	326	40	40	P 574	324	36	40	
248	1	T 574	327	40	40	P 576	326	36	40	
249	1	T 576	328	40	40	P 580	327	35	40	
250	1	T 578	329	40	40	P 583	326	35	42	
251	1	T 580	330	40	40	P 584	325	34	47	
252	0	T 582	331	40	40	
253	1	T 584	332	40	40	P 587	330	39	45	
254	1	T 586	333	40	40	P 588	329	39	46	
255	1	T 588	334	40	40	P 592	332	36	42	
256	1	T 590	335	40	40	P 592	333	38	43	
257	1	T 592	336	40	40	P 594	334	36	42	
258	1	T 594	337	40	40	P 596	336	36	40	
259	1	T 596	338	40	40	P 598	337	36	40	
260	1	T 598	339	40	40	P 600	339	38	39	
261	1	T 600	340	40	40	P 602	339	39	41	
262	1	T 602	341	40	40	P 605	339	37	40	
263	1	T 604	342	40	40	P 607	339	38	42	
264	1	T 606	343	40	40	P 611	341	35	42	
265	1	T 608	344	40	40	P 611	342	36	42	
266	1	T 610	345	40	40	P 613	341	38	45	
267	1	T 612	346	40	40	P 615	342	38	46	
268	1	T 614	347	40	40	P 615	341	40	50	
269	1	T 616	348	40	40	P 618	345	39	45	
270	1	T 618	349	40	40	P 615	343	51	49	
271	1	T 620	350	40	40	P 622	352	37	37	
272	1	T 622	351	40	40	P 622	351	38	39	
273	1	T 624	352	40	40	P 625	351	39	40	
274	1	T 626	353	40	40	P 627	353	38	38	
275	1	T 628	354	40	40	P 629	354	38	39	
276	1	T 630	355	40	40	P 632	355	39	39	
277	1	T 632	356	40	40	P 635	355	39	40	
278	1	T 634	357	40	40	P 639	355	37	42	
279	1	T 636	358	40	40	P 639	356	38	43	
280	1	T 638	359	40	40	P 640	357	40	42	
281	1	T 640	360	40	40	P 642	357	40	44	
282	1	T 642	361	40	40	P 643	357	40	46	
283	1	T 644	362	40	40	P 645	361	40	43	
284	1	T 646	363	40	40	P 648	361	39	45	
285	1	T 648	364	40	40	P 645	357	47	52	
286	1	T 650	365	40	40	P 646	361	48	48	
287	1	T 652	366	40	40	P 646	363	54	46	
288	1	T 654	367	40	40	P 649	363	50	47	
289	1	T 656	368	40	40	P 659	366	41	44	
290	1	T 658	369	40	40	P 661	366	40	46	
291	1	T 660	370	40	40	P 664	366	38	47	
292	1	T 658	371	40	40	P 662	367	39	46	
293	1	T 656	372	40	40	P 657	369	42	45	
294	1	T 654	373	40	40	P 655	373	42	42	
295	1	T 652	374	40	40	P 652	373	42	42	
296	1	T 650	375	40	40	P 651	374	40	42	
297	1	T 648	376	40	40	P 648	374	42	42	
298	1	T 646	377	40	40	P 646	375	42	42	
299	1	T 644	378	40	40	P 645	377	43	40	
300	1	T 642	379	40	40	P 642	375	43	46	
301	1	T 640	380	40	40	P 642	377	39	44	
302	1	T 638	381	40	40	P 642	379	37	45	
303	1	T 636	382	40	40	P 639	378	38	44	
304	1	T 634	383	40	40	P 630	378	50	48	
305	1	T 632	384	40	40	P 628	378	51	49	
306	1	T 630	385	40	40	P 633	381	36	46	
307	1	T 628	386	40	40	P 631	382	36	46	
308	0	T 626	387	40	40	
309	1	T 624	388	40	40	P 626	389	37	37	
310	1	T 622	389	40	40	P 623	389	39	38	
311	1	T 620	390	40	40	P 621	389	39	39	
312	1	T 618	391	40	40	P 620	390	39	40	
313	1	T 616	392	40	40	P 618	391	41	41	
314	1	T 614	393	40	40	P 614	390	42	44	
315	1	T 612	394	40	40	P 613	392	42	43	
316	1	T 610	395	40	40	P 611	393	42	42	
317	1	T 608	396	40	40	P 611	396	39	41	
318	1	T 606	397	40	40	P 609	396	39	41	
319	1	T 604	398	40	40	P 607	397	38	39	
320	1	T 602	399	40	40	P 604	398	37	40	
321	0	T 600	400	40	40	
322	0	T 598	401	40	40	
323	1	T 596	402	40	40	P 598	401	34	42	
324	1	T 594	403	40	40	P 596	401	34	42	
325	1	T 592	404	40	40	P 594	400	36	44	
326	0	T 590	405	40	40	
327	1	T 588	406	40	40	P 589	403	39	47	
328	1	T 586	407	40	40	P 587	404	40	45	
329	1	T 584	408	40	40	P 587	404	39	46	
330	1	T 582	409	40	40	P 585	408	39	43	
331	1	T 580	410	40	40	P 583	407	39	44	
332	1	T 578	411	40	40	P 580	408	40	44	
333	1	T 576	412	40	40	P 578	410	40	42	
334	1	T 574	413	40	40	P 577	411	39	43	
335	1	T 572	414	40	40	P 573	413	39	42	
336	0	T 570	415	40	40	
337	1	T 568	416	40	40	P 570	413	37	44	
338	1	T 566	417	40	40	P 568	415	36	43	
339	1	T 564	418	40	40	P 566	415	39	43	
340	1	T 562	419	40	40	P 564	416	39	42	
341	1	T 560	420	40	40	P 559	415	42	47	
342	1	T 558	419	40	40	P 559	414	42	46	
343	1	T 556	418	40	40	P 558	415	41	45	
344	1	T 554	417	40	40	P 556	414	41	45	
345	1	T 552	416	40	40	P 555	413	41	44	
346	1	T 550	415	40	40	P 553	412	40	45	
347	1	T 548	414	40	40	P 550	411	40	44	
348	1	T 546	413	40	40	P 548	411	40	42	
349	1	T 544	412	40	40	P 547	410	39	42	
350	0	T 542	411	40	40	
351	1	T 540	410	40	40	P 541	410	38	40	
352	1	T 538	409	40	40	P 539	408	39	41	
353	1	T 536	408	40	40	P 537	407	41	41	
354	1	T 534	407	40	40	P 536	406	41	41	
355	1	T 532	406	40	40	P 531	403	43	46	
356	0	T 530	405	40	40	
357	1	T 528	404	40	40	P 531	398	38	48	
358	1	T 526	403	40	40	P 530	399	36	46	
359	1	T 524	402	40	40	P 530	398	35	44	
360	1	T 522	401	40	40	P 527	397	36	43	
361	1	T 520	400	40	40	P 523	398	38	41	
362	1	T 518	399	40	40	P 521	399	37	39	
363	1	T 516	398	40	40	P 518	400	36	37	
364	1	T 514	397	40	40	P 517	399	36	37	
365	1	T 512	396	40	40	P 514	398	36	37	
366	1	T 510	395	40	40	P 512	395	36	38	
367	1	T 508	394	40	40	P 511	394	37	38	
368	1	T 506	393	40	40	P 509	392	39	40	
369	1	T 504	392	40	40	P 504	389	43	45	
370	1	T 502	391	40	40	P 502	388	42	44	
371	1	T 500	390	40	40	P 502	387	42	44	
372	1	T 498	389	40	40	P 500	387	40	42	
373	1	T 496	388	40	40	P 499	387	39	41	
374	1	T 494	387	40	40	P 497	386	38	40	
375	1	T 492	386	40	40	P 497	383	35	44	
376	1	T 490	385	40	40	P 492	384	36	41	
377	1	T 488	384	40	40	P 490	384	36	39	
378	0	T 486	383	40	40	
379	1	T 484	382	40	40	P 485	381	38	41	
380	1	T 482	381	40	40	P 483	379	38	41	
381	1	T 480	380	40	40	P 482	379	39	41	
382	1	T 478	379	40	40	P 479	379	40	38	
383	1	T 476	378	40	40	P 475	376	44	45	
384	1	T 474	377	40	40	P 475	374	43	44	
385	1	T 472	376	40	40	P 474	374	41	42	
386	1	T 470	375	40	40	P 472	373	41	44	
387	1	T 468	374	40	40	P 470	372	41	43	
388	1	T 466	373	40	40	P 468	372	40	41	
389	1	T 464	372	40	40	P 467	371	39	41	
390	1	T 462	371	40	40	P 463	370	39	41	
391	1	T 460	370	40	40	P 462	370	39	39	
392	1	T 458	369	40	40	P 459	370	39	38	
393	1	T 456	368	40	40	P 457	370	39	37	
394	1	T 454	367	40	40	P 456	364	36	43	
395	1	T 452	366	40	40	P 455	364	37	40	
396	1	T 450	365	40	40	P 453	364	39	41	
397	1	T 448	364	40	40	P 449	360	41	47	
398	1	T 446	363	40	40	P 447	359	42	46	
399	1	T 444	362	40	40	P 445	359	42	45	
400	1	T 442	361	40	40	P 443	357	42	44	
401	1	T 440	360	40	40	P 442	357	41	44	
402	1	T 438	359	40	40	P 440	357	41	43	
403	1	T 436	358	40	40	P 438	357	41	41	
404	1	T 434	357	40	40	P 436	358	39	39	
405	0	T 432	356	40	40	
406	0	T 430	355	40	40	
407	0	T 428	354	40	40	
408	1	T 426	353	40	40	P 428	352	37	40	
409	1	T 424	352	40	40	P 426	352	39	38	
410	0	T 422	351	40	40	
411	0	T 420	350	40	40	
412	0	T 418	349	40	40	
413	1	T 416	348	40	40	P 419	343	38	48	
414	1	T 414	347	40	40	P 419	342	36	46	
415	1	T 412	346	40	40	P 417	342	37	43	
416	1	T 410	345	40	40	P 414	343	37	41	
417	1	T 408	344	40	40	P 410	343	38	38	
418	1	T 406	343	40	40	P 409	344	36	36	
419	0	T 404	342	40	40	
420	1	T 402	341	40	40	P 404	341	37	39	
421	1	T 400	340	40	40	P 402	339	37	40	
422	0	T 398	339	40	40	
423	1	T 396	338	40	40	P 398	337	38	41	
424	1	T 394	337	40	40	P 396	337	40	40	
425	1	T 392	336	40	40	P 393	332	41	46	
426	1	T 390	335	40	40	P 393	332	39	45	
427	1	T 388	334	40	40	P 391	332	39	45	
428	1	T 386	333	40	40	P 389	328	37	46	
429	1	T 384	332	40	40	P 388	329	37	44	
430	1	T 382	331	40	40	P 384	327	38	45	
431	1	T 380	330	40	40	P 383	327	37	42	
432	0	T 378	329	40	40	
433	0	T 376	328	40	40	
434	0	T 374	327	40	40	
435	1	T 372	326	40	40	P 374	325	37	41	
436	1	T 370	325	40	40	P 371	323	39	41	
437	1	T 368	324	40	40	P 370	323	39	39	
438	1	T 366	323	40	40	P 368	323	41	39	
439	1	T 364	322	40	40	P 364	319	43	44	
440	1	T 362	321	40	40	P 364	319	41	42	
441	1	T 360	320	40	40	P 363	319	41	42	
442	1	T 358	319	40	40	P 361	317	40	43	
443	1	T 356	318	40	40	P 358	316	40	42	
444	1	T 354	317	40	40	P 356	314	38	42	
445	1	T 352	316	40	40	P 354	315	39	39	
446	1	T 350	315	40	40	P 352	316	37	37	
447	1	T 348	314	40	40	P 350	315	37	37	
448	0	T 346	313	40	40	
449	0	T 344	312	40	40	
450	1	T 342	311	40	40	P 345	309	37	41	
451	0	T 340	310	40	40	
452	1	T 338	309	40	40	P 339	305	41	45	
453	1	T 336	308	40	40	P 338	304	41	45	
454	1	T 334	307	40	40	P 337	304	40	43	
455	1	T 332	306	40	40	P 336	304	39	42	
456	1	T 330	305	40	40	P 334	303	39	41	
457	1	T 328	304	40	40	P 332	301	39	42	
458	1	T 326	303	40	40	P 329	302	38	41	
459	1	T 324	302	40	40	P 326	302	38	39	
460	0	T 322	301	40	40	
461	0	T 320	300	40	40	
462	0	T 318	299	40	40	
463	1	T 316	298	40	40	P 318	299	37	36	
464	1	T 314	297	40	40	P 316	297	39	39	
465	1	T 312	296	40	40	P 314	296	39	40	
466	0	T 310	295	40	40	
467	0	T 308	294	40	40	
468	1	T 306	293	40	40	P 310	289	36	44	
469	1	T 304	292	40	40	P 309	288	35	44	
470	1	T 302	291	40	40	P 307	289	35	41	
471	0	T 300	290	40	40	
472	1	T 298	289	40	40	P 301	287	36	38	
473	0	T 296	288	40	40	
474	0	T 294	287	40	40	
475	1	T 292	286	40	40	P 293	287	38	37	
476	1	T 290	285	40	40	P 292	285	37	38	
477	1	T 288	284	40	40	P 289	284	38	39	
478	1	T 286	283	40	40	P 288	281	39	41	
479	1	T 284	282	40	40	P 286	281	40	40	
480	1	T 282	281	40	40	P 283	277	41	45	
481	1	T 280	280	40	40	P 282	278	41	43	
482	1	T 278	279	40	40	P 280	276	41	44	
483	1	T 276	278	40	40	P 278	276	41	42	
484	1	T 274	277	40	40	P 277	275	39	42	
485	1	T 272	276	40	40	P 277	272	35	45	
486	0	T 270	275	40	40	
487	0	T 268	274	40	40	
488	1	T 266	273	40	40	P 268	273	36	38	
489	0	T 264	272	40	40	
490	0	T 262	271	40	40	
491	1	T 260	270	40	40	P 261	269	38	39	
492	1	T 258	269	40	40	P 260	269	38	37	
493	1	T 256	268	40	40	P 258	268	39	38	
494	1	T 254	267	40	40	P 253	266	44	41	
495	1	T 252	266	40	40	P 253	265	42	41	
496	1	T 250	265	40	40	P 253	264	41	41	
497	1	T 248	264	40	40	P 252	262	39	42	
498	1	T 246	263	40	40	P 249	262	40	41	
499	1	T 244	262	40	40	P 247	260	39	41	
500	1	T 242	261	40	40	P 244	262	39	37	
