1	0	T 80	80	40	40	
2	0	T 82	81	40	40	
3	0	T 84	82	40	40	
4	0	T 86	83	40	40	
5	2	T 88	84	40	40	P 82	69	4	2	P 82	69	4	2	
6	3	T 90	85	40	40	P 82	69	4	2	P 82	69	4	2	P 76	70	68	70	
7	1	T 92	86	40	40	P 66	66	68	66	
8	2	T 94	87	40	40	P 68	66	68	68	P 124	76	12	5	
9	2	T 96	88	40	40	P 70	68	68	68	P 124	76	12	5	
10	1	T 98	89	40	40	P 72	68	68	68	
11	2	T 100	90	40	40	P 74	70	68	66	P 116	77	8	2	
12	2	T 102	91	40	40	P 78	72	68	68	P 116	77	8	2	
13	1	T 104	92	40	40	P 80	72	68	68	
14	1	T 106	93	40	40	P 82	74	68	68	
15	1	T 108	94	40	40	P 84	74	68	68	
16	1	T 110	95	40	40	P 86	76	68	68	
17	1	T 112	96	40	40	P 88	78	68	66	
18	2	T 114	97	40	40	P 90	78	68	68	P 110	85	12	4	
19	2	T 116	98	40	40	P 92	78	66	68	P 110	85	12	4	
20	1	T 118	99	40	40	P 94	80	66	68	
21	2	T 120	100	40	40	P 96	80	68	68	P 96	80	68	68	
22	4	T 122	101	40	40	P 98	82	68	68	P 100	82	68	68	P 142	82	6	2	P 142	82	6	2	
23	4	T 124	102	40	40	P 102	84	68	68	P 104	84	68	68	P 142	82	6	2	P 142	82	6	2	
24	3	T 126	103	40	40	P 108	86	68	68	P 112	88	66	68	P 154	95	16	2	
25	4	T 128	104	40	40	P 112	88	68	68	P 114	90	68	68	P 154	95	16	2	P 124	94	8	2	
26	3	T 130	105	40	40	P 116	90	68	68	P 114	90	68	68	P 126	95	4	2	
27	3	T 132	106	40	40	P 118	92	68	68	P 126	95	4	2	P 114	147	4	2	
28	3	T 134	107	40	40	P 120	92	68	68	P 114	147	4	2	P 114	147	4	2	
29	3	T 136	108	40	40	P 122	94	68	66	P 114	147	4	2	P 114	147	4	2	
30	1	T 138	109	40	40	P 124	94	68	68	
31	1	T 140	110	40	40	P 126	96	68	66	
32	1	T 142	111	40	40	P 128	96	68	68	
33	1	T 144	112	40	40	P 130	98	68	68	
34	1	T 146	113	40	40	P 132	98	68	68	
35	1	T 148	114	40	40	P 135	106	38	62	
36	1	T 150	115	40	40	P 136	102	68	66	
37	1	T 152	116	40	40	P 138	102	68	68	
38	2	T 154	117	40	40	P 140	104	68	66	P 154	107	12	1	
39	2	T 156	118	40	40	P 142	104	68	68	P 154	107	4	1	
40	2	T 158	119	40	40	P 144	104	68	70	P 154	107	4	1	
41	4	T 160	120	40	40	P 146	106	66	66	P 158	109	8	2	P 196	110	3	8	P 196	110	3	8	
42	4	T 162	121	40	40	P 148	106	68	68	P 158	109	8	2	P 196	110	3	8	P 196	110	3	8	
43	2	T 164	122	40	40	P 150	108	68	68	P 160	170	8	3	
44	4	T 166	123	40	40	P 152	108	68	68	P 160	170	8	3	P 190	170	14	2	P 190	170	14	2	
45	4	T 168	124	40	40	P 154	110	68	68	P 190	170	14	2	P 190	170	14	2	P 164	113	6	2	
46	2	T 170	125	40	40	P 156	112	68	66	P 164	113	6	2	
47	1	T 172	126	40	40	P 158	112	66	66	
48	1	T 174	127	40	40	P 160	112	68	68	
49	1	T 176	128	40	40	P 162	114	68	68	
50	1	T 178	129	40	40	P 164	114	68	68	
51	1	T 180	130	40	40	P 166	116	68	68	
52	1	T 182	131	40	40	P 168	116	68	68	
53	1	T 184	132	40	40	P 170	118	68	68	
54	2	T 186	133	40	40	P 172	118	68	68	P 182	123	8	2	
55	3	T 188	134	40	40	P 174	120	68	68	P 182	123	8	2	P 186	184	8	2	
56	2	T 190	135	40	40	P 176	120	68	68	P 186	184	8	2	
57	2	T 192	136	40	40	P 178	122	68	68	P 188	126	8	2	
58	2	T 194	137	40	40	P 180	122	68	68	P 188	126	8	2	
59	1	T 196	138	40	40	P 182	124	68	68	
60	1	T 198	139	40	40	P 184	124	66	68	
61	2	T 200	140	40	40	P 186	126	66	68	P 228	127	6	1	
62	2	T 202	141	40	40	P 186	126	70	68	P 232	127	4	1	
63	2	T 204	142	40	40	P 188	128	68	68	P 232	127	4	1	
64	2	T 206	143	40	40	P 192	128	68	68	P 204	132	10	3	
65	2	T 208	144	40	40	P 194	130	68	68	P 204	132	10	3	
66	2	T 210	145	40	40	P 196	130	68	68	P 208	134	6	2	
67	2	T 212	146	40	40	P 198	132	68	68	P 208	134	6	2	
68	1	T 214	147	40	40	P 200	132	68	68	
69	2	T 216	148	40	40	P 202	134	68	68	P 238	135	6	3	
70	2	T 218	149	40	40	P 204	134	68	68	P 238	135	6	3	
71	1	T 220	150	40	40	P 206	136	68	68	
72	1	T 222	151	40	40	P 208	136	68	68	
73	3	T 224	152	40	40	P 210	138	68	66	P 206	193	4	2	P 206	193	4	2	
74	3	T 226	153	40	40	P 212	138	68	68	P 206	193	4	2	P 206	193	4	2	
75	1	T 228	154	40	40	P 214	140	68	68	
76	1	T 230	155	40	40	P 216	140	68	68	
77	2	T 232	156	40	40	P 218	142	68	66	P 262	146	12	2	
78	4	T 234	157	40	40	P 220	142	68	68	P 262	146	12	2	P 222	143	4	2	P 222	143	4	2	
79	3	T 236	158	40	40	P 222	144	68	66	P 222	143	4	2	P 222	143	4	2	
80	2	T 238	159	40	40	P 224	144	66	68	P 234	149	8	2	
81	2	T 240	160	40	40	P 226	146	68	68	P 240	148	6	2	
82	2	T 242	161	40	40	P 228	146	68	68	P 240	148	6	2	
83	1	T 244	162	40	40	P 230	148	68	68	
84	2	T 246	163	40	40	P 232	148	68	68	P 276	151	10	2	
85	2	T 248	164	40	40	P 234	150	68	68	P 276	151	10	2	
86	1	T 250	165	40	40	P 236	150	68	68	
87	1	T 252	166	40	40	P 238	152	68	68	
88	1	T 254	167	40	40	P 240	152	68	68	
89	1	T 256	168	40	40	P 242	154	68	68	
90	1	T 258	169	40	40	P 244	154	68	68	
91	2	T 260	170	40	40	P 246	156	68	68	P 256	160	12	2	
92	2	T 262	171	40	40	P 248	156	68	68	P 256	160	12	2	
93	2	T 264	172	40	40	P 250	158	68	68	P 262	157	6	1	
94	2	T 266	173	40	40	P 252	160	68	66	P 262	157	6	1	
95	1	T 268	174	40	40	P 254	160	68	68	
96	3	T 270	175	40	40	P 260	166	20	62	P 294	159	6	1	P 311	166	8	16	
97	3	T 272	176	40	40	P 258	162	68	66	P 294	159	6	1	P 311	166	8	16	
98	1	T 274	177	40	40	P 260	162	68	68	
99	3	T 276	178	40	40	P 262	164	68	68	P 270	167	12	2	P 270	167	12	2	
100	3	T 278	179	40	40	P 264	164	66	68	P 270	167	12	2	P 270	167	12	2	
101	1	T 280	180	40	40	P 266	166	66	68	
102	1	T 282	181	40	40	P 268	166	67	68	
103	1	T 284	182	40	40	P 270	168	68	68	
104	1	T 286	183	40	40	P 272	170	68	66	
105	1	T 288	184	40	40	P 274	170	68	66	
106	1	T 290	185	40	40	P 276	170	68	68	
107	1	T 292	186	40	40	P 278	172	68	68	
108	1	T 294	187	40	40	P 280	172	68	68	
109	2	T 296	188	40	40	P 282	174	68	68	P 290	173	14	1	
110	4	T 298	189	40	40	P 284	174	68	68	P 290	173	14	1	P 324	177	12	7	P 324	177	12	7	
111	3	T 300	190	40	40	P 286	176	68	68	P 324	177	12	7	P 324	177	12	7	
112	1	T 302	191	40	40	P 288	176	68	68	
113	1	T 304	192	40	40	P 290	178	68	66	
114	1	T 306	193	40	40	P 292	178	68	68	
115	1	T 308	194	40	40	P 292	180	68	66	
116	2	T 310	195	40	40	P 296	180	68	68	P 330	178	6	1	
117	2	T 312	196	40	40	P 298	182	68	68	P 330	178	6	1	
118	1	T 314	197	40	40	P 300	184	68	66	
119	2	T 316	198	40	40	P 302	184	68	68	P 316	182	6	1	
120	2	T 318	199	40	40	P 304	184	68	68	P 316	182	6	1	
121	1	T 320	200	40	40	P 306	186	68	68	
122	1	T 322	201	40	40	P 308	186	66	68	
123	1	T 324	202	40	40	P 310	188	66	68	
124	3	T 326	203	40	40	P 312	188	68	68	P 324	191	12	2	P 324	191	12	2	
125	3	T 328	204	40	40	P 314	190	68	68	P 324	191	12	2	P 324	191	12	2	
126	1	T 330	205	40	40	P 316	192	68	66	
127	1	T 332	206	40	40	P 318	192	68	68	
128	1	T 334	207	40	40	P 320	192	68	68	
129	1	T 336	208	40	40	P 322	194	68	68	
130	1	T 338	209	40	40	P 324	196	68	66	
131	1	T 340	210	40	40	P 326	196	68	68	
132	1	T 342	211	40	40	P 328	196	68	68	
133	1	T 344	212	40	40	P 330	196	68	70	
134	1	T 346	213	40	40	P 332	198	68	68	
135	1	T 348	214	40	40	P 334	200	66	68	
136	1	T 350	215	40	40	P 336	202	66	66	
137	4	T 352	216	40	40	P 338	202	68	68	P 386	204	6	2	P 386	204	6	2	P 348	206	14	3	
138	4	T 354	217	40	40	P 340	204	68	66	P 386	204	6	2	P 386	204	6	2	P 348	206	14	3	
139	1	T 356	218	40	40	P 342	204	68	68	
140	2	T 358	219	40	40	P 344	206	68	66	P 356	209	6	2	
141	2	T 360	220	40	40	P 346	206	68	68	P 356	209	6	2	
142	2	T 362	221	40	40	P 348	206	68	68	P 358	209	14	4	
143	2	T 364	222	40	40	P 350	208	68	68	P 358	209	14	4	
144	2	T 366	223	40	40	P 352	208	66	68	P 362	213	14	3	
145	2	T 368	224	40	40	P 354	210	68	68	P 362	213	14	3	
146	1	T 370	225	40	40	P 356	210	68	68	
147	1	T 372	226	40	40	P 358	212	68	68	
148	1	T 374	227	40	40	P 360	214	68	66	
149	1	T 376	228	40	40	P 362	214	68	68	
150	1	T 378	229	40	40	P 364	214	68	68	
151	1	T 380	230	40	40	P 366	216	66	68	
152	2	T 382	231	40	40	P 368	218	68	66	P 410	218	10	2	
153	2	T 384	232	40	40	P 370	218	68	66	P 410	218	10	2	
154	1	T 386	233	40	40	P 372	218	68	68	
155	1	T 388	234	40	40	P 374	220	68	68	
156	2	T 390	235	40	40	P 376	220	68	68	P 412	220	14	6	
157	3	T 392	236	40	40	P 378	222	66	68	P 412	220	14	6	P 412	220	14	6	
158	3	T 394	237	40	40	P 380	222	68	68	P 412	220	14	6	P 412	220	14	6	
159	1	T 396	238	40	40	P 382	224	68	68	
160	1	T 398	239	40	40	P 384	224	68	68	
161	1	T 400	240	40	40	P 386	226	68	68	
162	1	T 402	241	40	40	P 388	226	68	68	
163	1	T 404	242	40	40	P 388	228	70	68	
164	2	T 406	243	40	40	P 392	228	68	68	P 418	284	16	2	
165	2	T 408	244	40	40	P 394	230	68	68	P 418	284	16	2	
166	2	T 410	245	40	40	P 396	230	68	68	P 418	284	16	2	
167	1	T 412	246	40	40	P 398	232	68	68	
168	1	T 414	247	40	40	P 400	232	68	68	
169	2	T 416	248	40	40	P 400	232	68	68	P 407	238	16	26	
170	5	T 418	249	40	40	P 404	234	68	68	P 407	238	16	26	P 407	272	22	28	P 459	240	7	16	P 407	272	22	28	
171	4	T 420	250	40	40	P 406	236	66	68	P 407	272	22	28	P 459	240	7	16	P 407	272	22	28	
172	5	T 422	251	40	40	P 408	236	68	68	P 452	300	8	2	P 418	300	8	3	P 452	300	8	2	P 418	300	8	3	
173	6	T 424	252	40	40	P 410	238	68	68	P 452	300	8	2	P 418	300	8	3	P 452	300	8	2	P 418	300	8	3	P 420	240	10	2	
174	2	T 426	253	40	40	P 412	238	68	68	P 420	240	10	2	
175	2	T 428	254	40	40	P 414	240	68	68	P 420	240	10	2	
176	1	T 430	255	40	40	P 416	240	68	68	
177	1	T 432	256	40	40	P 425	242	56	30	
178	2	T 434	257	40	40	P 423	276	61	34	P 423	276	61	34	
179	4	T 436	258	40	40	P 422	244	68	68	P 423	276	61	34	P 420	254	3	8	P 420	254	3	8	
180	3	T 438	259	40	40	P 424	244	68	68	P 420	254	3	8	P 420	254	3	8	
181	1	T 440	260	40	40	P 426	246	68	68	
182	1	T 442	261	40	40	P 428	246	68	68	
183	1	T 444	262	40	40	P 430	248	68	68	
184	2	T 446	263	40	40	P 432	248	66	68	P 470	311	8	2	
185	3	T 448	264	40	40	P 434	250	68	68	P 470	311	8	2	P 470	311	8	2	
186	3	T 450	265	40	40	P 436	250	68	68	P 470	311	8	2	P 470	311	8	2	
187	2	T 452	266	40	40	P 438	252	68	68	P 450	255	6	3	
188	4	T 454	267	40	40	P 440	252	68	68	P 450	255	6	3	P 448	254	4	2	P 448	254	4	2	
189	3	T 456	268	40	40	P 442	254	68	68	P 448	254	4	2	P 448	254	4	2	
190	1	T 458	269	40	40	P 444	254	68	68	
191	2	T 460	270	40	40	P 446	256	68	68	P 492	258	8	2	
192	2	T 462	271	40	40	P 448	256	68	68	P 492	258	8	2	
193	1	T 464	272	40	40	P 450	258	68	68	
194	1	T 466	273	40	40	P 452	258	68	68	
195	1	T 468	274	40	40	P 454	260	68	68	
196	1	T 470	275	40	40	P 456	262	66	66	
197	3	T 472	276	40	40	P 458	262	68	68	P 468	266	8	2	P 500	265	14	3	
198	4	T 474	277	40	40	P 460	262	66	68	P 468	266	8	2	P 500	265	14	3	P 504	325	14	3	
199	4	T 476	278	40	40	P 462	264	68	66	P 504	325	14	3	P 488	255	4	2	P 488	255	4	2	
200	3	T 478	279	40	40	P 464	264	68	68	P 488	255	4	2	P 488	255	4	2	
201	1	T 480	280	40	40	P 466	266	68	68	
202	1	T 482	281	40	40	P 468	266	68	68	
203	1	T 484	282	40	40	P 470	268	68	68	
204	2	T 486	283	40	40	P 472	270	68	66	P 516	275	14	2	
205	2	T 488	284	40	40	P 474	270	68	68	P 516	275	14	2	
206	1	T 490	285	40	40	P 476	272	68	66	
207	1	T 492	286	40	40	P 478	272	68	68	
208	1	T 494	287	40	40	P 480	274	68	66	
209	1	T 496	288	40	40	P 482	274	68	68	
210	1	T 498	289	40	40	P 484	274	66	68	
211	2	T 500	290	40	40	P 486	276	68	68	P 532	278	10	3	
212	2	T 502	291	40	40	P 488	276	66	68	P 532	278	10	3	
213	2	T 504	292	40	40	P 490	278	68	68	P 504	280	10	2	
214	2	T 506	293	40	40	P 492	278	68	68	P 504	280	10	2	
215	1	T 508	294	40	40	P 494	280	68	68	
216	1	T 510	295	40	40	P 496	280	68	68	
217	2	T 512	296	40	40	P 506	282	60	68	P 502	335	22	10	
218	2	T 514	297	40	40	P 500	282	68	68	P 502	335	22	10	
219	3	T 516	298	40	40	P 502	284	68	68	P 540	342	10	2	P 540	342	10	2	
220	3	T 518	299	40	40	P 504	286	68	66	P 540	342	10	2	P 540	342	10	2	
221	1	T 520	300	40	40	P 506	286	68	68	
222	1	T 522	301	40	40	P 508	286	68	68	
223	1	T 524	302	40	40	P 510	288	68	68	
224	1	T 526	303	40	40	P 512	288	66	68	
225	2	T 528	304	40	40	P 514	290	68	68	P 556	289	8	3	
226	3	T 530	305	40	40	P 516	290	68	68	P 556	289	8	3	P 562	293	10	4	
227	3	T 532	306	40	40	P 518	290	68	70	P 556	289	8	3	P 562	293	10	4	
228	1	T 534	307	40	40	P 520	292	68	68	
229	1	T 536	308	40	40	P 522	294	68	66	
230	1	T 538	309	40	40	P 524	294	68	68	
231	1	T 540	310	40	40	P 526	296	68	68	
232	1	T 542	311	40	40	P 528	296	68	68	
233	2	T 544	312	40	40	P 530	298	68	68	P 542	301	12	2	
234	3	T 546	313	40	40	P 532	298	68	68	P 542	301	12	2	P 548	296	4	2	
235	2	T 548	314	40	40	P 534	300	68	68	P 548	296	4	2	
236	2	T 550	315	40	40	P 536	300	68	68	P 548	296	4	2	
237	1	T 552	316	40	40	P 536	302	70	66	
238	2	T 554	317	40	40	P 540	302	68	68	P 550	306	14	3	
239	2	T 556	318	40	40	P 542	304	68	68	P 550	306	14	3	
240	1	T 558	319	40	40	P 544	304	68	68	
241	1	T 560	320	40	40	P 544	306	70	68	
242	2	T 562	321	40	40	P 548	308	66	66	P 554	309	14	2	
243	2	T 564	322	40	40	P 550	308	66	68	P 554	309	14	2	
244	2	T 566	323	40	40	P 552	308	68	68	P 554	309	14	2	
245	1	T 568	324	40	40	P 554	310	66	68	
246	1	T 570	325	40	40	P 556	310	68	68	
247	1	T 572	326	40	40	P 558	312	68	68	
248	1	T 574	327	40	40	P 560	314	68	66	
249	2	T 576	328	40	40	P 562	314	68	68	P 584	318	10	1	
250	2	T 578	329	40	40	P 564	314	68	68	P 584	318	10	1	
251	1	T 580	330	40	40	P 566	316	68	68	
252	1	T 582	331	40	40	P 568	318	68	67	
253	1	T 584	332	40	40	P 570	318	68	68	
254	1	T 586	333	40	40	P 572	320	66	66	
255	1	T 588	334	40	40	P 574	320	68	68	
256	1	T 590	335	40	40	P 576	320	68	68	
257	1	T 592	336	40	40	P 578	322	67	68	
258	1	T 594	337	40	40	P 580	322	68	68	
259	1	T 596	338	40	40	P 582	324	68	68	
260	2	T 598	339	40	40	P 584	324	68	68	P 596	327	8	2	
261	2	T 600	340	40	40	P 586	326	68	68	P 596	327	8	2	
262	1	T 602	341	40	40	P 588	328	68	66	
263	3	T 604	342	40	40	P 588	328	68	66	P 598	331	8	2	P 598	331	8	2	
264	5	T 606	343	40	40	P 592	328	68	68	P 630	333	26	19	P 600	331	8	3	P 600	331	8	3	P 630	333	26	19	
265	5	T 608	344	40	40	P 594	330	68	68	P 630	333	26	19	P 600	331	8	3	P 600	331	8	3	P 630	333	26	19	
266	1	T 610	345	40	40	P 596	330	66	68	
267	1	T 612	346	40	40	P 596	332	70	66	
268	1	T 614	347	40	40	P 600	332	66	68	
269	1	T 616	348	40	40	P 602	334	68	68	
270	2	T 618	349	40	40	P 604	334	68	68	P 654	398	6	2	
271	4	T 620	350	40	40	P 606	336	68	68	P 654	398	6	2	P 620	398	6	3	P 620	398	6	3	
272	3	T 622	351	40	40	P 606	336	70	68	P 620	398	6	3	P 620	398	6	3	
273	1	T 624	352	40	40	P 610	338	68	68	
274	2	T 626	353	40	40	P 610	338	68	68	P 664	342	9	32	
275	4	T 628	354	40	40	P 614	340	68	68	P 616	356	31	50	P 616	356	31	50	P 652	339	6	1	
276	5	T 630	355	40	40	P 614	340	70	66	P 616	356	31	50	P 616	356	31	50	P 652	339	6	1	P 660	342	8	2	
277	2	T 632	356	40	40	P 618	342	68	68	P 660	342	8	2	
278	1	T 634	357	40	40	P 620	342	66	68	
279	1	T 636	358	40	40	P 622	344	68	68	
280	2	T 638	359	40	40	P 624	344	68	68	P 628	345	6	3	
281	2	T 640	360	40	40	P 626	346	68	68	P 628	345	6	3	
282	2	T 642	361	40	40	P 628	346	68	68	P 628	345	6	3	
283	1	T 644	362	40	40	P 630	348	68	68	
284	1	T 646	363	40	40	P 632	348	68	68	
285	1	T 648	364	40	40	P 634	350	68	68	
286	2	T 650	365	40	40	P 636	350	68	68	P 652	353	8	1	
287	2	T 652	366	40	40	P 644	352	62	68	P 650	353	4	1	
288	2	T 654	367	40	40	P 640	352	68	68	P 684	352	6	2	
289	2	T 656	368	40	40	P 642	354	68	68	P 684	352	6	2	
290	1	T 658	369	40	40	P 644	354	68	68	
291	1	T 660	370	40	40	P 646	356	68	68	
292	1	T 658	371	40	40	P 644	356	68	68	
293	1	T 656	372	40	40	P 642	358	68	68	
294	1	T 654	373	40	40	P 640	360	68	66	
295	1	T 652	374	40	40	P 638	360	68	66	
296	1	T 650	375	40	40	P 636	360	68	68	
297	1	T 648	376	40	40	P 634	362	68	68	
298	1	T 646	377	40	40	P 632	362	68	68	
299	1	T 644	378	40	40	P 630	362	68	70	
300	1	T 642	379	40	40	P 628	364	68	68	
301	1	T 640	380	40	40	P 626	366	68	66	
302	3	T 638	381	40	40	P 626	366	68	66	P 648	366	6	1	P 627	372	17	24	
303	7	T 636	382	40	40	P 623	368	67	68	P 648	366	6	1	P 626	406	34	28	P 626	406	34	28	P 687	416	2	6	P 687	416	2	6	P 664	425	8	1	
304	6	T 634	383	40	40	P 620	368	68	68	P 626	406	34	28	P 626	406	34	28	P 687	416	2	6	P 687	416	2	6	P 664	425	8	1	
305	2	T 632	384	40	40	P 618	370	66	68	P 666	371	8	2	
306	2	T 630	385	40	40	P 616	370	68	68	P 666	371	8	2	
307	1	T 628	386	40	40	P 614	372	68	68	
308	3	T 626	387	40	40	P 612	372	68	70	P 632	372	4	2	P 632	372	4	2	
309	3	T 624	388	40	40	P 610	374	68	68	P 632	372	4	2	P 632	372	4	2	
310	1	T 622	389	40	40	P 608	374	68	68	
311	1	T 620	390	40	40	P 606	376	68	68	
312	1	T 618	391	40	40	P 604	376	68	68	
313	1	T 616	392	40	40	P 602	378	68	68	
314	1	T 614	393	40	40	P 600	378	66	68	
315	1	T 612	394	40	40	P 598	380	68	68	
316	1	T 610	395	40	40	P 596	380	68	68	
317	2	T 608	396	40	40	P 594	382	66	68	P 606	385	16	2	
318	2	T 606	397	40	40	P 592	382	68	68	P 606	385	16	2	
319	1	T 604	398	40	40	P 590	384	68	68	
320	1	T 602	399	40	40	P 588	384	68	68	
321	1	T 600	400	40	40	P 586	386	68	68	
322	1	T 598	401	40	40	P 584	386	68	68	
323	3	T 596	402	40	40	P 582	388	66	68	P 594	391	4	2	P 624	393	16	3	
324	3	T 594	403	40	40	P 580	390	68	66	P 594	391	4	2	P 624	393	16	3	
325	1	T 592	404	40	40	P 578	388	68	70	
326	1	T 590	405	40	40	P 576	390	68	68	
327	1	T 588	406	40	40	P 574	392	68	66	
328	1	T 586	407	40	40	P 572	392	68	68	
329	1	T 584	408	40	40	P 570	394	68	68	
330	1	T 582	409	40	40	P 568	394	68	68	
331	1	T 580	410	40	40	P 566	396	68	68	
332	1	T 578	411	40	40	P 564	396	68	68	
333	1	T 576	412	40	40	P 562	398	68	68	
334	1	T 574	413	40	40	P 560	398	68	68	
335	1	T 572	414	40	40	P 558	400	68	68	
336	1	T 570	415	40	40	P 556	400	66	68	
337	1	T 568	416	40	40	P 554	402	68	68	
338	1	T 566	417	40	40	P 552	402	68	68	
339	1	T 564	418	40	40	P 550	404	68	68	
340	1	T 562	419	40	40	P 548	404	68	68	
341	2	T 560	420	40	40	P 546	406	68	68	P 588	409	12	1	
342	2	T 558	419	40	40	P 544	404	68	68	P 588	409	12	1	
343	3	T 556	418	40	40	P 542	404	68	68	P 562	406	8	3	P 562	406	8	3	
344	3	T 554	417	40	40	P 540	404	68	66	P 562	406	8	3	P 562	406	8	3	
345	1	T 552	416	40	40	P 538	402	68	68	
346	1	T 550	415	40	40	P 536	400	66	68	
347	2	T 548	414	40	40	P 534	400	68	66	P 556	406	6	3	
348	4	T 546	413	40	40	P 532	398	68	68	P 556	406	6	3	P 598	410	8	1	P 572	401	12	3	
349	4	T 544	412	40	40	P 530	398	68	66	P 556	406	6	3	P 598	410	8	1	P 572	401	12	3	
350	1	T 542	411	40	40	P 528	396	68	69	
351	1	T 540	410	40	40	P 524	396	70	66	
352	2	T 538	409	40	40	P 524	394	68	68	P 542	401	12	1	
353	4	T 536	408	40	40	P 522	394	66	68	P 542	401	12	1	P 574	398	4	2	P 574	398	4	2	
354	3	T 534	407	40	40	P 520	394	68	68	P 574	398	4	2	P 574	398	4	2	
355	1	T 532	406	40	40	P 518	392	68	68	
356	1	T 530	405	40	40	P 516	390	66	68	
357	1	T 528	404	40	40	P 514	390	68	68	
358	1	T 526	403	40	40	P 512	388	66	68	
359	2	T 524	402	40	40	P 510	388	68	68	P 528	392	12	2	
360	4	T 522	401	40	40	P 508	386	68	68	P 528	392	12	2	P 540	389	4	2	P 540	389	4	2	
361	4	T 520	400	40	40	P 506	386	68	68	P 528	392	12	2	P 540	389	4	2	P 540	389	4	2	
362	1	T 518	399	40	40	P 504	384	68	68	
363	2	T 516	398	40	40	P 502	384	68	68	P 514	386	8	3	
364	2	T 514	397	40	40	P 500	384	68	66	P 514	386	8	3	
365	1	T 512	396	40	40	P 498	382	68	68	
366	1	T 510	395	40	40	P 496	380	68	68	
367	1	T 508	394	40	40	P 494	380	68	68	
368	1	T 506	393	40	40	P 492	378	68	68	
369	2	T 504	392	40	40	P 490	378	68	68	P 534	381	12	2	
370	3	T 502	391	40	40	P 488	376	68	68	P 534	381	12	2	P 502	383	8	2	
371	2	T 500	390	40	40	P 486	376	68	66	P 502	383	8	2	
372	2	T 498	389	40	40	P 482	374	70	68	P 502	383	8	2	
373	1	T 496	388	40	40	P 482	374	68	68	
374	1	T 494	387	40	40	P 480	372	68	68	
375	2	T 492	386	40	40	P 478	372	68	68	P 498	379	4	2	
376	2	T 490	385	40	40	P 476	370	68	68	P 498	379	4	2	
377	2	T 488	384	40	40	P 474	370	66	68	P 498	379	4	2	
378	1	T 486	383	40	40	P 472	368	68	68	
379	1	T 484	382	40	40	P 470	368	68	68	
380	1	T 482	381	40	40	P 468	366	68	68	
381	1	T 480	380	40	40	P 466	366	68	68	
382	1	T 478	379	40	40	P 464	364	68	68	
383	3	T 476	378	40	40	P 464	364	68	68	P 464	374	14	18	P 524	406	4	12	
384	3	T 474	377	40	40	P 468	392	31	40	P 524	406	4	12	P 468	392	31	40	
385	2	T 472	376	40	40	P 458	362	68	66	P 468	392	31	40	
386	2	T 470	375	40	40	P 454	360	70	68	P 468	363	8	3	
387	3	T 468	374	40	40	P 454	360	68	66	P 468	363	8	3	P 464	410	1	6	
388	2	T 466	373	40	40	P 452	358	68	68	P 464	410	1	6	
389	3	T 464	372	40	40	P 450	358	68	68	P 498	422	6	2	P 468	424	12	2	
390	3	T 462	371	40	40	P 448	356	68	68	P 498	422	6	2	P 468	424	12	2	
391	2	T 460	370	40	40	P 446	356	68	66	P 516	370	6	1	
392	2	T 458	369	40	40	P 444	356	68	66	P 516	370	6	1	
393	1	T 456	368	40	40	P 442	354	66	68	
394	1	T 454	367	40	40	P 440	352	68	68	
395	2	T 452	366	40	40	P 438	352	68	68	P 448	354	16	7	
396	3	T 450	365	40	40	P 436	350	68	68	P 448	354	16	7	P 480	353	8	1	
397	2	T 448	364	40	40	P 434	350	68	68	P 480	353	8	1	
398	1	T 446	363	40	40	P 432	348	68	68	
399	1	T 444	362	40	40	P 430	348	68	68	
400	1	T 442	361	40	40	P 428	346	68	68	
401	1	T 440	360	40	40	P 426	346	68	68	
402	1	T 438	359	40	40	P 424	344	68	68	
403	1	T 436	358	40	40	P 422	344	68	68	
404	1	T 434	357	40	40	P 418	342	70	68	
405	1	T 432	356	40	40	P 418	342	68	68	
406	1	T 430	355	40	40	P 416	340	68	68	
407	1	T 428	354	40	40	P 414	340	66	68	
408	1	T 426	353	40	40	P 412	338	66	68	
409	1	T 424	352	40	40	P 408	338	70	68	
410	3	T 422	351	40	40	P 408	336	66	68	P 444	340	4	2	P 444	340	4	2	
411	3	T 420	350	40	40	P 406	336	68	66	P 444	340	4	2	P 444	340	4	2	
412	1	T 418	349	40	40	P 404	334	68	68	
413	1	T 416	348	40	40	P 402	334	68	68	
414	1	T 414	347	40	40	P 400	332	68	68	
415	2	T 412	346	40	40	P 398	332	68	68	P 412	397	8	2	
416	4	T 410	345	40	40	P 396	330	68	68	P 412	397	8	2	P 410	337	8	2	P 410	337	8	2	
417	4	T 408	344	40	40	P 392	330	68	68	P 410	337	8	2	P 410	337	8	2	P 422	396	10	2	
418	2	T 406	343	40	40	P 392	328	68	68	P 422	396	10	2	
419	1	T 404	342	40	40	P 390	328	66	68	
420	1	T 402	341	40	40	P 386	326	70	68	
421	1	T 400	340	40	40	P 386	326	66	68	
422	1	T 398	339	40	40	P 384	324	68	68	
423	2	T 396	338	40	40	P 382	324	68	68	P 402	325	12	2	
424	2	T 394	337	40	40	P 380	322	68	68	P 402	325	12	2	
425	1	T 392	336	40	40	P 378	322	68	68	
426	2	T 390	335	40	40	P 376	320	68	68	P 392	325	6	2	
427	2	T 388	334	40	40	P 372	320	70	68	P 392	325	6	2	
428	2	T 386	333	40	40	P 372	318	68	68	P 392	325	6	2	
429	3	T 384	332	40	40	P 370	318	66	68	P 420	323	6	1	P 380	323	14	1	
430	3	T 382	331	40	40	P 368	316	68	68	P 420	323	6	1	P 380	323	14	1	
431	1	T 380	330	40	40	P 366	316	68	68	
432	2	T 378	329	40	40	P 364	314	68	68	P 374	319	14	3	
433	2	T 376	328	40	40	P 362	314	68	68	P 374	319	14	3	
434	1	T 374	327	40	40	P 360	312	68	68	
435	1	T 372	326	40	40	P 358	312	68	66	
436	1	T 370	325	40	40	P 356	310	68	68	
437	1	T 368	324	40	40	P 354	310	66	68	
438	2	T 366	323	40	40	P 352	308	68	68	P 364	311	10	3	
439	3	T 364	322	40	40	P 352	308	68	68	P 353	322	22	52	P 404	312	7	22	
440	3	T 362	321	40	40	P 348	306	68	68	P 353	322	22	52	P 404	312	7	22	
441	1	T 360	320	40	40	P 346	306	68	68	
442	1	T 358	319	40	40	P 344	304	68	68	
443	1	T 356	318	40	40	P 342	304	68	66	
444	1	T 354	317	40	40	P 340	302	68	68	
445	1	T 352	316	40	40	P 338	302	68	68	
446	2	T 350	315	40	40	P 336	300	68	68	P 352	304	8	1	
447	2	T 348	314	40	40	P 334	300	68	68	P 352	304	8	1	
448	1	T 346	313	40	40	P 332	298	68	68	
449	1	T 344	312	40	40	P 330	298	68	68	
450	2	T 342	311	40	40	P 328	296	66	68	P 352	298	8	3	
451	3	T 340	310	40	40	P 326	296	67	68	P 352	298	8	3	P 336	299	8	3	
452	3	T 338	309	40	40	P 324	294	68	68	P 336	299	8	3	P 370	297	8	2	
453	2	T 336	308	40	40	P 322	294	68	68	P 370	297	8	2	
454	1	T 334	307	40	40	P 318	292	70	68	
455	2	T 332	306	40	40	P 318	292	68	68	P 328	295	8	3	
456	2	T 330	305	40	40	P 316	290	68	68	P 328	295	8	3	
457	2	T 328	304	40	40	P 314	290	68	68	P 364	293	8	3	
458	4	T 326	303	40	40	P 312	288	68	68	P 364	293	8	3	P 326	293	4	2	P 326	293	4	2	
459	3	T 324	302	40	40	P 310	288	68	68	P 326	293	4	2	P 326	293	4	2	
460	1	T 322	301	40	40	P 306	286	70	68	
461	1	T 320	300	40	40	P 306	286	68	66	
462	1	T 318	299	40	40	P 304	284	68	68	
463	1	T 316	298	40	40	P 302	284	68	68	
464	1	T 314	297	40	40	P 300	282	68	68	
465	1	T 312	296	40	40	P 298	282	68	68	
466	1	T 310	295	40	40	P 296	280	68	68	
467	3	T 308	294	40	40	P 294	280	68	68	P 364	299	4	2	P 364	299	4	2	
468	3	T 306	293	40	40	P 292	280	68	66	P 364	299	4	2	P 364	299	4	2	
469	2	T 304	292	40	40	P 290	278	68	68	P 294	282	28	8	
470	3	T 302	291	40	40	P 288	276	68	68	P 294	282	28	8	P 322	283	4	2	
471	2	T 300	290	40	40	P 286	276	68	68	P 322	283	4	2	
472	3	T 298	289	40	40	P 284	274	68	68	P 322	283	4	2	P 296	277	8	2	
473	2	T 296	288	40	40	P 282	274	68	68	P 292	278	10	2	
474	2	T 294	287	40	40	P 280	272	68	68	P 292	278	10	2	
475	1	T 292	286	40	40	P 278	272	66	68	
476	2	T 290	285	40	40	P 274	270	70	68	P 310	344	6	1	
477	2	T 288	284	40	40	P 274	270	68	68	P 310	344	6	1	
478	1	T 286	283	40	40	P 272	268	68	68	
479	1	T 284	282	40	40	P 270	268	68	68	
480	1	T 282	281	40	40	P 268	266	68	68	
481	1	T 280	280	40	40	P 266	266	68	66	
482	1	T 278	279	40	40	P 264	264	68	68	
483	2	T 276	278	40	40	P 262	264	68	68	P 272	267	8	3	
484	3	T 274	277	40	40	P 262	264	68	68	P 298	268	28	22	P 266	320	6	3	
485	5	T 272	276	40	40	P 256	262	70	68	P 298	268	28	22	P 266	320	6	3	P 270	267	8	2	P 265	268	23	22	
486	5	T 270	275	40	40	P 256	260	68	68	P 265	268	23	22	P 265	268	23	22	P 265	268	23	22	P 290	263	6	1	
487	4	T 268	274	40	40	P 254	260	66	66	P 265	268	23	22	P 265	268	23	22	P 290	263	6	1	
488	2	T 266	273	40	40	P 252	260	68	66	P 288	263	4	1	
489	2	T 264	272	40	40	P 250	258	68	68	P 288	263	4	1	
490	2	T 262	271	40	40	P 248	256	68	68	P 260	261	12	2	
491	4	T 260	270	40	40	P 246	256	68	68	P 260	261	12	2	P 270	325	4	2	P 270	325	4	2	
492	5	T 258	269	40	40	P 244	254	68	68	P 270	325	4	2	P 270	325	4	2	P 278	325	6	1	P 254	258	8	3	
493	3	T 256	268	40	40	P 242	254	68	68	P 278	325	6	1	P 254	258	8	3	
494	1	T 254	267	40	40	P 240	252	68	68	
495	2	T 252	266	40	40	P 240	252	68	68	P 248	257	18	7	
496	4	T 250	265	40	40	P 236	252	68	66	P 272	254	32	23	P 272	254	32	23	P 244	309	20	6	
497	4	T 248	264	40	40	P 234	250	68	68	P 272	254	32	23	P 272	254	32	23	P 244	309	20	6	
498	1	T 246	263	40	40	P 230	248	70	68	
499	1	T 244	262	40	40	P 230	248	68	68	
500	1	T 242	261	40	40	P 228	246	68	68	
