frame	IoU
1	0.492459
2	0.865333
3	0.865333
4	0.865333
5	0.865333
6	0.652795
7	0.652795
8	0.652795
9	0.865333
10	0.865333
11	0.865333
12	0.652795
13	0.492459
14	0.492459
15	0.492459
16	0.652795
17	0.865333
18	0.865333
19	0.865333
20	0.865333
21	0.652795
22	0.652795
23	0.865333
24	0.865333
25	0.652795
26	0.652795
27	0.492459
28	0.492459
29	0.492459
30	0.652795
31	0.865333
32	0.865333
33	0.865333
34	0.865333
35	0.652795
36	0.865333
37	0.865333
38	0.865333
39	0.652795
40	0.652795
41	0.492459
42	0.492459
43	0.492459
44	0.865333
45	0.865333
46	0.865333
47	0.865333
48	0.865333
49	0.652795
50	0.652795
51	0.865333
52	0.652795
53	0.865333
54	0.652795
55	0.492459
56	0.492459
57	0.492459
58	0.865333
59	0.865333
60	0.865333
61	0.865333
62	0.865333
63	0.652795
64	0.865333
65	0.865333
66	0.865333
67	0.652795
68	0.652795
69	0.492459
70	0.492459
71	0.652795
72	0.865333
73	0.865333
74	0.865333
75	0.865333
76	0.865333
77	0.652795
78	0.652795
79	0.865333
80	0.865333
81	0.865333
82	0.652795
83	0.492459
84	0.492459
85	0.652795
86	0.865333
87	0.865333
88	0.865333
89	0.865333
90	0.865333
91	0.652795
92	0.865333
93	0.865333
94	0.865333
95	0.652795
96	0.652795
97	0.652795
98	0.492459
99	0.492459
100	0.492459
101	0.865333
102	0.865333
103	0.865333
104	0.865333
105	0.652795
106	0.492459
107	0.865333
108	0.865333
109	0.865333
110	0.652795
111	0.492459
112	0.492459
113	0.492459
114	0.865333
115	0.865333
116	0.865333
117	0.865333
118	0.865333
119	0.652795
120	0.865333
121	0.865333
122	0.652795
123	0.652795
124	0.652795
125	0.492459
126	0.492459
127	0.652795
128	0.865333
129	0.865333
130	0.865333
131	0.865333
132	0.865333
133	0.652795
134	0.865333
135	0.865333
136	0.652795
137	0.865333
138	0.652795
139	0.652795
140	0.492459
141	0.492459
142	0.865333
143	0.865333
144	0.865333
145	0.865333
146	0.865333
147	0.652795
148	0.865333
149	0.865333
150	0.865333
151	0.865333
152	0.652795
153	0.492459
154	0.492459
155	0.652795
156	0.865333
157	0.865333
158	0.865333
159	0.865333
160	0.865333
161	0.652795
162	0.865333
163	0.865333
164	0.865333
165	0.865333
166	0.652795
167	0.492459
168	0.492459
169	0.492459
170	0.865333
171	0.865333
172	0.865333
173	0.865333
174	0.865333
175	0.652795
176	0.652795
177	0.865333
178	0.865333
179	0.652795
180	0.652795
181	0.492459
182	0.492459
183	0.492459
184	0.652795
185	0.865333
186	0.865333
187	0.865333
188	0.865333
189	0.652795
190	0.865333
191	0.865333
192	0.865333
193	0.865333
194	0.652795
195	0.492459
196	0.492459
197	0.492459
198	0.652795
199	0.865333
200	0.865333
201	0.865333
202	0.865333
203	0.652795
204	0.865333
205	0.865333
206	0.865333
207	0.865333
208	0.652795
209	0.492459
210	0.492459
211	0.652795
212	0.652795
213	0.865333
214	0.865333
215	0.865333
216	0.652795
217	0.652795
218	0.865333
219	0.865333
220	0.865333
221	0.865333
222	0.652795
223	0.492459
224	0.492459
225	0.652795
226	0.865333
227	0.865333
228	0.865333
229	0.865333
230	0.865333
231	0.652795
232	0.652795
233	0.865333
234	0.865333
235	0.865333
236	0.652795
237	0.492459
238	0.492459
239	0.652795
240	0.652795
241	0.865333
242	0.865333
243	0.865333
244	0.865333
245	0.652795
246	0.652795
247	0.865333
248	0.865333
249	0.652795
250	0.652795
251	0.652795
252	0.492459
253	0.492459
254	0.865333
255	0.865333
256	0.865333
257	0.865333
258	0.865333
259	0.652795
260	0.652795
261	0.865333
262	0.865333
263	0.865333
264	0.652795
265	0.492459
266	0.492459
267	0.492459
268	0.652795
269	0.865333
270	0.865333
271	0.865333
272	0.652795
273	0.652795
274	0.652795
275	0.865333
276	0.865333
277	0.652795
278	0.652795
279	0.652795
280	0.492459
281	0.492459
282	0.865333
283	0.865333
284	0.865333
285	0.865333
286	0.865333
287	0.652795
288	0.865333
289	0.865333
290	0.652795
291	0.865333
292	0.652795
293	0.652795
294	0.492459
295	0.492459
296	0.492459
297	0.865333
298	0.865333
299	0.865333
300	0.865333
301	0.865333
302	0.652795
303	0.492459
304	0.865333
305	0.865333
306	0.652795
307	0.652795
308	0.492459
309	0.492459
310	0.865333
311	0.865333
312	0.865333
313	0.865333
314	0.865333
315	0.865333
316	0.652795
317	0.652795
318	0.865333
319	0.652795
320	0.652795
321	0.652795
322	0.492459
323	0.492459
324	0.492459
325	0.865333
326	0.865333
327	0.865333
328	0.865333
329	0.865333
330	0.652795
331	0.652795
332	0.865333
333	0.652795
334	0.652795
335	0.652795
336	0.492459
337	0.652795
338	0.652795
339	0.865333
340	0.865333
341	0.865333
342	0.865333
343	0.652795
344	0.652795
345	0.492459
346	0.652795
347	0.652795
348	0.652795
349	0.652795
350	0.652795
351	0.652795
352	0.865333
353	0.865333
354	0.865333
355	0.865333
356	0.865333
357	0.652795
358	0.652795
359	0.492459
360	0.652795
361	0.652795
362	0.652795
363	0.652795
364	0.492459
365	0.652795
366	0.865333
367	0.865333
368	0.865333
369	0.865333
370	0.865333
371	0.652795
372	0.652795
373	0.492459
374	0.652795
375	0.652795
376	0.652795
377	0.652795
378	0.652795
379	0.652795
380	0.865333
381	0.865333
382	0.865333
383	0.865333
384	0.865333
385	0.652795
386	0.492459
387	0.492459
388	0.652795
389	0.652795
390	0.652795
391	0.652795
392	0.652795
393	0.652795
394	0.865333
395	0.865333
396	0.865333
397	0.865333
398	0.865333
399	0.652795
400	0.652795
401	0.492459
402	0.652795
403	0.652795
404	0.652795
405	0.652795
406	0.652795
407	0.652795
408	0.652795
409	0.865333
410	0.865333
411	0.865333
412	0.865333
413	0.652795
414	0.492459
415	0.492459
416	0.652795
417	0.652795
418	0.652795
419	0.652795
420	0.492459
421	0.652795
422	0.865333
423	0.865333
424	0.865333
425	0.865333
426	0.865333
427	0.652795
428	0.652795
429	0.652795
430	0.652795
431	0.652795
432	0.652795
433	0.492459
434	0.492459
435	0.652795
436	0.652795
437	0.865333
438	0.865333
439	0.865333
440	0.865333
441	0.652795
442	0.652795
443	0.492459
444	0.652795
445	0.652795
446	0.652795
447	0.652795
448	0.652795
449	0.652795
450	0.865333
451	0.865333
452	0.865333
453	0.865333
454	0.865333
455	0.652795
456	0.652795
457	0.492459
458	0.652795
459	0.652795
460	0.652795
461	0.652795
462	0.652795
463	0.652795
464	0.652795
465	0.865333
466	0.865333
467	0.865333
468	0.865333
469	0.652795
470	0.652795
471	0.492459
472	0.652795
473	0.652795
474	0.652795
475	0.652795
476	0.652795
477	0.652795
478	0.865333
479	0.865333
480	0.865333
481	0.865333
482	0.865333
483	0.652795
484	0.492459
485	0.492459
486	0.652795
487	0.652795
488	0.652795
489	0.652795
490	0.652795
491	0.652795
492	0.652795
493	0.865333
494	0.865333
495	0.865333
496	0.865333
497	0.652795
498	0.492459
499	0.492459
500	0.652795
501	0.652795
502	0.652795
503	0.652795
504	0.492459
505	0.652795
506	0.865333
507	0.865333
508	0.865333
509	0.865333
510	0.865333
511	0.652795
512	0.652795
513	0.492459
514	0.652795
515	0.652795
516	0.652795
517	0.652795
518	0.652795
519	0.652795
520	0.865333
521	0.865333
522	0.865333
523	0.865333
524	0.865333
525	0.652795
526	0.652795
527	0.652795
528	0.652795
529	0.652795
530	0.652795
531	0.652795
532	0.652795
533	0.652795
534	0.865333
535	0.865333
536	0.865333
537	0.865333
538	0.865333
539	0.652795
540	0.652795
541	0.492459
542	0.652795
543	0.652795
544	0.652795
545	0.652795
546	0.652795
547	0.652795
548	0.652795
549	0.865333
550	0.865333
551	0.865333
552	0.865333
553	0.652795
554	0.652795
555	0.492459
556	0.652795
557	0.652795
558	0.652795
559	0.652795
560	0.652795
561	0.652795
562	0.652795
563	0.865333
564	0.865333
565	0.865333
566	0.865333
567	0.652795
568	0.492459
569	0.492459
570	0.652795
571	0.652795
572	0.652795
573	0.652795
574	0.492459
575	0.652795
576	0.865333
577	0.865333
578	0.865333
579	0.865333
580	0.865333
581	0.652795
582	0.652795
583	0.652795
584	0.652795
585	0.652795
586	0.652795
587	0.652795
588	0.652795
589	0.652795
590	0.652795
591	0.865333
592	0.865333
593	0.865333
594	0.865333
595	0.865333
596	0.652795
597	0.652795
598	0.652795
599	0.652795
600	0.652795
601	0.652795
602	0.492459
603	0.652795
604	0.652795
605	0.865333
606	0.865333
607	0.865333
608	0.865333
609	0.652795
610	0.492459
611	0.492459
612	0.492459
613	0.492459
614	0.652795
615	0.652795
616	0.865333
617	0.865333
618	0.652795
619	0.652795
620	0.865333
621	0.865333
622	0.865333
623	0.865333
624	0.865333
625	0.492459
626	0.492459
627	0.492459
628	0.492459
629	0.865333
630	0.865333
631	0.865333
632	0.865333
633	0.652795
634	0.865333
635	0.865333
636	0.865333
637	0.865333
638	0.865333
639	0.492459
640	0.492459
641	0.652795
642	0.652795
643	0.652795
644	0.865333
645	0.865333
646	0.652795
647	0.652795
648	0.865333
649	0.865333
650	0.865333
651	0.865333
652	0.865333
653	0.492459
654	0.492459
655	0.492459
656	0.652795
657	0.865333
658	0.865333
659	0.865333
660	0.865333
661	0.652795
662	0.865333
663	0.865333
664	0.865333
665	0.865333
666	0.865333
667	0.492459
668	0.492459
669	0.492459
670	0.652795
671	0.865333
672	0.865333
673	0.865333
674	0.865333
675	0.652795
676	0.865333
677	0.865333
678	0.865333
679	0.865333
680	0.652795
681	0.492459
682	0.492459
683	0.492459
684	0.652795
685	0.865333
686	0.865333
687	0.652795
688	0.865333
689	0.652795
690	0.865333
691	0.865333
692	0.865333
693	0.865333
694	0.865333
695	0.492459
696	0.492459
697	0.492459
698	0.652795
699	0.865333
700	0.865333
701	0.865333
702	0.865333
703	0.652795
704	0.865333
705	0.865333
706	0.865333
707	0.865333
708	0.865333
709	0.492459
710	0.492459
711	0.492459
712	0.652795
713	0.865333
714	0.865333
715	0.865333
716	0.865333
717	0.652795
718	0.865333
719	0.865333
720	0.865333
721	0.865333
722	0.652795
723	0.492459
724	0.492459
725	0.492459
726	0.652795
727	0.652795
728	0.865333
729	0.865333
730	0.865333
731	0.652795
732	0.865333
733	0.865333
734	0.865333
735	0.865333
736	0.865333
737	0.492459
738	0.492459
739	0.492459
740	0.652795
741	0.865333
742	0.652795
743	0.652795
744	0.492459
745	0.652795
746	0.652795
747	0.865333
748	0.865333
749	0.865333
750	0.865333
751	0.865333
752	0.652795
753	0.652795
754	0.652795
755	0.865333
756	0.652795
757	0.652795
758	0.492459
759	0.492459
760	0.652795
761	0.865333
762	0.865333
763	0.865333
764	0.865333
765	0.865333
766	0.652795
767	0.652795
768	0.652795
769	0.865333
770	0.865333
771	0.652795
772	0.652795
773	0.492459
774	0.652795
775	0.865333
776	0.865333
777	0.865333
778	0.865333
779	0.865333
780	0.652795
781	0.652795
782	0.865333
783	0.865333
784	0.652795
785	0.652795
786	0.652795
787	0.492459
788	0.492459
789	0.865333
790	0.865333
791	0.865333
792	0.865333
793	0.652795
794	0.652795
795	0.652795
796	0.865333
797	0.865333
798	0.652795
799	0.652795
800	0.492459
801	0.492459
802	0.652795
803	0.865333
804	0.865333
805	0.865333
806	0.865333
807	0.865333
808	0.652795
809	0.865333
810	0.652795
811	0.865333
812	0.652795
813	0.652795
814	0.492459
815	0.492459
816	0.492459
817	0.865333
818	0.865333
819	0.865333
820	0.865333
821	0.652795
822	0.652795
823	0.652795
824	0.865333
825	0.652795
826	0.652795
827	0.652795
828	0.492459
829	0.652795
830	0.492459
831	0.865333
832	0.865333
833	0.865333
834	0.865333
835	0.865333
836	0.652795
837	0.652795
838	0.652795
839	0.865333
840	0.652795
841	0.652795
842	0.492459
843	0.492459
844	0.492459
845	0.865333
846	0.865333
847	0.865333
848	0.865333
849	0.865333
850	0.652795
851	0.492459
852	0.865333
853	0.652795
854	0.652795
855	0.652795
856	0.492459
857	0.492459
858	0.492459
859	0.865333
860	0.865333
861	0.865333
862	0.865333
863	0.865333
864	0.652795
865	0.492459
866	0.865333
867	0.652795
868	0.652795
869	0.652795
870	0.492459
871	0.492459
872	0.652795
873	0.865333
874	0.865333
875	0.865333
876	0.865333
877	0.865333
878	0.652795
879	0.652795
880	0.865333
881	0.652795
882	0.652795
883	0.652795
884	0.492459
885	0.492459
886	0.652795
887	0.652795
888	0.865333
889	0.865333
890	0.865333
891	0.865333
892	0.652795
893	0.652795
894	0.865333
895	0.865333
896	0.652795
897	0.652795
898	0.492459
899	0.492459
900	0.652795
901	0.865333
902	0.865333
903	0.865333
904	0.865333
905	0.865333
906	0.652795
907	0.652795
908	0.652795
909	0.865333
910	0.652795
911	0.652795
912	0.492459
913	0.492459
914	0.652795
915	0.865333
916	0.865333
917	0.865333
918	0.865333
919	0.652795
920	0.652795
921	0.652795
922	0.865333
923	0.652795
924	0.652795
925	0.492459
926	0.492459
927	0.492459
928	0.652795
929	0.865333
930	0.865333
931	0.865333
932	0.865333
933	0.865333
934	0.865333
935	0.652795
936	0.652795
937	0.652795
938	0.652795
939	0.652795
940	0.652795
941	0.865333
942	0.492459
943	0.865333
944	0.865333
945	0.865333
946	0.865333
947	0.865333
948	0.652795
949	0.652795
950	0.652795
951	0.492459
952	0.652795
953	0.652795
954	0.652795
955	0.492459
956	0.652795
957	0.652795
958	0.865333
959	0.865333
960	0.865333
961	0.865333
962	0.652795
963	0.652795
964	0.652795
965	0.652795
966	0.652795
967	0.652795
968	0.652795
969	0.652795
970	0.652795
971	0.652795
972	0.865333
973	0.865333
974	0.865333
975	0.865333
976	0.865333
977	0.652795
978	0.492459
979	0.652795
980	0.652795
981	0.652795
982	0.652795
983	0.492459
984	0.652795
985	0.652795
986	0.865333
987	0.865333
988	0.865333
989	0.865333
990	0.865333
991	0.652795
992	0.492459
993	0.652795
994	0.652795
995	0.652795
996	0.652795
997	0.492459
998	0.652795
999	0.652795
1000	0.865333
1001	0.865333
1002	0.865333
1003	0.865333
1004	0.865333
1005	0.652795
1006	0.652795
1007	0.652795
1008	0.652795
1009	0.652795
1010	0.652795
1011	0.492459
1012	0.492459
1013	0.652795
1014	0.865333
1015	0.865333
1016	0.865333
1017	0.865333
1018	0.865333
1019	0.652795
1020	0.652795
1021	0.652795
1022	0.652795
1023	0.652795
1024	0.652795
1025	0.492459
1026	0.652795
1027	0.652795
1028	0.865333
1029	0.865333
1030	0.865333
1031	0.865333
1032	0.865333
1033	0.652795
1034	0.652795
1035	0.652795
1036	0.652795
1037	0.652795
1038	0.652795
1039	0.492459
1040	0.492459
1041	0.652795
1042	0.865333
1043	0.865333
1044	0.865333
1045	0.865333
1046	0.865333
1047	0.652795
1048	0.652795
1049	0.652795
1050	0.652795
1051	0.652795
1052	0.652795
1053	0.492459
1054	0.492459
1055	0.652795
1056	0.865333
1057	0.865333
1058	0.865333
1059	0.865333
1060	0.652795
1061	0.652795
1062	0.492459
1063	0.652795
1064	0.652795
1065	0.652795
1066	0.652795
1067	0.492459
1068	0.652795
1069	0.652795
1070	0.865333
1071	0.865333
1072	0.865333
1073	0.865333
1074	0.652795
1075	0.652795
1076	0.652795
1077	0.652795
1078	0.652795
1079	0.652795
1080	0.652795
1081	0.492459
1082	0.652795
1083	0.652795
1084	0.865333
1085	0.865333
1086	0.865333
1087	0.865333
1088	0.652795
1089	0.652795
1090	0.652795
1091	0.652795
1092	0.652795
1093	0.652795
1094	0.652795
1095	0.492459
1096	0.652795
1097	0.652795
1098	0.865333
1099	0.865333
1100	0.865333
1101	0.865333
1102	0.652795
1103	0.652795
1104	0.652795
1105	0.652795
1106	0.652795
1107	0.652795
1108	0.492459
1109	0.492459
1110	0.652795
1111	0.865333
1112	0.865333
1113	0.865333
1114	0.865333
1115	0.865333
1116	0.652795
1117	0.652795
1118	0.652795
1119	0.652795
1120	0.652795
1121	0.652795
1122	0.652795
1123	0.492459
1124	0.652795
1125	0.652795
1126	0.865333
1127	0.865333
1128	0.865333
1129	0.865333
1130	0.865333
1131	0.652795
1132	0.652795
1133	0.652795
1134	0.652795
1135	0.652795
1136	0.652795
1137	0.492459
1138	0.492459
1139	0.652795
1140	0.865333
1141	0.865333
1142	0.865333
1143	0.865333
1144	0.652795
1145	0.492459
1146	0.492459
1147	0.652795
1148	0.652795
1149	0.865333
1150	0.865333
1151	0.652795
1152	0.652795
1153	0.865333
1154	0.865333
1155	0.865333
1156	0.865333
1157	0.865333
1158	0.652795
1159	0.492459
1160	0.492459
1161	0.652795
1162	0.652795
1163	0.652795
1164	0.865333
1165	0.652795
1166	0.652795
1167	0.652795
1168	0.865333
1169	0.865333
1170	0.865333
1171	0.865333
1172	0.652795
1173	0.492459
1174	0.492459
1175	0.652795
1176	0.652795
1177	0.865333
1178	0.865333
1179	0.652795
1180	0.652795
1181	0.652795
1182	0.865333
1183	0.865333
1184	0.865333
1185	0.652795
1186	0.865333
1187	0.492459
1188	0.492459
1189	0.652795
1190	0.652795
1191	0.865333
1192	0.865333
1193	0.652795
1194	0.652795
1195	0.865333
1196	0.865333
1197	0.865333
1198	0.865333
1199	0.865333
1200	0.652795
1201	0.492459
1202	0.492459
1203	0.652795
1204	0.652795
1205	0.865333
1206	0.865333
1207	0.652795
1208	0.652795
1209	0.652795
1210	0.865333
1211	0.865333
1212	0.865333
1213	0.865333
1214	0.652795
1215	0.492459
1216	0.652795
1217	0.652795
1218	0.652795
1219	0.652795
1220	0.652795
1221	0.865333
1222	0.652795
1223	0.652795
1224	0.865333
1225	0.865333
1226	0.865333
1227	0.865333
1228	0.492459
1229	0.492459
1230	0.492459
1231	0.652795
1232	0.652795
1233	0.865333
1234	0.865333
1235	0.652795
1236	0.652795
1237	0.865333
1238	0.865333
1239	0.865333
1240	0.865333
1241	0.865333
1242	0.652795
1243	0.492459
1244	0.492459
1245	0.652795
1246	0.652795
1247	0.865333
1248	0.652795
1249	0.652795
1250	0.652795
1251	0.865333
1252	0.652795
1253	0.652795
1254	0.865333
1255	0.865333
1256	0.652795
1257	0.652795
1258	0.492459
1259	0.492459
1260	0.492459
1261	0.652795
1262	0.865333
1263	0.865333
1264	0.865333
1265	0.652795
1266	0.652795
1267	0.865333
1268	0.865333
1269	0.865333
1270	0.865333
1271	0.652795
1272	0.492459
1273	0.492459
1274	0.492459
1275	0.652795
1276	0.865333
1277	0.865333
1278	0.865333
1279	0.865333
1280	0.652795
1281	0.652795
1282	0.865333
1283	0.865333
1284	0.865333
1285	0.652795
1286	0.492459
1287	0.492459
1288	0.492459
1289	0.652795
1290	0.865333
1291	0.865333
1292	0.865333
1293	0.652795
1294	0.652795
1295	0.865333
1296	0.865333
1297	0.865333
1298	0.865333
1299	0.652795
1300	0.492459
1301	0.492459
1302	0.492459
1303	0.652795
1304	0.865333
1305	0.865333
1306	0.865333
1307	0.652795
1308	0.652795
1309	0.652795
1310	0.865333
1311	0.865333
1312	0.865333
1313	0.652795
1314	0.652795
1315	0.492459
1316	0.492459
1317	0.652795
1318	0.865333
1319	0.865333
1320	0.865333
1321	0.865333
1322	0.652795
1323	0.865333
1324	0.865333
1325	0.865333
1326	0.865333
1327	0.492459
1328	0.492459
1329	0.492459
1330	0.492459
1331	0.652795
1332	0.865333
1333	0.865333
1334	0.865333
1335	0.652795
1336	0.652795
1337	0.865333
1338	0.865333
1339	0.865333
1340	0.865333
1341	0.652795
1342	0.492459
1343	0.492459
1344	0.492459
1345	0.652795
1346	0.865333
1347	0.865333
1348	0.865333
1349	0.652795
1350	0.652795
1351	0.865333
1352	0.865333
1353	0.865333
1354	0.865333
1355	0.652795
1356	0.492459
1357	0.492459
1358	0.492459
1359	0.865333
1360	0.865333
1361	0.865333
1362	0.865333
1363	0.865333
1364	0.865333
1365	0.865333
1366	0.865333
1367	0.865333
1368	0.865333
1369	0.652795
1370	0.492459
1371	0.492459
1372	0.652795
1373	0.652795
1374	0.865333
1375	0.865333
1376	0.865333
1377	0.652795
1378	0.652795
1379	0.865333
1380	0.865333
1381	0.865333
1382	0.865333
1383	0.652795
1384	0.652795
1385	0.492459
1386	0.492459
1387	0.652795
1388	0.865333
1389	0.865333
1390	0.865333
1391	0.652795
1392	0.652795
1393	0.652795
1394	0.865333
1395	0.865333
1396	0.865333
1397	0.652795
1398	0.492459
1399	0.492459
1400	0.492459
1401	0.492459
1402	0.865333
1403	0.865333
1404	0.865333
1405	0.652795
1406	0.652795
1407	0.652795
1408	0.865333
1409	0.865333
1410	0.865333
1411	0.652795
1412	0.492459
1413	0.492459
1414	0.492459
1415	0.865333
1416	0.865333
1417	0.865333
1418	0.865333
1419	0.652795
1420	0.652795
1421	0.865333
1422	0.865333
1423	0.865333
1424	0.865333
1425	0.652795
1426	0.492459
1427	0.492459
1428	0.652795
1429	0.652795
1430	0.865333
1431	0.865333
1432	0.865333
1433	0.865333
1434	0.652795
1435	0.865333
1436	0.865333
1437	0.865333
1438	0.865333
1439	0.652795
1440	0.492459
1441	0.492459
1442	0.492459
1443	0.492459
1444	0.865333
1445	0.865333
1446	0.865333
1447	0.865333
1448	0.652795
1449	0.865333
1450	0.865333
1451	0.865333
1452	0.865333
1453	0.652795
1454	0.492459
1455	0.492459
1456	0.492459
1457	0.652795
1458	0.865333
1459	0.865333
1460	0.865333
1461	0.865333
1462	0.652795
1463	0.865333
1464	0.865333
1465	0.865333
1466	0.865333
1467	0.652795
1468	0.492459
1469	0.492459
1470	0.492459
1471	0.652795
1472	0.865333
1473	0.865333
1474	0.865333
1475	0.865333
1476	0.652795
1477	0.865333
1478	0.865333
1479	0.865333
1480	0.865333
1481	0.652795
1482	0.492459
1483	0.492459
1484	0.492459
1485	0.652795
1486	0.652795
1487	0.865333
1488	0.865333
1489	0.652795
1490	0.652795
1491	0.865333
1492	0.865333
1493	0.865333
1494	0.865333
1495	0.652795
1496	0.492459
1497	0.492459
1498	0.492459
1499	0.652795
1500	0.865333
1501	0.865333
1502	0.865333
1503	0.865333
1504	0.652795
1505	0.865333
1506	0.865333
1507	0.865333
1508	0.865333
1509	0.652795
1510	0.652795
1511	0.492459
1512	0.492459
1513	0.652795
1514	0.652795
1515	0.865333
1516	0.865333
1517	0.865333
1518	0.652795
1519	0.652795
1520	0.865333
1521	0.865333
1522	0.865333
1523	0.652795
1524	0.652795
1525	0.492459
1526	0.492459
1527	0.492459
1528	0.865333
1529	0.865333
1530	0.865333
1531	0.652795
1532	0.652795
1533	0.865333
1534	0.865333
1535	0.865333
1536	0.865333
1537	0.652795
1538	0.492459
1539	0.492459
1540	0.492459
1541	0.652795
1542	0.652795
1543	0.652795
1544	0.652795
1545	0.492459
1546	0.492459
1547	0.652795
1548	0.865333
1549	0.865333
1550	0.865333
1551	0.865333
1552	0.652795
1553	0.652795
1554	0.492459
1555	0.652795
1556	0.652795
1557	0.652795
1558	0.652795
1559	0.652795
1560	0.652795
1561	0.652795
1562	0.865333
1563	0.865333
1564	0.865333
1565	0.865333
1566	0.652795
1567	0.652795
1568	0.492459
1569	0.652795
1570	0.652795
1571	0.652795
1572	0.652795
1573	0.652795
1574	0.652795
1575	0.652795
1576	0.865333
1577	0.865333
1578	0.865333
1579	0.865333
1580	0.865333
1581	0.652795
1582	0.652795
1583	0.492459
1584	0.652795
1585	0.652795
1586	0.652795
1587	0.652795
1588	0.652795
1589	0.492459
1590	0.652795
1591	0.865333
1592	0.865333
1593	0.865333
1594	0.865333
1595	0.652795
1596	0.652795
1597	0.492459
1598	0.652795
1599	0.652795
1600	0.652795
1601	0.652795
1602	0.652795
1603	0.652795
1604	0.865333
1605	0.865333
1606	0.865333
1607	0.865333
1608	0.865333
1609	0.652795
1610	0.652795
1611	0.492459
1612	0.652795
1613	0.652795
1614	0.652795
1615	0.652795
1616	0.652795
1617	0.652795
1618	0.652795
1619	0.865333
1620	0.865333
1621	0.865333
1622	0.865333
1623	0.652795
1624	0.652795
1625	0.492459
1626	0.652795
1627	0.652795
1628	0.652795
1629	0.652795
1630	0.652795
1631	0.652795
1632	0.865333
1633	0.865333
1634	0.865333
1635	0.865333
1636	0.865333
1637	0.652795
1638	0.492459
1639	0.492459
1640	0.652795
1641	0.652795
1642	0.652795
1643	0.652795
1644	0.652795
1645	0.652795
1646	0.652795
1647	0.865333
1648	0.865333
1649	0.865333
1650	0.865333
1651	0.652795
1652	0.652795
1653	0.652795
1654	0.652795
1655	0.652795
1656	0.652795
1657	0.652795
1658	0.652795
1659	0.652795
1660	0.652795
1661	0.865333
1662	0.865333
1663	0.865333
1664	0.865333
1665	0.865333
1666	0.652795
1667	0.492459
1668	0.652795
1669	0.652795
1670	0.652795
1671	0.652795
1672	0.652795
1673	0.652795
1674	0.865333
1675	0.865333
1676	0.865333
1677	0.865333
1678	0.865333
1679	0.652795
1680	0.652795
1681	0.492459
1682	0.652795
1683	0.652795
1684	0.652795
1685	0.652795
1686	0.492459
1687	0.652795
1688	0.652795
1689	0.865333
1690	0.865333
1691	0.865333
1692	0.865333
1693	0.652795
1694	0.652795
1695	0.492459
1696	0.652795
1697	0.652795
1698	0.652795
1699	0.652795
1700	0.652795
1701	0.652795
1702	0.865333
1703	0.865333
1704	0.865333
1705	0.865333
1706	0.865333
1707	0.652795
1708	0.652795
1709	0.652795
1710	0.652795
1711	0.652795
1712	0.652795
1713	0.652795
1714	0.652795
1715	0.652795
1716	0.865333
1717	0.865333
1718	0.865333
1719	0.865333
1720	0.865333
1721	0.652795
1722	0.652795
1723	0.492459
1724	0.652795
1725	0.652795
1726	0.652795
1727	0.652795
1728	0.652795
1729	0.652795
1730	0.652795
1731	0.865333
1732	0.865333
1733	0.865333
1734	0.865333
1735	0.652795
1736	0.652795
1737	0.492459
1738	0.652795
1739	0.652795
1740	0.652795
1741	0.652795
1742	0.652795
1743	0.652795
1744	0.652795
1745	0.865333
1746	0.865333
1747	0.865333
1748	0.865333
1749	0.652795
1750	0.652795
1751	0.492459
1752	0.652795
1753	0.652795
1754	0.652795
1755	0.865333
1756	0.492459
1757	0.652795
1758	0.652795
1759	0.865333
1760	0.865333
1761	0.865333
1762	0.865333
1763	0.652795
1764	0.652795
1765	0.492459
1766	0.652795
1767	0.652795
1768	0.652795
1769	0.652795
1770	0.652795
1771	0.652795
1772	0.652795
1773	0.865333
1774	0.865333
1775	0.865333
1776	0.865333
1777	0.652795
1778	0.652795
1779	0.492459
1780	0.652795
1781	0.652795
1782	0.652795
1783	0.652795
1784	0.652795
1785	0.652795
1786	0.865333
1787	0.865333
1788	0.865333
1789	0.865333
1790	0.865333
1791	0.652795
1792	0.492459
1793	0.492459
1794	0.652795
1795	0.652795
1796	0.652795
1797	0.652795
1798	0.492459
1799	0.652795
1800	0.652795
1801	0.865333
1802	0.865333
1803	0.865333
1804	0.865333
1805	0.652795
1806	0.492459
1807	0.492459
1808	0.492459
1809	0.652795
1810	0.652795
1811	0.652795
1812	0.652795
1813	0.652795
1814	0.865333
1815	0.865333
1816	0.865333
1817	0.865333
1818	0.865333
1819	0.652795
1820	0.652795
1821	0.492459
1822	0.652795
1823	0.652795
1824	0.652795
1825	0.652795
1826	0.492459
1827	0.652795
1828	0.865333
1829	0.865333
1830	0.865333
1831	0.865333
1832	0.865333
1833	0.652795
1834	0.492459
1835	0.492459
1836	0.652795
1837	0.652795
1838	0.652795
1839	0.865333
1840	0.652795
1841	0.652795
1842	0.652795
1843	0.865333
1844	0.865333
1845	0.865333
1846	0.865333
1847	0.652795
1848	0.652795
1849	0.492459
1850	0.652795
1851	0.652795
1852	0.652795
1853	0.652795
1854	0.652795
1855	0.652795
1856	0.865333
1857	0.865333
1858	0.865333
1859	0.865333
1860	0.865333
1861	0.652795
1862	0.652795
1863	0.492459
1864	0.652795
1865	0.652795
1866	0.652795
1867	0.652795
1868	0.492459
1869	0.652795
1870	0.865333
1871	0.865333
1872	0.865333
1873	0.865333
1874	0.865333
1875	0.492459
1876	0.652795
1877	0.652795
1878	0.652795
1879	0.652795
1880	0.652795
1881	0.652795
1882	0.652795
1883	0.652795
1884	0.865333
1885	0.865333
1886	0.865333
1887	0.865333
1888	0.865333
1889	0.652795
1890	0.652795
1891	0.492459
1892	0.492459
1893	0.492459
1894	0.652795
1895	0.865333
1896	0.865333
1897	0.865333
1898	0.652795
1899	0.652795
1900	0.865333
1901	0.865333
1902	0.865333
1903	0.865333
1904	0.865333
1905	0.492459
1906	0.492459
1907	0.492459
1908	0.652795
1909	0.865333
1910	0.652795
1911	0.865333
1912	0.652795
1913	0.652795
1914	0.865333
1915	0.865333
1916	0.865333
1917	0.865333
1918	0.652795
1919	0.492459
1920	0.492459
1921	0.492459
1922	0.652795
1923	0.865333
1924	0.865333
1925	0.652795
1926	0.652795
1927	0.652795
1928	0.865333
1929	0.865333
1930	0.865333
1931	0.865333
1932	0.865333
1933	0.492459
1934	0.492459
1935	0.492459
1936	0.652795
1937	0.865333
1938	0.865333
1939	0.865333
1940	0.652795
1941	0.652795
1942	0.865333
1943	0.865333
1944	0.865333
1945	0.865333
1946	0.652795
1947	0.492459
1948	0.492459
1949	0.492459
1950	0.652795
1951	0.865333
1952	0.865333
1953	0.865333
1954	0.652795
1955	0.652795
1956	0.865333
1957	0.865333
1958	0.865333
1959	0.865333
1960	0.652795
1961	0.492459
1962	0.492459
1963	0.492459
1964	0.865333
1965	0.865333
1966	0.865333
1967	0.865333
1968	0.865333
1969	0.652795
1970	0.652795
1971	0.865333
1972	0.865333
1973	0.865333
1974	0.652795
1975	0.492459
1976	0.492459
1977	0.492459
1978	0.865333
1979	0.865333
1980	0.865333
1981	0.865333
1982	0.865333
1983	0.652795
1984	0.652795
1985	0.865333
1986	0.865333
1987	0.652795
1988	0.652795
1989	0.492459
1990	0.492459
1991	0.492459
1992	0.865333
1993	0.865333
1994	0.865333
1995	0.865333
1996	0.865333
1997	0.652795
1998	0.865333
1999	0.865333
2000	0.865333
