1	1	T 80	80	40	40	P 70	70	57	57	
2	1	T 82	81	40	40	P 84	84	43	43	
3	1	T 84	82	40	40	P 84	84	43	43	
4	1	T 86	83	40	40	P 84	84	43	43	
5	1	T 88	84	40	40	P 84	84	43	43	
6	1	T 90	85	40	40	P 84	84	57	43	
7	1	T 92	86	40	40	P 84	84	57	43	
8	1	T 94	87	40	40	P 84	84	57	43	
9	1	T 96	88	40	40	P 98	84	43	43	
10	1	T 98	89	40	40	P 98	84	43	43	
11	1	T 100	90	40	40	P 98	84	43	43	
12	1	T 102	91	40	40	P 98	84	43	57	
13	1	T 104	92	40	40	P 98	84	57	57	
14	1	T 106	93	40	40	P 98	84	57	57	
15	1	T 108	94	40	40	P 98	84	57	57	
16	1	T 110	95	40	40	P 112	84	43	57	
17	1	T 112	96	40	40	P 112	98	43	43	
18	1	T 114	97	40	40	P 112	98	43	43	
19	1	T 116	98	40	40	P 112	98	43	43	
20	1	T 118	99	40	40	P 112	98	43	43	
21	1	T 120	100	40	40	P 112	98	57	43	
22	1	T 122	101	40	40	P 112	98	57	43	
23	1	T 124	102	40	40	P 126	98	43	43	
24	1	T 126	103	40	40	P 126	98	43	43	
25	1	T 128	104	40	40	P 126	98	43	57	
26	1	T 130	105	40	40	P 126	98	43	57	
27	1	T 132	106	40	40	P 126	98	57	57	
28	1	T 134	107	40	40	P 126	98	57	57	
29	1	T 136	108	40	40	P 126	98	57	57	
30	1	T 138	109	40	40	P 140	98	43	57	
31	1	T 140	110	40	40	P 140	112	43	43	
32	1	T 142	111	40	40	P 140	112	43	43	
33	1	T 144	112	40	40	P 140	112	43	43	
34	1	T 146	113	40	40	P 140	112	43	43	
35	1	T 148	114	40	40	P 140	112	57	43	
36	1	T 150	115	40	40	P 154	112	43	43	
37	1	T 152	116	40	40	P 154	112	43	43	
38	1	T 154	117	40	40	P 154	112	43	43	
39	1	T 156	118	40	40	P 154	112	43	57	
40	1	T 158	119	40	40	P 154	112	43	57	
41	1	T 160	120	40	40	P 154	112	57	57	
42	1	T 162	121	40	40	P 154	112	57	57	
43	1	T 164	122	40	40	P 154	112	57	57	
44	1	T 166	123	40	40	P 168	126	43	43	
45	1	T 168	124	40	40	P 168	126	43	43	
46	1	T 170	125	40	40	P 168	126	43	43	
47	1	T 172	126	40	40	P 168	126	43	43	
48	1	T 174	127	40	40	P 168	126	43	43	
49	1	T 176	128	40	40	P 168	126	57	43	
50	1	T 178	129	40	40	P 168	126	57	43	
51	1	T 180	130	40	40	P 182	126	43	43	
52	1	T 182	131	40	40	P 182	126	43	57	
53	1	T 184	132	40	40	P 182	126	43	43	
54	1	T 186	133	40	40	P 182	126	43	57	
55	1	T 188	134	40	40	P 182	126	57	57	
56	1	T 190	135	40	40	P 182	126	57	57	
57	1	T 192	136	40	40	P 182	126	57	57	
58	1	T 194	137	40	40	P 196	140	43	43	
59	1	T 196	138	40	40	P 196	140	43	43	
60	1	T 198	139	40	40	P 196	140	43	43	
61	1	T 200	140	40	40	P 196	140	43	43	
62	1	T 202	141	40	40	P 196	140	43	43	
63	1	T 204	142	40	40	P 196	140	57	43	
64	1	T 206	143	40	40	P 210	140	43	43	
65	1	T 208	144	40	40	P 210	140	43	43	
66	1	T 210	145	40	40	P 210	140	43	43	
67	1	T 212	146	40	40	P 210	140	43	57	
68	1	T 214	147	40	40	P 210	140	43	57	
69	1	T 216	148	40	40	P 210	140	57	57	
70	1	T 218	149	40	40	P 210	140	57	57	
71	1	T 220	150	40	40	P 210	154	57	43	
72	1	T 222	151	40	40	P 224	154	43	43	
73	1	T 224	152	40	40	P 224	154	43	43	
74	1	T 226	153	40	40	P 224	154	43	43	
75	1	T 228	154	40	40	P 224	154	43	43	
76	1	T 230	155	40	40	P 224	154	43	43	
77	1	T 232	156	40	40	P 224	154	57	43	
78	1	T 234	157	40	40	P 224	154	57	43	
79	1	T 236	158	40	40	P 238	154	43	43	
80	1	T 238	159	40	40	P 238	154	43	43	
81	1	T 240	160	40	40	P 238	154	43	43	
82	1	T 242	161	40	40	P 238	154	43	57	
83	1	T 244	162	40	40	P 238	154	57	57	
84	1	T 246	163	40	40	P 238	154	57	57	
85	1	T 248	164	40	40	P 238	168	57	43	
86	1	T 250	165	40	40	P 252	168	43	43	
87	1	T 252	166	40	40	P 252	168	43	43	
88	1	T 254	167	40	40	P 252	168	43	43	
89	1	T 256	168	40	40	P 252	168	43	43	
90	1	T 258	169	40	40	P 252	168	43	43	
91	1	T 260	170	40	40	P 252	168	57	43	
92	1	T 262	171	40	40	P 266	168	43	43	
93	1	T 264	172	40	40	P 266	168	43	43	
94	1	T 266	173	40	40	P 266	168	43	43	
95	1	T 268	174	40	40	P 266	168	43	57	
96	1	T 270	175	40	40	P 266	168	43	57	
97	1	T 272	176	40	40	P 266	168	43	57	
98	1	T 274	177	40	40	P 266	168	57	57	
99	1	T 276	178	40	40	P 266	168	57	57	
100	1	T 278	179	40	40	P 266	168	57	57	
101	1	T 280	180	40	40	P 280	182	43	43	
102	1	T 282	181	40	40	P 280	182	43	43	
103	1	T 284	182	40	40	P 280	182	43	43	
104	1	T 286	183	40	40	P 280	182	43	43	
105	1	T 288	184	40	40	P 280	182	57	43	
106	1	T 290	185	40	40	P 280	182	57	57	
107	1	T 292	186	40	40	P 294	182	43	43	
108	1	T 294	187	40	40	P 294	182	43	43	
109	1	T 296	188	40	40	P 294	182	43	43	
110	1	T 298	189	40	40	P 294	182	43	57	
111	1	T 300	190	40	40	P 294	182	57	57	
112	1	T 302	191	40	40	P 294	182	57	57	
113	1	T 304	192	40	40	P 294	182	57	57	
114	1	T 306	193	40	40	P 308	196	43	43	
115	1	T 308	194	40	40	P 308	196	43	43	
116	1	T 310	195	40	40	P 308	196	43	43	
117	1	T 312	196	40	40	P 308	196	43	43	
118	1	T 314	197	40	40	P 308	196	43	43	
119	1	T 316	198	40	40	P 308	196	57	43	
120	1	T 318	199	40	40	P 322	196	43	43	
121	1	T 320	200	40	40	P 322	196	43	43	
122	1	T 322	201	40	40	P 322	196	43	57	
123	1	T 324	202	40	40	P 322	196	43	57	
124	1	T 326	203	40	40	P 322	196	43	57	
125	1	T 328	204	40	40	P 322	196	57	57	
126	1	T 330	205	40	40	P 322	196	57	57	
127	1	T 332	206	40	40	P 336	196	43	57	
128	1	T 334	207	40	40	P 336	210	43	43	
129	1	T 336	208	40	40	P 336	210	43	43	
130	1	T 338	209	40	40	P 336	210	43	43	
131	1	T 340	210	40	40	P 336	210	43	43	
132	1	T 342	211	40	40	P 336	210	43	43	
133	1	T 344	212	40	40	P 336	210	57	43	
134	1	T 346	213	40	40	P 350	210	43	43	
135	1	T 348	214	40	40	P 350	210	43	43	
136	1	T 350	215	40	40	P 350	210	43	57	
137	1	T 352	216	40	40	P 350	210	43	43	
138	1	T 354	217	40	40	P 350	210	43	57	
139	1	T 356	218	40	40	P 350	210	43	57	
140	1	T 358	219	40	40	P 350	210	57	57	
141	1	T 360	220	40	40	P 350	210	57	57	
142	1	T 362	221	40	40	P 364	224	43	43	
143	1	T 364	222	40	40	P 364	224	43	43	
144	1	T 366	223	40	40	P 364	224	43	43	
145	1	T 368	224	40	40	P 364	224	43	43	
146	1	T 370	225	40	40	P 364	224	43	43	
147	1	T 372	226	40	40	P 364	224	57	43	
148	1	T 374	227	40	40	P 378	224	43	43	
149	1	T 376	228	40	40	P 378	224	43	43	
150	1	T 378	229	40	40	P 378	224	43	43	
151	1	T 380	230	40	40	P 378	224	43	43	
152	1	T 382	231	40	40	P 378	224	43	57	
153	1	T 384	232	40	40	P 378	224	57	57	
154	1	T 386	233	40	40	P 378	224	57	57	
155	1	T 388	234	40	40	P 392	224	43	57	
156	1	T 390	235	40	40	P 392	238	43	43	
157	1	T 392	236	40	40	P 392	238	43	43	
158	1	T 394	237	40	40	P 392	238	43	43	
159	1	T 396	238	40	40	P 392	238	43	43	
160	1	T 398	239	40	40	P 392	238	43	43	
161	1	T 400	240	40	40	P 392	238	57	43	
162	1	T 402	241	40	40	P 406	238	43	43	
163	1	T 404	242	40	40	P 406	238	43	43	
164	1	T 406	243	40	40	P 406	238	43	43	
165	1	T 408	244	40	40	P 406	238	43	43	
166	1	T 410	245	40	40	P 406	238	43	57	
167	1	T 412	246	40	40	P 406	238	57	57	
168	1	T 414	247	40	40	P 406	238	57	57	
169	1	T 416	248	40	40	P 406	238	57	57	
170	1	T 418	249	40	40	P 420	252	43	43	
171	1	T 420	250	40	40	P 420	252	43	43	
172	1	T 422	251	40	40	P 420	252	43	43	
173	1	T 424	252	40	40	P 420	252	43	43	
174	1	T 426	253	40	40	P 420	252	43	43	
175	1	T 428	254	40	40	P 420	252	57	43	
176	1	T 430	255	40	40	P 420	252	57	43	
177	1	T 432	256	40	40	P 434	252	43	43	
178	1	T 434	257	40	40	P 434	252	43	43	
179	1	T 436	258	40	40	P 434	252	43	57	
180	1	T 438	259	40	40	P 434	252	43	57	
181	1	T 440	260	40	40	P 434	252	57	57	
182	1	T 442	261	40	40	P 434	252	57	57	
183	1	T 444	262	40	40	P 434	252	57	57	
184	1	T 446	263	40	40	P 448	252	43	57	
185	1	T 448	264	40	40	P 448	266	43	43	
186	1	T 450	265	40	40	P 448	266	43	43	
187	1	T 452	266	40	40	P 448	266	43	43	
188	1	T 454	267	40	40	P 448	266	43	43	
189	1	T 456	268	40	40	P 448	266	57	43	
190	1	T 458	269	40	40	P 462	266	43	43	
191	1	T 460	270	40	40	P 462	266	43	43	
192	1	T 462	271	40	40	P 462	266	43	43	
193	1	T 464	272	40	40	P 462	266	43	43	
194	1	T 466	273	40	40	P 462	266	43	57	
195	1	T 468	274	40	40	P 462	266	57	57	
196	1	T 470	275	40	40	P 462	266	57	57	
197	1	T 472	276	40	40	P 462	266	57	57	
198	1	T 474	277	40	40	P 462	280	57	43	
199	1	T 476	278	40	40	P 476	280	43	43	
200	1	T 478	279	40	40	P 476	280	43	43	
201	1	T 480	280	40	40	P 476	280	43	43	
202	1	T 482	281	40	40	P 476	280	43	43	
203	1	T 484	282	40	40	P 476	280	57	43	
204	1	T 486	283	40	40	P 490	280	43	43	
205	1	T 488	284	40	40	P 490	280	43	43	
206	1	T 490	285	40	40	P 490	280	43	43	
207	1	T 492	286	40	40	P 490	280	43	43	
208	1	T 494	287	40	40	P 490	280	43	57	
209	1	T 496	288	40	40	P 490	280	57	57	
210	1	T 498	289	40	40	P 490	280	57	57	
211	1	T 500	290	40	40	P 504	280	43	57	
212	1	T 502	291	40	40	P 504	280	43	57	
213	1	T 504	292	40	40	P 504	294	43	43	
214	1	T 506	293	40	40	P 504	294	43	43	
215	1	T 508	294	40	40	P 504	294	43	43	
216	1	T 510	295	40	40	P 504	294	57	43	
217	1	T 512	296	40	40	P 504	294	57	43	
218	1	T 514	297	40	40	P 518	294	43	43	
219	1	T 516	298	40	40	P 518	294	43	43	
220	1	T 518	299	40	40	P 518	294	43	43	
221	1	T 520	300	40	40	P 518	294	43	43	
222	1	T 522	301	40	40	P 518	294	43	57	
223	1	T 524	302	40	40	P 518	294	57	57	
224	1	T 526	303	40	40	P 518	294	57	57	
225	1	T 528	304	40	40	P 532	294	43	57	
226	1	T 530	305	40	40	P 532	308	43	43	
227	1	T 532	306	40	40	P 532	308	43	43	
228	1	T 534	307	40	40	P 532	308	43	43	
229	1	T 536	308	40	40	P 532	308	43	43	
230	1	T 538	309	40	40	P 532	308	43	43	
231	1	T 540	310	40	40	P 532	308	57	43	
232	1	T 542	311	40	40	P 532	308	57	43	
233	1	T 544	312	40	40	P 546	308	43	43	
234	1	T 546	313	40	40	P 546	308	43	43	
235	1	T 548	314	40	40	P 546	308	43	43	
236	1	T 550	315	40	40	P 546	308	43	57	
237	1	T 552	316	40	40	P 546	308	57	57	
238	1	T 554	317	40	40	P 546	308	57	57	
239	1	T 556	318	40	40	P 546	322	57	43	
240	1	T 558	319	40	40	P 560	308	43	57	
241	1	T 560	320	40	40	P 560	322	43	43	
242	1	T 562	321	40	40	P 560	322	43	43	
243	1	T 564	322	40	40	P 560	322	43	43	
244	1	T 566	323	40	40	P 560	322	43	43	
245	1	T 568	324	40	40	P 560	322	57	43	
246	1	T 570	325	40	40	P 560	322	57	43	
247	1	T 572	326	40	40	P 574	322	43	43	
248	1	T 574	327	40	40	P 574	322	43	43	
249	1	T 576	328	40	40	P 574	322	43	57	
250	1	T 578	329	40	40	P 574	322	43	57	
251	1	T 580	330	40	40	P 574	322	43	57	
252	1	T 582	331	40	40	P 574	322	57	57	
253	1	T 584	332	40	40	P 574	322	57	57	
254	1	T 586	333	40	40	P 588	336	43	43	
255	1	T 588	334	40	40	P 588	336	43	43	
256	1	T 590	335	40	40	P 588	336	43	43	
257	1	T 592	336	40	40	P 588	336	43	43	
258	1	T 594	337	40	40	P 588	336	43	43	
259	1	T 596	338	40	40	P 588	336	57	43	
260	1	T 598	339	40	40	P 588	336	57	43	
261	1	T 600	340	40	40	P 602	336	43	43	
262	1	T 602	341	40	40	P 602	336	43	43	
263	1	T 604	342	40	40	P 602	336	43	43	
264	1	T 606	343	40	40	P 602	336	43	57	
265	1	T 608	344	40	40	P 602	336	57	57	
266	1	T 610	345	40	40	P 602	336	57	57	
267	1	T 612	346	40	40	P 602	336	57	57	
268	1	T 614	347	40	40	P 616	336	43	57	
269	1	T 616	348	40	40	P 616	350	43	43	
270	1	T 618	349	40	40	P 616	350	43	43	
271	1	T 620	350	40	40	P 616	350	43	43	
272	1	T 622	351	40	40	P 616	350	57	43	
273	1	T 624	352	40	40	P 616	350	57	43	
274	1	T 626	353	40	40	P 616	350	57	43	
275	1	T 628	354	40	40	P 630	350	43	43	
276	1	T 630	355	40	40	P 630	350	43	43	
277	1	T 632	356	40	40	P 630	350	43	57	
278	1	T 634	357	40	40	P 630	350	43	57	
279	1	T 636	358	40	40	P 630	350	43	57	
280	1	T 638	359	40	40	P 630	350	57	57	
281	1	T 640	360	40	40	P 630	350	57	57	
282	1	T 642	361	40	40	P 644	364	43	43	
283	1	T 644	362	40	40	P 644	364	43	43	
284	1	T 646	363	40	40	P 644	364	43	43	
285	1	T 648	364	40	40	P 644	364	43	43	
286	1	T 650	365	40	40	P 644	364	43	43	
287	1	T 652	366	40	40	P 644	364	57	43	
288	1	T 654	367	40	40	P 658	364	43	43	
289	1	T 656	368	40	40	P 658	364	43	43	
290	1	T 658	369	40	40	P 658	364	43	57	
291	1	T 660	370	40	40	P 658	364	43	43	
292	1	T 658	371	40	40	P 658	364	43	57	
293	1	T 656	372	40	40	P 658	364	43	57	
294	1	T 654	373	40	40	P 644	364	57	57	
295	1	T 652	374	40	40	P 644	364	57	57	
296	1	T 650	375	40	40	P 644	364	57	57	
297	1	T 648	376	40	40	P 644	378	43	43	
298	1	T 646	377	40	40	P 644	378	43	43	
299	1	T 644	378	40	40	P 644	378	43	43	
300	1	T 642	379	40	40	P 644	378	43	43	
301	1	T 640	380	40	40	P 644	378	43	43	
302	1	T 638	381	40	40	P 630	378	57	43	
303	1	T 636	382	40	40	P 630	378	57	57	
304	1	T 634	383	40	40	P 630	378	43	43	
305	1	T 632	384	40	40	P 630	378	43	43	
306	1	T 630	385	40	40	P 630	378	43	57	
307	1	T 628	386	40	40	P 630	378	43	57	
308	1	T 626	387	40	40	P 616	378	57	57	
309	1	T 624	388	40	40	P 616	378	57	57	
310	1	T 622	389	40	40	P 616	392	43	43	
311	1	T 620	390	40	40	P 616	392	43	43	
312	1	T 618	391	40	40	P 616	392	43	43	
313	1	T 616	392	40	40	P 616	392	43	43	
314	1	T 614	393	40	40	P 616	392	43	43	
315	1	T 612	394	40	40	P 616	392	43	43	
316	1	T 610	395	40	40	P 602	392	57	43	
317	1	T 608	396	40	40	P 602	392	57	43	
318	1	T 606	397	40	40	P 602	392	43	43	
319	1	T 604	398	40	40	P 602	392	43	57	
320	1	T 602	399	40	40	P 602	392	43	57	
321	1	T 600	400	40	40	P 602	392	43	57	
322	1	T 598	401	40	40	P 588	392	57	57	
323	1	T 596	402	40	40	P 588	392	57	57	
324	1	T 594	403	40	40	P 588	392	57	57	
325	1	T 592	404	40	40	P 588	406	43	43	
326	1	T 590	405	40	40	P 588	406	43	43	
327	1	T 588	406	40	40	P 588	406	43	43	
328	1	T 586	407	40	40	P 588	406	43	43	
329	1	T 584	408	40	40	P 588	406	43	43	
330	1	T 582	409	40	40	P 574	406	57	43	
331	1	T 580	410	40	40	P 574	406	57	43	
332	1	T 578	411	40	40	P 574	406	43	43	
333	1	T 576	412	40	40	P 574	406	43	57	
334	1	T 574	413	40	40	P 574	406	43	57	
335	1	T 572	414	40	40	P 574	406	43	57	
336	1	T 570	415	40	40	P 560	406	57	57	
337	1	T 568	416	40	40	P 560	420	57	43	
338	1	T 566	417	40	40	P 560	420	57	43	
339	1	T 564	418	40	40	P 560	420	43	43	
340	1	T 562	419	40	40	P 560	420	43	43	
341	1	T 560	420	40	40	P 560	420	43	43	
342	1	T 558	419	40	40	P 560	420	43	43	
343	1	T 556	418	40	40	P 546	420	57	43	
344	1	T 554	417	40	40	P 546	420	57	43	
345	1	T 552	416	40	40	P 546	406	57	57	
346	1	T 550	415	40	40	P 546	406	43	57	
347	1	T 548	414	40	40	P 546	406	43	57	
348	1	T 546	413	40	40	P 546	406	43	57	
349	1	T 544	412	40	40	P 546	406	43	57	
350	1	T 542	411	40	40	P 532	406	57	43	
351	1	T 540	410	40	40	P 532	406	57	43	
352	1	T 538	409	40	40	P 532	406	43	43	
353	1	T 536	408	40	40	P 532	406	43	43	
354	1	T 534	407	40	40	P 532	406	43	43	
355	1	T 532	406	40	40	P 532	406	43	43	
356	1	T 530	405	40	40	P 532	406	43	43	
357	1	T 528	404	40	40	P 518	406	57	43	
358	1	T 526	403	40	40	P 518	406	57	43	
359	1	T 524	402	40	40	P 518	392	57	57	
360	1	T 522	401	40	40	P 518	392	43	57	
361	1	T 520	400	40	40	P 518	392	43	57	
362	1	T 518	399	40	40	P 518	392	43	57	
363	1	T 516	398	40	40	P 518	392	43	57	
364	1	T 514	397	40	40	P 504	392	57	57	
365	1	T 512	396	40	40	P 504	392	57	43	
366	1	T 510	395	40	40	P 504	392	43	43	
367	1	T 508	394	40	40	P 504	392	43	43	
368	1	T 506	393	40	40	P 504	392	43	43	
369	1	T 504	392	40	40	P 504	392	43	43	
370	1	T 502	391	40	40	P 504	392	43	43	
371	1	T 500	390	40	40	P 490	392	57	43	
372	1	T 498	389	40	40	P 490	392	57	43	
373	1	T 496	388	40	40	P 490	378	57	57	
374	1	T 494	387	40	40	P 490	378	43	57	
375	1	T 492	386	40	40	P 490	378	43	57	
376	1	T 490	385	40	40	P 490	378	43	57	
377	1	T 488	384	40	40	P 490	378	43	57	
378	1	T 486	383	40	40	P 476	378	57	43	
379	1	T 484	382	40	40	P 476	378	57	43	
380	1	T 482	381	40	40	P 476	378	43	43	
381	1	T 480	380	40	40	P 476	378	43	43	
382	1	T 478	379	40	40	P 476	378	43	43	
383	1	T 476	378	40	40	P 476	378	43	43	
384	1	T 474	377	40	40	P 476	378	43	43	
385	1	T 472	376	40	40	P 462	378	57	43	
386	1	T 470	375	40	40	P 462	364	57	57	
387	1	T 468	374	40	40	P 462	364	57	57	
388	1	T 466	373	40	40	P 462	364	43	57	
389	1	T 464	372	40	40	P 462	364	43	57	
390	1	T 462	371	40	40	P 462	364	43	57	
391	1	T 460	370	40	40	P 462	364	43	57	
392	1	T 458	369	40	40	P 448	364	57	43	
393	1	T 456	368	40	40	P 448	364	57	43	
394	1	T 454	367	40	40	P 448	364	43	43	
395	1	T 452	366	40	40	P 448	364	43	43	
396	1	T 450	365	40	40	P 448	364	43	43	
397	1	T 448	364	40	40	P 448	364	43	43	
398	1	T 446	363	40	40	P 448	364	43	43	
399	1	T 444	362	40	40	P 434	364	57	43	
400	1	T 442	361	40	40	P 434	364	57	43	
401	1	T 440	360	40	40	P 434	350	57	57	
402	1	T 438	359	40	40	P 434	350	43	57	
403	1	T 436	358	40	40	P 434	350	43	57	
404	1	T 434	357	40	40	P 434	350	43	57	
405	1	T 432	356	40	40	P 434	350	43	57	
406	1	T 430	355	40	40	P 420	350	57	43	
407	1	T 428	354	40	40	P 420	350	57	43	
408	1	T 426	353	40	40	P 420	350	57	43	
409	1	T 424	352	40	40	P 420	350	43	43	
410	1	T 422	351	40	40	P 420	350	43	43	
411	1	T 420	350	40	40	P 420	350	43	43	
412	1	T 418	349	40	40	P 420	350	43	43	
413	1	T 416	348	40	40	P 406	350	57	43	
414	1	T 414	347	40	40	P 406	336	57	57	
415	1	T 412	346	40	40	P 406	336	57	57	
416	1	T 410	345	40	40	P 406	336	43	57	
417	1	T 408	344	40	40	P 406	336	43	57	
418	1	T 406	343	40	40	P 406	336	43	57	
419	1	T 404	342	40	40	P 406	336	43	57	
420	1	T 402	341	40	40	P 392	336	57	57	
421	1	T 400	340	40	40	P 392	336	57	43	
422	1	T 398	339	40	40	P 392	336	43	43	
423	1	T 396	338	40	40	P 392	336	43	43	
424	1	T 394	337	40	40	P 392	336	43	43	
425	1	T 392	336	40	40	P 392	336	43	43	
426	1	T 390	335	40	40	P 392	336	43	43	
427	1	T 388	334	40	40	P 378	336	57	43	
428	1	T 386	333	40	40	P 378	336	57	43	
429	1	T 384	332	40	40	P 378	336	57	43	
430	1	T 382	331	40	40	P 378	322	43	57	
431	1	T 380	330	40	40	P 378	322	43	57	
432	1	T 378	329	40	40	P 378	322	43	57	
433	1	T 376	328	40	40	P 364	322	57	57	
434	1	T 374	327	40	40	P 364	322	57	57	
435	1	T 372	326	40	40	P 364	322	57	43	
436	1	T 370	325	40	40	P 364	322	57	43	
437	1	T 368	324	40	40	P 364	322	43	43	
438	1	T 366	323	40	40	P 364	322	43	43	
439	1	T 364	322	40	40	P 364	322	43	43	
440	1	T 362	321	40	40	P 364	322	43	43	
441	1	T 360	320	40	40	P 350	322	57	43	
442	1	T 358	319	40	40	P 350	322	57	43	
443	1	T 356	318	40	40	P 350	308	57	57	
444	1	T 354	317	40	40	P 350	308	43	57	
445	1	T 352	316	40	40	P 350	308	43	57	
446	1	T 350	315	40	40	P 350	308	43	57	
447	1	T 348	314	40	40	P 350	308	43	57	
448	1	T 346	313	40	40	P 336	308	57	43	
449	1	T 344	312	40	40	P 336	308	57	43	
450	1	T 342	311	40	40	P 336	308	43	43	
451	1	T 340	310	40	40	P 336	308	43	43	
452	1	T 338	309	40	40	P 336	308	43	43	
453	1	T 336	308	40	40	P 336	308	43	43	
454	1	T 334	307	40	40	P 336	308	43	43	
455	1	T 332	306	40	40	P 322	308	57	43	
456	1	T 330	305	40	40	P 322	308	57	43	
457	1	T 328	304	40	40	P 322	294	57	57	
458	1	T 326	303	40	40	P 322	294	43	57	
459	1	T 324	302	40	40	P 322	294	43	57	
460	1	T 322	301	40	40	P 322	294	43	57	
461	1	T 320	300	40	40	P 322	294	43	57	
462	1	T 318	299	40	40	P 308	294	57	43	
463	1	T 316	298	40	40	P 308	294	57	43	
464	1	T 314	297	40	40	P 308	294	57	43	
465	1	T 312	296	40	40	P 308	294	43	43	
466	1	T 310	295	40	40	P 308	294	43	43	
467	1	T 308	294	40	40	P 308	294	43	43	
468	1	T 306	293	40	40	P 308	294	43	43	
469	1	T 304	292	40	40	P 294	294	57	43	
470	1	T 302	291	40	40	P 294	294	57	43	
471	1	T 300	290	40	40	P 294	280	57	57	
472	1	T 298	289	40	40	P 294	280	43	57	
473	1	T 296	288	40	40	P 294	280	43	57	
474	1	T 294	287	40	40	P 294	280	43	57	
475	1	T 292	286	40	40	P 294	280	43	57	
476	1	T 290	285	40	40	P 280	280	57	43	
477	1	T 288	284	40	40	P 280	280	57	43	
478	1	T 286	283	40	40	P 280	280	43	43	
479	1	T 284	282	40	40	P 280	280	43	43	
480	1	T 282	281	40	40	P 280	280	43	43	
481	1	T 280	280	40	40	P 280	280	43	43	
482	1	T 278	279	40	40	P 280	280	43	43	
483	1	T 276	278	40	40	P 266	280	57	43	
484	1	T 274	277	40	40	P 266	266	57	57	
485	1	T 272	276	40	40	P 266	266	57	57	
486	1	T 270	275	40	40	P 266	266	43	57	
487	1	T 268	274	40	40	P 266	266	43	57	
488	1	T 266	273	40	40	P 266	266	43	57	
489	1	T 264	272	40	40	P 266	266	43	57	
490	1	T 262	271	40	40	P 252	266	57	43	
491	1	T 260	270	40	40	P 252	266	57	43	
492	1	T 258	269	40	40	P 252	266	57	43	
493	1	T 256	268	40	40	P 252	266	43	43	
494	1	T 254	267	40	40	P 252	266	43	43	
495	1	T 252	266	40	40	P 252	266	43	43	
496	1	T 250	265	40	40	P 252	266	43	43	
497	1	T 248	264	40	40	P 238	266	57	43	
498	1	T 246	263	40	40	P 238	252	57	57	
499	1	T 244	262	40	40	P 238	252	57	57	
500	1	T 242	261	40	40	P 238	252	43	57	
501	1	T 240	260	40	40	P 238	252	43	57	
502	1	T 238	259	40	40	P 238	252	43	57	
503	1	T 236	258	40	40	P 238	252	43	57	
504	1	T 234	257	40	40	P 224	252	57	57	
505	1	T 232	256	40	40	P 224	252	57	43	
506	1	T 230	255	40	40	P 224	252	43	43	
507	1	T 228	254	40	40	P 224	252	43	43	
508	1	T 226	253	40	40	P 224	252	43	43	
509	1	T 224	252	40	40	P 224	252	43	43	
510	1	T 222	251	40	40	P 224	252	43	43	
511	1	T 220	250	40	40	P 210	252	57	43	
512	1	T 218	249	40	40	P 210	252	57	43	
513	1	T 216	248	40	40	P 210	238	57	57	
514	1	T 214	247	40	40	P 210	238	43	57	
515	1	T 212	246	40	40	P 210	238	43	57	
516	1	T 210	245	40	40	P 210	238	43	57	
517	1	T 208	244	40	40	P 210	238	43	57	
518	1	T 206	243	40	40	P 196	238	57	43	
519	1	T 204	242	40	40	P 196	238	57	43	
520	1	T 202	241	40	40	P 196	238	43	43	
521	1	T 200	240	40	40	P 196	238	43	43	
522	1	T 198	239	40	40	P 196	238	43	43	
523	1	T 196	238	40	40	P 196	238	43	43	
524	1	T 194	237	40	40	P 196	238	43	43	
525	1	T 192	236	40	40	P 182	238	57	43	
526	1	T 190	235	40	40	P 182	238	57	43	
527	1	T 188	234	40	40	P 182	224	43	57	
528	1	T 186	233	40	40	P 182	224	43	57	
529	1	T 184	232	40	40	P 182	224	43	57	
530	1	T 182	231	40	40	P 182	224	43	57	
531	1	T 180	230	40	40	P 182	224	43	57	
532	1	T 178	229	40	40	P 168	224	57	43	
533	1	T 176	228	40	40	P 168	224	57	43	
534	1	T 174	227	40	40	P 168	224	43	43	
535	1	T 172	226	40	40	P 168	224	43	43	
536	1	T 170	225	40	40	P 168	224	43	43	
537	1	T 168	224	40	40	P 168	224	43	43	
538	1	T 166	223	40	40	P 168	224	43	43	
539	1	T 164	222	40	40	P 154	224	57	43	
540	1	T 162	221	40	40	P 154	224	57	43	
541	1	T 160	220	40	40	P 154	210	57	57	
542	1	T 158	219	40	40	P 154	210	43	57	
543	1	T 156	218	40	40	P 154	210	43	57	
544	1	T 154	217	40	40	P 154	210	43	57	
545	1	T 152	216	40	40	P 154	210	43	57	
546	1	T 150	215	40	40	P 140	210	57	43	
547	1	T 148	214	40	40	P 140	210	57	43	
548	1	T 146	213	40	40	P 140	210	57	43	
549	1	T 144	212	40	40	P 140	210	43	43	
550	1	T 142	211	40	40	P 140	210	43	43	
551	1	T 140	210	40	40	P 140	210	43	43	
552	1	T 138	209	40	40	P 140	210	43	43	
553	1	T 136	208	40	40	P 126	210	57	43	
554	1	T 134	207	40	40	P 126	210	57	43	
555	1	T 132	206	40	40	P 126	196	57	57	
556	1	T 130	205	40	40	P 126	196	43	57	
557	1	T 128	204	40	40	P 126	196	43	57	
558	1	T 126	203	40	40	P 126	196	43	57	
559	1	T 124	202	40	40	P 126	196	43	57	
560	1	T 122	201	40	40	P 112	196	57	43	
561	1	T 120	200	40	40	P 112	196	57	43	
562	1	T 118	199	40	40	P 112	196	57	43	
563	1	T 116	198	40	40	P 112	196	43	43	
564	1	T 114	197	40	40	P 112	196	43	43	
565	1	T 112	196	40	40	P 112	196	43	43	
566	1	T 110	195	40	40	P 112	196	43	43	
567	1	T 108	194	40	40	P 98	196	57	43	
568	1	T 106	193	40	40	P 98	182	57	57	
569	1	T 104	192	40	40	P 98	182	57	57	
570	1	T 102	191	40	40	P 98	182	43	57	
571	1	T 100	190	40	40	P 98	182	43	57	
572	1	T 98	189	40	40	P 98	182	43	57	
573	1	T 96	188	40	40	P 98	182	43	57	
574	1	T 94	187	40	40	P 84	182	57	57	
575	1	T 92	186	40	40	P 84	182	57	43	
576	1	T 90	185	40	40	P 84	182	43	43	
577	1	T 88	184	40	40	P 84	182	43	43	
578	1	T 86	183	40	40	P 84	182	43	43	
579	1	T 84	182	40	40	P 84	182	43	43	
580	1	T 82	181	40	40	P 84	182	43	43	
581	1	T 80	180	40	40	P 70	182	57	43	
582	1	T 78	179	40	40	P 70	182	57	43	
583	1	T 76	178	40	40	P 70	182	57	43	
584	1	T 74	177	40	40	P 70	168	43	57	
585	1	T 72	176	40	40	P 70	168	43	57	
586	1	T 70	175	40	40	P 70	168	43	57	
587	1	T 68	174	40	40	P 70	168	43	57	
588	1	T 66	173	40	40	P 56	168	57	43	
589	1	T 64	172	40	40	P 56	168	57	43	
590	1	T 62	171	40	40	P 56	168	57	43	
591	1	T 60	170	40	40	P 56	168	43	43	
592	1	T 58	169	40	40	P 56	168	43	43	
593	1	T 56	168	40	40	P 56	168	43	43	
594	1	T 54	167	40	40	P 56	168	43	43	
595	1	T 52	166	40	40	P 56	168	43	43	
596	1	T 50	165	40	40	P 42	168	57	43	
597	1	T 48	164	40	40	P 42	154	43	57	
598	1	T 46	163	40	40	P 42	154	43	57	
599	1	T 44	162	40	40	P 42	154	43	57	
600	1	T 42	161	40	40	P 42	154	43	57	
601	1	T 40	160	40	40	P 42	154	43	57	
602	1	T 38	159	40	40	P 28	154	57	57	
603	1	T 36	158	40	40	P 28	154	57	43	
604	1	T 34	157	40	40	P 28	154	57	43	
605	1	T 32	156	40	40	P 28	154	43	43	
606	1	T 30	155	40	40	P 28	154	43	43	
607	1	T 28	154	40	40	P 28	154	43	43	
608	1	T 26	153	40	40	P 28	154	43	43	
609	1	T 24	152	40	40	P 14	154	57	43	
610	1	T 22	151	40	40	P 14	140	57	57	
611	1	T 20	150	40	40	P 14	140	57	57	
612	1	T 22	149	40	40	P 14	140	57	57	
613	1	T 24	148	40	40	P 14	140	57	57	
614	1	T 26	147	40	40	P 28	140	43	57	
615	1	T 28	146	40	40	P 28	140	43	57	
616	1	T 30	145	40	40	P 28	140	43	43	
617	1	T 32	144	40	40	P 28	140	43	43	
618	1	T 34	143	40	40	P 28	140	57	43	
619	1	T 36	142	40	40	P 28	140	57	43	
620	1	T 38	141	40	40	P 42	140	43	43	
621	1	T 40	140	40	40	P 42	140	43	43	
622	1	T 42	139	40	40	P 42	140	43	43	
623	1	T 44	138	40	40	P 42	140	43	43	
624	1	T 46	137	40	40	P 42	140	43	43	
625	1	T 48	136	40	40	P 42	126	57	57	
626	1	T 50	135	40	40	P 42	126	57	57	
627	1	T 52	134	40	40	P 42	126	57	57	
628	1	T 54	133	40	40	P 42	126	57	57	
629	1	T 56	132	40	40	P 56	126	43	43	
630	1	T 58	131	40	40	P 56	126	43	43	
631	1	T 60	130	40	40	P 56	126	43	43	
632	1	T 62	129	40	40	P 56	126	43	43	
633	1	T 64	128	40	40	P 56	126	57	43	
634	1	T 66	127	40	40	P 70	126	43	43	
635	1	T 68	126	40	40	P 70	126	43	43	
636	1	T 70	125	40	40	P 70	126	43	43	
637	1	T 72	124	40	40	P 70	126	43	43	
638	1	T 74	123	40	40	P 70	126	43	43	
639	1	T 76	122	40	40	P 70	112	57	57	
640	1	T 78	121	40	40	P 70	112	57	57	
641	1	T 80	120	40	40	P 84	112	43	57	
642	1	T 82	119	40	40	P 84	112	43	57	
643	1	T 84	118	40	40	P 84	112	43	57	
644	1	T 86	117	40	40	P 84	112	43	43	
645	1	T 88	116	40	40	P 84	112	43	43	
646	1	T 90	115	40	40	P 84	112	57	43	
647	1	T 92	114	40	40	P 84	112	57	43	
648	1	T 94	113	40	40	P 98	112	43	43	
649	1	T 96	112	40	40	P 98	112	43	43	
650	1	T 98	111	40	40	P 98	112	43	43	
651	1	T 100	110	40	40	P 98	112	43	43	
652	1	T 102	109	40	40	P 98	112	43	43	
653	1	T 104	108	40	40	P 98	98	57	57	
654	1	T 106	107	40	40	P 98	98	57	57	
655	1	T 108	106	40	40	P 98	98	57	57	
656	1	T 110	105	40	40	P 112	98	43	57	
657	1	T 112	104	40	40	P 112	98	43	43	
658	1	T 114	103	40	40	P 112	98	43	43	
659	1	T 116	102	40	40	P 112	98	43	43	
660	1	T 118	101	40	40	P 112	98	43	43	
661	1	T 120	100	40	40	P 112	98	57	43	
662	1	T 122	99	40	40	P 126	98	43	43	
663	1	T 124	98	40	40	P 126	98	43	43	
664	1	T 126	97	40	40	P 126	98	43	43	
665	1	T 128	96	40	40	P 126	98	43	43	
666	1	T 130	95	40	40	P 126	98	43	43	
667	1	T 132	94	40	40	P 126	84	57	57	
668	1	T 134	93	40	40	P 126	84	57	57	
669	1	T 136	92	40	40	P 126	84	57	57	
670	1	T 138	91	40	40	P 140	84	43	57	
671	1	T 140	90	40	40	P 140	84	43	43	
672	1	T 142	89	40	40	P 140	84	43	43	
673	1	T 144	88	40	40	P 140	84	43	43	
674	1	T 146	87	40	40	P 140	84	43	43	
675	1	T 148	86	40	40	P 140	84	57	43	
676	1	T 150	85	40	40	P 154	84	43	43	
677	1	T 152	84	40	40	P 154	84	43	43	
678	1	T 154	83	40	40	P 154	84	43	43	
679	1	T 156	82	40	40	P 154	84	43	43	
680	1	T 158	81	40	40	P 154	70	43	57	
681	1	T 160	80	40	40	P 154	70	57	57	
682	1	T 162	79	40	40	P 154	70	57	57	
683	1	T 164	78	40	40	P 154	70	57	57	
684	1	T 166	77	40	40	P 168	70	43	57	
685	1	T 168	76	40	40	P 168	70	43	43	
686	1	T 170	75	40	40	P 168	70	43	43	
687	1	T 172	74	40	40	P 168	70	57	43	
688	1	T 174	73	40	40	P 168	70	43	43	
689	1	T 176	72	40	40	P 168	70	57	43	
690	1	T 178	71	40	40	P 182	70	43	43	
691	1	T 180	70	40	40	P 182	70	43	43	
692	1	T 182	69	40	40	P 182	70	43	43	
693	1	T 184	68	40	40	P 182	70	43	43	
694	1	T 186	67	40	40	P 182	70	43	43	
695	1	T 188	66	40	40	P 182	56	57	57	
696	1	T 190	65	40	40	P 182	56	57	57	
697	1	T 192	64	40	40	P 182	56	57	57	
698	1	T 194	63	40	40	P 196	56	43	57	
699	1	T 196	62	40	40	P 196	56	43	43	
700	1	T 198	61	40	40	P 196	56	43	43	
701	1	T 200	60	40	40	P 196	56	43	43	
702	1	T 202	59	40	40	P 196	56	43	43	
703	1	T 204	58	40	40	P 196	56	57	43	
704	1	T 206	57	40	40	P 210	56	43	43	
705	1	T 208	56	40	40	P 210	56	43	43	
706	1	T 210	55	40	40	P 210	56	43	43	
707	1	T 212	54	40	40	P 210	56	43	43	
708	1	T 214	53	40	40	P 210	56	43	43	
709	1	T 216	52	40	40	P 210	42	57	57	
710	1	T 218	51	40	40	P 210	42	57	57	
711	1	T 220	50	40	40	P 210	42	57	57	
712	1	T 222	49	40	40	P 224	42	43	57	
713	1	T 224	48	40	40	P 224	42	43	43	
714	1	T 226	47	40	40	P 224	42	43	43	
715	1	T 228	46	40	40	P 224	42	43	43	
716	1	T 230	45	40	40	P 224	42	43	43	
717	1	T 232	44	40	40	P 224	42	57	43	
718	1	T 234	43	40	40	P 238	42	43	43	
719	1	T 236	42	40	40	P 238	42	43	43	
720	1	T 238	41	40	40	P 238	42	43	43	
721	1	T 240	40	40	40	P 238	42	43	43	
722	1	T 242	39	40	40	P 238	28	43	57	
723	1	T 244	38	40	40	P 238	28	57	57	
724	1	T 246	37	40	40	P 238	28	57	57	
725	1	T 248	36	40	40	P 238	28	57	57	
726	1	T 250	35	40	40	P 252	28	43	57	
727	1	T 252	34	40	40	P 252	28	43	57	
728	1	T 254	33	40	40	P 252	28	43	43	
729	1	T 256	32	40	40	P 252	28	43	43	
730	1	T 258	31	40	40	P 252	28	43	43	
731	1	T 260	30	40	40	P 252	28	57	43	
732	1	T 262	29	40	40	P 266	28	43	43	
733	1	T 264	28	40	40	P 266	28	43	43	
734	1	T 266	27	40	40	P 266	28	43	43	
735	1	T 268	26	40	40	P 266	28	43	43	
736	1	T 270	25	40	40	P 266	28	43	43	
737	1	T 272	24	40	40	P 266	14	57	57	
738	1	T 274	23	40	40	P 266	14	57	57	
739	1	T 276	22	40	40	P 266	14	57	57	
740	1	T 278	21	40	40	P 280	14	43	57	
741	1	T 280	20	40	40	P 280	14	43	43	
742	1	T 282	21	40	40	P 280	14	43	57	
743	1	T 284	22	40	40	P 280	14	43	57	
744	1	T 286	23	40	40	P 280	14	57	57	
745	1	T 288	24	40	40	P 280	28	57	43	
746	1	T 290	25	40	40	P 280	28	57	43	
747	1	T 292	26	40	40	P 294	28	43	43	
748	1	T 294	27	40	40	P 294	28	43	43	
749	1	T 296	28	40	40	P 294	28	43	43	
750	1	T 298	29	40	40	P 294	28	43	43	
751	1	T 300	30	40	40	P 294	28	43	43	
752	1	T 302	31	40	40	P 294	28	57	43	
753	1	T 304	32	40	40	P 294	28	57	43	
754	1	T 306	33	40	40	P 308	28	43	57	
755	1	T 308	34	40	40	P 308	28	43	43	
756	1	T 310	35	40	40	P 308	28	43	57	
757	1	T 312	36	40	40	P 308	28	43	57	
758	1	T 314	37	40	40	P 308	28	57	57	
759	1	T 316	38	40	40	P 308	28	57	57	
760	1	T 318	39	40	40	P 308	42	57	43	
761	1	T 320	40	40	40	P 322	42	43	43	
762	1	T 322	41	40	40	P 322	42	43	43	
763	1	T 324	42	40	40	P 322	42	43	43	
764	1	T 326	43	40	40	P 322	42	43	43	
765	1	T 328	44	40	40	P 322	42	43	43	
766	1	T 330	45	40	40	P 322	42	57	43	
767	1	T 332	46	40	40	P 322	42	57	43	
768	1	T 334	47	40	40	P 336	42	43	57	
769	1	T 336	48	40	40	P 336	42	43	43	
770	1	T 338	49	40	40	P 336	42	43	43	
771	1	T 340	50	40	40	P 336	42	43	57	
772	1	T 342	51	40	40	P 336	42	43	57	
773	1	T 344	52	40	40	P 336	42	57	57	
774	1	T 346	53	40	40	P 336	56	57	43	
775	1	T 348	54	40	40	P 350	56	43	43	
776	1	T 350	55	40	40	P 350	56	43	43	
777	1	T 352	56	40	40	P 350	56	43	43	
778	1	T 354	57	40	40	P 350	56	43	43	
779	1	T 356	58	40	40	P 350	56	43	43	
780	1	T 358	59	40	40	P 350	56	57	43	
781	1	T 360	60	40	40	P 350	56	57	43	
782	1	T 362	61	40	40	P 364	56	43	43	
783	1	T 364	62	40	40	P 364	56	43	43	
784	1	T 366	63	40	40	P 364	56	43	57	
785	1	T 368	64	40	40	P 364	56	43	57	
786	1	T 370	65	40	40	P 364	56	43	57	
787	1	T 372	66	40	40	P 364	56	57	57	
788	1	T 374	67	40	40	P 364	56	57	57	
789	1	T 376	68	40	40	P 378	70	43	43	
790	1	T 378	69	40	40	P 378	70	43	43	
791	1	T 380	70	40	40	P 378	70	43	43	
792	1	T 382	71	40	40	P 378	70	43	43	
793	1	T 384	72	40	40	P 378	70	57	43	
794	1	T 386	73	40	40	P 378	70	57	43	
795	1	T 388	74	40	40	P 378	70	57	43	
796	1	T 390	75	40	40	P 392	70	43	43	
797	1	T 392	76	40	40	P 392	70	43	43	
798	1	T 394	77	40	40	P 392	70	43	57	
799	1	T 396	78	40	40	P 392	70	43	57	
800	1	T 398	79	40	40	P 392	70	57	57	
801	1	T 400	80	40	40	P 392	70	57	57	
802	1	T 402	81	40	40	P 392	84	57	43	
803	1	T 404	82	40	40	P 406	84	43	43	
804	1	T 406	83	40	40	P 406	84	43	43	
805	1	T 408	84	40	40	P 406	84	43	43	
806	1	T 410	85	40	40	P 406	84	43	43	
807	1	T 412	86	40	40	P 406	84	43	43	
808	1	T 414	87	40	40	P 406	84	57	43	
809	1	T 416	88	40	40	P 420	84	43	43	
810	1	T 418	89	40	40	P 420	84	43	57	
811	1	T 420	90	40	40	P 420	84	43	43	
812	1	T 422	91	40	40	P 420	84	43	57	
813	1	T 424	92	40	40	P 420	84	43	57	
814	1	T 426	93	40	40	P 420	84	57	57	
815	1	T 428	94	40	40	P 420	84	57	57	
816	1	T 430	95	40	40	P 420	84	57	57	
817	1	T 432	96	40	40	P 434	98	43	43	
818	1	T 434	97	40	40	P 434	98	43	43	
819	1	T 436	98	40	40	P 434	98	43	43	
820	1	T 438	99	40	40	P 434	98	43	43	
821	1	T 440	100	40	40	P 434	98	57	43	
822	1	T 442	101	40	40	P 434	98	57	43	
823	1	T 444	102	40	40	P 434	98	57	43	
824	1	T 446	103	40	40	P 448	98	43	43	
825	1	T 448	104	40	40	P 448	98	43	57	
826	1	T 450	105	40	40	P 448	98	43	57	
827	1	T 452	106	40	40	P 448	98	43	57	
828	1	T 454	107	40	40	P 448	98	57	57	
829	1	T 456	108	40	40	P 448	112	57	43	
830	1	T 458	109	40	40	P 448	98	57	57	
831	1	T 460	110	40	40	P 462	112	43	43	
832	1	T 462	111	40	40	P 462	112	43	43	
833	1	T 464	112	40	40	P 462	112	43	43	
834	1	T 466	113	40	40	P 462	112	43	43	
835	1	T 468	114	40	40	P 462	112	43	43	
836	1	T 470	115	40	40	P 462	112	57	43	
837	1	T 472	116	40	40	P 462	112	57	43	
838	1	T 474	117	40	40	P 476	112	43	57	
839	1	T 476	118	40	40	P 476	112	43	43	
840	1	T 478	119	40	40	P 476	112	43	57	
841	1	T 480	120	40	40	P 476	112	43	57	
842	1	T 482	121	40	40	P 476	112	57	57	
843	1	T 484	122	40	40	P 476	112	57	57	
844	1	T 486	123	40	40	P 476	112	57	57	
845	1	T 488	124	40	40	P 490	126	43	43	
846	1	T 490	125	40	40	P 490	126	43	43	
847	1	T 492	126	40	40	P 490	126	43	43	
848	1	T 494	127	40	40	P 490	126	43	43	
849	1	T 496	128	40	40	P 490	126	43	43	
850	1	T 498	129	40	40	P 490	126	57	43	
851	1	T 500	130	40	40	P 490	126	57	57	
852	1	T 502	131	40	40	P 504	126	43	43	
853	1	T 504	132	40	40	P 504	126	43	57	
854	1	T 506	133	40	40	P 504	126	43	57	
855	1	T 508	134	40	40	P 504	126	43	57	
856	1	T 510	135	40	40	P 504	126	57	57	
857	1	T 512	136	40	40	P 504	126	57	57	
858	1	T 514	137	40	40	P 504	126	57	57	
859	1	T 516	138	40	40	P 518	140	43	43	
860	1	T 518	139	40	40	P 518	140	43	43	
861	1	T 520	140	40	40	P 518	140	43	43	
862	1	T 522	141	40	40	P 518	140	43	43	
863	1	T 524	142	40	40	P 518	140	43	43	
864	1	T 526	143	40	40	P 518	140	57	43	
865	1	T 528	144	40	40	P 518	140	57	57	
866	1	T 530	145	40	40	P 532	140	43	43	
867	1	T 532	146	40	40	P 532	140	43	57	
868	1	T 534	147	40	40	P 532	140	43	57	
869	1	T 536	148	40	40	P 532	140	43	57	
870	1	T 538	149	40	40	P 532	140	57	57	
871	1	T 540	150	40	40	P 532	140	57	57	
872	1	T 542	151	40	40	P 532	154	57	43	
873	1	T 544	152	40	40	P 546	154	43	43	
874	1	T 546	153	40	40	P 546	154	43	43	
875	1	T 548	154	40	40	P 546	154	43	43	
876	1	T 550	155	40	40	P 546	154	43	43	
877	1	T 552	156	40	40	P 546	154	43	43	
878	1	T 554	157	40	40	P 546	154	57	43	
879	1	T 556	158	40	40	P 546	154	57	43	
880	1	T 558	159	40	40	P 560	154	43	43	
881	1	T 560	160	40	40	P 560	154	43	57	
882	1	T 562	161	40	40	P 560	154	43	57	
883	1	T 564	162	40	40	P 560	154	43	57	
884	1	T 566	163	40	40	P 560	154	57	57	
885	1	T 568	164	40	40	P 560	154	57	57	
886	1	T 570	165	40	40	P 560	168	57	43	
887	1	T 572	166	40	40	P 560	168	57	43	
888	1	T 574	167	40	40	P 574	168	43	43	
889	1	T 576	168	40	40	P 574	168	43	43	
890	1	T 578	169	40	40	P 574	168	43	43	
891	1	T 580	170	40	40	P 574	168	43	43	
892	1	T 582	171	40	40	P 574	168	57	43	
893	1	T 584	172	40	40	P 574	168	57	43	
894	1	T 586	173	40	40	P 588	168	43	43	
895	1	T 588	174	40	40	P 588	168	43	43	
896	1	T 590	175	40	40	P 588	168	43	57	
897	1	T 592	176	40	40	P 588	168	43	57	
898	1	T 594	177	40	40	P 588	168	57	57	
899	1	T 596	178	40	40	P 588	168	57	57	
900	1	T 598	179	40	40	P 588	182	57	43	
901	1	T 600	180	40	40	P 602	182	43	43	
902	1	T 602	181	40	40	P 602	182	43	43	
903	1	T 604	182	40	40	P 602	182	43	43	
904	1	T 606	183	40	40	P 602	182	43	43	
905	1	T 608	184	40	40	P 602	182	43	43	
906	1	T 610	185	40	40	P 602	182	57	43	
907	1	T 612	186	40	40	P 602	182	57	43	
908	1	T 614	187	40	40	P 616	182	43	57	
909	1	T 616	188	40	40	P 616	182	43	43	
910	1	T 618	189	40	40	P 616	182	43	57	
911	1	T 620	190	40	40	P 616	182	43	57	
912	1	T 622	191	40	40	P 616	182	57	57	
913	1	T 624	192	40	40	P 616	182	57	57	
914	1	T 626	193	40	40	P 616	196	57	43	
915	1	T 628	194	40	40	P 630	196	43	43	
916	1	T 630	195	40	40	P 630	196	43	43	
917	1	T 632	196	40	40	P 630	196	43	43	
918	1	T 634	197	40	40	P 630	196	43	43	
919	1	T 636	198	40	40	P 630	196	57	43	
920	1	T 638	199	40	40	P 630	196	57	43	
921	1	T 640	200	40	40	P 630	196	57	43	
922	1	T 642	201	40	40	P 644	196	43	43	
923	1	T 644	202	40	40	P 644	196	43	57	
924	1	T 646	203	40	40	P 644	196	43	57	
925	1	T 648	204	40	40	P 644	196	57	57	
926	1	T 650	205	40	40	P 644	196	57	57	
927	1	T 652	206	40	40	P 644	196	57	57	
928	1	T 654	207	40	40	P 644	210	57	43	
929	1	T 656	208	40	40	P 658	210	43	43	
930	1	T 658	209	40	40	P 658	210	43	43	
931	1	T 660	210	40	40	P 658	210	43	43	
932	1	T 658	211	40	40	P 658	210	43	43	
933	1	T 656	212	40	40	P 658	210	43	43	
934	1	T 654	213	40	40	P 658	210	43	43	
935	1	T 652	214	40	40	P 644	210	57	43	
936	1	T 650	215	40	40	P 644	210	57	43	
937	1	T 648	216	40	40	P 644	210	43	57	
938	1	T 646	217	40	40	P 644	210	43	57	
939	1	T 644	218	40	40	P 644	210	43	57	
940	1	T 642	219	40	40	P 644	210	43	57	
941	1	T 640	220	40	40	P 644	224	43	43	
942	1	T 638	221	40	40	P 630	210	57	57	
943	1	T 636	222	40	40	P 630	224	43	43	
944	1	T 634	223	40	40	P 630	224	43	43	
945	1	T 632	224	40	40	P 630	224	43	43	
946	1	T 630	225	40	40	P 630	224	43	43	
947	1	T 628	226	40	40	P 630	224	43	43	
948	1	T 626	227	40	40	P 616	224	57	43	
949	1	T 624	228	40	40	P 616	224	57	43	
950	1	T 622	229	40	40	P 616	224	57	43	
951	1	T 620	230	40	40	P 616	224	57	57	
952	1	T 618	231	40	40	P 616	224	43	57	
953	1	T 616	232	40	40	P 616	224	43	57	
954	1	T 614	233	40	40	P 616	224	43	57	
955	1	T 612	234	40	40	P 602	224	57	57	
956	1	T 610	235	40	40	P 602	238	57	43	
957	1	T 608	236	40	40	P 602	238	57	43	
958	1	T 606	237	40	40	P 602	238	43	43	
959	1	T 604	238	40	40	P 602	238	43	43	
960	1	T 602	239	40	40	P 602	238	43	43	
961	1	T 600	240	40	40	P 602	238	43	43	
962	1	T 598	241	40	40	P 588	238	57	43	
963	1	T 596	242	40	40	P 588	238	57	43	
964	1	T 594	243	40	40	P 588	238	57	43	
965	1	T 592	244	40	40	P 588	238	43	57	
966	1	T 590	245	40	40	P 588	238	43	57	
967	1	T 588	246	40	40	P 588	238	43	57	
968	1	T 586	247	40	40	P 588	238	43	57	
969	1	T 584	248	40	40	P 574	252	57	43	
970	1	T 582	249	40	40	P 574	252	57	43	
971	1	T 580	250	40	40	P 574	252	57	43	
972	1	T 578	251	40	40	P 574	252	43	43	
973	1	T 576	252	40	40	P 574	252	43	43	
974	1	T 574	253	40	40	P 574	252	43	43	
975	1	T 572	254	40	40	P 574	252	43	43	
976	1	T 570	255	40	40	P 574	252	43	43	
977	1	T 568	256	40	40	P 560	252	57	43	
978	1	T 566	257	40	40	P 560	252	57	57	
979	1	T 564	258	40	40	P 560	252	43	57	
980	1	T 562	259	40	40	P 560	252	43	57	
981	1	T 560	260	40	40	P 560	252	43	57	
982	1	T 558	261	40	40	P 560	252	43	57	
983	1	T 556	262	40	40	P 546	252	57	57	
984	1	T 554	263	40	40	P 546	266	57	43	
985	1	T 552	264	40	40	P 546	266	57	43	
986	1	T 550	265	40	40	P 546	266	43	43	
987	1	T 548	266	40	40	P 546	266	43	43	
988	1	T 546	267	40	40	P 546	266	43	43	
989	1	T 544	268	40	40	P 546	266	43	43	
990	1	T 542	269	40	40	P 546	266	43	43	
991	1	T 540	270	40	40	P 532	266	57	43	
992	1	T 538	271	40	40	P 532	266	57	57	
993	1	T 536	272	40	40	P 532	266	43	57	
994	1	T 534	273	40	40	P 532	266	43	57	
995	1	T 532	274	40	40	P 532	266	43	57	
996	1	T 530	275	40	40	P 532	266	43	57	
997	1	T 528	276	40	40	P 518	266	57	57	
998	1	T 526	277	40	40	P 518	280	57	43	
999	1	T 524	278	40	40	P 518	280	57	43	
1000	1	T 522	279	40	40	P 518	280	43	43	
1001	1	T 520	280	40	40	P 518	280	43	43	
1002	1	T 518	281	40	40	P 518	280	43	43	
1003	1	T 516	282	40	40	P 518	280	43	43	
1004	1	T 514	283	40	40	P 518	280	43	43	
1005	1	T 512	284	40	40	P 504	280	57	43	
1006	1	T 510	285	40	40	P 504	280	57	43	
1007	1	T 508	286	40	40	P 504	280	43	57	
1008	1	T 506	287	40	40	P 504	280	43	57	
1009	1	T 504	288	40	40	P 504	280	43	57	
1010	1	T 502	289	40	40	P 504	280	43	57	
1011	1	T 500	290	40	40	P 490	280	57	57	
1012	1	T 498	291	40	40	P 490	280	57	57	
1013	1	T 496	292	40	40	P 490	294	57	43	
1014	1	T 494	293	40	40	P 490	294	43	43	
1015	1	T 492	294	40	40	P 490	294	43	43	
1016	1	T 490	295	40	40	P 490	294	43	43	
1017	1	T 488	296	40	40	P 490	294	43	43	
1018	1	T 486	297	40	40	P 490	294	43	43	
1019	1	T 484	298	40	40	P 476	294	57	43	
1020	1	T 482	299	40	40	P 476	294	57	43	
1021	1	T 480	300	40	40	P 476	294	43	57	
1022	1	T 478	301	40	40	P 476	294	43	57	
1023	1	T 476	302	40	40	P 476	294	43	57	
1024	1	T 474	303	40	40	P 476	294	43	57	
1025	1	T 472	304	40	40	P 462	294	57	57	
1026	1	T 470	305	40	40	P 462	308	57	43	
1027	1	T 468	306	40	40	P 462	308	57	43	
1028	1	T 466	307	40	40	P 462	308	43	43	
1029	1	T 464	308	40	40	P 462	308	43	43	
1030	1	T 462	309	40	40	P 462	308	43	43	
1031	1	T 460	310	40	40	P 462	308	43	43	
1032	1	T 458	311	40	40	P 462	308	43	43	
1033	1	T 456	312	40	40	P 448	308	57	43	
1034	1	T 454	313	40	40	P 448	308	43	57	
1035	1	T 452	314	40	40	P 448	308	43	57	
1036	1	T 450	315	40	40	P 448	308	43	57	
1037	1	T 448	316	40	40	P 448	308	43	57	
1038	1	T 446	317	40	40	P 448	308	43	57	
1039	1	T 444	318	40	40	P 434	308	57	57	
1040	1	T 442	319	40	40	P 434	308	57	57	
1041	1	T 440	320	40	40	P 434	322	57	43	
1042	1	T 438	321	40	40	P 434	322	43	43	
1043	1	T 436	322	40	40	P 434	322	43	43	
1044	1	T 434	323	40	40	P 434	322	43	43	
1045	1	T 432	324	40	40	P 434	322	43	43	
1046	1	T 430	325	40	40	P 434	322	43	43	
1047	1	T 428	326	40	40	P 420	322	57	43	
1048	1	T 426	327	40	40	P 420	322	57	43	
1049	1	T 424	328	40	40	P 420	322	43	57	
1050	1	T 422	329	40	40	P 420	322	43	57	
1051	1	T 420	330	40	40	P 420	322	43	57	
1052	1	T 418	331	40	40	P 420	322	43	57	
1053	1	T 416	332	40	40	P 406	322	57	57	
1054	1	T 414	333	40	40	P 406	322	57	57	
1055	1	T 412	334	40	40	P 406	336	57	43	
1056	1	T 410	335	40	40	P 406	336	43	43	
1057	1	T 408	336	40	40	P 406	336	43	43	
1058	1	T 406	337	40	40	P 406	336	43	43	
1059	1	T 404	338	40	40	P 406	336	43	43	
1060	1	T 402	339	40	40	P 392	336	57	43	
1061	1	T 400	340	40	40	P 392	336	57	43	
1062	1	T 398	341	40	40	P 392	336	57	57	
1063	1	T 396	342	40	40	P 392	336	43	57	
1064	1	T 394	343	40	40	P 392	336	43	57	
1065	1	T 392	344	40	40	P 392	336	43	57	
1066	1	T 390	345	40	40	P 392	336	43	57	
1067	1	T 388	346	40	40	P 378	336	57	57	
1068	1	T 386	347	40	40	P 378	350	57	43	
1069	1	T 384	348	40	40	P 378	350	57	43	
1070	1	T 382	349	40	40	P 378	350	43	43	
1071	1	T 380	350	40	40	P 378	350	43	43	
1072	1	T 378	351	40	40	P 378	350	43	43	
1073	1	T 376	352	40	40	P 378	350	43	43	
1074	1	T 374	353	40	40	P 364	350	57	43	
1075	1	T 372	354	40	40	P 364	350	57	43	
1076	1	T 370	355	40	40	P 364	350	57	43	
1077	1	T 368	356	40	40	P 364	350	43	57	
1078	1	T 366	357	40	40	P 364	350	43	57	
1079	1	T 364	358	40	40	P 364	350	43	57	
1080	1	T 362	359	40	40	P 364	350	43	57	
1081	1	T 360	360	40	40	P 350	350	57	57	
1082	1	T 358	361	40	40	P 350	364	57	43	
1083	1	T 356	362	40	40	P 350	364	57	43	
1084	1	T 354	363	40	40	P 350	364	43	43	
1085	1	T 352	364	40	40	P 350	364	43	43	
1086	1	T 350	365	40	40	P 350	364	43	43	
1087	1	T 348	366	40	40	P 350	364	43	43	
1088	1	T 346	367	40	40	P 336	364	57	43	
1089	1	T 344	368	40	40	P 336	364	57	43	
1090	1	T 342	369	40	40	P 336	364	57	43	
1091	1	T 340	370	40	40	P 336	364	43	57	
1092	1	T 338	371	40	40	P 336	364	43	57	
1093	1	T 336	372	40	40	P 336	364	43	57	
1094	1	T 334	373	40	40	P 336	364	43	57	
1095	1	T 332	374	40	40	P 322	364	57	57	
1096	1	T 330	375	40	40	P 322	378	57	43	
1097	1	T 328	376	40	40	P 322	378	57	43	
1098	1	T 326	377	40	40	P 322	378	43	43	
1099	1	T 324	378	40	40	P 322	378	43	43	
1100	1	T 322	379	40	40	P 322	378	43	43	
1101	1	T 320	380	40	40	P 322	378	43	43	
1102	1	T 318	381	40	40	P 308	378	57	43	
1103	1	T 316	382	40	40	P 308	378	57	43	
1104	1	T 314	383	40	40	P 308	378	57	43	
1105	1	T 312	384	40	40	P 308	378	43	57	
1106	1	T 310	385	40	40	P 308	378	43	57	
1107	1	T 308	386	40	40	P 308	378	43	57	
1108	1	T 306	387	40	40	P 294	378	57	57	
1109	1	T 304	388	40	40	P 294	378	57	57	
1110	1	T 302	389	40	40	P 294	392	57	43	
1111	1	T 300	390	40	40	P 294	392	43	43	
1112	1	T 298	391	40	40	P 294	392	43	43	
1113	1	T 296	392	40	40	P 294	392	43	43	
1114	1	T 294	393	40	40	P 294	392	43	43	
1115	1	T 292	394	40	40	P 294	392	43	43	
1116	1	T 290	395	40	40	P 280	392	57	43	
1117	1	T 288	396	40	40	P 280	392	57	43	
1118	1	T 286	397	40	40	P 280	392	57	43	
1119	1	T 284	398	40	40	P 280	392	43	57	
1120	1	T 282	399	40	40	P 280	392	43	57	
1121	1	T 280	400	40	40	P 280	392	43	57	
1122	1	T 278	401	40	40	P 280	392	43	57	
1123	1	T 276	402	40	40	P 266	392	57	57	
1124	1	T 274	403	40	40	P 266	406	57	43	
1125	1	T 272	404	40	40	P 266	406	57	43	
1126	1	T 270	405	40	40	P 266	406	43	43	
1127	1	T 268	406	40	40	P 266	406	43	43	
1128	1	T 266	407	40	40	P 266	406	43	43	
1129	1	T 264	408	40	40	P 266	406	43	43	
1130	1	T 262	409	40	40	P 266	406	43	43	
1131	1	T 260	410	40	40	P 252	406	57	43	
1132	1	T 258	411	40	40	P 252	406	57	43	
1133	1	T 256	412	40	40	P 252	406	43	57	
1134	1	T 254	413	40	40	P 252	406	43	57	
1135	1	T 252	414	40	40	P 252	406	43	57	
1136	1	T 250	415	40	40	P 252	406	43	57	
1137	1	T 248	416	40	40	P 238	406	57	57	
1138	1	T 246	417	40	40	P 238	406	57	57	
1139	1	T 244	418	40	40	P 238	420	57	43	
1140	1	T 242	419	40	40	P 238	420	43	43	
1141	1	T 240	420	40	40	P 238	420	43	43	
1142	1	T 238	419	40	40	P 238	420	43	43	
1143	1	T 236	418	40	40	P 238	420	43	43	
1144	1	T 234	417	40	40	P 224	420	57	43	
1145	1	T 232	416	40	40	P 224	406	57	57	
1146	1	T 230	415	40	40	P 224	406	57	57	
1147	1	T 228	414	40	40	P 224	406	43	57	
1148	1	T 226	413	40	40	P 224	406	43	57	
1149	1	T 224	412	40	40	P 224	406	43	43	
1150	1	T 222	411	40	40	P 224	406	43	43	
1151	1	T 220	410	40	40	P 210	406	57	43	
1152	1	T 218	409	40	40	P 210	406	57	43	
1153	1	T 216	408	40	40	P 210	406	43	43	
1154	1	T 214	407	40	40	P 210	406	43	43	
1155	1	T 212	406	40	40	P 210	406	43	43	
1156	1	T 210	405	40	40	P 210	406	43	43	
1157	1	T 208	404	40	40	P 210	406	43	43	
1158	1	T 206	403	40	40	P 196	406	57	43	
1159	1	T 204	402	40	40	P 196	392	57	57	
1160	1	T 202	401	40	40	P 196	392	57	57	
1161	1	T 200	400	40	40	P 196	392	43	57	
1162	1	T 198	399	40	40	P 196	392	43	57	
1163	1	T 196	398	40	40	P 196	392	43	57	
1164	1	T 194	397	40	40	P 196	392	43	43	
1165	1	T 192	396	40	40	P 182	392	57	43	
1166	1	T 190	395	40	40	P 182	392	57	43	
1167	1	T 188	394	40	40	P 182	392	57	43	
1168	1	T 186	393	40	40	P 182	392	43	43	
1169	1	T 184	392	40	40	P 182	392	43	43	
1170	1	T 182	391	40	40	P 182	392	43	43	
1171	1	T 180	390	40	40	P 182	392	43	43	
1172	1	T 178	389	40	40	P 168	392	57	43	
1173	1	T 176	388	40	40	P 168	378	57	57	
1174	1	T 174	387	40	40	P 168	378	57	57	
1175	1	T 172	386	40	40	P 168	378	43	57	
1176	1	T 170	385	40	40	P 168	378	43	57	
1177	1	T 168	384	40	40	P 168	378	43	43	
1178	1	T 166	383	40	40	P 168	378	43	43	
1179	1	T 164	382	40	40	P 154	378	57	43	
1180	1	T 162	381	40	40	P 154	378	57	43	
1181	1	T 160	380	40	40	P 154	378	57	43	
1182	1	T 158	379	40	40	P 154	378	43	43	
1183	1	T 156	378	40	40	P 154	378	43	43	
1184	1	T 154	377	40	40	P 154	378	43	43	
1185	1	T 152	376	40	40	P 154	364	43	57	
1186	1	T 150	375	40	40	P 154	378	43	43	
1187	1	T 148	374	40	40	P 140	364	57	57	
1188	1	T 146	373	40	40	P 140	364	57	57	
1189	1	T 144	372	40	40	P 140	364	43	57	
1190	1	T 142	371	40	40	P 140	364	43	57	
1191	1	T 140	370	40	40	P 140	364	43	43	
1192	1	T 138	369	40	40	P 140	364	43	43	
1193	1	T 136	368	40	40	P 126	364	57	43	
1194	1	T 134	367	40	40	P 126	364	57	43	
1195	1	T 132	366	40	40	P 126	364	43	43	
1196	1	T 130	365	40	40	P 126	364	43	43	
1197	1	T 128	364	40	40	P 126	364	43	43	
1198	1	T 126	363	40	40	P 126	364	43	43	
1199	1	T 124	362	40	40	P 126	364	43	43	
1200	1	T 122	361	40	40	P 112	364	57	43	
1201	1	T 120	360	40	40	P 112	350	57	57	
1202	1	T 118	359	40	40	P 112	350	57	57	
1203	1	T 116	358	40	40	P 112	350	43	57	
1204	1	T 114	357	40	40	P 112	350	43	57	
1205	1	T 112	356	40	40	P 112	350	43	43	
1206	1	T 110	355	40	40	P 112	350	43	43	
1207	1	T 108	354	40	40	P 98	350	57	43	
1208	1	T 106	353	40	40	P 98	350	57	43	
1209	1	T 104	352	40	40	P 98	350	57	43	
1210	1	T 102	351	40	40	P 98	350	43	43	
1211	1	T 100	350	40	40	P 98	350	43	43	
1212	1	T 98	349	40	40	P 98	350	43	43	
1213	1	T 96	348	40	40	P 98	350	43	43	
1214	1	T 94	347	40	40	P 84	350	57	43	
1215	1	T 92	346	40	40	P 84	336	57	57	
1216	1	T 90	345	40	40	P 84	336	43	57	
1217	1	T 88	344	40	40	P 84	336	43	57	
1218	1	T 86	343	40	40	P 84	336	43	57	
1219	1	T 84	342	40	40	P 84	336	43	57	
1220	1	T 82	341	40	40	P 84	336	43	57	
1221	1	T 80	340	40	40	P 84	336	43	43	
1222	1	T 78	339	40	40	P 70	336	57	43	
1223	1	T 76	338	40	40	P 70	336	57	43	
1224	1	T 74	337	40	40	P 70	336	43	43	
1225	1	T 72	336	40	40	P 70	336	43	43	
1226	1	T 70	335	40	40	P 70	336	43	43	
1227	1	T 68	334	40	40	P 70	336	43	43	
1228	1	T 66	333	40	40	P 56	322	57	57	
1229	1	T 64	332	40	40	P 56	322	57	57	
1230	1	T 62	331	40	40	P 56	322	57	57	
1231	1	T 60	330	40	40	P 56	322	43	57	
1232	1	T 58	329	40	40	P 56	322	43	57	
1233	1	T 56	328	40	40	P 56	322	43	43	
1234	1	T 54	327	40	40	P 56	322	43	43	
1235	1	T 52	326	40	40	P 42	322	57	43	
1236	1	T 50	325	40	40	P 42	322	57	43	
1237	1	T 48	324	40	40	P 42	322	43	43	
1238	1	T 46	323	40	40	P 42	322	43	43	
1239	1	T 44	322	40	40	P 42	322	43	43	
1240	1	T 42	321	40	40	P 42	322	43	43	
1241	1	T 40	320	40	40	P 42	322	43	43	
1242	1	T 38	319	40	40	P 28	322	57	43	
1243	1	T 36	318	40	40	P 28	308	57	57	
1244	1	T 34	317	40	40	P 28	308	57	57	
1245	1	T 32	316	40	40	P 28	308	43	57	
1246	1	T 30	315	40	40	P 28	308	43	57	
1247	1	T 28	314	40	40	P 28	308	43	43	
1248	1	T 26	313	40	40	P 28	308	43	57	
1249	1	T 24	312	40	40	P 14	308	57	43	
1250	1	T 22	311	40	40	P 14	308	57	43	
1251	1	T 20	310	40	40	P 14	308	43	43	
1252	1	T 22	309	40	40	P 14	308	57	43	
1253	1	T 24	308	40	40	P 14	308	57	43	
1254	1	T 26	307	40	40	P 28	308	43	43	
1255	1	T 28	306	40	40	P 28	308	43	43	
1256	1	T 30	305	40	40	P 28	294	43	57	
1257	1	T 32	304	40	40	P 28	294	43	57	
1258	1	T 34	303	40	40	P 28	294	57	57	
1259	1	T 36	302	40	40	P 28	294	57	57	
1260	1	T 38	301	40	40	P 28	294	57	57	
1261	1	T 40	300	40	40	P 42	294	43	57	
1262	1	T 42	299	40	40	P 42	294	43	43	
1263	1	T 44	298	40	40	P 42	294	43	43	
1264	1	T 46	297	40	40	P 42	294	43	43	
1265	1	T 48	296	40	40	P 42	294	57	43	
1266	1	T 50	295	40	40	P 42	294	57	43	
1267	1	T 52	294	40	40	P 56	294	43	43	
1268	1	T 54	293	40	40	P 56	294	43	43	
1269	1	T 56	292	40	40	P 56	294	43	43	
1270	1	T 58	291	40	40	P 56	294	43	43	
1271	1	T 60	290	40	40	P 56	280	43	57	
1272	1	T 62	289	40	40	P 56	280	57	57	
1273	1	T 64	288	40	40	P 56	280	57	57	
1274	1	T 66	287	40	40	P 56	280	57	57	
1275	1	T 68	286	40	40	P 70	280	43	57	
1276	1	T 70	285	40	40	P 70	280	43	43	
1277	1	T 72	284	40	40	P 70	280	43	43	
1278	1	T 74	283	40	40	P 70	280	43	43	
1279	1	T 76	282	40	40	P 70	280	43	43	
1280	1	T 78	281	40	40	P 70	280	57	43	
1281	1	T 80	280	40	40	P 70	280	57	43	
1282	1	T 82	279	40	40	P 84	280	43	43	
1283	1	T 84	278	40	40	P 84	280	43	43	
1284	1	T 86	277	40	40	P 84	280	43	43	
1285	1	T 88	276	40	40	P 84	266	43	57	
1286	1	T 90	275	40	40	P 84	266	57	57	
1287	1	T 92	274	40	40	P 84	266	57	57	
1288	1	T 94	273	40	40	P 84	266	57	57	
1289	1	T 96	272	40	40	P 98	266	43	57	
1290	1	T 98	271	40	40	P 98	266	43	43	
1291	1	T 100	270	40	40	P 98	266	43	43	
1292	1	T 102	269	40	40	P 98	266	43	43	
1293	1	T 104	268	40	40	P 98	266	57	43	
1294	1	T 106	267	40	40	P 98	266	57	43	
1295	1	T 108	266	40	40	P 112	266	43	43	
1296	1	T 110	265	40	40	P 112	266	43	43	
1297	1	T 112	264	40	40	P 112	266	43	43	
1298	1	T 114	263	40	40	P 112	266	43	43	
1299	1	T 116	262	40	40	P 112	252	43	57	
1300	1	T 118	261	40	40	P 112	252	57	57	
1301	1	T 120	260	40	40	P 112	252	57	57	
1302	1	T 122	259	40	40	P 112	252	57	57	
1303	1	T 124	258	40	40	P 126	252	43	57	
1304	1	T 126	257	40	40	P 126	252	43	43	
1305	1	T 128	256	40	40	P 126	252	43	43	
1306	1	T 130	255	40	40	P 126	252	43	43	
1307	1	T 132	254	40	40	P 126	252	57	43	
1308	1	T 134	253	40	40	P 126	252	57	43	
1309	1	T 136	252	40	40	P 126	252	57	43	
1310	1	T 138	251	40	40	P 140	252	43	43	
1311	1	T 140	250	40	40	P 140	252	43	43	
1312	1	T 142	249	40	40	P 140	252	43	43	
1313	1	T 144	248	40	40	P 140	238	43	57	
1314	1	T 146	247	40	40	P 140	238	43	57	
1315	1	T 148	246	40	40	P 140	238	57	57	
1316	1	T 150	245	40	40	P 140	238	57	57	
1317	1	T 152	244	40	40	P 154	238	43	57	
1318	1	T 154	243	40	40	P 154	238	43	43	
1319	1	T 156	242	40	40	P 154	238	43	43	
1320	1	T 158	241	40	40	P 154	238	43	43	
1321	1	T 160	240	40	40	P 154	238	43	43	
1322	1	T 162	239	40	40	P 154	238	57	43	
1323	1	T 164	238	40	40	P 168	238	43	43	
1324	1	T 166	237	40	40	P 168	238	43	43	
1325	1	T 168	236	40	40	P 168	238	43	43	
1326	1	T 170	235	40	40	P 168	238	43	43	
1327	1	T 172	234	40	40	P 168	224	57	57	
1328	1	T 174	233	40	40	P 168	224	57	57	
1329	1	T 176	232	40	40	P 168	224	57	57	
1330	1	T 178	231	40	40	P 168	224	57	57	
1331	1	T 180	230	40	40	P 182	224	43	57	
1332	1	T 182	229	40	40	P 182	224	43	43	
1333	1	T 184	228	40	40	P 182	224	43	43	
1334	1	T 186	227	40	40	P 182	224	43	43	
1335	1	T 188	226	40	40	P 182	224	57	43	
1336	1	T 190	225	40	40	P 182	224	57	43	
1337	1	T 192	224	40	40	P 196	224	43	43	
1338	1	T 194	223	40	40	P 196	224	43	43	
1339	1	T 196	222	40	40	P 196	224	43	43	
1340	1	T 198	221	40	40	P 196	224	43	43	
1341	1	T 200	220	40	40	P 196	210	43	57	
1342	1	T 202	219	40	40	P 196	210	57	57	
1343	1	T 204	218	40	40	P 196	210	57	57	
1344	1	T 206	217	40	40	P 196	210	57	57	
1345	1	T 208	216	40	40	P 210	210	43	57	
1346	1	T 210	215	40	40	P 210	210	43	43	
1347	1	T 212	214	40	40	P 210	210	43	43	
1348	1	T 214	213	40	40	P 210	210	43	43	
1349	1	T 216	212	40	40	P 210	210	57	43	
1350	1	T 218	211	40	40	P 210	210	57	43	
1351	1	T 220	210	40	40	P 224	210	43	43	
1352	1	T 222	209	40	40	P 224	210	43	43	
1353	1	T 224	208	40	40	P 224	210	43	43	
1354	1	T 226	207	40	40	P 224	210	43	43	
1355	1	T 228	206	40	40	P 224	196	43	57	
1356	1	T 230	205	40	40	P 224	196	57	57	
1357	1	T 232	204	40	40	P 224	196	57	57	
1358	1	T 234	203	40	40	P 224	196	57	57	
1359	1	T 236	202	40	40	P 238	196	43	43	
1360	1	T 238	201	40	40	P 238	196	43	43	
1361	1	T 240	200	40	40	P 238	196	43	43	
1362	1	T 242	199	40	40	P 238	196	43	43	
1363	1	T 244	198	40	40	P 238	196	43	43	
1364	1	T 246	197	40	40	P 252	196	43	43	
1365	1	T 248	196	40	40	P 252	196	43	43	
1366	1	T 250	195	40	40	P 252	196	43	43	
1367	1	T 252	194	40	40	P 252	196	43	43	
1368	1	T 254	193	40	40	P 252	196	43	43	
1369	1	T 256	192	40	40	P 252	182	43	57	
1370	1	T 258	191	40	40	P 252	182	57	57	
1371	1	T 260	190	40	40	P 252	182	57	57	
1372	1	T 262	189	40	40	P 266	182	43	57	
1373	1	T 264	188	40	40	P 266	182	43	57	
1374	1	T 266	187	40	40	P 266	182	43	43	
1375	1	T 268	186	40	40	P 266	182	43	43	
1376	1	T 270	185	40	40	P 266	182	43	43	
1377	1	T 272	184	40	40	P 266	182	57	43	
1378	1	T 274	183	40	40	P 266	182	57	43	
1379	1	T 276	182	40	40	P 280	182	43	43	
1380	1	T 278	181	40	40	P 280	182	43	43	
1381	1	T 280	180	40	40	P 280	182	43	43	
1382	1	T 282	179	40	40	P 280	182	43	43	
1383	1	T 284	178	40	40	P 280	168	43	57	
1384	1	T 286	177	40	40	P 280	168	43	57	
1385	1	T 288	176	40	40	P 280	168	57	57	
1386	1	T 290	175	40	40	P 280	168	57	57	
1387	1	T 292	174	40	40	P 294	168	43	57	
1388	1	T 294	173	40	40	P 294	168	43	43	
1389	1	T 296	172	40	40	P 294	168	43	43	
1390	1	T 298	171	40	40	P 294	168	43	43	
1391	1	T 300	170	40	40	P 294	168	57	43	
1392	1	T 302	169	40	40	P 294	168	57	43	
1393	1	T 304	168	40	40	P 294	168	57	43	
1394	1	T 306	167	40	40	P 308	168	43	43	
1395	1	T 308	166	40	40	P 308	168	43	43	
1396	1	T 310	165	40	40	P 308	168	43	43	
1397	1	T 312	164	40	40	P 308	154	43	57	
1398	1	T 314	163	40	40	P 308	154	57	57	
1399	1	T 316	162	40	40	P 308	154	57	57	
1400	1	T 318	161	40	40	P 308	154	57	57	
1401	1	T 320	160	40	40	P 308	154	57	57	
1402	1	T 322	159	40	40	P 322	154	43	43	
1403	1	T 324	158	40	40	P 322	154	43	43	
1404	1	T 326	157	40	40	P 322	154	43	43	
1405	1	T 328	156	40	40	P 322	154	57	43	
1406	1	T 330	155	40	40	P 322	154	57	43	
1407	1	T 332	154	40	40	P 322	154	57	43	
1408	1	T 334	153	40	40	P 336	154	43	43	
1409	1	T 336	152	40	40	P 336	154	43	43	
1410	1	T 338	151	40	40	P 336	154	43	43	
1411	1	T 340	150	40	40	P 336	140	43	57	
1412	1	T 342	149	40	40	P 336	140	57	57	
1413	1	T 344	148	40	40	P 336	140	57	57	
1414	1	T 346	147	40	40	P 336	140	57	57	
1415	1	T 348	146	40	40	P 350	140	43	43	
1416	1	T 350	145	40	40	P 350	140	43	43	
1417	1	T 352	144	40	40	P 350	140	43	43	
1418	1	T 354	143	40	40	P 350	140	43	43	
1419	1	T 356	142	40	40	P 350	140	57	43	
1420	1	T 358	141	40	40	P 350	140	57	43	
1421	1	T 360	140	40	40	P 364	140	43	43	
1422	1	T 362	139	40	40	P 364	140	43	43	
1423	1	T 364	138	40	40	P 364	140	43	43	
1424	1	T 366	137	40	40	P 364	140	43	43	
1425	1	T 368	136	40	40	P 364	126	43	57	
1426	1	T 370	135	40	40	P 364	126	57	57	
1427	1	T 372	134	40	40	P 364	126	57	57	
1428	1	T 374	133	40	40	P 378	126	43	57	
1429	1	T 376	132	40	40	P 378	126	43	57	
1430	1	T 378	131	40	40	P 378	126	43	43	
1431	1	T 380	130	40	40	P 378	126	43	43	
1432	1	T 382	129	40	40	P 378	126	43	43	
1433	1	T 384	128	40	40	P 378	126	43	43	
1434	1	T 386	127	40	40	P 378	126	57	43	
1435	1	T 388	126	40	40	P 392	126	43	43	
1436	1	T 390	125	40	40	P 392	126	43	43	
1437	1	T 392	124	40	40	P 392	126	43	43	
1438	1	T 394	123	40	40	P 392	126	43	43	
1439	1	T 396	122	40	40	P 392	112	43	57	
1440	1	T 398	121	40	40	P 392	112	57	57	
1441	1	T 400	120	40	40	P 392	112	57	57	
1442	1	T 402	119	40	40	P 392	112	57	57	
1443	1	T 404	118	40	40	P 392	112	57	57	
1444	1	T 406	117	40	40	P 406	112	43	43	
1445	1	T 408	116	40	40	P 406	112	43	43	
1446	1	T 410	115	40	40	P 406	112	43	43	
1447	1	T 412	114	40	40	P 406	112	43	43	
1448	1	T 414	113	40	40	P 406	112	57	43	
1449	1	T 416	112	40	40	P 420	112	43	43	
1450	1	T 418	111	40	40	P 420	112	43	43	
1451	1	T 420	110	40	40	P 420	112	43	43	
1452	1	T 422	109	40	40	P 420	112	43	43	
1453	1	T 424	108	40	40	P 420	98	43	57	
1454	1	T 426	107	40	40	P 420	98	57	57	
1455	1	T 428	106	40	40	P 420	98	57	57	
1456	1	T 430	105	40	40	P 420	98	57	57	
1457	1	T 432	104	40	40	P 434	98	43	57	
1458	1	T 434	103	40	40	P 434	98	43	43	
1459	1	T 436	102	40	40	P 434	98	43	43	
1460	1	T 438	101	40	40	P 434	98	43	43	
1461	1	T 440	100	40	40	P 434	98	43	43	
1462	1	T 442	99	40	40	P 434	98	57	43	
1463	1	T 444	98	40	40	P 448	98	43	43	
1464	1	T 446	97	40	40	P 448	98	43	43	
1465	1	T 448	96	40	40	P 448	98	43	43	
1466	1	T 450	95	40	40	P 448	98	43	43	
1467	1	T 452	94	40	40	P 448	84	43	57	
1468	1	T 454	93	40	40	P 448	84	57	57	
1469	1	T 456	92	40	40	P 448	84	57	57	
1470	1	T 458	91	40	40	P 448	84	57	57	
1471	1	T 460	90	40	40	P 462	84	43	57	
1472	1	T 462	89	40	40	P 462	84	43	43	
1473	1	T 464	88	40	40	P 462	84	43	43	
1474	1	T 466	87	40	40	P 462	84	43	43	
1475	1	T 468	86	40	40	P 462	84	43	43	
1476	1	T 470	85	40	40	P 462	84	57	43	
1477	1	T 472	84	40	40	P 476	84	43	43	
1478	1	T 474	83	40	40	P 476	84	43	43	
1479	1	T 476	82	40	40	P 476	84	43	43	
1480	1	T 478	81	40	40	P 476	84	43	43	
1481	1	T 480	80	40	40	P 476	70	43	57	
1482	1	T 482	79	40	40	P 476	70	57	57	
1483	1	T 484	78	40	40	P 476	70	57	57	
1484	1	T 486	77	40	40	P 476	70	57	57	
1485	1	T 488	76	40	40	P 490	70	43	57	
1486	1	T 490	75	40	40	P 490	70	43	57	
1487	1	T 492	74	40	40	P 490	70	43	43	
1488	1	T 494	73	40	40	P 490	70	43	43	
1489	1	T 496	72	40	40	P 490	70	57	43	
1490	1	T 498	71	40	40	P 490	70	57	43	
1491	1	T 500	70	40	40	P 504	70	43	43	
1492	1	T 502	69	40	40	P 504	70	43	43	
1493	1	T 504	68	40	40	P 504	70	43	43	
1494	1	T 506	67	40	40	P 504	70	43	43	
1495	1	T 508	66	40	40	P 504	56	43	57	
1496	1	T 510	65	40	40	P 504	56	57	57	
1497	1	T 512	64	40	40	P 504	56	57	57	
1498	1	T 514	63	40	40	P 504	56	57	57	
1499	1	T 516	62	40	40	P 518	56	43	57	
1500	1	T 518	61	40	40	P 518	56	43	43	
1501	1	T 520	60	40	40	P 518	56	43	43	
1502	1	T 522	59	40	40	P 518	56	43	43	
1503	1	T 524	58	40	40	P 518	56	43	43	
1504	1	T 526	57	40	40	P 518	56	57	43	
1505	1	T 528	56	40	40	P 532	56	43	43	
1506	1	T 530	55	40	40	P 532	56	43	43	
1507	1	T 532	54	40	40	P 532	56	43	43	
1508	1	T 534	53	40	40	P 532	56	43	43	
1509	1	T 536	52	40	40	P 532	42	43	57	
1510	1	T 538	51	40	40	P 532	42	43	57	
1511	1	T 540	50	40	40	P 532	42	57	57	
1512	1	T 542	49	40	40	P 532	42	57	57	
1513	1	T 544	48	40	40	P 546	42	43	57	
1514	1	T 546	47	40	40	P 546	42	43	57	
1515	1	T 548	46	40	40	P 546	42	43	43	
1516	1	T 550	45	40	40	P 546	42	43	43	
1517	1	T 552	44	40	40	P 546	42	43	43	
1518	1	T 554	43	40	40	P 546	42	57	43	
1519	1	T 556	42	40	40	P 546	42	57	43	
1520	1	T 558	41	40	40	P 560	42	43	43	
1521	1	T 560	40	40	40	P 560	42	43	43	
1522	1	T 562	39	40	40	P 560	42	43	43	
1523	1	T 564	38	40	40	P 560	28	43	57	
1524	1	T 566	37	40	40	P 560	28	43	57	
1525	1	T 568	36	40	40	P 560	28	57	57	
1526	1	T 570	35	40	40	P 560	28	57	57	
1527	1	T 572	34	40	40	P 560	28	57	57	
1528	1	T 574	33	40	40	P 574	28	43	43	
1529	1	T 576	32	40	40	P 574	28	43	43	
1530	1	T 578	31	40	40	P 574	28	43	43	
1531	1	T 580	30	40	40	P 574	28	57	43	
1532	1	T 582	29	40	40	P 574	28	57	43	
1533	1	T 584	28	40	40	P 588	28	43	43	
1534	1	T 586	27	40	40	P 588	28	43	43	
1535	1	T 588	26	40	40	P 588	28	43	43	
1536	1	T 590	25	40	40	P 588	28	43	43	
1537	1	T 592	24	40	40	P 588	14	43	57	
1538	1	T 594	23	40	40	P 588	14	57	57	
1539	1	T 596	22	40	40	P 588	14	57	57	
1540	1	T 598	21	40	40	P 588	14	57	57	
1541	1	T 600	20	40	40	P 602	14	43	57	
1542	1	T 602	21	40	40	P 602	14	43	57	
1543	1	T 604	22	40	40	P 602	14	43	57	
1544	1	T 606	23	40	40	P 602	14	43	57	
1545	1	T 608	24	40	40	P 602	14	57	57	
1546	1	T 610	25	40	40	P 602	14	57	57	
1547	1	T 612	26	40	40	P 602	28	57	43	
1548	1	T 614	27	40	40	P 616	28	43	43	
1549	1	T 616	28	40	40	P 616	28	43	43	
1550	1	T 618	29	40	40	P 616	28	43	43	
1551	1	T 620	30	40	40	P 616	28	43	43	
1552	1	T 622	31	40	40	P 616	28	57	43	
1553	1	T 624	32	40	40	P 616	28	57	43	
1554	1	T 626	33	40	40	P 616	28	57	57	
1555	1	T 628	34	40	40	P 630	28	43	57	
1556	1	T 630	35	40	40	P 630	28	43	57	
1557	1	T 632	36	40	40	P 630	28	43	57	
1558	1	T 634	37	40	40	P 630	28	43	57	
1559	1	T 636	38	40	40	P 630	28	43	57	
1560	1	T 638	39	40	40	P 630	42	57	43	
1561	1	T 640	40	40	40	P 630	42	57	43	
1562	1	T 642	41	40	40	P 644	42	43	43	
1563	1	T 644	42	40	40	P 644	42	43	43	
1564	1	T 646	43	40	40	P 644	42	43	43	
1565	1	T 648	44	40	40	P 644	42	43	43	
1566	1	T 650	45	40	40	P 644	42	57	43	
1567	1	T 652	46	40	40	P 644	42	57	43	
1568	1	T 654	47	40	40	P 644	42	57	57	
1569	1	T 656	48	40	40	P 658	42	43	57	
1570	1	T 658	49	40	40	P 658	42	43	57	
1571	1	T 660	50	40	40	P 658	42	43	57	
1572	1	T 658	51	40	40	P 658	42	43	57	
1573	1	T 656	52	40	40	P 658	42	43	57	
1574	1	T 654	53	40	40	P 644	56	57	43	
1575	1	T 652	54	40	40	P 644	56	57	43	
1576	1	T 650	55	40	40	P 644	56	43	43	
1577	1	T 648	56	40	40	P 644	56	43	43	
1578	1	T 646	57	40	40	P 644	56	43	43	
1579	1	T 644	58	40	40	P 644	56	43	43	
1580	1	T 642	59	40	40	P 644	56	43	43	
1581	1	T 640	60	40	40	P 630	56	57	43	
1582	1	T 638	61	40	40	P 630	56	57	43	
1583	1	T 636	62	40	40	P 630	56	57	57	
1584	1	T 634	63	40	40	P 630	56	43	57	
1585	1	T 632	64	40	40	P 630	56	43	57	
1586	1	T 630	65	40	40	P 630	56	43	57	
1587	1	T 628	66	40	40	P 630	56	43	57	
1588	1	T 626	67	40	40	P 616	70	57	43	
1589	1	T 624	68	40	40	P 616	56	57	57	
1590	1	T 622	69	40	40	P 616	70	57	43	
1591	1	T 620	70	40	40	P 616	70	43	43	
1592	1	T 618	71	40	40	P 616	70	43	43	
1593	1	T 616	72	40	40	P 616	70	43	43	
1594	1	T 614	73	40	40	P 616	70	43	43	
1595	1	T 612	74	40	40	P 602	70	57	43	
1596	1	T 610	75	40	40	P 602	70	57	43	
1597	1	T 608	76	40	40	P 602	70	57	57	
1598	1	T 606	77	40	40	P 602	70	43	57	
1599	1	T 604	78	40	40	P 602	70	43	57	
1600	1	T 602	79	40	40	P 602	70	43	57	
1601	1	T 600	80	40	40	P 602	70	43	57	
1602	1	T 598	81	40	40	P 588	84	57	43	
1603	1	T 596	82	40	40	P 588	84	57	43	
1604	1	T 594	83	40	40	P 588	84	43	43	
1605	1	T 592	84	40	40	P 588	84	43	43	
1606	1	T 590	85	40	40	P 588	84	43	43	
1607	1	T 588	86	40	40	P 588	84	43	43	
1608	1	T 586	87	40	40	P 588	84	43	43	
1609	1	T 584	88	40	40	P 574	84	57	43	
1610	1	T 582	89	40	40	P 574	84	57	43	
1611	1	T 580	90	40	40	P 574	84	57	57	
1612	1	T 578	91	40	40	P 574	84	43	57	
1613	1	T 576	92	40	40	P 574	84	43	57	
1614	1	T 574	93	40	40	P 574	84	43	57	
1615	1	T 572	94	40	40	P 574	84	43	57	
1616	1	T 570	95	40	40	P 560	98	57	43	
1617	1	T 568	96	40	40	P 560	98	57	43	
1618	1	T 566	97	40	40	P 560	98	57	43	
1619	1	T 564	98	40	40	P 560	98	43	43	
1620	1	T 562	99	40	40	P 560	98	43	43	
1621	1	T 560	100	40	40	P 560	98	43	43	
1622	1	T 558	101	40	40	P 560	98	43	43	
1623	1	T 556	102	40	40	P 546	98	57	43	
1624	1	T 554	103	40	40	P 546	98	57	43	
1625	1	T 552	104	40	40	P 546	98	57	57	
1626	1	T 550	105	40	40	P 546	98	43	57	
1627	1	T 548	106	40	40	P 546	98	43	57	
1628	1	T 546	107	40	40	P 546	98	43	57	
1629	1	T 544	108	40	40	P 546	98	43	57	
1630	1	T 542	109	40	40	P 532	112	57	43	
1631	1	T 540	110	40	40	P 532	112	57	43	
1632	1	T 538	111	40	40	P 532	112	43	43	
1633	1	T 536	112	40	40	P 532	112	43	43	
1634	1	T 534	113	40	40	P 532	112	43	43	
1635	1	T 532	114	40	40	P 532	112	43	43	
1636	1	T 530	115	40	40	P 532	112	43	43	
1637	1	T 528	116	40	40	P 518	112	57	43	
1638	1	T 526	117	40	40	P 518	112	57	57	
1639	1	T 524	118	40	40	P 518	112	57	57	
1640	1	T 522	119	40	40	P 518	112	43	57	
1641	1	T 520	120	40	40	P 518	112	43	57	
1642	1	T 518	121	40	40	P 518	112	43	57	
1643	1	T 516	122	40	40	P 518	112	43	57	
1644	1	T 514	123	40	40	P 504	126	57	43	
1645	1	T 512	124	40	40	P 504	126	57	43	
1646	1	T 510	125	40	40	P 504	126	57	43	
1647	1	T 508	126	40	40	P 504	126	43	43	
1648	1	T 506	127	40	40	P 504	126	43	43	
1649	1	T 504	128	40	40	P 504	126	43	43	
1650	1	T 502	129	40	40	P 504	126	43	43	
1651	1	T 500	130	40	40	P 490	126	57	43	
1652	1	T 498	131	40	40	P 490	126	57	43	
1653	1	T 496	132	40	40	P 490	126	57	43	
1654	1	T 494	133	40	40	P 490	126	43	57	
1655	1	T 492	134	40	40	P 490	126	43	57	
1656	1	T 490	135	40	40	P 490	126	43	57	
1657	1	T 488	136	40	40	P 490	126	43	57	
1658	1	T 486	137	40	40	P 476	140	57	43	
1659	1	T 484	138	40	40	P 476	140	57	43	
1660	1	T 482	139	40	40	P 476	140	57	43	
1661	1	T 480	140	40	40	P 476	140	43	43	
1662	1	T 478	141	40	40	P 476	140	43	43	
1663	1	T 476	142	40	40	P 476	140	43	43	
1664	1	T 474	143	40	40	P 476	140	43	43	
1665	1	T 472	144	40	40	P 476	140	43	43	
1666	1	T 470	145	40	40	P 462	140	57	43	
1667	1	T 468	146	40	40	P 462	140	57	57	
1668	1	T 466	147	40	40	P 462	140	43	57	
1669	1	T 464	148	40	40	P 462	140	43	57	
1670	1	T 462	149	40	40	P 462	140	43	57	
1671	1	T 460	150	40	40	P 462	140	43	57	
1672	1	T 458	151	40	40	P 448	154	57	43	
1673	1	T 456	152	40	40	P 448	154	57	43	
1674	1	T 454	153	40	40	P 448	154	43	43	
1675	1	T 452	154	40	40	P 448	154	43	43	
1676	1	T 450	155	40	40	P 448	154	43	43	
1677	1	T 448	156	40	40	P 448	154	43	43	
1678	1	T 446	157	40	40	P 448	154	43	43	
1679	1	T 444	158	40	40	P 434	154	57	43	
1680	1	T 442	159	40	40	P 434	154	57	43	
1681	1	T 440	160	40	40	P 434	154	57	57	
1682	1	T 438	161	40	40	P 434	154	43	57	
1683	1	T 436	162	40	40	P 434	154	43	57	
1684	1	T 434	163	40	40	P 434	154	43	57	
1685	1	T 432	164	40	40	P 434	154	43	57	
1686	1	T 430	165	40	40	P 420	154	57	57	
1687	1	T 428	166	40	40	P 420	168	57	43	
1688	1	T 426	167	40	40	P 420	168	57	43	
1689	1	T 424	168	40	40	P 420	168	43	43	
1690	1	T 422	169	40	40	P 420	168	43	43	
1691	1	T 420	170	40	40	P 420	168	43	43	
1692	1	T 418	171	40	40	P 420	168	43	43	
1693	1	T 416	172	40	40	P 406	168	57	43	
1694	1	T 414	173	40	40	P 406	168	57	43	
1695	1	T 412	174	40	40	P 406	168	57	57	
1696	1	T 410	175	40	40	P 406	168	43	57	
1697	1	T 408	176	40	40	P 406	168	43	57	
1698	1	T 406	177	40	40	P 406	168	43	57	
1699	1	T 404	178	40	40	P 406	168	43	57	
1700	1	T 402	179	40	40	P 392	182	57	43	
1701	1	T 400	180	40	40	P 392	182	57	43	
1702	1	T 398	181	40	40	P 392	182	43	43	
1703	1	T 396	182	40	40	P 392	182	43	43	
1704	1	T 394	183	40	40	P 392	182	43	43	
1705	1	T 392	184	40	40	P 392	182	43	43	
1706	1	T 390	185	40	40	P 392	182	43	43	
1707	1	T 388	186	40	40	P 378	182	57	43	
1708	1	T 386	187	40	40	P 378	182	57	43	
1709	1	T 384	188	40	40	P 378	182	43	57	
1710	1	T 382	189	40	40	P 378	182	43	57	
1711	1	T 380	190	40	40	P 378	182	43	57	
1712	1	T 378	191	40	40	P 378	182	43	57	
1713	1	T 376	192	40	40	P 378	182	43	57	
1714	1	T 374	193	40	40	P 364	196	57	43	
1715	1	T 372	194	40	40	P 364	196	57	43	
1716	1	T 370	195	40	40	P 364	196	43	43	
1717	1	T 368	196	40	40	P 364	196	43	43	
1718	1	T 366	197	40	40	P 364	196	43	43	
1719	1	T 364	198	40	40	P 364	196	43	43	
1720	1	T 362	199	40	40	P 364	196	43	43	
1721	1	T 360	200	40	40	P 350	196	57	43	
1722	1	T 358	201	40	40	P 350	196	57	43	
1723	1	T 356	202	40	40	P 350	196	57	57	
1724	1	T 354	203	40	40	P 350	196	43	57	
1725	1	T 352	204	40	40	P 350	196	43	57	
1726	1	T 350	205	40	40	P 350	196	43	57	
1727	1	T 348	206	40	40	P 350	196	43	57	
1728	1	T 346	207	40	40	P 336	210	57	43	
1729	1	T 344	208	40	40	P 336	210	57	43	
1730	1	T 342	209	40	40	P 336	210	57	43	
1731	1	T 340	210	40	40	P 336	210	43	43	
1732	1	T 338	211	40	40	P 336	210	43	43	
1733	1	T 336	212	40	40	P 336	210	43	43	
1734	1	T 334	213	40	40	P 336	210	43	43	
1735	1	T 332	214	40	40	P 322	210	57	43	
1736	1	T 330	215	40	40	P 322	210	57	43	
1737	1	T 328	216	40	40	P 322	210	57	57	
1738	1	T 326	217	40	40	P 322	210	43	57	
1739	1	T 324	218	40	40	P 322	210	43	57	
1740	1	T 322	219	40	40	P 322	210	43	57	
1741	1	T 320	220	40	40	P 322	210	43	57	
1742	1	T 318	221	40	40	P 308	224	57	43	
1743	1	T 316	222	40	40	P 308	224	57	43	
1744	1	T 314	223	40	40	P 308	224	57	43	
1745	1	T 312	224	40	40	P 308	224	43	43	
1746	1	T 310	225	40	40	P 308	224	43	43	
1747	1	T 308	226	40	40	P 308	224	43	43	
1748	1	T 306	227	40	40	P 308	224	43	43	
1749	1	T 304	228	40	40	P 294	224	57	43	
1750	1	T 302	229	40	40	P 294	224	57	43	
1751	1	T 300	230	40	40	P 294	224	57	57	
1752	1	T 298	231	40	40	P 294	224	43	57	
1753	1	T 296	232	40	40	P 294	224	43	57	
1754	1	T 294	233	40	40	P 294	224	43	57	
1755	1	T 292	234	40	40	P 294	238	43	43	
1756	1	T 290	235	40	40	P 280	224	57	57	
1757	1	T 288	236	40	40	P 280	238	57	43	
1758	1	T 286	237	40	40	P 280	238	57	43	
1759	1	T 284	238	40	40	P 280	238	43	43	
1760	1	T 282	239	40	40	P 280	238	43	43	
1761	1	T 280	240	40	40	P 280	238	43	43	
1762	1	T 278	241	40	40	P 280	238	43	43	
1763	1	T 276	242	40	40	P 266	238	57	43	
1764	1	T 274	243	40	40	P 266	238	57	43	
1765	1	T 272	244	40	40	P 266	238	57	57	
1766	1	T 270	245	40	40	P 266	238	43	57	
1767	1	T 268	246	40	40	P 266	238	43	57	
1768	1	T 266	247	40	40	P 266	238	43	57	
1769	1	T 264	248	40	40	P 266	238	43	57	
1770	1	T 262	249	40	40	P 252	252	57	43	
1771	1	T 260	250	40	40	P 252	252	57	43	
1772	1	T 258	251	40	40	P 252	252	57	43	
1773	1	T 256	252	40	40	P 252	252	43	43	
1774	1	T 254	253	40	40	P 252	252	43	43	
1775	1	T 252	254	40	40	P 252	252	43	43	
1776	1	T 250	255	40	40	P 252	252	43	43	
1777	1	T 248	256	40	40	P 238	252	57	43	
1778	1	T 246	257	40	40	P 238	252	57	43	
1779	1	T 244	258	40	40	P 238	252	57	57	
1780	1	T 242	259	40	40	P 238	252	43	57	
1781	1	T 240	260	40	40	P 238	252	43	57	
1782	1	T 238	261	40	40	P 238	252	43	57	
1783	1	T 236	262	40	40	P 238	252	43	57	
1784	1	T 234	263	40	40	P 224	266	57	43	
1785	1	T 232	264	40	40	P 224	266	57	43	
1786	1	T 230	265	40	40	P 224	266	43	43	
1787	1	T 228	266	40	40	P 224	266	43	43	
1788	1	T 226	267	40	40	P 224	266	43	43	
1789	1	T 224	268	40	40	P 224	266	43	43	
1790	1	T 222	269	40	40	P 224	266	43	43	
1791	1	T 220	270	40	40	P 210	266	57	43	
1792	1	T 218	271	40	40	P 210	266	57	57	
1793	1	T 216	272	40	40	P 210	266	57	57	
1794	1	T 214	273	40	40	P 210	266	43	57	
1795	1	T 212	274	40	40	P 210	266	43	57	
1796	1	T 210	275	40	40	P 210	266	43	57	
1797	1	T 208	276	40	40	P 210	266	43	57	
1798	1	T 206	277	40	40	P 196	266	57	57	
1799	1	T 204	278	40	40	P 196	280	57	43	
1800	1	T 202	279	40	40	P 196	280	57	43	
1801	1	T 200	280	40	40	P 196	280	43	43	
1802	1	T 198	281	40	40	P 196	280	43	43	
1803	1	T 196	282	40	40	P 196	280	43	43	
1804	1	T 194	283	40	40	P 196	280	43	43	
1805	1	T 192	284	40	40	P 182	280	57	43	
1806	1	T 190	285	40	40	P 182	280	57	57	
1807	1	T 188	286	40	40	P 182	280	57	57	
1808	1	T 186	287	40	40	P 182	280	57	57	
1809	1	T 184	288	40	40	P 182	280	43	57	
1810	1	T 182	289	40	40	P 182	280	43	57	
1811	1	T 180	290	40	40	P 182	280	43	57	
1812	1	T 178	291	40	40	P 168	294	57	43	
1813	1	T 176	292	40	40	P 168	294	57	43	
1814	1	T 174	293	40	40	P 168	294	43	43	
1815	1	T 172	294	40	40	P 168	294	43	43	
1816	1	T 170	295	40	40	P 168	294	43	43	
1817	1	T 168	296	40	40	P 168	294	43	43	
1818	1	T 166	297	40	40	P 168	294	43	43	
1819	1	T 164	298	40	40	P 154	294	57	43	
1820	1	T 162	299	40	40	P 154	294	57	43	
1821	1	T 160	300	40	40	P 154	294	57	57	
1822	1	T 158	301	40	40	P 154	294	43	57	
1823	1	T 156	302	40	40	P 154	294	43	57	
1824	1	T 154	303	40	40	P 154	294	43	57	
1825	1	T 152	304	40	40	P 154	294	43	57	
1826	1	T 150	305	40	40	P 140	294	57	57	
1827	1	T 148	306	40	40	P 140	308	57	43	
1828	1	T 146	307	40	40	P 140	308	43	43	
1829	1	T 144	308	40	40	P 140	308	43	43	
1830	1	T 142	309	40	40	P 140	308	43	43	
1831	1	T 140	310	40	40	P 140	308	43	43	
1832	1	T 138	311	40	40	P 140	308	43	43	
1833	1	T 136	312	40	40	P 126	308	57	43	
1834	1	T 134	313	40	40	P 126	308	57	57	
1835	1	T 132	314	40	40	P 126	308	57	57	
1836	1	T 130	315	40	40	P 126	308	43	57	
1837	1	T 128	316	40	40	P 126	308	43	57	
1838	1	T 126	317	40	40	P 126	308	43	57	
1839	1	T 124	318	40	40	P 126	322	43	43	
1840	1	T 122	319	40	40	P 112	322	57	43	
1841	1	T 120	320	40	40	P 112	322	57	43	
1842	1	T 118	321	40	40	P 112	322	57	43	
1843	1	T 116	322	40	40	P 112	322	43	43	
1844	1	T 114	323	40	40	P 112	322	43	43	
1845	1	T 112	324	40	40	P 112	322	43	43	
1846	1	T 110	325	40	40	P 112	322	43	43	
1847	1	T 108	326	40	40	P 98	322	57	43	
1848	1	T 106	327	40	40	P 98	322	57	43	
1849	1	T 104	328	40	40	P 98	322	57	57	
1850	1	T 102	329	40	40	P 98	322	43	57	
1851	1	T 100	330	40	40	P 98	322	43	57	
1852	1	T 98	331	40	40	P 98	322	43	57	
1853	1	T 96	332	40	40	P 98	322	43	57	
1854	1	T 94	333	40	40	P 84	336	57	43	
1855	1	T 92	334	40	40	P 84	336	57	43	
1856	1	T 90	335	40	40	P 84	336	43	43	
1857	1	T 88	336	40	40	P 84	336	43	43	
1858	1	T 86	337	40	40	P 84	336	43	43	
1859	1	T 84	338	40	40	P 84	336	43	43	
1860	1	T 82	339	40	40	P 84	336	43	43	
1861	1	T 80	340	40	40	P 70	336	57	43	
1862	1	T 78	341	40	40	P 70	336	57	43	
1863	1	T 76	342	40	40	P 70	336	57	57	
1864	1	T 74	343	40	40	P 70	336	43	57	
1865	1	T 72	344	40	40	P 70	336	43	57	
1866	1	T 70	345	40	40	P 70	336	43	57	
1867	1	T 68	346	40	40	P 70	336	43	57	
1868	1	T 66	347	40	40	P 56	336	57	57	
1869	1	T 64	348	40	40	P 56	350	57	43	
1870	1	T 62	349	40	40	P 56	350	43	43	
1871	1	T 60	350	40	40	P 56	350	43	43	
1872	1	T 58	351	40	40	P 56	350	43	43	
1873	1	T 56	352	40	40	P 56	350	43	43	
1874	1	T 54	353	40	40	P 56	350	43	43	
1875	1	T 52	354	40	40	P 42	350	57	57	
1876	1	T 50	355	40	40	P 42	350	57	43	
1877	1	T 48	356	40	40	P 42	350	43	57	
1878	1	T 46	357	40	40	P 42	350	43	57	
1879	1	T 44	358	40	40	P 42	350	43	57	
1880	1	T 42	359	40	40	P 42	350	43	57	
1881	1	T 40	360	40	40	P 42	350	43	57	
1882	1	T 38	361	40	40	P 28	364	57	43	
1883	1	T 36	362	40	40	P 28	364	57	43	
1884	1	T 34	363	40	40	P 28	364	43	43	
1885	1	T 32	364	40	40	P 28	364	43	43	
1886	1	T 30	365	40	40	P 28	364	43	43	
1887	1	T 28	366	40	40	P 28	364	43	43	
1888	1	T 26	367	40	40	P 28	364	43	43	
1889	1	T 24	368	40	40	P 14	364	57	43	
1890	1	T 22	369	40	40	P 14	364	57	43	
1891	1	T 20	370	40	40	P 14	364	57	57	
1892	1	T 22	371	40	40	P 14	364	57	57	
1893	1	T 24	372	40	40	P 14	364	57	57	
1894	1	T 26	373	40	40	P 28	364	43	57	
1895	1	T 28	374	40	40	P 28	378	43	43	
1896	1	T 30	375	40	40	P 28	378	43	43	
1897	1	T 32	376	40	40	P 28	378	43	43	
1898	1	T 34	377	40	40	P 28	378	57	43	
1899	1	T 36	378	40	40	P 28	378	57	43	
1900	1	T 38	379	40	40	P 42	378	43	43	
1901	1	T 40	380	40	40	P 42	378	43	43	
1902	1	T 42	381	40	40	P 42	378	43	43	
1903	1	T 44	382	40	40	P 42	378	43	43	
1904	1	T 46	383	40	40	P 42	378	43	43	
1905	1	T 48	384	40	40	P 42	378	57	57	
1906	1	T 50	385	40	40	P 42	378	57	57	
1907	1	T 52	386	40	40	P 42	378	57	57	
1908	1	T 54	387	40	40	P 56	378	43	57	
1909	1	T 56	388	40	40	P 56	392	43	43	
1910	1	T 58	389	40	40	P 56	378	43	57	
1911	1	T 60	390	40	40	P 56	392	43	43	
1912	1	T 62	391	40	40	P 56	392	57	43	
1913	1	T 64	392	40	40	P 56	392	57	43	
1914	1	T 66	393	40	40	P 70	392	43	43	
1915	1	T 68	394	40	40	P 70	392	43	43	
1916	1	T 70	395	40	40	P 70	392	43	43	
1917	1	T 72	396	40	40	P 70	392	43	43	
1918	1	T 74	397	40	40	P 70	392	57	43	
1919	1	T 76	398	40	40	P 70	392	57	57	
1920	1	T 78	399	40	40	P 70	392	57	57	
1921	1	T 80	400	40	40	P 70	392	57	57	
1922	1	T 82	401	40	40	P 84	392	43	57	
1923	1	T 84	402	40	40	P 84	406	43	43	
1924	1	T 86	403	40	40	P 84	406	43	43	
1925	1	T 88	404	40	40	P 84	392	43	57	
1926	1	T 90	405	40	40	P 84	406	57	43	
1927	1	T 92	406	40	40	P 84	406	57	43	
1928	1	T 94	407	40	40	P 98	406	43	43	
1929	1	T 96	408	40	40	P 98	406	43	43	
1930	1	T 98	409	40	40	P 98	406	43	43	
1931	1	T 100	410	40	40	P 98	406	43	43	
1932	1	T 102	411	40	40	P 98	406	43	43	
1933	1	T 104	412	40	40	P 98	406	57	57	
1934	1	T 106	413	40	40	P 98	406	57	57	
1935	1	T 108	414	40	40	P 98	406	57	57	
1936	1	T 110	415	40	40	P 112	406	43	57	
1937	1	T 112	416	40	40	P 112	420	43	43	
1938	1	T 114	417	40	40	P 112	420	43	43	
1939	1	T 116	418	40	40	P 112	420	43	43	
1940	1	T 118	419	40	40	P 112	420	57	43	
1941	1	T 120	420	40	40	P 112	420	57	43	
1942	1	T 122	419	40	40	P 126	420	43	43	
1943	1	T 124	418	40	40	P 126	420	43	43	
1944	1	T 126	417	40	40	P 126	420	43	43	
1945	1	T 128	416	40	40	P 126	420	43	43	
1946	1	T 130	415	40	40	P 126	406	43	57	
1947	1	T 132	414	40	40	P 126	406	57	57	
1948	1	T 134	413	40	40	P 126	406	57	57	
1949	1	T 136	412	40	40	P 126	406	57	57	
1950	1	T 138	411	40	40	P 140	406	43	57	
1951	1	T 140	410	40	40	P 140	406	43	43	
1952	1	T 142	409	40	40	P 140	406	43	43	
1953	1	T 144	408	40	40	P 140	406	43	43	
1954	1	T 146	407	40	40	P 140	406	57	43	
1955	1	T 148	406	40	40	P 140	406	57	43	
1956	1	T 150	405	40	40	P 154	406	43	43	
1957	1	T 152	404	40	40	P 154	406	43	43	
1958	1	T 154	403	40	40	P 154	406	43	43	
1959	1	T 156	402	40	40	P 154	406	43	43	
1960	1	T 158	401	40	40	P 154	392	43	57	
1961	1	T 160	400	40	40	P 154	392	57	57	
1962	1	T 162	399	40	40	P 154	392	57	57	
1963	1	T 164	398	40	40	P 154	392	57	57	
1964	1	T 166	397	40	40	P 168	392	43	43	
1965	1	T 168	396	40	40	P 168	392	43	43	
1966	1	T 170	395	40	40	P 168	392	43	43	
1967	1	T 172	394	40	40	P 168	392	43	43	
1968	1	T 174	393	40	40	P 168	392	43	43	
1969	1	T 176	392	40	40	P 168	392	57	43	
1970	1	T 178	391	40	40	P 168	392	57	43	
1971	1	T 180	390	40	40	P 182	392	43	43	
1972	1	T 182	389	40	40	P 182	392	43	43	
1973	1	T 184	388	40	40	P 182	392	43	43	
1974	1	T 186	387	40	40	P 182	378	43	57	
1975	1	T 188	386	40	40	P 182	378	57	57	
1976	1	T 190	385	40	40	P 182	378	57	57	
1977	1	T 192	384	40	40	P 182	378	57	57	
1978	1	T 194	383	40	40	P 196	378	43	43	
1979	1	T 196	382	40	40	P 196	378	43	43	
1980	1	T 198	381	40	40	P 196	378	43	43	
1981	1	T 200	380	40	40	P 196	378	43	43	
1982	1	T 202	379	40	40	P 196	378	43	43	
1983	1	T 204	378	40	40	P 196	378	57	43	
1984	1	T 206	377	40	40	P 196	378	57	43	
1985	1	T 208	376	40	40	P 210	378	43	43	
1986	1	T 210	375	40	40	P 210	378	43	43	
1987	1	T 212	374	40	40	P 210	364	43	57	
1988	1	T 214	373	40	40	P 210	364	43	57	
1989	1	T 216	372	40	40	P 210	364	57	57	
1990	1	T 218	371	40	40	P 210	364	57	57	
1991	1	T 220	370	40	40	P 210	364	57	57	
1992	1	T 222	369	40	40	P 224	364	43	43	
1993	1	T 224	368	40	40	P 224	364	43	43	
1994	1	T 226	367	40	40	P 224	364	43	43	
1995	1	T 228	366	40	40	P 224	364	43	43	
1996	1	T 230	365	40	40	P 224	364	43	43	
1997	1	T 232	364	40	40	P 224	364	57	43	
1998	1	T 234	363	40	40	P 238	364	43	43	
1999	1	T 236	362	40	40	P 238	364	43	43	
2000	1	T 238	361	40	40	P 238	364	43	43	
