1	1	T 80	80	40	40	P 82	82	38	38	
2	1	T 82	81	40	40	P 82	82	40	38	
3	1	T 84	82	40	40	P 86	82	38	40	
4	1	T 86	83	40	40	P 88	84	38	38	
5	1	T 88	84	40	40	P 90	86	38	38	
6	1	T 90	85	40	40	P 92	86	36	38	
7	1	T 92	86	40	40	P 94	88	38	36	
8	1	T 94	87	40	40	P 96	88	38	38	
9	1	T 96	88	40	40	P 98	90	38	38	
10	1	T 98	89	40	40	P 100	90	38	38	
11	1	T 100	90	40	40	P 102	92	38	38	
12	1	T 102	91	40	40	P 102	92	40	34	
13	1	T 104	92	40	40	P 104	94	40	38	
14	1	T 106	93	40	40	P 108	94	36	38	
15	1	T 108	94	40	40	P 108	96	40	38	
16	1	T 110	95	40	40	P 112	96	38	40	
17	1	T 112	96	40	40	P 114	96	38	40	
18	1	T 114	97	40	40	P 116	98	38	38	
19	1	T 116	98	40	40	P 116	100	40	38	
20	1	T 118	99	40	40	P 120	100	38	38	
21	1	T 120	100	40	40	P 122	102	38	38	
22	1	T 122	101	40	40	P 124	102	38	38	
23	1	T 124	102	40	40	P 126	104	38	38	
24	1	T 126	103	40	40	P 128	104	38	38	
25	1	T 128	104	40	40	P 130	104	38	38	
26	1	T 130	105	40	40	P 132	106	36	38	
27	1	T 132	106	40	40	P 134	108	38	38	
28	1	T 134	107	40	40	P 136	108	38	38	
29	1	T 136	108	40	40	P 136	108	40	40	
30	1	T 138	109	40	40	P 140	110	38	38	
31	1	T 140	110	40	40	P 142	112	38	38	
32	1	T 142	111	40	40	P 144	112	38	38	
33	1	T 144	112	40	40	P 144	114	40	38	
34	1	T 146	113	40	40	P 146	114	40	38	
35	1	T 148	114	40	40	P 150	116	38	38	
36	1	T 150	115	40	40	P 152	116	38	38	
37	1	T 152	116	40	40	P 152	118	40	38	
38	1	T 154	117	40	40	P 154	118	40	38	
39	1	T 156	118	40	40	P 158	120	38	38	
40	1	T 158	119	40	40	P 160	120	38	40	
41	1	T 160	120	40	40	P 162	120	38	40	
42	1	T 162	121	40	40	P 164	122	38	38	
43	1	T 164	122	40	40	P 166	122	38	40	
44	1	T 166	123	40	40	P 168	126	36	36	
45	1	T 168	124	40	40	P 170	124	38	40	
46	1	T 170	125	40	40	P 172	126	38	38	
47	1	T 172	126	40	40	P 172	128	40	38	
48	1	T 174	127	40	40	P 176	128	38	38	
49	1	T 176	128	40	40	P 178	130	38	38	
50	1	T 178	129	40	40	P 180	130	38	38	
51	1	T 180	130	40	40	P 182	130	38	38	
52	1	T 182	131	40	40	P 184	132	38	40	
53	1	T 184	132	40	40	P 186	134	38	38	
54	1	T 186	133	40	40	P 188	134	38	38	
55	1	T 188	134	40	40	P 190	136	36	36	
56	1	T 190	135	40	40	P 192	136	38	38	
57	1	T 192	136	40	40	P 194	138	38	38	
58	1	T 194	137	40	40	P 196	138	38	38	
59	1	T 196	138	40	40	P 198	140	38	38	
60	1	T 198	139	40	40	P 200	140	36	38	
61	1	T 200	140	40	40	P 200	142	40	36	
62	1	T 202	141	40	40	P 204	142	38	38	
63	1	T 204	142	40	40	P 204	142	40	40	
64	1	T 206	143	40	40	P 206	144	40	38	
65	1	T 208	144	40	40	P 210	146	38	38	
66	1	T 210	145	40	40	P 212	146	38	40	
67	1	T 212	146	40	40	P 212	148	40	36	
68	1	T 214	147	40	40	P 216	148	38	38	
69	1	T 216	148	40	40	P 218	150	38	38	
70	1	T 218	149	40	40	P 218	150	40	38	
71	1	T 220	150	40	40	P 222	150	36	38	
72	1	T 222	151	40	40	P 224	152	38	38	
73	1	T 224	152	40	40	P 226	154	38	38	
74	1	T 226	153	40	40	P 226	154	40	38	
75	1	T 228	154	40	40	P 230	156	38	38	
76	1	T 230	155	40	40	P 232	156	38	38	
77	1	T 232	156	40	40	P 234	158	38	38	
78	1	T 234	157	40	40	P 236	158	38	40	
79	1	T 236	158	40	40	P 238	160	38	38	
80	1	T 238	159	40	40	P 240	162	38	36	
81	1	T 240	160	40	40	P 240	160	40	40	
82	1	T 242	161	40	40	P 244	162	38	38	
83	1	T 244	162	40	40	P 246	164	38	38	
84	1	T 246	163	40	40	P 248	164	38	38	
85	1	T 248	164	40	40	P 248	164	40	40	
86	1	T 250	165	40	40	P 250	166	40	38	
87	1	T 252	166	40	40	P 252	168	40	38	
88	1	T 254	167	40	40	P 254	168	40	38	
89	1	T 256	168	40	40	P 258	170	38	38	
90	1	T 258	169	40	40	P 260	172	38	36	
91	1	T 260	170	40	40	P 262	172	38	38	
92	1	T 262	171	40	40	P 264	172	38	38	
93	1	T 264	172	40	40	P 264	174	38	38	
94	1	T 266	173	40	40	P 268	174	38	38	
95	1	T 268	174	40	40	P 270	174	38	38	
96	1	T 270	175	40	40	P 272	176	38	38	
97	1	T 272	176	40	40	P 274	178	38	38	
98	1	T 274	177	40	40	P 274	178	40	38	
99	1	T 276	178	40	40	P 276	180	40	38	
100	1	T 278	179	40	40	P 280	180	38	38	
101	1	T 280	180	40	40	P 280	180	40	38	
102	1	T 282	181	40	40	P 282	182	40	38	
103	1	T 284	182	40	40	P 286	184	38	38	
104	1	T 286	183	40	40	P 288	184	38	38	
105	1	T 288	184	40	40	P 288	186	40	38	
106	1	T 290	185	40	40	P 292	186	38	38	
107	1	T 292	186	40	40	P 294	188	38	38	
108	1	T 294	187	40	40	P 296	188	38	40	
109	1	T 296	188	40	40	P 296	190	40	38	
110	1	T 298	189	40	40	P 298	192	38	34	
111	1	T 300	190	40	40	P 300	192	40	38	
112	1	T 302	191	40	40	P 304	192	38	38	
113	1	T 304	192	40	40	P 304	194	40	36	
114	1	T 306	193	40	40	P 308	194	38	38	
115	1	T 308	194	40	40	P 310	196	38	36	
116	1	T 310	195	40	40	P 312	196	38	38	
117	1	T 312	196	40	40	P 314	198	38	38	
118	1	T 314	197	40	40	P 314	198	40	38	
119	1	T 316	198	40	40	P 318	200	38	38	
120	1	T 318	199	40	40	P 318	200	40	40	
121	1	T 320	200	40	40	P 322	202	38	38	
122	1	T 322	201	40	40	P 324	202	38	38	
123	1	T 324	202	40	40	P 326	204	38	38	
124	1	T 326	203	40	40	P 326	204	40	38	
125	1	T 328	204	40	40	P 330	204	38	38	
126	1	T 330	205	40	40	P 332	206	38	38	
127	1	T 332	206	40	40	P 332	206	40	40	
128	1	T 334	207	40	40	P 336	210	38	36	
129	1	T 336	208	40	40	P 338	208	38	38	
130	1	T 338	209	40	40	P 340	210	38	40	
131	1	T 340	210	40	40	P 342	210	38	38	
132	1	T 342	211	40	40	P 342	214	40	36	
133	1	T 344	212	40	40	P 346	214	38	38	
134	1	T 346	213	40	40	P 346	214	40	40	
135	1	T 348	214	40	40	P 350	216	38	38	
136	1	T 350	215	40	40	P 352	216	36	38	
137	1	T 352	216	40	40	P 354	218	38	38	
138	1	T 354	217	40	40	P 356	218	38	38	
139	1	T 356	218	40	40	P 356	220	40	36	
140	1	T 358	219	40	40	P 360	220	38	38	
141	1	T 360	220	40	40	P 362	222	38	38	
142	1	T 362	221	40	40	P 364	222	38	38	
143	1	T 364	222	40	40	P 364	222	40	40	
144	1	T 366	223	40	40	P 368	226	38	36	
145	1	T 368	224	40	40	P 370	226	38	38	
146	1	T 370	225	40	40	P 372	226	38	38	
147	1	T 372	226	40	40	P 374	228	38	38	
148	1	T 374	227	40	40	P 376	228	38	38	
149	1	T 376	228	40	40	P 376	230	40	38	
150	1	T 378	229	40	40	P 380	230	38	38	
151	1	T 380	230	40	40	P 380	230	40	40	
152	1	T 382	231	40	40	P 384	232	38	38	
153	1	T 384	232	40	40	P 386	234	38	38	
154	1	T 386	233	40	40	P 388	234	38	40	
155	1	T 388	234	40	40	P 390	234	38	40	
156	1	T 390	235	40	40	P 392	236	38	38	
157	1	T 392	236	40	40	P 392	236	40	40	
158	1	T 394	237	40	40	P 396	238	36	38	
159	1	T 396	238	40	40	P 398	240	38	38	
160	1	T 398	239	40	40	P 400	242	38	36	
161	1	T 400	240	40	40	P 402	242	38	38	
162	1	T 402	241	40	40	P 404	242	38	38	
163	1	T 404	242	40	40	P 406	244	38	38	
164	1	T 406	243	40	40	P 406	244	40	38	
165	1	T 408	244	40	40	P 410	244	38	38	
166	1	T 410	245	40	40	P 410	248	40	38	
167	1	T 412	246	40	40	P 414	248	38	38	
168	1	T 414	247	40	40	P 416	248	38	38	
169	1	T 416	248	40	40	P 418	248	38	40	
170	1	T 418	249	40	40	P 418	250	38	40	
171	1	T 420	250	40	40	P 422	252	38	38	
172	1	T 422	251	40	40	P 424	252	38	40	
173	1	T 424	252	40	40	P 424	254	38	38	
174	1	T 426	253	40	40	P 428	254	38	38	
175	1	T 428	254	40	40	P 430	256	38	38	
176	1	T 430	255	40	40	P 432	256	38	38	
177	1	T 432	256	40	40	P 432	256	40	40	
178	1	T 434	257	40	40	P 434	260	40	36	
179	1	T 436	258	40	40	P 438	260	38	38	
180	1	T 438	259	40	40	P 438	260	40	38	
181	1	T 440	260	40	40	P 442	262	36	36	
182	1	T 442	261	40	40	P 444	262	38	38	
183	1	T 444	262	40	40	P 446	264	38	38	
184	1	T 446	263	40	40	P 448	264	38	38	
185	1	T 448	264	40	40	P 450	264	38	38	
186	1	T 450	265	40	40	P 452	266	38	38	
187	1	T 452	266	40	40	P 454	268	38	38	
188	1	T 454	267	40	40	P 454	268	40	34	
189	1	T 456	268	40	40	P 458	270	36	36	
190	1	T 458	269	40	40	P 460	270	38	38	
191	1	T 460	270	40	40	P 462	272	38	38	
192	1	T 462	271	40	40	P 462	272	40	40	
193	1	T 464	272	40	40	P 466	274	38	38	
194	1	T 466	273	40	40	P 468	274	38	38	
195	1	T 468	274	40	40	P 468	276	40	38	
196	1	T 470	275	40	40	P 472	276	38	38	
197	1	T 472	276	40	40	P 474	278	38	38	
198	1	T 474	277	40	40	P 476	278	38	40	
199	1	T 476	278	40	40	P 478	280	38	38	
200	1	T 478	279	40	40	P 478	280	40	38	
201	1	T 480	280	40	40	P 482	282	38	38	
202	1	T 482	281	40	40	P 484	282	38	40	
203	1	T 484	282	40	40	P 484	284	40	38	
204	1	T 486	283	40	40	P 488	284	38	38	
205	1	T 488	284	40	40	P 490	284	38	40	
206	1	T 490	285	40	40	P 492	288	38	36	
207	1	T 492	286	40	40	P 492	286	40	40	
208	1	T 494	287	40	40	P 496	288	38	38	
209	1	T 496	288	40	40	P 498	290	38	38	
210	1	T 498	289	40	40	P 500	290	38	38	
211	1	T 500	290	40	40	P 502	292	38	38	
212	1	T 502	291	40	40	P 504	292	38	38	
213	1	T 504	292	40	40	P 504	294	38	38	
214	1	T 506	293	40	40	P 508	294	38	40	
215	1	T 508	294	40	40	P 510	296	38	38	
216	1	T 510	295	40	40	P 512	296	38	40	
217	1	T 512	296	40	40	P 514	298	38	38	
218	1	T 514	297	40	40	P 516	298	38	38	
219	1	T 516	298	40	40	P 518	300	38	38	
220	1	T 518	299	40	40	P 518	300	40	38	
221	1	T 520	300	40	40	P 522	302	38	36	
222	1	T 522	301	40	40	P 524	302	38	38	
223	1	T 524	302	40	40	P 526	304	36	38	
224	1	T 526	303	40	40	P 528	304	38	38	
225	1	T 528	304	40	40	P 530	306	38	38	
226	1	T 530	305	40	40	P 532	306	38	38	
227	1	T 532	306	40	40	P 534	308	38	38	
228	1	T 534	307	40	40	P 536	308	38	40	
229	1	T 536	308	40	40	P 536	308	40	40	
230	1	T 538	309	40	40	P 538	310	40	36	
231	1	T 540	310	40	40	P 540	312	40	38	
232	1	T 542	311	40	40	P 544	312	38	38	
233	1	T 544	312	40	40	P 546	314	38	38	
234	1	T 546	313	40	40	P 546	314	40	38	
235	1	T 548	314	40	40	P 550	316	38	38	
236	1	T 550	315	40	40	P 550	316	38	34	
237	1	T 552	316	40	40	P 554	316	38	38	
238	1	T 554	317	40	40	P 556	318	38	38	
239	1	T 556	318	40	40	P 558	320	38	38	
240	1	T 558	319	40	40	P 560	320	38	38	
241	1	T 560	320	40	40	P 562	322	38	36	
242	1	T 562	321	40	40	P 564	322	38	38	
243	1	T 564	322	40	40	P 566	322	38	38	
244	1	T 566	323	40	40	P 566	324	40	38	
245	1	T 568	324	40	40	P 570	326	38	38	
246	1	T 570	325	40	40	P 572	326	38	38	
247	1	T 572	326	40	40	P 574	328	38	38	
248	1	T 574	327	40	40	P 574	328	40	34	
249	1	T 576	328	40	40	P 576	330	40	36	
250	1	T 578	329	40	40	P 580	330	38	38	
251	1	T 580	330	40	40	P 582	330	38	40	
252	1	T 582	331	40	40	P 584	332	38	38	
253	1	T 584	332	40	40	P 586	332	38	40	
254	1	T 586	333	40	40	P 588	334	38	38	
255	1	T 588	334	40	40	P 588	336	40	36	
256	1	T 590	335	40	40	P 590	336	40	36	
257	1	T 592	336	40	40	P 594	338	38	38	
258	1	T 594	337	40	40	P 594	338	40	38	
259	1	T 596	338	40	40	P 598	340	38	38	
260	1	T 598	339	40	40	P 598	340	40	38	
261	1	T 600	340	40	40	P 602	342	38	38	
262	1	T 602	341	40	40	P 602	342	40	36	
263	1	T 604	342	40	40	P 606	344	38	38	
264	1	T 606	343	40	40	P 608	346	38	36	
265	1	T 608	344	40	40	P 608	344	40	38	
266	1	T 610	345	40	40	P 612	346	38	40	
267	1	T 612	346	40	40	P 614	348	36	38	
268	1	T 614	347	40	40	P 616	348	38	38	
269	1	T 616	348	40	40	P 618	350	38	38	
270	1	T 618	349	40	40	P 620	350	38	38	
271	1	T 620	350	40	40	P 622	352	38	38	
272	1	T 622	351	40	40	P 624	352	38	38	
273	1	T 624	352	40	40	P 626	354	38	38	
274	1	T 626	353	40	40	P 628	354	38	38	
275	1	T 628	354	40	40	P 630	356	38	38	
276	1	T 630	355	40	40	P 630	356	40	40	
277	1	T 632	356	40	40	P 634	358	38	38	
278	1	T 634	357	40	40	P 634	360	40	36	
279	1	T 636	358	40	40	P 636	358	40	40	
280	1	T 638	359	40	40	P 640	360	38	38	
281	1	T 640	360	40	40	P 642	362	36	38	
282	1	T 642	361	40	40	P 644	362	38	38	
283	1	T 644	362	40	40	P 646	364	38	38	
284	1	T 646	363	40	40	P 648	364	38	38	
285	1	T 648	364	40	40	P 648	366	38	38	
286	1	T 650	365	40	40	P 652	366	38	38	
287	1	T 652	366	40	40	P 654	368	38	36	
288	1	T 654	367	40	40	P 656	370	36	36	
289	1	T 656	368	40	40	P 656	370	40	38	
290	1	T 658	369	40	40	P 660	370	38	38	
291	1	T 660	370	40	40	P 662	372	38	38	
292	1	T 658	371	40	40	P 660	372	38	40	
293	1	T 656	372	40	40	P 656	374	40	38	
294	1	T 654	373	40	40	P 656	374	38	40	
295	1	T 652	374	40	40	P 654	374	38	38	
296	1	T 650	375	40	40	P 652	376	38	40	
297	1	T 648	376	40	40	P 648	378	40	36	
298	1	T 646	377	40	40	P 648	378	38	38	
299	1	T 644	378	40	40	P 644	380	40	38	
300	1	T 642	379	40	40	P 644	380	38	38	
301	1	T 640	380	40	40	P 642	382	38	38	
302	1	T 638	381	40	40	P 640	382	38	38	
303	1	T 636	382	40	40	P 638	384	38	38	
304	1	T 634	383	40	40	P 634	384	40	40	
305	1	T 632	384	40	40	P 632	386	40	36	
306	1	T 630	385	40	40	P 632	386	38	38	
307	1	T 628	386	40	40	P 628	388	38	38	
308	1	T 626	387	40	40	P 628	388	38	38	
309	1	T 624	388	40	40	P 626	390	38	38	
310	1	T 622	389	40	40	P 622	390	40	38	
311	1	T 620	390	40	40	P 620	392	40	36	
312	1	T 618	391	40	40	P 620	392	38	38	
313	1	T 616	392	40	40	P 616	394	40	38	
314	1	T 614	393	40	40	P 616	394	36	38	
315	1	T 612	394	40	40	P 614	394	38	40	
316	1	T 610	395	40	40	P 612	396	38	38	
317	1	T 608	396	40	40	P 610	396	38	40	
318	1	T 606	397	40	40	P 608	398	38	38	
319	1	T 604	398	40	40	P 604	400	40	36	
320	1	T 602	399	40	40	P 604	400	38	38	
321	1	T 600	400	40	40	P 602	402	38	38	
322	1	T 598	401	40	40	P 600	402	38	40	
323	1	T 596	402	40	40	P 598	404	38	38	
324	1	T 594	403	40	40	P 594	404	40	38	
325	1	T 592	404	40	40	P 592	406	40	38	
326	1	T 590	405	40	40	P 590	406	40	36	
327	1	T 588	406	40	40	P 590	406	38	40	
328	1	T 586	407	40	40	P 588	408	38	38	
329	1	T 584	408	40	40	P 586	408	38	40	
330	1	T 582	409	40	40	P 584	410	38	38	
331	1	T 580	410	40	40	P 582	412	38	38	
332	1	T 578	411	40	40	P 580	412	38	38	
333	1	T 576	412	40	40	P 578	412	38	38	
334	1	T 574	413	40	40	P 574	414	40	36	
335	1	T 572	414	40	40	P 574	416	38	38	
336	1	T 570	415	40	40	P 570	416	40	38	
337	1	T 568	416	40	40	P 568	418	38	38	
338	1	T 566	417	40	40	P 568	418	38	40	
339	1	T 564	418	40	40	P 564	418	40	40	
340	1	T 562	419	40	40	P 564	420	36	38	
341	1	T 560	420	40	40	P 562	422	38	38	
342	1	T 558	419	40	40	P 560	420	38	38	
343	1	T 556	418	40	40	P 558	418	38	40	
344	1	T 554	417	40	40	P 556	418	38	38	
345	1	T 552	416	40	40	P 554	418	38	38	
346	1	T 550	415	40	40	P 550	416	40	36	
347	1	T 548	414	40	40	P 548	416	38	36	
348	1	T 546	413	40	40	P 546	414	40	36	
349	1	T 544	412	40	40	P 544	412	38	38	
350	1	T 542	411	40	40	P 544	412	38	38	
351	1	T 540	410	40	40	P 542	412	38	38	
352	1	T 538	409	40	40	P 540	410	38	38	
353	1	T 536	408	40	40	P 538	410	38	38	
354	1	T 534	407	40	40	P 536	408	38	38	
355	1	T 532	406	40	40	P 532	406	40	40	
356	1	T 530	405	40	40	P 532	406	38	38	
357	1	T 528	404	40	40	P 530	406	38	38	
358	1	T 526	403	40	40	P 526	404	40	36	
359	1	T 524	402	40	40	P 526	404	38	36	
360	1	T 522	401	40	40	P 522	402	40	34	
361	1	T 520	400	40	40	P 522	402	38	38	
362	1	T 518	399	40	40	P 520	400	38	38	
363	1	T 516	398	40	40	P 516	400	40	38	
364	1	T 514	397	40	40	P 516	398	38	40	
365	1	T 512	396	40	40	P 514	398	38	38	
366	1	T 510	395	40	40	P 510	396	40	38	
367	1	T 508	394	40	40	P 510	396	38	36	
368	1	T 506	393	40	40	P 508	394	38	38	
369	1	T 504	392	40	40	P 506	392	38	38	
370	1	T 502	391	40	40	P 504	392	38	38	
371	1	T 500	390	40	40	P 502	392	38	38	
372	1	T 498	389	40	40	P 500	390	38	38	
373	1	T 496	388	40	40	P 498	390	38	38	
374	1	T 494	387	40	40	P 494	388	40	36	
375	1	T 492	386	40	40	P 492	386	40	40	
376	1	T 490	385	40	40	P 492	386	38	38	
377	1	T 488	384	40	40	P 490	386	38	36	
378	1	T 486	383	40	40	P 486	384	40	38	
379	1	T 484	382	40	40	P 486	384	38	38	
380	1	T 482	381	40	40	P 484	382	38	38	
381	1	T 480	380	40	40	P 480	382	40	38	
382	1	T 478	379	40	40	P 480	380	38	38	
383	1	T 476	378	40	40	P 478	378	38	38	
384	1	T 474	377	40	40	P 474	378	40	40	
385	1	T 472	376	40	40	P 474	378	38	38	
386	1	T 470	375	40	40	P 470	376	40	34	
387	1	T 468	374	40	40	P 468	376	40	38	
388	1	T 466	373	40	40	P 468	374	38	38	
389	1	T 464	372	40	40	P 466	372	38	38	
390	1	T 462	371	40	40	P 464	374	38	36	
391	1	T 460	370	40	40	P 462	370	38	40	
392	1	T 458	369	40	40	P 460	370	38	38	
393	1	T 456	368	40	40	P 458	368	38	40	
394	1	T 454	367	40	40	P 456	368	38	38	
395	1	T 452	366	40	40	P 452	368	40	38	
396	1	T 450	365	40	40	P 452	366	38	38	
397	1	T 448	364	40	40	P 450	366	38	38	
398	1	T 446	363	40	40	P 448	364	38	38	
399	1	T 444	362	40	40	P 444	362	40	40	
400	1	T 442	361	40	40	P 444	364	38	36	
401	1	T 440	360	40	40	P 442	362	38	36	
402	1	T 438	359	40	40	P 440	360	38	40	
403	1	T 436	358	40	40	P 438	360	38	38	
404	1	T 434	357	40	40	P 436	358	38	40	
405	1	T 432	356	40	40	P 434	358	36	38	
406	1	T 430	355	40	40	P 432	356	38	38	
407	1	T 428	354	40	40	P 430	354	38	38	
408	1	T 426	353	40	40	P 428	354	38	40	
409	1	T 424	352	40	40	P 426	352	38	40	
410	1	T 422	351	40	40	P 422	352	40	34	
411	1	T 420	350	40	40	P 420	352	40	38	
412	1	T 418	349	40	40	P 420	350	38	38	
413	1	T 416	348	40	40	P 418	350	38	36	
414	1	T 414	347	40	40	P 416	348	38	38	
415	1	T 412	346	40	40	P 414	346	38	40	
416	1	T 410	345	40	40	P 412	346	38	38	
417	1	T 408	344	40	40	P 410	346	38	38	
418	1	T 406	343	40	40	P 406	344	40	38	
419	1	T 404	342	40	40	P 404	344	40	38	
420	1	T 402	341	40	40	P 404	342	38	38	
421	1	T 400	340	40	40	P 402	340	38	40	
422	1	T 398	339	40	40	P 400	340	38	38	
423	1	T 396	338	40	40	P 398	338	38	40	
424	1	T 394	337	40	40	P 394	338	40	38	
425	1	T 392	336	40	40	P 394	336	38	40	
426	1	T 390	335	40	40	P 392	336	38	40	
427	1	T 388	334	40	40	P 390	336	38	38	
428	1	T 386	333	40	40	P 386	334	40	38	
429	1	T 384	332	40	40	P 386	334	38	38	
430	1	T 382	331	40	40	P 384	334	38	36	
431	1	T 380	330	40	40	P 380	332	40	38	
432	1	T 378	329	40	40	P 378	330	40	38	
433	1	T 376	328	40	40	P 378	328	38	40	
434	1	T 374	327	40	40	P 376	328	38	38	
435	1	T 372	326	40	40	P 372	328	40	38	
436	1	T 370	325	40	40	P 370	326	40	36	
437	1	T 368	324	40	40	P 370	326	38	36	
438	1	T 366	323	40	40	P 368	324	38	38	
439	1	T 364	322	40	40	P 364	324	40	38	
440	1	T 362	321	40	40	P 364	324	38	36	
441	1	T 360	320	40	40	P 362	322	38	38	
442	1	T 358	319	40	40	P 360	320	36	40	
443	1	T 356	318	40	40	P 358	320	38	38	
444	1	T 354	317	40	40	P 356	318	38	40	
445	1	T 352	316	40	40	P 354	318	38	38	
446	1	T 350	315	40	40	P 352	316	38	38	
447	1	T 348	314	40	40	P 350	316	36	38	
448	1	T 346	313	40	40	P 348	314	38	40	
449	1	T 344	312	40	40	P 346	314	38	38	
450	1	T 342	311	40	40	P 342	312	40	38	
451	1	T 340	310	40	40	P 342	310	38	40	
452	1	T 338	309	40	40	P 340	310	38	38	
453	1	T 336	308	40	40	P 338	310	38	38	
454	1	T 334	307	40	40	P 336	308	38	38	
455	1	T 332	306	40	40	P 334	308	38	38	
456	1	T 330	305	40	40	P 332	306	38	38	
457	1	T 328	304	40	40	P 330	306	38	38	
458	1	T 326	303	40	40	P 328	304	38	40	
459	1	T 324	302	40	40	P 326	304	38	38	
460	1	T 322	301	40	40	P 324	302	38	38	
461	1	T 320	300	40	40	P 322	300	38	40	
462	1	T 318	299	40	40	P 318	300	40	38	
463	1	T 316	298	40	40	P 318	300	38	38	
464	1	T 314	297	40	40	P 316	298	38	38	
465	1	T 312	296	40	40	P 314	298	38	38	
466	1	T 310	295	40	40	P 310	296	38	38	
467	1	T 308	294	40	40	P 310	294	38	40	
468	1	T 306	293	40	40	P 308	294	38	38	
469	1	T 304	292	40	40	P 306	294	38	38	
470	1	T 302	291	40	40	P 304	292	38	38	
471	1	T 300	290	40	40	P 302	292	38	36	
472	1	T 298	289	40	40	P 298	290	40	38	
473	1	T 296	288	40	40	P 298	290	38	38	
474	1	T 294	287	40	40	P 296	288	38	40	
475	1	T 292	286	40	40	P 292	288	40	36	
476	1	T 290	285	40	40	P 292	286	38	38	
477	1	T 288	284	40	40	P 288	286	40	38	
478	1	T 286	283	40	40	P 286	284	40	38	
479	1	T 284	282	40	40	P 286	284	38	36	
480	1	T 282	281	40	40	P 282	282	40	38	
481	1	T 280	280	40	40	P 282	282	38	38	
482	1	T 278	279	40	40	P 278	280	40	38	
483	1	T 276	278	40	40	P 278	278	38	38	
484	1	T 274	277	40	40	P 276	278	38	38	
485	1	T 272	276	40	40	P 272	278	40	38	
486	1	T 270	275	40	40	P 270	276	40	36	
487	1	T 268	274	40	40	P 268	276	40	38	
488	1	T 266	273	40	40	P 268	274	38	40	
489	1	T 264	272	40	40	P 264	272	40	38	
490	1	T 262	271	40	40	P 264	272	36	40	
491	1	T 260	270	40	40	P 262	272	38	36	
492	1	T 258	269	40	40	P 260	272	38	36	
493	1	T 256	268	40	40	P 258	270	38	38	
494	1	T 254	267	40	40	P 256	268	38	38	
495	1	T 252	266	40	40	P 254	268	38	38	
496	1	T 250	265	40	40	P 250	266	40	34	
497	1	T 248	264	40	40	P 248	264	40	40	
498	1	T 246	263	40	40	P 246	264	38	40	
499	1	T 244	262	40	40	P 246	264	38	38	
500	1	T 242	261	40	40	P 242	262	40	38	
501	1	T 240	260	40	40	P 240	262	40	38	
502	1	T 238	259	40	40	P 240	260	38	38	
503	1	T 236	258	40	40	P 238	260	38	38	
504	1	T 234	257	40	40	P 236	258	38	38	
505	1	T 232	256	40	40	P 234	258	38	38	
506	1	T 230	255	40	40	P 230	256	40	38	
507	1	T 228	254	40	40	P 230	256	38	38	
508	1	T 226	253	40	40	P 226	254	40	38	
509	1	T 224	252	40	40	P 226	254	36	38	
510	1	T 222	251	40	40	P 224	252	38	38	
511	1	T 220	250	40	40	P 222	250	38	40	
512	1	T 218	249	40	40	P 220	252	38	36	
513	1	T 216	248	40	40	P 216	250	40	38	
514	1	T 214	247	40	40	P 216	248	38	38	
515	1	T 212	246	40	40	P 214	248	38	38	
516	1	T 210	245	40	40	P 210	246	40	38	
517	1	T 208	244	40	40	P 210	246	38	38	
518	1	T 206	243	40	40	P 208	246	38	36	
519	1	T 204	242	40	40	P 204	242	40	40	
520	1	T 202	241	40	40	P 204	242	38	40	
521	1	T 200	240	40	40	P 202	242	38	38	
522	1	T 198	239	40	40	P 200	240	36	38	
523	1	T 196	238	40	40	P 198	240	38	38	
524	1	T 194	237	40	40	P 196	238	38	38	
525	1	T 192	236	40	40	P 194	238	38	38	
526	1	T 190	235	40	40	P 192	236	38	38	
527	1	T 188	234	40	40	P 190	234	38	40	
528	1	T 186	233	40	40	P 186	234	40	34	
529	1	T 184	232	40	40	P 186	234	38	38	
530	1	T 182	231	40	40	P 182	234	40	34	
531	1	T 180	230	40	40	P 180	230	40	40	
532	1	T 178	229	40	40	P 180	230	38	38	
533	1	T 176	228	40	40	P 176	230	40	38	
534	1	T 174	227	40	40	P 176	228	38	38	
535	1	T 172	226	40	40	P 172	226	40	40	
536	1	T 170	225	40	40	P 172	226	38	40	
537	1	T 168	224	40	40	P 170	224	38	38	
538	1	T 166	223	40	40	P 166	224	40	38	
539	1	T 164	222	40	40	P 166	224	36	36	
540	1	T 162	221	40	40	P 162	222	40	38	
541	1	T 160	220	40	40	P 160	222	40	38	
542	1	T 158	219	40	40	P 160	222	38	36	
543	1	T 156	218	40	40	P 158	220	38	38	
544	1	T 154	217	40	40	P 156	218	38	40	
545	1	T 152	216	40	40	P 152	218	40	38	
546	1	T 150	215	40	40	P 152	216	38	38	
547	1	T 148	214	40	40	P 148	214	40	38	
548	1	T 146	213	40	40	P 146	214	40	38	
549	1	T 144	212	40	40	P 144	212	40	38	
550	1	T 142	211	40	40	P 144	212	38	38	
551	1	T 140	210	40	40	P 142	212	38	38	
552	1	T 138	209	40	40	P 138	210	40	38	
553	1	T 136	208	40	40	P 138	210	38	38	
554	1	T 134	207	40	40	P 134	208	40	36	
555	1	T 132	206	40	40	P 134	208	38	38	
556	1	T 130	205	40	40	P 132	206	38	38	
557	1	T 128	204	40	40	P 128	206	38	38	
558	1	T 126	203	40	40	P 128	204	38	38	
559	1	T 124	202	40	40	P 126	202	38	40	
560	1	T 122	201	40	40	P 124	202	38	38	
561	1	T 120	200	40	40	P 120	200	40	38	
562	1	T 118	199	40	40	P 118	200	40	38	
563	1	T 116	198	40	40	P 118	200	38	38	
564	1	T 114	197	40	40	P 116	198	38	38	
565	1	T 112	196	40	40	P 114	198	38	38	
566	1	T 110	195	40	40	P 112	196	38	38	
567	1	T 108	194	40	40	P 108	194	40	40	
568	1	T 106	193	40	40	P 108	194	38	40	
569	1	T 104	192	40	40	P 106	194	38	38	
570	1	T 102	191	40	40	P 104	192	36	38	
571	1	T 100	190	40	40	P 102	192	38	36	
572	1	T 98	189	40	40	P 98	190	40	38	
573	1	T 96	188	40	40	P 98	188	38	40	
574	1	T 94	187	40	40	P 96	188	38	38	
575	1	T 92	186	40	40	P 92	188	40	38	
576	1	T 90	185	40	40	P 92	186	38	38	
577	1	T 88	184	40	40	P 90	186	38	38	
578	1	T 86	183	40	40	P 88	184	38	38	
579	1	T 84	182	40	40	P 86	184	38	38	
580	1	T 82	181	40	40	P 84	182	38	38	
581	1	T 80	180	40	40	P 82	182	38	38	
582	1	T 78	179	40	40	P 80	182	38	36	
583	1	T 76	178	40	40	P 78	180	38	38	
584	1	T 74	177	40	40	P 76	178	36	38	
585	1	T 72	176	40	40	P 74	178	38	38	
586	1	T 70	175	40	40	P 72	176	38	38	
587	1	T 68	174	40	40	P 70	174	38	38	
588	1	T 66	173	40	40	P 68	174	38	38	
589	1	T 64	172	40	40	P 66	172	38	38	
590	1	T 62	171	40	40	P 64	172	38	38	
591	1	T 60	170	40	40	P 60	170	40	40	
592	1	T 58	169	40	40	P 60	170	38	38	
593	1	T 56	168	40	40	P 58	168	38	40	
594	1	T 54	167	40	40	P 56	168	38	38	
595	1	T 52	166	40	40	P 52	168	40	38	
596	1	T 50	165	40	40	P 52	166	38	38	
597	1	T 48	164	40	40	P 48	166	40	38	
598	1	T 46	163	40	40	P 48	164	36	38	
599	1	T 44	162	40	40	P 44	164	40	38	
600	1	T 42	161	40	40	P 42	162	40	38	
601	1	T 40	160	40	40	P 42	160	38	38	
602	1	T 38	159	40	40	P 40	160	38	38	
603	1	T 36	158	40	40	P 38	160	38	36	
604	1	T 34	157	40	40	P 34	158	40	34	
605	1	T 32	156	40	40	P 34	158	38	38	
606	1	T 30	155	40	40	P 30	158	40	36	
607	1	T 28	154	40	40	P 28	154	40	40	
608	1	T 26	153	40	40	P 28	154	38	38	
609	1	T 24	152	40	40	P 26	154	36	36	
610	1	T 22	151	40	40	P 24	152	38	38	
611	1	T 20	150	40	40	P 22	150	38	40	
612	1	T 22	149	40	40	P 22	150	40	38	
613	1	T 24	148	40	40	P 26	150	38	38	
614	1	T 26	147	40	40	P 28	148	38	38	
615	1	T 28	146	40	40	P 30	148	38	38	
616	1	T 30	145	40	40	P 32	146	38	38	
617	1	T 32	144	40	40	P 32	146	38	38	
618	1	T 34	143	40	40	P 36	144	38	38	
619	1	T 36	142	40	40	P 38	144	38	38	
620	1	T 38	141	40	40	P 40	142	38	38	
621	1	T 40	140	40	40	P 40	142	40	38	
622	1	T 42	139	40	40	P 44	142	38	38	
623	1	T 44	138	40	40	P 46	138	38	40	
624	1	T 46	137	40	40	P 48	138	38	38	
625	1	T 48	136	40	40	P 50	138	38	36	
626	1	T 50	135	40	40	P 52	136	38	38	
627	1	T 52	134	40	40	P 54	136	38	38	
628	1	T 54	133	40	40	P 56	134	38	38	
629	1	T 56	132	40	40	P 56	132	40	36	
630	1	T 58	131	40	40	P 60	132	38	38	
631	1	T 60	130	40	40	P 60	132	40	38	
632	1	T 62	129	40	40	P 64	130	38	38	
633	1	T 64	128	40	40	P 64	128	40	40	
634	1	T 66	127	40	40	P 66	128	40	36	
635	1	T 68	126	40	40	P 70	128	38	38	
636	1	T 70	125	40	40	P 70	126	40	38	
637	1	T 72	124	40	40	P 74	124	38	40	
638	1	T 74	123	40	40	P 76	124	38	38	
639	1	T 76	122	40	40	P 78	124	38	38	
640	1	T 78	121	40	40	P 80	122	38	40	
641	1	T 80	120	40	40	P 82	122	38	38	
642	1	T 82	119	40	40	P 84	120	38	40	
643	1	T 84	118	40	40	P 86	120	38	38	
644	1	T 86	117	40	40	P 86	118	40	38	
645	1	T 88	116	40	40	P 90	118	38	38	
646	1	T 90	115	40	40	P 92	116	38	38	
647	1	T 92	114	40	40	P 94	116	38	36	
648	1	T 94	113	40	40	P 96	114	38	40	
649	1	T 96	112	40	40	P 98	114	38	38	
650	1	T 98	111	40	40	P 100	112	38	40	
651	1	T 100	110	40	40	P 100	110	40	40	
652	1	T 102	109	40	40	P 104	110	38	38	
653	1	T 104	108	40	40	P 104	110	40	38	
654	1	T 106	107	40	40	P 108	108	38	38	
655	1	T 108	106	40	40	P 110	106	38	40	
656	1	T 110	105	40	40	P 112	106	36	38	
657	1	T 112	104	40	40	P 114	106	38	38	
658	1	T 114	103	40	40	P 116	104	38	38	
659	1	T 116	102	40	40	P 118	104	38	38	
660	1	T 118	101	40	40	P 120	102	38	38	
661	1	T 120	100	40	40	P 122	100	38	40	
662	1	T 122	99	40	40	P 122	100	40	38	
663	1	T 124	98	40	40	P 126	100	38	38	
664	1	T 126	97	40	40	P 126	98	40	36	
665	1	T 128	96	40	40	P 130	98	36	36	
666	1	T 130	95	40	40	P 132	96	38	40	
667	1	T 132	94	40	40	P 134	96	38	38	
668	1	T 134	93	40	40	P 136	94	38	38	
669	1	T 136	92	40	40	P 138	94	38	38	
670	1	T 138	91	40	40	P 140	92	38	38	
671	1	T 140	90	40	40	P 142	92	38	38	
672	1	T 142	89	40	40	P 144	92	38	36	
673	1	T 144	88	40	40	P 146	88	38	40	
674	1	T 146	87	40	40	P 148	88	38	40	
675	1	T 148	86	40	40	P 150	88	38	38	
676	1	T 150	85	40	40	P 152	86	38	38	
677	1	T 152	84	40	40	P 154	86	38	38	
678	1	T 154	83	40	40	P 156	84	38	38	
679	1	T 156	82	40	40	P 158	84	38	38	
680	1	T 158	81	40	40	P 160	82	38	38	
681	1	T 160	80	40	40	P 162	82	38	36	
682	1	T 162	79	40	40	P 162	80	38	38	
683	1	T 164	78	40	40	P 166	78	38	40	
684	1	T 166	77	40	40	P 168	78	38	38	
685	1	T 168	76	40	40	P 168	76	40	40	
686	1	T 170	75	40	40	P 172	76	38	38	
687	1	T 172	74	40	40	P 174	76	38	38	
688	1	T 174	73	40	40	P 176	74	36	38	
689	1	T 176	72	40	40	P 178	74	38	36	
690	1	T 178	71	40	40	P 180	72	38	38	
691	1	T 180	70	40	40	P 182	72	36	36	
692	1	T 182	69	40	40	P 182	70	40	38	
693	1	T 184	68	40	40	P 184	70	38	38	
694	1	T 186	67	40	40	P 188	68	38	38	
695	1	T 188	66	40	40	P 188	68	40	36	
696	1	T 190	65	40	40	P 192	68	38	36	
697	1	T 192	64	40	40	P 192	66	40	38	
698	1	T 194	63	40	40	P 196	64	38	38	
699	1	T 196	62	40	40	P 198	64	36	36	
700	1	T 198	61	40	40	P 200	62	38	40	
701	1	T 200	60	40	40	P 202	62	38	38	
702	1	T 202	59	40	40	P 202	60	40	38	
703	1	T 204	58	40	40	P 206	60	38	38	
704	1	T 206	57	40	40	P 208	58	38	38	
705	1	T 208	56	40	40	P 210	58	38	38	
706	1	T 210	55	40	40	P 212	56	38	40	
707	1	T 212	54	40	40	P 214	56	38	38	
708	1	T 214	53	40	40	P 214	54	38	40	
709	1	T 216	52	40	40	P 218	54	38	38	
710	1	T 218	51	40	40	P 218	52	40	40	
711	1	T 220	50	40	40	P 220	52	38	38	
712	1	T 222	49	40	40	P 222	50	40	40	
713	1	T 224	48	40	40	P 224	50	40	38	
714	1	T 226	47	40	40	P 228	48	38	38	
715	1	T 228	46	40	40	P 230	48	38	38	
716	1	T 230	45	40	40	P 232	46	38	40	
717	1	T 232	44	40	40	P 232	46	40	38	
718	1	T 234	43	40	40	P 236	44	36	38	
719	1	T 236	42	40	40	P 236	44	40	38	
720	1	T 238	41	40	40	P 240	42	38	40	
721	1	T 240	40	40	40	P 242	40	38	38	
722	1	T 242	39	40	40	P 244	40	38	38	
723	1	T 244	38	40	40	P 244	38	40	38	
724	1	T 246	37	40	40	P 248	38	38	38	
725	1	T 248	36	40	40	P 250	38	38	38	
726	1	T 250	35	40	40	P 252	36	38	40	
727	1	T 252	34	40	40	P 254	34	38	40	
728	1	T 254	33	40	40	P 256	34	38	38	
729	1	T 256	32	40	40	P 258	34	38	38	
730	1	T 258	31	40	40	P 258	34	40	36	
731	1	T 260	30	40	40	P 262	32	38	38	
732	1	T 262	29	40	40	P 264	30	38	38	
733	1	T 264	28	40	40	P 264	30	40	38	
734	1	T 266	27	40	40	P 268	28	38	38	
735	1	T 268	26	40	40	P 268	26	40	40	
736	1	T 270	25	40	40	P 272	26	36	38	
737	1	T 272	24	40	40	P 272	24	40	40	
738	1	T 274	23	40	40	P 274	24	40	38	
739	1	T 276	22	40	40	P 278	24	38	38	
740	1	T 278	21	40	40	P 278	22	40	38	
741	1	T 280	20	40	40	P 282	20	36	38	
742	1	T 282	21	40	40	P 284	22	38	38	
743	1	T 284	22	40	40	P 284	24	40	38	
744	1	T 286	23	40	40	P 288	24	38	38	
745	1	T 288	24	40	40	P 290	26	38	38	
746	1	T 290	25	40	40	P 290	26	40	36	
747	1	T 292	26	40	40	P 294	28	38	38	
748	1	T 294	27	40	40	P 296	28	38	38	
749	1	T 296	28	40	40	P 298	30	38	38	
750	1	T 298	29	40	40	P 298	30	40	34	
751	1	T 300	30	40	40	P 302	32	38	38	
752	1	T 302	31	40	40	P 304	32	38	38	
753	1	T 304	32	40	40	P 304	34	40	36	
754	1	T 306	33	40	40	P 308	34	36	38	
755	1	T 308	34	40	40	P 310	34	38	40	
756	1	T 310	35	40	40	P 310	36	38	34	
757	1	T 312	36	40	40	P 312	38	40	36	
758	1	T 314	37	40	40	P 316	38	38	38	
759	1	T 316	38	40	40	P 318	40	38	38	
760	1	T 318	39	40	40	P 318	40	40	38	
761	1	T 320	40	40	40	P 320	40	40	40	
762	1	T 322	41	40	40	P 322	42	40	38	
763	1	T 324	42	40	40	P 326	42	38	40	
764	1	T 326	43	40	40	P 328	44	38	38	
765	1	T 328	44	40	40	P 330	46	38	38	
766	1	T 330	45	40	40	P 332	46	38	40	
767	1	T 332	46	40	40	P 334	48	38	38	
768	1	T 334	47	40	40	P 336	48	38	38	
769	1	T 336	48	40	40	P 338	48	36	40	
770	1	T 338	49	40	40	P 340	50	36	38	
771	1	T 340	50	40	40	P 342	52	38	38	
772	1	T 342	51	40	40	P 344	54	38	38	
773	1	T 344	52	40	40	P 346	54	38	38	
774	1	T 346	53	40	40	P 346	54	40	36	
775	1	T 348	54	40	40	P 350	56	38	38	
776	1	T 350	55	40	40	P 350	56	40	34	
777	1	T 352	56	40	40	P 352	58	40	38	
778	1	T 354	57	40	40	P 356	58	38	38	
779	1	T 356	58	40	40	P 358	60	38	38	
780	1	T 358	59	40	40	P 360	60	38	38	
781	1	T 360	60	40	40	P 362	60	38	40	
782	1	T 362	61	40	40	P 364	62	38	38	
783	1	T 364	62	40	40	P 366	64	38	38	
784	1	T 366	63	40	40	P 368	64	38	40	
785	1	T 368	64	40	40	P 370	66	38	38	
786	1	T 370	65	40	40	P 372	66	38	38	
787	1	T 372	66	40	40	P 374	68	38	38	
788	1	T 374	67	40	40	P 376	68	38	38	
789	1	T 376	68	40	40	P 378	68	38	38	
790	1	T 378	69	40	40	P 380	70	38	38	
791	1	T 380	70	40	40	P 380	70	40	40	
792	1	T 382	71	40	40	P 382	72	40	38	
793	1	T 384	72	40	40	P 384	72	40	40	
794	1	T 386	73	40	40	P 388	74	38	38	
795	1	T 388	74	40	40	P 388	76	40	36	
796	1	T 390	75	40	40	P 392	76	38	38	
797	1	T 392	76	40	40	P 394	78	38	38	
798	1	T 394	77	40	40	P 394	78	40	36	
799	1	T 396	78	40	40	P 398	80	38	38	
800	1	T 398	79	40	40	P 400	80	38	38	
801	1	T 400	80	40	40	P 402	82	38	38	
802	1	T 402	81	40	40	P 404	84	36	36	
803	1	T 404	82	40	40	P 406	84	38	38	
804	1	T 406	83	40	40	P 408	84	38	40	
805	1	T 408	84	40	40	P 410	86	38	38	
806	1	T 410	85	40	40	P 412	86	38	38	
807	1	T 412	86	40	40	P 414	88	38	38	
808	1	T 414	87	40	40	P 416	88	38	40	
809	1	T 416	88	40	40	P 418	88	38	40	
810	1	T 418	89	40	40	P 420	90	38	38	
811	1	T 420	90	40	40	P 422	92	38	38	
812	1	T 422	91	40	40	P 424	94	38	36	
813	1	T 424	92	40	40	P 426	94	38	38	
814	1	T 426	93	40	40	P 428	94	38	40	
815	1	T 428	94	40	40	P 430	94	38	40	
816	1	T 430	95	40	40	P 430	96	40	38	
817	1	T 432	96	40	40	P 434	96	38	40	
818	1	T 434	97	40	40	P 434	98	40	38	
819	1	T 436	98	40	40	P 438	98	38	40	
820	1	T 438	99	40	40	P 440	100	36	38	
821	1	T 440	100	40	40	P 442	102	36	38	
822	1	T 442	101	40	40	P 444	104	38	36	
823	1	T 444	102	40	40	P 446	102	38	40	
824	1	T 446	103	40	40	P 448	104	38	40	
825	1	T 448	104	40	40	P 450	104	38	40	
826	1	T 450	105	40	40	P 452	106	38	38	
827	1	T 452	106	40	40	P 452	106	40	38	
828	1	T 454	107	40	40	P 454	108	40	38	
829	1	T 456	108	40	40	P 456	108	40	40	
830	1	T 458	109	40	40	P 460	110	38	40	
831	1	T 460	110	40	40	P 462	112	38	38	
832	1	T 462	111	40	40	P 464	112	38	38	
833	1	T 464	112	40	40	P 464	114	40	38	
834	1	T 466	113	40	40	P 468	116	38	38	
835	1	T 468	114	40	40	P 470	116	38	38	
836	1	T 470	115	40	40	P 470	116	40	40	
837	1	T 472	116	40	40	P 472	116	40	38	
838	1	T 474	117	40	40	P 476	118	36	40	
839	1	T 476	118	40	40	P 478	118	38	40	
840	1	T 478	119	40	40	P 480	120	38	40	
841	1	T 480	120	40	40	P 482	122	38	38	
842	1	T 482	121	40	40	P 484	122	38	38	
843	1	T 484	122	40	40	P 486	122	38	40	
844	1	T 486	123	40	40	P 488	124	38	38	
845	1	T 488	124	40	40	P 490	126	36	38	
846	1	T 490	125	40	40	P 490	126	40	36	
847	1	T 492	126	40	40	P 494	128	38	38	
848	1	T 494	127	40	40	P 494	128	40	36	
849	1	T 496	128	40	40	P 496	128	40	40	
850	1	T 498	129	40	40	P 500	130	38	38	
851	1	T 500	130	40	40	P 502	132	38	38	
852	1	T 502	131	40	40	P 504	132	38	38	
853	1	T 504	132	40	40	P 506	134	38	38	
854	1	T 506	133	40	40	P 508	134	36	38	
855	1	T 508	134	40	40	P 508	134	40	40	
856	1	T 510	135	40	40	P 512	136	38	38	
857	1	T 512	136	40	40	P 514	138	38	38	
858	1	T 514	137	40	40	P 516	138	38	40	
859	1	T 516	138	40	40	P 516	140	40	38	
860	1	T 518	139	40	40	P 518	140	40	38	
861	1	T 520	140	40	40	P 522	140	38	40	
862	1	T 522	141	40	40	P 524	142	38	38	
863	1	T 524	142	40	40	P 526	144	38	38	
864	1	T 526	143	40	40	P 526	144	40	40	
865	1	T 528	144	40	40	P 530	146	38	38	
866	1	T 530	145	40	40	P 532	148	38	36	
867	1	T 532	146	40	40	P 534	148	38	38	
868	1	T 534	147	40	40	P 536	148	38	38	
869	1	T 536	148	40	40	P 538	150	38	38	
870	1	T 538	149	40	40	P 540	150	38	38	
871	1	T 540	150	40	40	P 540	150	40	40	
872	1	T 542	151	40	40	P 542	152	40	36	
873	1	T 544	152	40	40	P 546	152	38	40	
874	1	T 546	153	40	40	P 548	154	38	38	
875	1	T 548	154	40	40	P 548	154	40	40	
876	1	T 550	155	40	40	P 552	156	38	38	
877	1	T 552	156	40	40	P 552	156	40	40	
878	1	T 554	157	40	40	P 556	158	38	38	
879	1	T 556	158	40	40	P 558	158	38	38	
880	1	T 558	159	40	40	P 560	160	38	40	
881	1	T 560	160	40	40	P 562	160	38	38	
882	1	T 562	161	40	40	P 562	162	40	36	
883	1	T 564	162	40	40	P 564	164	40	38	
884	1	T 566	163	40	40	P 568	164	38	40	
885	1	T 568	164	40	40	P 570	164	38	40	
886	1	T 570	165	40	40	P 572	166	38	38	
887	1	T 572	166	40	40	P 574	168	38	38	
888	1	T 574	167	40	40	P 576	168	38	38	
889	1	T 576	168	40	40	P 578	170	38	38	
890	1	T 578	169	40	40	P 580	172	38	38	
891	1	T 580	170	40	40	P 582	170	38	40	
892	1	T 582	171	40	40	P 584	172	38	38	
893	1	T 584	172	40	40	P 586	174	38	38	
894	1	T 586	173	40	40	P 588	174	38	38	
895	1	T 588	174	40	40	P 588	176	40	38	
896	1	T 590	175	40	40	P 592	176	36	38	
897	1	T 592	176	40	40	P 594	178	38	38	
898	1	T 594	177	40	40	P 596	178	38	38	
899	1	T 596	178	40	40	P 598	180	38	38	
900	1	T 598	179	40	40	P 600	180	38	38	
901	1	T 600	180	40	40	P 600	182	40	38	
902	1	T 602	181	40	40	P 602	182	40	36	
903	1	T 604	182	40	40	P 604	182	40	40	
904	1	T 606	183	40	40	P 606	184	40	38	
905	1	T 608	184	40	40	P 610	186	38	36	
906	1	T 610	185	40	40	P 612	186	38	38	
907	1	T 612	186	40	40	P 614	188	38	38	
908	1	T 614	187	40	40	P 616	188	38	38	
909	1	T 616	188	40	40	P 618	190	38	38	
910	1	T 618	189	40	40	P 620	190	38	38	
911	1	T 620	190	40	40	P 620	192	38	38	
912	1	T 622	191	40	40	P 624	194	38	36	
913	1	T 624	192	40	40	P 624	194	40	36	
914	1	T 626	193	40	40	P 628	194	38	38	
915	1	T 628	194	40	40	P 630	196	38	38	
916	1	T 630	195	40	40	P 632	196	38	38	
917	1	T 632	196	40	40	P 634	196	38	40	
918	1	T 634	197	40	40	P 636	198	38	40	
919	1	T 636	198	40	40	P 638	200	38	38	
920	1	T 638	199	40	40	P 640	202	38	36	
921	1	T 640	200	40	40	P 642	202	38	38	
922	1	T 642	201	40	40	P 644	202	38	40	
923	1	T 644	202	40	40	P 646	202	38	38	
924	1	T 646	203	40	40	P 646	204	40	38	
925	1	T 648	204	40	40	P 648	206	40	38	
926	1	T 650	205	40	40	P 650	206	40	40	
927	1	T 652	206	40	40	P 654	208	38	36	
928	1	T 654	207	40	40	P 656	210	36	36	
929	1	T 656	208	40	40	P 656	208	40	40	
930	1	T 658	209	40	40	P 660	210	38	38	
931	1	T 660	210	40	40	P 660	212	40	38	
932	1	T 658	211	40	40	P 660	212	38	38	
933	1	T 656	212	40	40	P 658	214	38	38	
934	1	T 654	213	40	40	P 656	214	38	38	
935	1	T 652	214	40	40	P 654	216	38	38	
936	1	T 650	215	40	40	P 650	216	40	38	
937	1	T 648	216	40	40	P 650	218	38	38	
938	1	T 646	217	40	40	P 648	218	38	40	
939	1	T 644	218	40	40	P 646	220	38	38	
940	1	T 642	219	40	40	P 644	220	38	38	
941	1	T 640	220	40	40	P 642	222	38	38	
942	1	T 638	221	40	40	P 640	222	38	38	
943	1	T 636	222	40	40	P 638	224	38	38	
944	1	T 634	223	40	40	P 636	224	38	40	
945	1	T 632	224	40	40	P 634	226	38	38	
946	1	T 630	225	40	40	P 632	226	38	40	
947	1	T 628	226	40	40	P 630	228	38	38	
948	1	T 626	227	40	40	P 628	228	38	38	
949	1	T 624	228	40	40	P 624	228	40	40	
950	1	T 622	229	40	40	P 622	230	40	38	
951	1	T 620	230	40	40	P 620	230	38	40	
952	1	T 618	231	40	40	P 620	232	38	38	
953	1	T 616	232	40	40	P 618	234	38	38	
954	1	T 614	233	40	40	P 616	234	38	40	
955	1	T 612	234	40	40	P 614	236	38	38	
956	1	T 610	235	40	40	P 612	236	38	40	
957	1	T 608	236	40	40	P 610	236	38	38	
958	1	T 606	237	40	40	P 608	238	38	40	
959	1	T 604	238	40	40	P 604	240	40	38	
960	1	T 602	239	40	40	P 604	240	38	40	
961	1	T 600	240	40	40	P 600	242	40	38	
962	1	T 598	241	40	40	P 600	242	38	38	
963	1	T 596	242	40	40	P 598	244	38	38	
964	1	T 594	243	40	40	P 594	244	40	36	
965	1	T 592	244	40	40	P 594	246	38	38	
966	1	T 590	245	40	40	P 592	246	38	38	
967	1	T 588	246	40	40	P 590	248	38	38	
968	1	T 586	247	40	40	P 588	248	38	40	
969	1	T 584	248	40	40	P 586	248	38	40	
970	1	T 582	249	40	40	P 584	250	38	40	
971	1	T 580	250	40	40	P 582	252	38	38	
972	1	T 578	251	40	40	P 578	252	40	38	
973	1	T 576	252	40	40	P 578	254	38	38	
974	1	T 574	253	40	40	P 574	254	40	38	
975	1	T 572	254	40	40	P 574	256	38	38	
976	1	T 570	255	40	40	P 570	256	40	38	
977	1	T 568	256	40	40	P 570	256	38	40	
978	1	T 566	257	40	40	P 568	258	38	38	
979	1	T 564	258	40	40	P 566	260	38	36	
980	1	T 562	259	40	40	P 562	260	40	38	
981	1	T 560	260	40	40	P 562	260	38	40	
982	1	T 558	261	40	40	P 558	262	40	38	
983	1	T 556	262	40	40	P 558	262	38	40	
984	1	T 554	263	40	40	P 556	264	38	38	
985	1	T 552	264	40	40	P 552	266	40	38	
986	1	T 550	265	40	40	P 552	266	38	40	
987	1	T 548	266	40	40	P 550	268	38	38	
988	1	T 546	267	40	40	P 548	268	38	38	
989	1	T 544	268	40	40	P 544	268	40	40	
990	1	T 542	269	40	40	P 544	270	38	38	
991	1	T 540	270	40	40	P 542	272	38	38	
992	1	T 538	271	40	40	P 540	272	38	38	
993	1	T 536	272	40	40	P 536	272	40	40	
994	1	T 534	273	40	40	P 534	276	40	36	
995	1	T 532	274	40	40	P 534	276	38	38	
996	1	T 530	275	40	40	P 532	276	38	38	
997	1	T 528	276	40	40	P 530	278	36	38	
998	1	T 526	277	40	40	P 526	278	40	38	
999	1	T 524	278	40	40	P 526	280	36	38	
1000	1	T 522	279	40	40	P 524	280	38	38	
1001	1	T 520	280	40	40	P 520	282	40	36	
1002	1	T 518	281	40	40	P 520	282	38	38	
1003	1	T 516	282	40	40	P 518	284	36	38	
1004	1	T 514	283	40	40	P 516	284	38	38	
1005	1	T 512	284	40	40	P 514	286	38	38	
1006	1	T 510	285	40	40	P 512	286	38	40	
1007	1	T 508	286	40	40	P 510	286	38	40	
1008	1	T 506	287	40	40	P 508	288	38	38	
1009	1	T 504	288	40	40	P 506	290	38	36	
1010	1	T 502	289	40	40	P 504	290	38	38	
1011	1	T 500	290	40	40	P 500	292	40	38	
1012	1	T 498	291	40	40	P 500	292	38	40	
1013	1	T 496	292	40	40	P 498	294	38	38	
1014	1	T 494	293	40	40	P 496	294	38	40	
1015	1	T 492	294	40	40	P 494	296	38	38	
1016	1	T 490	295	40	40	P 492	296	38	38	
1017	1	T 488	296	40	40	P 490	298	38	38	
1018	1	T 486	297	40	40	P 486	298	40	38	
1019	1	T 484	298	40	40	P 486	300	38	38	
1020	1	T 482	299	40	40	P 484	302	38	36	
1021	1	T 480	300	40	40	P 482	302	38	38	
1022	1	T 478	301	40	40	P 480	302	38	38	
1023	1	T 476	302	40	40	P 478	304	38	38	
1024	1	T 474	303	40	40	P 474	304	38	40	
1025	1	T 472	304	40	40	P 474	306	38	38	
1026	1	T 470	305	40	40	P 472	306	38	38	
1027	1	T 468	306	40	40	P 468	306	40	40	
1028	1	T 466	307	40	40	P 468	308	38	38	
1029	1	T 464	308	40	40	P 466	310	38	36	
1030	1	T 462	309	40	40	P 464	310	38	38	
1031	1	T 460	310	40	40	P 462	310	38	38	
1032	1	T 458	311	40	40	P 460	312	38	38	
1033	1	T 456	312	40	40	P 456	314	38	38	
1034	1	T 454	313	40	40	P 456	314	38	38	
1035	1	T 452	314	40	40	P 454	316	38	38	
1036	1	T 450	315	40	40	P 452	316	38	38	
1037	1	T 448	316	40	40	P 450	318	38	38	
1038	1	T 446	317	40	40	P 448	318	38	38	
1039	1	T 444	318	40	40	P 446	320	38	38	
1040	1	T 442	319	40	40	P 444	320	38	38	
1041	1	T 440	320	40	40	P 440	322	40	36	
1042	1	T 438	321	40	40	P 440	322	38	40	
1043	1	T 436	322	40	40	P 436	324	40	38	
1044	1	T 434	323	40	40	P 436	324	38	38	
1045	1	T 432	324	40	40	P 432	324	40	40	
1046	1	T 430	325	40	40	P 432	326	38	38	
1047	1	T 428	326	40	40	P 430	328	38	36	
1048	1	T 426	327	40	40	P 428	328	38	40	
1049	1	T 424	328	40	40	P 426	328	38	38	
1050	1	T 422	329	40	40	P 424	330	38	40	
1051	1	T 420	330	40	40	P 422	332	38	38	
1052	1	T 418	331	40	40	P 420	332	38	38	
1053	1	T 416	332	40	40	P 418	332	38	40	
1054	1	T 414	333	40	40	P 416	334	38	38	
1055	1	T 412	334	40	40	P 414	336	38	38	
1056	1	T 410	335	40	40	P 412	336	38	38	
1057	1	T 408	336	40	40	P 410	338	36	36	
1058	1	T 406	337	40	40	P 408	338	38	38	
1059	1	T 404	338	40	40	P 406	340	38	38	
1060	1	T 402	339	40	40	P 404	340	38	40	
1061	1	T 400	340	40	40	P 402	342	38	38	
1062	1	T 398	341	40	40	P 398	344	40	36	
1063	1	T 396	342	40	40	P 398	344	38	38	
1064	1	T 394	343	40	40	P 394	344	40	40	
1065	1	T 392	344	40	40	P 394	346	38	38	
1066	1	T 390	345	40	40	P 392	346	38	38	
1067	1	T 388	346	40	40	P 390	348	38	38	
1068	1	T 386	347	40	40	P 388	348	38	38	
1069	1	T 384	348	40	40	P 386	350	38	38	
1070	1	T 382	349	40	40	P 384	350	36	38	
1071	1	T 380	350	40	40	P 382	352	38	38	
1072	1	T 378	351	40	40	P 380	352	38	38	
1073	1	T 376	352	40	40	P 378	354	38	38	
1074	1	T 374	353	40	40	P 376	354	38	38	
1075	1	T 372	354	40	40	P 374	356	38	38	
1076	1	T 370	355	40	40	P 372	356	38	38	
1077	1	T 368	356	40	40	P 370	358	36	38	
1078	1	T 366	357	40	40	P 368	358	36	38	
1079	1	T 364	358	40	40	P 366	360	36	38	
1080	1	T 362	359	40	40	P 364	360	38	38	
1081	1	T 360	360	40	40	P 362	360	38	40	
1082	1	T 358	361	40	40	P 358	364	40	36	
1083	1	T 356	362	40	40	P 358	364	38	38	
1084	1	T 354	363	40	40	P 354	366	38	36	
1085	1	T 352	364	40	40	P 354	366	38	38	
1086	1	T 350	365	40	40	P 352	366	38	38	
1087	1	T 348	366	40	40	P 350	368	38	38	
1088	1	T 346	367	40	40	P 348	368	38	38	
1089	1	T 344	368	40	40	P 344	370	40	38	
1090	1	T 342	369	40	40	P 344	370	38	38	
1091	1	T 340	370	40	40	P 342	372	38	38	
1092	1	T 338	371	40	40	P 338	372	40	38	
1093	1	T 336	372	40	40	P 338	374	38	38	
1094	1	T 334	373	40	40	P 336	374	36	40	
1095	1	T 332	374	40	40	P 334	374	38	38	
1096	1	T 330	375	40	40	P 332	376	38	38	
1097	1	T 328	376	40	40	P 328	378	40	38	
1098	1	T 326	377	40	40	P 328	378	38	40	
1099	1	T 324	378	40	40	P 326	380	38	38	
1100	1	T 322	379	40	40	P 322	380	40	38	
1101	1	T 320	380	40	40	P 322	382	38	38	
1102	1	T 318	381	40	40	P 320	382	36	38	
1103	1	T 316	382	40	40	P 318	382	38	40	
1104	1	T 314	383	40	40	P 316	384	38	38	
1105	1	T 312	384	40	40	P 312	384	40	38	
1106	1	T 310	385	40	40	P 310	386	40	38	
1107	1	T 308	386	40	40	P 310	388	38	38	
1108	1	T 306	387	40	40	P 306	388	38	36	
1109	1	T 304	388	40	40	P 304	390	40	38	
1110	1	T 302	389	40	40	P 304	390	38	40	
1111	1	T 300	390	40	40	P 302	392	38	38	
1112	1	T 298	391	40	40	P 300	394	38	38	
1113	1	T 296	392	40	40	P 296	392	40	40	
1114	1	T 294	393	40	40	P 296	394	38	38	
1115	1	T 292	394	40	40	P 294	396	36	38	
1116	1	T 290	395	40	40	P 292	396	38	38	
1117	1	T 288	396	40	40	P 290	398	38	38	
1118	1	T 286	397	40	40	P 286	398	40	36	
1119	1	T 284	398	40	40	P 284	398	40	40	
1120	1	T 282	399	40	40	P 282	400	40	40	
1121	1	T 280	400	40	40	P 282	402	38	38	
1122	1	T 278	401	40	40	P 280	402	38	38	
1123	1	T 276	402	40	40	P 278	404	38	36	
1124	1	T 274	403	40	40	P 276	404	38	38	
1125	1	T 272	404	40	40	P 272	406	40	38	
1126	1	T 270	405	40	40	P 272	406	38	38	
1127	1	T 268	406	40	40	P 270	408	38	38	
1128	1	T 266	407	40	40	P 268	408	36	38	
1129	1	T 264	408	40	40	P 266	410	38	38	
1130	1	T 262	409	40	40	P 264	410	38	38	
1131	1	T 260	410	40	40	P 262	412	38	38	
1132	1	T 258	411	40	40	P 260	412	38	38	
1133	1	T 256	412	40	40	P 258	414	36	38	
1134	1	T 254	413	40	40	P 256	414	38	38	
1135	1	T 252	414	40	40	P 252	414	40	38	
1136	1	T 250	415	40	40	P 252	416	38	38	
1137	1	T 248	416	40	40	P 250	418	38	38	
1138	1	T 246	417	40	40	P 248	418	36	38	
1139	1	T 244	418	40	40	P 246	420	38	38	
1140	1	T 242	419	40	40	P 242	420	40	38	
1141	1	T 240	420	40	40	P 242	422	38	38	
1142	1	T 238	419	40	40	P 240	420	38	38	
1143	1	T 236	418	40	40	P 236	420	40	38	
1144	1	T 234	417	40	40	P 236	418	38	38	
1145	1	T 232	416	40	40	P 234	418	38	38	
1146	1	T 230	415	40	40	P 230	416	40	34	
1147	1	T 228	414	40	40	P 230	416	38	38	
1148	1	T 226	413	40	40	P 228	414	38	38	
1149	1	T 224	412	40	40	P 224	414	40	38	
1150	1	T 222	411	40	40	P 224	412	36	38	
1151	1	T 220	410	40	40	P 220	410	40	40	
1152	1	T 218	409	40	40	P 218	410	40	38	
1153	1	T 216	408	40	40	P 216	410	40	38	
1154	1	T 214	407	40	40	P 216	408	38	38	
1155	1	T 212	406	40	40	P 214	408	38	38	
1156	1	T 210	405	40	40	P 212	406	38	38	
1157	1	T 208	404	40	40	P 210	406	38	38	
1158	1	T 206	403	40	40	P 208	404	38	38	
1159	1	T 204	402	40	40	P 204	404	40	38	
1160	1	T 202	401	40	40	P 204	402	36	40	
1161	1	T 200	400	40	40	P 202	402	38	38	
1162	1	T 198	399	40	40	P 198	400	40	38	
1163	1	T 196	398	40	40	P 198	400	38	38	
1164	1	T 194	397	40	40	P 196	398	38	38	
1165	1	T 192	396	40	40	P 192	396	40	40	
1166	1	T 190	395	40	40	P 192	396	38	38	
1167	1	T 188	394	40	40	P 190	396	38	38	
1168	1	T 186	393	40	40	P 188	394	38	38	
1169	1	T 184	392	40	40	P 186	394	38	38	
1170	1	T 182	391	40	40	P 182	392	38	38	
1171	1	T 180	390	40	40	P 182	390	38	40	
1172	1	T 178	389	40	40	P 180	390	38	40	
1173	1	T 176	388	40	40	P 178	388	38	40	
1174	1	T 174	387	40	40	P 176	388	36	38	
1175	1	T 172	386	40	40	P 174	388	36	36	
1176	1	T 170	385	40	40	P 170	386	40	38	
1177	1	T 168	384	40	40	P 170	386	38	38	
1178	1	T 166	383	40	40	P 168	384	38	40	
1179	1	T 164	382	40	40	P 166	384	38	38	
1180	1	T 162	381	40	40	P 162	382	40	38	
1181	1	T 160	380	40	40	P 162	382	38	38	
1182	1	T 158	379	40	40	P 158	380	40	38	
1183	1	T 156	378	40	40	P 158	378	38	40	
1184	1	T 154	377	40	40	P 154	378	40	36	
1185	1	T 152	376	40	40	P 154	378	38	38	
1186	1	T 150	375	40	40	P 152	376	38	38	
1187	1	T 148	374	40	40	P 148	376	40	38	
1188	1	T 146	373	40	40	P 148	374	38	38	
1189	1	T 144	372	40	40	P 146	374	38	36	
1190	1	T 142	371	40	40	P 142	372	40	34	
1191	1	T 140	370	40	40	P 142	372	36	38	
1192	1	T 138	369	40	40	P 140	372	38	36	
1193	1	T 136	368	40	40	P 138	368	38	38	
1194	1	T 134	367	40	40	P 136	368	38	38	
1195	1	T 132	366	40	40	P 134	368	38	38	
1196	1	T 130	365	40	40	P 132	366	38	38	
1197	1	T 128	364	40	40	P 128	366	40	38	
1198	1	T 126	363	40	40	P 128	364	38	38	
1199	1	T 124	362	40	40	P 126	364	38	38	
1200	1	T 122	361	40	40	P 124	362	38	38	
1201	1	T 120	360	40	40	P 120	362	40	38	
1202	1	T 118	359	40	40	P 120	360	38	38	
1203	1	T 116	358	40	40	P 118	358	38	40	
1204	1	T 114	357	40	40	P 116	358	38	38	
1205	1	T 112	356	40	40	P 114	358	38	38	
1206	1	T 110	355	40	40	P 112	356	38	38	
1207	1	T 108	354	40	40	P 108	356	40	38	
1208	1	T 106	353	40	40	P 108	354	38	38	
1209	1	T 104	352	40	40	P 104	352	40	40	
1210	1	T 102	351	40	40	P 104	352	38	38	
1211	1	T 100	350	40	40	P 102	352	38	36	
1212	1	T 98	349	40	40	P 100	350	38	40	
1213	1	T 96	348	40	40	P 98	350	38	38	
1214	1	T 94	347	40	40	P 96	350	38	38	
1215	1	T 92	346	40	40	P 94	348	38	38	
1216	1	T 90	345	40	40	P 92	346	38	38	
1217	1	T 88	344	40	40	P 90	346	38	38	
1218	1	T 86	343	40	40	P 88	344	36	38	
1219	1	T 84	342	40	40	P 86	342	38	40	
1220	1	T 82	341	40	40	P 84	342	38	38	
1221	1	T 80	340	40	40	P 82	342	38	38	
1222	1	T 78	339	40	40	P 78	340	40	38	
1223	1	T 76	338	40	40	P 78	340	38	36	
1224	1	T 74	337	40	40	P 76	338	38	38	
1225	1	T 72	336	40	40	P 74	338	38	38	
1226	1	T 70	335	40	40	P 72	336	38	38	
1227	1	T 68	334	40	40	P 70	336	38	38	
1228	1	T 66	333	40	40	P 68	334	38	38	
1229	1	T 64	332	40	40	P 64	334	40	36	
1230	1	T 62	331	40	40	P 62	332	40	40	
1231	1	T 60	330	40	40	P 60	332	40	38	
1232	1	T 58	329	40	40	P 58	332	40	36	
1233	1	T 56	328	40	40	P 58	328	38	40	
1234	1	T 54	327	40	40	P 54	328	40	40	
1235	1	T 52	326	40	40	P 52	328	40	38	
1236	1	T 50	325	40	40	P 50	328	40	36	
1237	1	T 48	324	40	40	P 50	324	38	40	
1238	1	T 46	323	40	40	P 48	324	38	40	
1239	1	T 44	322	40	40	P 46	324	38	38	
1240	1	T 42	321	40	40	P 44	322	38	38	
1241	1	T 40	320	40	40	P 40	322	40	38	
1242	1	T 38	319	40	40	P 40	322	38	36	
1243	1	T 36	318	40	40	P 38	320	38	38	
1244	1	T 34	317	40	40	P 36	318	38	38	
1245	1	T 32	316	40	40	P 34	318	38	38	
1246	1	T 30	315	40	40	P 32	316	38	38	
1247	1	T 28	314	40	40	P 30	316	36	38	
1248	1	T 26	313	40	40	P 26	314	40	36	
1249	1	T 24	312	40	40	P 26	314	38	38	
1250	1	T 22	311	40	40	P 24	312	38	40	
1251	1	T 20	310	40	40	P 22	310	38	38	
1252	1	T 22	309	40	40	P 24	310	38	38	
1253	1	T 24	308	40	40	P 26	310	38	38	
1254	1	T 26	307	40	40	P 28	308	38	38	
1255	1	T 28	306	40	40	P 30	306	36	38	
1256	1	T 30	305	40	40	P 32	308	38	36	
1257	1	T 32	304	40	40	P 34	304	38	40	
1258	1	T 34	303	40	40	P 36	306	38	36	
1259	1	T 36	302	40	40	P 38	304	38	38	
1260	1	T 38	301	40	40	P 40	302	38	38	
1261	1	T 40	300	40	40	P 40	300	40	38	
1262	1	T 42	299	40	40	P 42	300	40	38	
1263	1	T 44	298	40	40	P 46	300	38	38	
1264	1	T 46	297	40	40	P 46	298	40	36	
1265	1	T 48	296	40	40	P 50	296	38	40	
1266	1	T 50	295	40	40	P 50	296	40	40	
1267	1	T 52	294	40	40	P 52	296	40	38	
1268	1	T 54	293	40	40	P 56	294	38	38	
1269	1	T 56	292	40	40	P 56	294	38	36	
1270	1	T 58	291	40	40	P 60	292	38	38	
1271	1	T 60	290	40	40	P 62	292	36	38	
1272	1	T 62	289	40	40	P 64	290	38	38	
1273	1	T 64	288	40	40	P 66	290	38	38	
1274	1	T 66	287	40	40	P 66	288	40	36	
1275	1	T 68	286	40	40	P 70	288	38	38	
1276	1	T 70	285	40	40	P 72	286	38	38	
1277	1	T 72	284	40	40	P 74	286	38	38	
1278	1	T 74	283	40	40	P 76	284	38	38	
1279	1	T 76	282	40	40	P 78	284	38	38	
1280	1	T 78	281	40	40	P 80	282	38	38	
1281	1	T 80	280	40	40	P 82	282	38	36	
1282	1	T 82	279	40	40	P 84	280	38	38	
1283	1	T 84	278	40	40	P 86	278	38	40	
1284	1	T 86	277	40	40	P 88	278	38	40	
1285	1	T 88	276	40	40	P 90	276	38	40	
1286	1	T 90	275	40	40	P 90	276	38	40	
1287	1	T 92	274	40	40	P 94	274	38	40	
1288	1	T 94	273	40	40	P 96	274	38	38	
1289	1	T 96	272	40	40	P 98	274	36	38	
1290	1	T 98	271	40	40	P 100	272	38	38	
1291	1	T 100	270	40	40	P 100	270	40	40	
1292	1	T 102	269	40	40	P 104	270	38	38	
1293	1	T 104	268	40	40	P 106	270	38	38	
1294	1	T 106	267	40	40	P 108	268	38	38	
1295	1	T 108	266	40	40	P 110	268	38	38	
1296	1	T 110	265	40	40	P 110	266	40	34	
1297	1	T 112	264	40	40	P 112	264	40	40	
1298	1	T 114	263	40	40	P 114	264	38	40	
1299	1	T 116	262	40	40	P 116	264	40	38	
1300	1	T 118	261	40	40	P 120	262	38	38	
1301	1	T 120	260	40	40	P 122	262	38	38	
1302	1	T 122	259	40	40	P 124	260	38	38	
1303	1	T 124	258	40	40	P 126	258	36	40	
1304	1	T 126	257	40	40	P 126	258	40	36	
1305	1	T 128	256	40	40	P 130	258	38	38	
1306	1	T 130	255	40	40	P 132	258	36	36	
1307	1	T 132	254	40	40	P 132	254	40	40	
1308	1	T 134	253	40	40	P 134	256	40	36	
1309	1	T 136	252	40	40	P 138	254	38	38	
1310	1	T 138	251	40	40	P 140	252	38	38	
1311	1	T 140	250	40	40	P 140	250	40	40	
1312	1	T 142	249	40	40	P 144	250	36	40	
1313	1	T 144	248	40	40	P 146	250	38	38	
1314	1	T 146	247	40	40	P 148	248	38	38	
1315	1	T 148	246	40	40	P 150	246	38	40	
1316	1	T 150	245	40	40	P 152	246	38	38	
1317	1	T 152	244	40	40	P 154	246	38	38	
1318	1	T 154	243	40	40	P 156	244	38	38	
1319	1	T 156	242	40	40	P 158	244	38	38	
1320	1	T 158	241	40	40	P 160	242	38	38	
1321	1	T 160	240	40	40	P 162	242	38	38	
1322	1	T 162	239	40	40	P 164	240	38	38	
1323	1	T 164	238	40	40	P 164	240	40	38	
1324	1	T 166	237	40	40	P 168	238	38	38	
1325	1	T 168	236	40	40	P 170	238	38	38	
1326	1	T 170	235	40	40	P 172	236	38	38	
1327	1	T 172	234	40	40	P 174	236	38	36	
1328	1	T 174	233	40	40	P 176	234	38	40	
1329	1	T 176	232	40	40	P 178	234	38	38	
1330	1	T 178	231	40	40	P 180	232	38	38	
1331	1	T 180	230	40	40	P 182	232	38	38	
1332	1	T 182	229	40	40	P 184	230	38	38	
1333	1	T 184	228	40	40	P 184	230	40	38	
1334	1	T 186	227	40	40	P 188	228	38	38	
1335	1	T 188	226	40	40	P 190	226	38	40	
1336	1	T 190	225	40	40	P 190	226	40	40	
1337	1	T 192	224	40	40	P 194	226	38	38	
1338	1	T 194	223	40	40	P 194	224	40	36	
1339	1	T 196	222	40	40	P 198	224	38	38	
1340	1	T 198	221	40	40	P 200	222	38	40	
1341	1	T 200	220	40	40	P 202	222	38	38	
1342	1	T 202	219	40	40	P 204	220	38	38	
1343	1	T 204	218	40	40	P 204	220	40	38	
1344	1	T 206	217	40	40	P 208	218	38	38	
1345	1	T 208	216	40	40	P 210	218	38	36	
1346	1	T 210	215	40	40	P 210	216	40	38	
1347	1	T 212	214	40	40	P 214	216	38	38	
1348	1	T 214	213	40	40	P 214	214	40	38	
1349	1	T 216	212	40	40	P 218	214	38	38	
1350	1	T 218	211	40	40	P 220	212	38	38	
1351	1	T 220	210	40	40	P 222	210	38	40	
1352	1	T 222	209	40	40	P 224	210	38	38	
1353	1	T 224	208	40	40	P 226	210	38	36	
1354	1	T 226	207	40	40	P 226	208	40	38	
1355	1	T 228	206	40	40	P 230	206	38	40	
1356	1	T 230	205	40	40	P 232	206	38	38	
1357	1	T 232	204	40	40	P 234	206	38	38	
1358	1	T 234	203	40	40	P 236	204	38	38	
1359	1	T 236	202	40	40	P 236	204	38	38	
1360	1	T 238	201	40	40	P 240	202	38	38	
1361	1	T 240	200	40	40	P 242	202	38	38	
1362	1	T 242	199	40	40	P 242	200	40	38	
1363	1	T 244	198	40	40	P 244	198	40	40	
1364	1	T 246	197	40	40	P 248	200	38	36	
1365	1	T 248	196	40	40	P 248	198	40	38	
1366	1	T 250	195	40	40	P 252	196	38	38	
1367	1	T 252	194	40	40	P 254	196	38	38	
1368	1	T 254	193	40	40	P 256	194	38	40	
1369	1	T 256	192	40	40	P 258	194	36	38	
1370	1	T 258	191	40	40	P 260	192	38	38	
1371	1	T 260	190	40	40	P 262	190	38	40	
1372	1	T 262	189	40	40	P 264	190	38	38	
1373	1	T 264	188	40	40	P 266	190	38	38	
1374	1	T 266	187	40	40	P 268	188	38	38	
1375	1	T 268	186	40	40	P 270	188	36	38	
1376	1	T 270	185	40	40	P 270	186	38	34	
1377	1	T 272	184	40	40	P 274	186	38	38	
1378	1	T 274	183	40	40	P 276	184	38	38	
1379	1	T 276	182	40	40	P 278	184	38	38	
1380	1	T 278	181	40	40	P 278	184	40	36	
1381	1	T 280	180	40	40	P 282	182	38	38	
1382	1	T 282	179	40	40	P 284	180	38	38	
1383	1	T 284	178	40	40	P 284	178	38	38	
1384	1	T 286	177	40	40	P 288	178	38	38	
1385	1	T 288	176	40	40	P 290	178	38	38	
1386	1	T 290	175	40	40	P 292	176	38	38	
1387	1	T 292	174	40	40	P 292	174	40	40	
1388	1	T 294	173	40	40	P 296	174	38	38	
1389	1	T 296	172	40	40	P 298	174	38	38	
1390	1	T 298	171	40	40	P 300	172	38	38	
1391	1	T 300	170	40	40	P 302	172	38	38	
1392	1	T 302	169	40	40	P 304	170	38	38	
1393	1	T 304	168	40	40	P 306	170	38	38	
1394	1	T 306	167	40	40	P 308	168	38	38	
1395	1	T 308	166	40	40	P 310	168	38	38	
1396	1	T 310	165	40	40	P 312	166	38	38	
1397	1	T 312	164	40	40	P 312	166	40	38	
1398	1	T 314	163	40	40	P 316	164	38	38	
1399	1	T 316	162	40	40	P 318	164	38	38	
1400	1	T 318	161	40	40	P 320	162	38	40	
1401	1	T 320	160	40	40	P 322	162	38	36	
1402	1	T 322	159	40	40	P 324	160	38	40	
1403	1	T 324	158	40	40	P 326	158	38	38	
1404	1	T 326	157	40	40	P 328	158	38	38	
1405	1	T 328	156	40	40	P 330	158	36	38	
1406	1	T 330	155	40	40	P 332	156	38	38	
1407	1	T 332	154	40	40	P 334	156	38	38	
1408	1	T 334	153	40	40	P 336	154	38	38	
1409	1	T 336	152	40	40	P 336	152	40	40	
1410	1	T 338	151	40	40	P 340	152	38	38	
1411	1	T 340	150	40	40	P 342	152	38	38	
1412	1	T 342	149	40	40	P 342	150	40	38	
1413	1	T 344	148	40	40	P 346	150	38	38	
1414	1	T 346	147	40	40	P 348	148	38	38	
1415	1	T 348	146	40	40	P 350	148	38	38	
1416	1	T 350	145	40	40	P 352	146	38	38	
1417	1	T 352	144	40	40	P 354	146	38	38	
1418	1	T 354	143	40	40	P 354	144	40	38	
1419	1	T 356	142	40	40	P 358	144	38	38	
1420	1	T 358	141	40	40	P 358	142	40	40	
1421	1	T 360	140	40	40	P 362	142	38	38	
1422	1	T 362	139	40	40	P 364	140	38	38	
1423	1	T 364	138	40	40	P 366	140	38	38	
1424	1	T 366	137	40	40	P 368	138	38	40	
1425	1	T 368	136	40	40	P 370	136	38	40	
1426	1	T 370	135	40	40	P 372	136	38	40	
1427	1	T 372	134	40	40	P 374	136	38	38	
1428	1	T 374	133	40	40	P 374	134	40	38	
1429	1	T 376	132	40	40	P 376	134	40	38	
1430	1	T 378	131	40	40	P 380	132	38	40	
1431	1	T 380	130	40	40	P 382	132	38	38	
1432	1	T 382	129	40	40	P 384	130	38	40	
1433	1	T 384	128	40	40	P 386	130	38	38	
1434	1	T 386	127	40	40	P 388	128	38	38	
1435	1	T 388	126	40	40	P 390	126	38	38	
1436	1	T 390	125	40	40	P 392	126	38	40	
1437	1	T 392	124	40	40	P 392	126	38	38	
1438	1	T 394	123	40	40	P 396	124	38	38	
1439	1	T 396	122	40	40	P 398	124	38	38	
1440	1	T 398	121	40	40	P 400	122	38	38	
1441	1	T 400	120	40	40	P 402	122	38	38	
1442	1	T 402	119	40	40	P 402	120	40	40	
1443	1	T 404	118	40	40	P 406	120	38	38	
1444	1	T 406	117	40	40	P 408	118	38	38	
1445	1	T 408	116	40	40	P 410	118	38	38	
1446	1	T 410	115	40	40	P 412	116	38	38	
1447	1	T 412	114	40	40	P 412	116	40	38	
1448	1	T 414	113	40	40	P 414	114	40	34	
1449	1	T 416	112	40	40	P 416	114	40	38	
1450	1	T 418	111	40	40	P 420	112	38	40	
1451	1	T 420	110	40	40	P 422	112	38	38	
1452	1	T 422	109	40	40	P 424	110	38	38	
1453	1	T 424	108	40	40	P 426	110	38	38	
1454	1	T 426	107	40	40	P 426	108	40	36	
1455	1	T 428	106	40	40	P 430	108	38	38	
1456	1	T 430	105	40	40	P 432	106	38	40	
1457	1	T 432	104	40	40	P 434	104	38	40	
1458	1	T 434	103	40	40	P 436	104	38	38	
1459	1	T 436	102	40	40	P 438	102	38	40	
1460	1	T 438	101	40	40	P 440	102	38	38	
1461	1	T 440	100	40	40	P 442	102	38	38	
1462	1	T 442	99	40	40	P 444	100	38	38	
1463	1	T 444	98	40	40	P 444	100	38	38	
1464	1	T 446	97	40	40	P 446	98	40	38	
1465	1	T 448	96	40	40	P 450	96	38	40	
1466	1	T 450	95	40	40	P 452	96	38	40	
1467	1	T 452	94	40	40	P 454	94	38	38	
1468	1	T 454	93	40	40	P 456	94	36	38	
1469	1	T 456	92	40	40	P 458	94	38	36	
1470	1	T 458	91	40	40	P 460	92	38	38	
1471	1	T 460	90	40	40	P 460	90	40	38	
1472	1	T 462	89	40	40	P 464	90	38	40	
1473	1	T 464	88	40	40	P 466	88	38	40	
1474	1	T 466	87	40	40	P 468	88	38	38	
1475	1	T 468	86	40	40	P 470	88	38	38	
1476	1	T 470	85	40	40	P 470	86	40	34	
1477	1	T 472	84	40	40	P 474	84	38	38	
1478	1	T 474	83	40	40	P 476	86	38	36	
1479	1	T 476	82	40	40	P 476	84	40	38	
1480	1	T 478	81	40	40	P 480	82	38	38	
1481	1	T 480	80	40	40	P 482	82	38	38	
1482	1	T 482	79	40	40	P 484	80	38	38	
1483	1	T 484	78	40	40	P 486	80	38	38	
1484	1	T 486	77	40	40	P 488	78	38	38	
1485	1	T 488	76	40	40	P 490	78	38	38	
1486	1	T 490	75	40	40	P 490	76	40	36	
1487	1	T 492	74	40	40	P 492	74	40	38	
1488	1	T 494	73	40	40	P 496	74	38	38	
1489	1	T 496	72	40	40	P 498	74	38	36	
1490	1	T 498	71	40	40	P 500	72	38	40	
1491	1	T 500	70	40	40	P 500	70	38	40	
1492	1	T 502	69	40	40	P 504	70	38	38	
1493	1	T 504	68	40	40	P 504	70	40	38	
1494	1	T 506	67	40	40	P 508	68	38	38	
1495	1	T 508	66	40	40	P 508	66	40	40	
1496	1	T 510	65	40	40	P 512	66	38	38	
1497	1	T 512	64	40	40	P 512	66	40	38	
1498	1	T 514	63	40	40	P 516	64	38	38	
1499	1	T 516	62	40	40	P 518	64	38	38	
1500	1	T 518	61	40	40	P 520	62	38	38	
1501	1	T 520	60	40	40	P 522	60	38	38	
1502	1	T 522	59	40	40	P 522	62	40	36	
1503	1	T 524	58	40	40	P 524	60	40	38	
1504	1	T 526	57	40	40	P 528	58	38	38	
1505	1	T 528	56	40	40	P 530	56	38	40	
1506	1	T 530	55	40	40	P 530	56	40	38	
1507	1	T 532	54	40	40	P 532	56	40	38	
1508	1	T 534	53	40	40	P 534	54	40	38	
1509	1	T 536	52	40	40	P 538	54	38	38	
1510	1	T 538	51	40	40	P 538	52	40	40	
1511	1	T 540	50	40	40	P 540	52	40	38	
1512	1	T 542	49	40	40	P 542	50	40	38	
1513	1	T 544	48	40	40	P 546	50	38	38	
1514	1	T 546	47	40	40	P 548	48	38	38	
1515	1	T 548	46	40	40	P 550	48	38	38	
1516	1	T 550	45	40	40	P 550	46	40	40	
1517	1	T 552	44	40	40	P 554	46	36	38	
1518	1	T 554	43	40	40	P 554	44	40	38	
1519	1	T 556	42	40	40	P 558	44	38	38	
1520	1	T 558	41	40	40	P 560	42	38	40	
1521	1	T 560	40	40	40	P 562	42	38	38	
1522	1	T 562	39	40	40	P 562	40	40	38	
1523	1	T 564	38	40	40	P 566	40	38	38	
1524	1	T 566	37	40	40	P 566	38	40	38	
1525	1	T 568	36	40	40	P 570	38	38	36	
1526	1	T 570	35	40	40	P 572	36	38	38	
1527	1	T 572	34	40	40	P 574	34	38	40	
1528	1	T 574	33	40	40	P 576	34	38	38	
1529	1	T 576	32	40	40	P 578	34	38	38	
1530	1	T 578	31	40	40	P 578	34	40	36	
1531	1	T 580	30	40	40	P 582	32	38	38	
1532	1	T 582	29	40	40	P 584	30	38	38	
1533	1	T 584	28	40	40	P 586	30	38	38	
1534	1	T 586	27	40	40	P 588	28	38	38	
1535	1	T 588	26	40	40	P 588	28	40	38	
1536	1	T 590	25	40	40	P 592	26	38	40	
1537	1	T 592	24	40	40	P 594	26	38	38	
1538	1	T 594	23	40	40	P 594	24	40	40	
1539	1	T 596	22	40	40	P 598	24	36	38	
1540	1	T 598	21	40	40	P 598	22	40	36	
1541	1	T 600	20	40	40	P 602	22	38	38	
1542	1	T 602	21	40	40	P 604	22	38	38	
1543	1	T 604	22	40	40	P 606	24	38	36	
1544	1	T 606	23	40	40	P 606	24	40	38	
1545	1	T 608	24	40	40	P 610	24	38	40	
1546	1	T 610	25	40	40	P 612	26	38	38	
1547	1	T 612	26	40	40	P 614	28	38	38	
1548	1	T 614	27	40	40	P 616	28	38	38	
1549	1	T 616	28	40	40	P 618	30	38	38	
1550	1	T 618	29	40	40	P 618	30	40	36	
1551	1	T 620	30	40	40	P 622	32	38	38	
1552	1	T 622	31	40	40	P 622	32	40	38	
1553	1	T 624	32	40	40	P 626	34	38	38	
1554	1	T 626	33	40	40	P 628	34	38	38	
1555	1	T 628	34	40	40	P 628	36	40	38	
1556	1	T 630	35	40	40	P 632	36	38	38	
1557	1	T 632	36	40	40	P 634	38	38	38	
1558	1	T 634	37	40	40	P 636	38	38	40	
1559	1	T 636	38	40	40	P 638	40	38	36	
1560	1	T 638	39	40	40	P 638	40	40	38	
1561	1	T 640	40	40	40	P 642	42	38	38	
1562	1	T 642	41	40	40	P 642	42	40	38	
1563	1	T 644	42	40	40	P 646	42	38	40	
1564	1	T 646	43	40	40	P 648	44	38	38	
1565	1	T 648	44	40	40	P 650	46	38	38	
1566	1	T 650	45	40	40	P 650	46	40	38	
1567	1	T 652	46	40	40	P 654	48	38	38	
1568	1	T 654	47	40	40	P 656	48	38	40	
1569	1	T 656	48	40	40	P 658	48	38	38	
1570	1	T 658	49	40	40	P 660	52	38	36	
1571	1	T 660	50	40	40	P 662	52	38	38	
1572	1	T 658	51	40	40	P 658	52	40	34	
1573	1	T 656	52	40	40	P 658	54	38	38	
1574	1	T 654	53	40	40	P 656	54	36	40	
1575	1	T 652	54	40	40	P 654	54	38	38	
1576	1	T 650	55	40	40	P 652	56	38	40	
1577	1	T 648	56	40	40	P 650	58	38	38	
1578	1	T 646	57	40	40	P 646	58	40	38	
1579	1	T 644	58	40	40	P 646	60	38	38	
1580	1	T 642	59	40	40	P 644	60	38	38	
1581	1	T 640	60	40	40	P 642	60	38	38	
1582	1	T 638	61	40	40	P 638	62	40	36	
1583	1	T 636	62	40	40	P 638	64	38	38	
1584	1	T 634	63	40	40	P 636	64	38	38	
1585	1	T 632	64	40	40	P 634	66	38	38	
1586	1	T 630	65	40	40	P 632	66	38	38	
1587	1	T 628	66	40	40	P 628	66	40	38	
1588	1	T 626	67	40	40	P 628	68	38	38	
1589	1	T 624	68	40	40	P 624	70	40	38	
1590	1	T 622	69	40	40	P 624	70	38	38	
1591	1	T 620	70	40	40	P 622	72	38	38	
1592	1	T 618	71	40	40	P 620	74	38	36	
1593	1	T 616	72	40	40	P 618	74	38	36	
1594	1	T 614	73	40	40	P 616	74	38	40	
1595	1	T 612	74	40	40	P 614	76	38	38	
1596	1	T 610	75	40	40	P 612	76	38	38	
1597	1	T 608	76	40	40	P 610	78	38	38	
1598	1	T 606	77	40	40	P 608	78	38	38	
1599	1	T 604	78	40	40	P 606	80	38	36	
1600	1	T 602	79	40	40	P 604	80	38	38	
1601	1	T 600	80	40	40	P 602	82	38	38	
1602	1	T 598	81	40	40	P 600	82	38	38	
1603	1	T 596	82	40	40	P 598	84	38	38	
1604	1	T 594	83	40	40	P 596	84	38	38	
1605	1	T 592	84	40	40	P 594	84	38	40	
1606	1	T 590	85	40	40	P 592	86	38	38	
1607	1	T 588	86	40	40	P 590	88	38	38	
1608	1	T 586	87	40	40	P 588	88	38	38	
1609	1	T 584	88	40	40	P 586	88	38	38	
1610	1	T 582	89	40	40	P 584	90	38	38	
1611	1	T 580	90	40	40	P 582	92	38	38	
1612	1	T 578	91	40	40	P 578	92	40	38	
1613	1	T 576	92	40	40	P 576	94	40	38	
1614	1	T 574	93	40	40	P 576	94	38	38	
1615	1	T 572	94	40	40	P 574	94	38	40	
1616	1	T 570	95	40	40	P 570	96	40	38	
1617	1	T 568	96	40	40	P 570	98	38	36	
1618	1	T 566	97	40	40	P 566	98	40	36	
1619	1	T 564	98	40	40	P 564	100	40	36	
1620	1	T 562	99	40	40	P 564	100	36	38	
1621	1	T 560	100	40	40	P 562	102	38	38	
1622	1	T 558	101	40	40	P 560	102	38	38	
1623	1	T 556	102	40	40	P 556	104	38	36	
1624	1	T 554	103	40	40	P 556	106	38	36	
1625	1	T 552	104	40	40	P 554	106	38	38	
1626	1	T 550	105	40	40	P 550	106	40	34	
1627	1	T 548	106	40	40	P 550	106	38	40	
1628	1	T 546	107	40	40	P 548	108	38	38	
1629	1	T 544	108	40	40	P 546	110	38	38	
1630	1	T 542	109	40	40	P 542	110	40	36	
1631	1	T 540	110	40	40	P 542	110	38	40	
1632	1	T 538	111	40	40	P 538	112	40	38	
1633	1	T 536	112	40	40	P 538	114	38	38	
1634	1	T 534	113	40	40	P 536	114	38	38	
1635	1	T 532	114	40	40	P 534	116	38	38	
1636	1	T 530	115	40	40	P 532	116	38	40	
1637	1	T 528	116	40	40	P 530	118	38	38	
1638	1	T 526	117	40	40	P 528	118	38	38	
1639	1	T 524	118	40	40	P 526	120	38	38	
1640	1	T 522	119	40	40	P 524	120	38	40	
1641	1	T 520	120	40	40	P 520	122	40	38	
1642	1	T 518	121	40	40	P 518	122	40	38	
1643	1	T 516	122	40	40	P 516	124	40	36	
1644	1	T 514	123	40	40	P 516	124	38	38	
1645	1	T 512	124	40	40	P 514	124	36	40	
1646	1	T 510	125	40	40	P 512	128	38	36	
1647	1	T 508	126	40	40	P 508	126	38	38	
1648	1	T 506	127	40	40	P 508	128	38	38	
1649	1	T 504	128	40	40	P 506	130	38	38	
1650	1	T 502	129	40	40	P 504	130	38	38	
1651	1	T 500	130	40	40	P 502	132	38	38	
1652	1	T 498	131	40	40	P 500	134	38	36	
1653	1	T 496	132	40	40	P 498	134	38	38	
1654	1	T 494	133	40	40	P 496	134	38	38	
1655	1	T 492	134	40	40	P 492	134	40	40	
1656	1	T 490	135	40	40	P 492	136	38	38	
1657	1	T 488	136	40	40	P 490	138	38	38	
1658	1	T 486	137	40	40	P 488	138	38	40	
1659	1	T 484	138	40	40	P 486	140	38	38	
1660	1	T 482	139	40	40	P 482	140	38	38	
1661	1	T 480	140	40	40	P 482	140	38	40	
1662	1	T 478	141	40	40	P 480	142	36	38	
1663	1	T 476	142	40	40	P 476	144	40	38	
1664	1	T 474	143	40	40	P 476	144	38	38	
1665	1	T 472	144	40	40	P 472	144	38	40	
1666	1	T 470	145	40	40	P 472	146	38	38	
1667	1	T 468	146	40	40	P 470	148	38	36	
1668	1	T 466	147	40	40	P 468	148	38	38	
1669	1	T 464	148	40	40	P 466	150	38	38	
1670	1	T 462	149	40	40	P 464	150	38	38	
1671	1	T 460	150	40	40	P 462	152	38	38	
1672	1	T 458	151	40	40	P 460	152	36	38	
1673	1	T 456	152	40	40	P 456	154	40	36	
1674	1	T 454	153	40	40	P 456	154	38	38	
1675	1	T 452	154	40	40	P 454	156	38	38	
1676	1	T 450	155	40	40	P 452	156	38	38	
1677	1	T 448	156	40	40	P 450	158	38	38	
1678	1	T 446	157	40	40	P 446	158	40	36	
1679	1	T 444	158	40	40	P 446	158	38	38	
1680	1	T 442	159	40	40	P 444	160	38	40	
1681	1	T 440	160	40	40	P 442	162	38	38	
1682	1	T 438	161	40	40	P 440	162	38	38	
1683	1	T 436	162	40	40	P 438	164	38	36	
1684	1	T 434	163	40	40	P 436	166	38	36	
1685	1	T 432	164	40	40	P 432	166	40	38	
1686	1	T 430	165	40	40	P 432	166	38	40	
1687	1	T 428	166	40	40	P 430	168	38	38	
1688	1	T 426	167	40	40	P 426	168	40	40	
1689	1	T 424	168	40	40	P 426	170	36	38	
1690	1	T 422	169	40	40	P 422	170	40	38	
1691	1	T 420	170	40	40	P 422	172	38	38	
1692	1	T 418	171	40	40	P 418	172	40	38	
1693	1	T 416	172	40	40	P 418	174	38	38	
1694	1	T 414	173	40	40	P 416	174	38	40	
1695	1	T 412	174	40	40	P 412	174	40	38	
1696	1	T 410	175	40	40	P 412	176	38	40	
1697	1	T 408	176	40	40	P 410	178	38	38	
1698	1	T 406	177	40	40	P 408	180	38	36	
1699	1	T 404	178	40	40	P 406	178	38	40	
1700	1	T 402	179	40	40	P 404	180	38	38	
1701	1	T 400	180	40	40	P 402	180	38	38	
1702	1	T 398	181	40	40	P 400	184	38	38	
1703	1	T 396	182	40	40	P 398	184	38	38	
1704	1	T 394	183	40	40	P 396	184	38	38	
1705	1	T 392	184	40	40	P 394	186	38	38	
1706	1	T 390	185	40	40	P 392	188	38	36	
1707	1	T 388	186	40	40	P 390	188	38	38	
1708	1	T 386	187	40	40	P 388	188	38	40	
1709	1	T 384	188	40	40	P 386	190	38	38	
1710	1	T 382	189	40	40	P 384	190	38	38	
1711	1	T 380	190	40	40	P 380	192	40	38	
1712	1	T 378	191	40	40	P 380	192	38	38	
1713	1	T 376	192	40	40	P 378	194	38	38	
1714	1	T 374	193	40	40	P 374	196	38	38	
1715	1	T 372	194	40	40	P 374	196	38	38	
1716	1	T 370	195	40	40	P 372	196	38	38	
1717	1	T 368	196	40	40	P 370	198	38	38	
1718	1	T 366	197	40	40	P 368	198	38	40	
1719	1	T 364	198	40	40	P 366	200	38	38	
1720	1	T 362	199	40	40	P 362	200	40	38	
1721	1	T 360	200	40	40	P 362	202	38	38	
1722	1	T 358	201	40	40	P 360	202	38	40	
1723	1	T 356	202	40	40	P 358	204	38	38	
1724	1	T 354	203	40	40	P 354	204	40	38	
1725	1	T 352	204	40	40	P 354	206	38	38	
1726	1	T 350	205	40	40	P 350	206	40	34	
1727	1	T 348	206	40	40	P 350	208	38	38	
1728	1	T 346	207	40	40	P 348	208	38	38	
1729	1	T 344	208	40	40	P 346	210	36	36	
1730	1	T 342	209	40	40	P 342	210	40	36	
1731	1	T 340	210	40	40	P 342	210	38	38	
1732	1	T 338	211	40	40	P 340	212	38	38	
1733	1	T 336	212	40	40	P 336	214	40	36	
1734	1	T 334	213	40	40	P 336	214	38	38	
1735	1	T 332	214	40	40	P 334	216	38	38	
1736	1	T 330	215	40	40	P 332	216	38	38	
1737	1	T 328	216	40	40	P 328	218	40	38	
1738	1	T 326	217	40	40	P 328	218	38	40	
1739	1	T 324	218	40	40	P 326	220	38	38	
1740	1	T 322	219	40	40	P 322	220	40	38	
1741	1	T 320	220	40	40	P 320	222	40	38	
1742	1	T 318	221	40	40	P 318	222	40	38	
1743	1	T 316	222	40	40	P 318	222	38	38	
1744	1	T 314	223	40	40	P 316	226	38	36	
1745	1	T 312	224	40	40	P 314	226	38	38	
1746	1	T 310	225	40	40	P 312	226	38	38	
1747	1	T 308	226	40	40	P 310	226	38	40	
1748	1	T 306	227	40	40	P 308	228	38	40	
1749	1	T 304	228	40	40	P 306	228	38	40	
1750	1	T 302	229	40	40	P 304	230	38	38	
1751	1	T 300	230	40	40	P 302	232	38	38	
1752	1	T 298	231	40	40	P 300	232	38	40	
1753	1	T 296	232	40	40	P 298	234	38	38	
1754	1	T 294	233	40	40	P 294	234	40	36	
1755	1	T 292	234	40	40	P 294	236	38	38	
1756	1	T 290	235	40	40	P 292	236	38	38	
1757	1	T 288	236	40	40	P 290	238	36	38	
1758	1	T 286	237	40	40	P 286	238	40	38	
1759	1	T 284	238	40	40	P 286	240	38	38	
1760	1	T 282	239	40	40	P 282	240	40	40	
1761	1	T 280	240	40	40	P 280	242	40	36	
1762	1	T 278	241	40	40	P 280	242	38	38	
1763	1	T 276	242	40	40	P 278	242	38	40	
1764	1	T 274	243	40	40	P 276	244	38	38	
1765	1	T 272	244	40	40	P 274	246	38	38	
1766	1	T 270	245	40	40	P 270	246	40	38	
1767	1	T 268	246	40	40	P 270	248	38	38	
1768	1	T 266	247	40	40	P 268	248	38	38	
1769	1	T 264	248	40	40	P 266	248	38	40	
1770	1	T 262	249	40	40	P 264	250	38	38	
1771	1	T 260	250	40	40	P 262	252	38	38	
1772	1	T 258	251	40	40	P 260	252	38	40	
1773	1	T 256	252	40	40	P 258	254	38	38	
1774	1	T 254	253	40	40	P 256	254	38	38	
1775	1	T 252	254	40	40	P 254	254	38	40	
1776	1	T 250	255	40	40	P 252	256	38	38	
1777	1	T 248	256	40	40	P 250	258	38	36	
1778	1	T 246	257	40	40	P 248	258	38	38	
1779	1	T 244	258	40	40	P 246	260	38	38	
1780	1	T 242	259	40	40	P 244	260	38	38	
1781	1	T 240	260	40	40	P 242	262	38	38	
1782	1	T 238	261	40	40	P 240	262	36	38	
1783	1	T 236	262	40	40	P 236	262	40	40	
1784	1	T 234	263	40	40	P 236	264	38	40	
1785	1	T 232	264	40	40	P 234	266	38	38	
1786	1	T 230	265	40	40	P 232	266	38	40	
1787	1	T 228	266	40	40	P 230	268	38	38	
1788	1	T 226	267	40	40	P 228	268	38	38	
1789	1	T 224	268	40	40	P 226	270	38	38	
1790	1	T 222	269	40	40	P 224	270	38	38	
1791	1	T 220	270	40	40	P 220	270	40	38	
1792	1	T 218	271	40	40	P 218	272	40	38	
1793	1	T 216	272	40	40	P 216	274	40	36	
1794	1	T 214	273	40	40	P 214	274	38	40	
1795	1	T 212	274	40	40	P 212	274	40	38	
1796	1	T 210	275	40	40	P 212	276	38	38	
1797	1	T 208	276	40	40	P 210	278	38	38	
1798	1	T 206	277	40	40	P 208	278	38	38	
1799	1	T 204	278	40	40	P 206	280	38	38	
1800	1	T 202	279	40	40	P 204	280	38	40	
1801	1	T 200	280	40	40	P 200	282	40	38	
1802	1	T 198	281	40	40	P 200	282	38	38	
1803	1	T 196	282	40	40	P 198	284	38	38	
1804	1	T 194	283	40	40	P 194	284	40	38	
1805	1	T 192	284	40	40	P 192	286	38	38	
1806	1	T 190	285	40	40	P 192	286	38	38	
1807	1	T 188	286	40	40	P 190	288	38	38	
1808	1	T 186	287	40	40	P 186	288	40	38	
1809	1	T 184	288	40	40	P 186	290	38	38	
1810	1	T 182	289	40	40	P 184	292	38	36	
1811	1	T 180	290	40	40	P 182	292	38	38	
1812	1	T 178	291	40	40	P 180	292	38	40	
1813	1	T 176	292	40	40	P 178	294	38	38	
1814	1	T 174	293	40	40	P 176	294	38	38	
1815	1	T 172	294	40	40	P 174	296	38	38	
1816	1	T 170	295	40	40	P 170	296	38	38	
1817	1	T 168	296	40	40	P 168	298	40	38	
1818	1	T 166	297	40	40	P 168	298	38	38	
1819	1	T 164	298	40	40	P 166	300	38	38	
1820	1	T 162	299	40	40	P 162	300	40	38	
1821	1	T 160	300	40	40	P 160	302	40	38	
1822	1	T 158	301	40	40	P 158	302	40	38	
1823	1	T 156	302	40	40	P 158	304	38	38	
1824	1	T 154	303	40	40	P 156	304	38	40	
1825	1	T 152	304	40	40	P 154	306	38	38	
1826	1	T 150	305	40	40	P 152	306	38	38	
1827	1	T 148	306	40	40	P 150	308	38	38	
1828	1	T 146	307	40	40	P 148	308	38	40	
1829	1	T 144	308	40	40	P 144	310	40	38	
1830	1	T 142	309	40	40	P 142	312	40	36	
1831	1	T 140	310	40	40	P 142	312	38	38	
1832	1	T 138	311	40	40	P 138	312	40	38	
1833	1	T 136	312	40	40	P 138	312	36	40	
1834	1	T 134	313	40	40	P 134	314	40	40	
1835	1	T 132	314	40	40	P 134	316	38	38	
1836	1	T 130	315	40	40	P 132	316	38	38	
1837	1	T 128	316	40	40	P 130	316	38	40	
1838	1	T 126	317	40	40	P 126	318	40	34	
1839	1	T 124	318	40	40	P 126	320	38	38	
1840	1	T 122	319	40	40	P 124	320	38	38	
1841	1	T 120	320	40	40	P 122	322	38	38	
1842	1	T 118	321	40	40	P 118	322	40	38	
1843	1	T 116	322	40	40	P 118	322	38	40	
1844	1	T 114	323	40	40	P 116	324	38	38	
1845	1	T 112	324	40	40	P 114	324	38	40	
1846	1	T 110	325	40	40	P 112	326	38	38	
1847	1	T 108	326	40	40	P 108	328	40	38	
1848	1	T 106	327	40	40	P 108	328	38	38	
1849	1	T 104	328	40	40	P 106	330	38	38	
1850	1	T 102	329	40	40	P 104	330	38	38	
1851	1	T 100	330	40	40	P 100	332	40	38	
1852	1	T 98	331	40	40	P 100	332	38	38	
1853	1	T 96	332	40	40	P 96	334	38	36	
1854	1	T 94	333	40	40	P 96	334	38	40	
1855	1	T 92	334	40	40	P 94	336	38	38	
1856	1	T 90	335	40	40	P 92	336	38	40	
1857	1	T 88	336	40	40	P 90	338	38	38	
1858	1	T 86	337	40	40	P 88	338	38	38	
1859	1	T 84	338	40	40	P 86	338	38	38	
1860	1	T 82	339	40	40	P 84	340	38	38	
1861	1	T 80	340	40	40	P 82	342	38	38	
1862	1	T 78	341	40	40	P 78	342	40	38	
1863	1	T 76	342	40	40	P 78	342	36	38	
1864	1	T 74	343	40	40	P 76	346	38	36	
1865	1	T 72	344	40	40	P 74	344	38	38	
1866	1	T 70	345	40	40	P 72	346	38	38	
1867	1	T 68	346	40	40	P 70	348	38	38	
1868	1	T 66	347	40	40	P 68	348	38	38	
1869	1	T 64	348	40	40	P 64	350	40	38	
1870	1	T 62	349	40	40	P 64	350	38	38	
1871	1	T 60	350	40	40	P 62	352	38	38	
1872	1	T 58	351	40	40	P 60	354	38	36	
1873	1	T 56	352	40	40	P 56	354	40	38	
1874	1	T 54	353	40	40	P 56	354	38	38	
1875	1	T 52	354	40	40	P 54	356	38	38	
1876	1	T 50	355	40	40	P 52	356	38	38	
1877	1	T 48	356	40	40	P 50	358	38	38	
1878	1	T 46	357	40	40	P 48	358	38	40	
1879	1	T 44	358	40	40	P 46	360	38	38	
1880	1	T 42	359	40	40	P 44	360	38	38	
1881	1	T 40	360	40	40	P 42	362	38	38	
1882	1	T 38	361	40	40	P 38	362	40	38	
1883	1	T 36	362	40	40	P 38	364	38	38	
1884	1	T 34	363	40	40	P 36	364	38	40	
1885	1	T 32	364	40	40	P 32	366	40	38	
1886	1	T 30	365	40	40	P 32	366	38	38	
1887	1	T 28	366	40	40	P 30	368	38	38	
1888	1	T 26	367	40	40	P 28	368	38	40	
1889	1	T 24	368	40	40	P 24	368	40	40	
1890	1	T 22	369	40	40	P 24	370	38	38	
1891	1	T 20	370	40	40	P 22	372	38	38	
1892	1	T 22	371	40	40	P 24	372	38	40	
1893	1	T 24	372	40	40	P 24	374	40	38	
1894	1	T 26	373	40	40	P 28	374	38	40	
1895	1	T 28	374	40	40	P 30	376	38	38	
1896	1	T 30	375	40	40	P 30	376	40	38	
1897	1	T 32	376	40	40	P 34	378	38	38	
1898	1	T 34	377	40	40	P 36	378	38	38	
1899	1	T 36	378	40	40	P 38	380	38	38	
1900	1	T 38	379	40	40	P 40	380	38	38	
1901	1	T 40	380	40	40	P 42	382	38	38	
1902	1	T 42	381	40	40	P 44	382	38	38	
1903	1	T 44	382	40	40	P 46	382	38	38	
1904	1	T 46	383	40	40	P 46	384	40	36	
1905	1	T 48	384	40	40	P 50	386	38	38	
1906	1	T 50	385	40	40	P 52	386	38	38	
1907	1	T 52	386	40	40	P 54	386	38	38	
1908	1	T 54	387	40	40	P 56	388	38	40	
1909	1	T 56	388	40	40	P 56	388	40	40	
1910	1	T 58	389	40	40	P 60	390	38	38	
1911	1	T 60	390	40	40	P 60	392	38	38	
1912	1	T 62	391	40	40	P 64	392	38	38	
1913	1	T 64	392	40	40	P 66	394	38	36	
1914	1	T 66	393	40	40	P 68	394	38	38	
1915	1	T 68	394	40	40	P 68	396	40	38	
1916	1	T 70	395	40	40	P 72	396	38	40	
1917	1	T 72	396	40	40	P 74	398	38	38	
1918	1	T 74	397	40	40	P 76	400	36	36	
1919	1	T 76	398	40	40	P 78	400	38	38	
1920	1	T 78	399	40	40	P 80	400	38	38	
1921	1	T 80	400	40	40	P 82	402	38	38	
1922	1	T 82	401	40	40	P 82	402	38	38	
1923	1	T 84	402	40	40	P 86	402	38	40	
1924	1	T 86	403	40	40	P 86	404	40	38	
1925	1	T 88	404	40	40	P 88	404	40	40	
1926	1	T 90	405	40	40	P 92	406	38	38	
1927	1	T 92	406	40	40	P 94	406	36	38	
1928	1	T 94	407	40	40	P 96	408	36	38	
1929	1	T 96	408	40	40	P 98	408	38	40	
1930	1	T 98	409	40	40	P 100	410	38	38	
1931	1	T 100	410	40	40	P 102	412	38	38	
1932	1	T 102	411	40	40	P 102	412	40	36	
1933	1	T 104	412	40	40	P 106	414	38	38	
1934	1	T 106	413	40	40	P 108	414	38	38	
1935	1	T 108	414	40	40	P 110	416	38	38	
1936	1	T 110	415	40	40	P 112	416	38	38	
1937	1	T 112	416	40	40	P 112	416	40	40	
1938	1	T 114	417	40	40	P 116	418	38	38	
1939	1	T 116	418	40	40	P 116	420	40	38	
1940	1	T 118	419	40	40	P 120	420	38	38	
1941	1	T 120	420	40	40	P 122	420	38	40	
1942	1	T 122	419	40	40	P 122	420	40	38	
1943	1	T 124	418	40	40	P 126	420	38	38	
1944	1	T 126	417	40	40	P 128	418	36	40	
1945	1	T 128	416	40	40	P 130	418	38	38	
1946	1	T 130	415	40	40	P 130	416	40	36	
1947	1	T 132	414	40	40	P 134	416	38	38	
1948	1	T 134	413	40	40	P 136	414	38	38	
1949	1	T 136	412	40	40	P 136	414	40	36	
1950	1	T 138	411	40	40	P 140	412	38	38	
1951	1	T 140	410	40	40	P 142	412	38	38	
1952	1	T 142	409	40	40	P 142	410	40	40	
1953	1	T 144	408	40	40	P 146	410	38	36	
1954	1	T 146	407	40	40	P 148	408	38	38	
1955	1	T 148	406	40	40	P 150	408	38	38	
1956	1	T 150	405	40	40	P 150	406	40	40	
1957	1	T 152	404	40	40	P 154	406	38	36	
1958	1	T 154	403	40	40	P 154	404	40	38	
1959	1	T 156	402	40	40	P 158	404	38	36	
1960	1	T 158	401	40	40	P 160	402	38	38	
1961	1	T 160	400	40	40	P 162	402	38	38	
1962	1	T 162	399	40	40	P 164	400	36	38	
1963	1	T 164	398	40	40	P 166	400	38	38	
1964	1	T 166	397	40	40	P 168	398	38	38	
1965	1	T 168	396	40	40	P 170	396	38	40	
1966	1	T 170	395	40	40	P 172	396	38	38	
1967	1	T 172	394	40	40	P 174	396	38	38	
1968	1	T 174	393	40	40	P 176	394	38	38	
1969	1	T 176	392	40	40	P 178	392	38	38	
1970	1	T 178	391	40	40	P 180	392	36	38	
1971	1	T 180	390	40	40	P 182	392	38	38	
1972	1	T 182	389	40	40	P 182	390	38	34	
1973	1	T 184	388	40	40	P 186	390	38	38	
1974	1	T 186	387	40	40	P 188	388	38	40	
1975	1	T 188	386	40	40	P 190	388	38	38	
1976	1	T 190	385	40	40	P 192	388	38	38	
1977	1	T 192	384	40	40	P 194	386	38	38	
1978	1	T 194	383	40	40	P 196	384	38	38	
1979	1	T 196	382	40	40	P 196	382	40	40	
1980	1	T 198	381	40	40	P 200	382	38	38	
1981	1	T 200	380	40	40	P 200	380	40	40	
1982	1	T 202	379	40	40	P 204	380	38	40	
1983	1	T 204	378	40	40	P 204	378	40	40	
1984	1	T 206	377	40	40	P 208	378	38	38	
1985	1	T 208	376	40	40	P 210	376	38	40	
1986	1	T 210	375	40	40	P 210	376	40	34	
1987	1	T 212	374	40	40	P 214	376	38	36	
1988	1	T 214	373	40	40	P 214	374	38	36	
1989	1	T 216	372	40	40	P 218	374	38	38	
1990	1	T 218	371	40	40	P 220	372	38	38	
1991	1	T 220	370	40	40	P 222	372	38	38	
1992	1	T 222	369	40	40	P 224	370	38	38	
1993	1	T 224	368	40	40	P 226	370	38	38	
1994	1	T 226	367	40	40	P 228	368	38	38	
1995	1	T 228	366	40	40	P 230	368	38	38	
1996	1	T 230	365	40	40	P 230	366	40	40	
1997	1	T 232	364	40	40	P 234	366	38	38	
1998	1	T 234	363	40	40	P 236	364	38	40	
1999	1	T 236	362	40	40	P 238	364	38	38	
2000	1	T 238	361	40	40	P 240	362	38	38	
