1	1	T 80	80	40	40	P 60	60	73	73	
2	1	T 82	81	40	40	P 72	60	73	73	
3	1	T 84	82	40	40	P 72	72	73	61	
4	1	T 86	83	40	40	P 72	72	73	73	
5	1	T 88	84	40	40	P 72	72	73	73	
6	1	T 90	85	40	40	P 72	72	73	73	
7	1	T 92	86	40	40	P 72	72	73	73	
8	1	T 94	87	40	40	P 72	72	85	73	
9	1	T 96	88	40	40	P 84	72	73	73	
10	1	T 98	89	40	40	P 84	72	73	73	
11	1	T 100	90	40	40	P 84	72	73	73	
12	1	T 102	91	40	40	P 84	72	73	73	
13	1	T 104	92	40	40	P 84	72	73	73	
14	1	T 106	93	40	40	P 84	72	73	73	
15	1	T 108	94	40	40	P 96	84	73	73	
16	1	T 110	95	40	40	P 96	84	73	73	
17	1	T 112	96	40	40	P 96	84	73	73	
18	1	T 114	97	40	40	P 96	84	73	73	
19	1	T 116	98	40	40	P 96	84	73	73	
20	1	T 118	99	40	40	P 96	84	85	73	
21	1	T 120	100	40	40	P 108	84	73	73	
22	1	T 122	101	40	40	P 108	84	73	73	
23	1	T 124	102	40	40	P 108	84	73	73	
24	1	T 126	103	40	40	P 108	84	73	73	
25	1	T 128	104	40	40	P 108	84	73	73	
26	1	T 130	105	40	40	P 108	84	85	73	
27	1	T 132	106	40	40	P 120	84	73	85	
28	1	T 134	107	40	40	P 120	96	73	73	
29	1	T 136	108	40	40	P 120	96	73	73	
30	1	T 138	109	40	40	P 120	96	73	73	
31	1	T 140	110	40	40	P 120	96	73	73	
32	1	T 142	111	40	40	P 132	96	73	73	
33	1	T 144	112	40	40	P 132	96	73	73	
34	1	T 146	113	40	40	P 132	96	73	73	
35	1	T 148	114	40	40	P 132	96	73	73	
36	1	T 150	115	40	40	P 132	96	73	73	
37	1	T 152	116	40	40	P 132	96	49	73	
38	1	T 154	117	40	40	P 144	108	73	61	
39	1	T 156	118	40	40	P 144	96	73	85	
40	1	T 158	119	40	40	P 144	108	73	73	
41	1	T 160	120	40	40	P 144	108	73	73	
42	1	T 162	121	40	40	P 144	108	73	49	
43	1	T 164	122	40	40	P 180	108	37	73	
44	1	T 166	123	40	40	P 156	108	73	73	
45	1	T 168	124	40	40	P 156	108	73	37	
46	1	T 170	125	40	40	P 156	108	73	73	
47	1	T 172	126	40	40	P 156	108	73	73	
48	1	T 174	127	40	40	P 156	108	73	73	
49	1	T 176	128	40	40	P 156	108	73	73	
50	1	T 178	129	40	40	P 156	108	85	73	
51	1	T 180	130	40	40	P 168	108	73	85	
52	1	T 182	131	40	40	P 168	120	73	73	
53	1	T 184	132	40	40	P 168	120	73	73	
54	1	T 186	133	40	40	P 168	120	73	61	
55	1	T 188	134	40	40	P 168	120	73	73	
56	1	T 190	135	40	40	P 168	120	85	73	
57	1	T 192	136	40	40	P 180	120	73	73	
58	1	T 194	137	40	40	P 204	120	49	37	
59	1	T 196	138	40	40	P 180	120	73	73	
60	1	T 198	139	40	40	P 180	120	73	73	
61	1	T 200	140	40	40	P 180	120	73	73	
62	1	T 202	141	40	40	P 180	120	73	73	
63	1	T 204	142	40	40	P 192	120	73	73	
64	1	T 206	143	40	40	P 192	132	73	73	
65	1	T 208	144	40	40	P 192	132	73	73	
66	1	T 210	145	40	40	P 192	132	73	73	
67	1	T 212	146	40	40	P 192	132	73	73	
68	1	T 214	147	40	40	P 192	132	85	73	
69	1	T 216	148	40	40	P 204	132	73	73	
70	1	T 218	149	40	40	P 204	132	73	73	
71	1	T 220	150	40	40	P 204	168	73	37	
72	1	T 222	151	40	40	P 204	132	73	73	
73	1	T 224	152	40	40	P 204	132	73	73	
74	1	T 226	153	40	40	P 204	132	85	73	
75	1	T 228	154	40	40	P 216	144	73	61	
76	1	T 230	155	40	40	P 216	144	73	73	
77	1	T 232	156	40	40	P 216	168	73	49	
78	1	T 234	157	40	40	P 216	144	73	73	
79	1	T 236	158	40	40	P 216	168	73	49	
80	1	T 238	159	40	40	P 228	144	73	73	
81	1	T 240	160	40	40	P 228	144	73	73	
82	1	T 242	161	40	40	P 228	144	73	73	
83	1	T 244	162	40	40	P 228	144	73	73	
84	1	T 246	163	40	40	P 228	144	73	73	
85	1	T 248	164	40	40	P 228	144	73	73	
86	1	T 250	165	40	40	P 228	144	85	73	
87	1	T 252	166	40	40	P 240	144	73	73	
88	1	T 254	167	40	40	P 240	156	73	73	
89	1	T 256	168	40	40	P 240	156	73	73	
90	1	T 258	169	40	40	P 240	156	73	73	
91	1	T 260	170	40	40	P 240	156	73	73	
92	1	T 262	171	40	40	P 240	156	73	73	
93	1	T 264	172	40	40	P 252	156	73	73	
94	1	T 266	173	40	40	P 252	156	73	73	
95	1	T 268	174	40	40	P 252	156	49	49	
96	1	T 270	175	40	40	P 252	156	73	73	
97	1	T 272	176	40	40	P 252	156	73	73	
98	1	T 274	177	40	40	P 252	156	49	73	
99	1	T 276	178	40	40	P 264	156	73	73	
100	1	T 278	179	40	40	P 264	168	73	73	
101	1	T 280	180	40	40	P 264	168	73	73	
102	1	T 282	181	40	40	P 264	168	73	73	
103	1	T 284	182	40	40	P 264	168	73	73	
104	1	T 286	183	40	40	P 264	168	73	73	
105	1	T 288	184	40	40	P 276	168	73	73	
106	1	T 290	185	40	40	P 276	168	73	73	
107	1	T 292	186	40	40	P 276	168	73	73	
108	1	T 294	187	40	40	P 276	168	73	73	
109	1	T 296	188	40	40	P 276	168	73	73	
110	1	T 298	189	40	40	P 276	168	85	73	
111	1	T 300	190	40	40	P 288	168	61	85	
112	1	T 302	191	40	40	P 288	180	73	73	
113	1	T 304	192	40	40	P 288	180	73	73	
114	1	T 306	193	40	40	P 288	180	73	73	
115	1	T 308	194	40	40	P 324	180	37	73	
116	1	T 310	195	40	40	P 288	180	85	73	
117	1	T 312	196	40	40	P 300	180	73	73	
118	1	T 314	197	40	40	P 300	180	73	73	
119	1	T 316	198	40	40	P 300	180	73	73	
120	1	T 318	199	40	40	P 300	180	73	73	
121	1	T 320	200	40	40	P 300	180	73	73	
122	1	T 322	201	40	40	P 312	180	73	73	
123	1	T 324	202	40	40	P 312	180	73	73	
124	1	T 326	203	40	40	P 312	192	73	73	
125	1	T 328	204	40	40	P 312	192	73	73	
126	1	T 330	205	40	40	P 312	192	73	73	
127	1	T 332	206	40	40	P 312	228	73	37	
128	1	T 334	207	40	40	P 312	192	85	73	
129	1	T 336	208	40	40	P 324	192	73	73	
130	1	T 338	209	40	40	P 324	192	73	73	
131	1	T 340	210	40	40	P 324	192	73	73	
132	1	T 342	211	40	40	P 324	192	73	73	
133	1	T 344	212	40	40	P 324	192	73	73	
134	1	T 346	213	40	40	P 336	192	73	73	
135	1	T 348	214	40	40	P 336	192	73	85	
136	1	T 350	215	40	40	P 336	204	73	73	
137	1	T 352	216	40	40	P 336	204	73	73	
138	1	T 354	217	40	40	P 336	204	73	73	
139	1	T 356	218	40	40	P 336	204	73	73	
140	1	T 358	219	40	40	P 336	204	85	73	
141	1	T 360	220	40	40	P 348	204	73	73	
142	1	T 362	221	40	40	P 348	204	73	73	
143	1	T 364	222	40	40	P 348	204	73	73	
144	1	T 366	223	40	40	P 348	204	73	73	
145	1	T 368	224	40	40	P 348	204	73	73	
146	1	T 370	225	40	40	P 348	204	85	73	
147	1	T 372	226	40	40	P 360	204	73	73	
148	1	T 374	227	40	40	P 360	216	73	73	
149	1	T 376	228	40	40	P 360	216	37	61	
150	1	T 378	229	40	40	P 360	216	73	73	
151	1	T 380	230	40	40	P 360	216	73	73	
152	1	T 382	231	40	40	P 372	216	73	73	
153	1	T 384	232	40	40	P 372	216	73	73	
154	1	T 386	233	40	40	P 372	216	73	73	
155	1	T 388	234	40	40	P 372	216	73	73	
156	1	T 390	235	40	40	P 372	216	73	49	
157	1	T 392	236	40	40	P 372	216	73	73	
158	1	T 394	237	40	40	P 372	216	85	73	
159	1	T 396	238	40	40	P 384	216	73	61	
160	1	T 398	239	40	40	P 384	228	73	73	
161	1	T 400	240	40	40	P 384	228	73	73	
162	1	T 402	241	40	40	P 384	228	73	73	
163	1	T 404	242	40	40	P 384	228	73	73	
164	1	T 406	243	40	40	P 384	228	85	49	
165	1	T 408	244	40	40	P 396	228	73	73	
166	1	T 410	245	40	40	P 396	228	73	73	
167	1	T 412	246	40	40	P 396	228	73	73	
168	1	T 414	247	40	40	P 396	228	73	73	
169	1	T 416	248	40	40	P 396	228	49	73	
170	1	T 418	249	40	40	P 408	228	73	73	
171	1	T 420	250	40	40	P 408	228	73	85	
172	1	T 422	251	40	40	P 408	240	73	37	
173	1	T 424	252	40	40	P 408	240	73	73	
174	1	T 426	253	40	40	P 408	240	73	73	
175	1	T 428	254	40	40	P 408	240	73	73	
176	1	T 430	255	40	40	P 408	240	73	73	
177	1	T 432	256	40	40	P 420	240	73	73	
178	1	T 434	257	40	40	P 420	240	73	73	
179	1	T 436	258	40	40	P 420	240	73	73	
180	1	T 438	259	40	40	P 420	240	73	73	
181	1	T 440	260	40	40	P 420	240	73	73	
182	1	T 442	261	40	40	P 432	240	73	73	
183	1	T 444	262	40	40	P 432	240	73	85	
184	1	T 446	263	40	40	P 432	252	73	61	
185	1	T 448	264	40	40	P 432	252	73	73	
186	1	T 450	265	40	40	P 432	252	73	73	
187	1	T 452	266	40	40	P 432	252	73	73	
188	1	T 454	267	40	40	P 444	252	61	73	
189	1	T 456	268	40	40	P 444	252	73	73	
190	1	T 458	269	40	40	P 444	252	73	73	
191	1	T 460	270	40	40	P 444	252	73	73	
192	1	T 462	271	40	40	P 444	252	73	73	
193	1	T 464	272	40	40	P 444	288	73	37	
194	1	T 466	273	40	40	P 444	252	73	73	
195	1	T 468	274	40	40	P 456	252	73	73	
196	1	T 470	275	40	40	P 456	264	73	37	
197	1	T 472	276	40	40	P 456	264	73	73	
198	1	T 474	277	40	40	P 456	264	73	73	
199	1	T 476	278	40	40	P 456	264	73	73	
200	1	T 478	279	40	40	P 456	264	85	73	
201	1	T 480	280	40	40	P 468	264	73	73	
202	1	T 482	281	40	40	P 468	264	73	73	
203	1	T 484	282	40	40	P 468	264	73	73	
204	1	T 486	283	40	40	P 468	264	73	73	
205	1	T 488	284	40	40	P 468	264	73	73	
206	1	T 490	285	40	40	P 468	264	85	73	
207	1	T 492	286	40	40	P 480	264	73	73	
208	1	T 494	287	40	40	P 480	276	73	73	
209	1	T 496	288	40	40	P 480	276	73	73	
210	1	T 498	289	40	40	P 480	276	73	73	
211	1	T 500	290	40	40	P 492	312	61	37	
212	1	T 502	291	40	40	P 480	276	85	73	
213	1	T 504	292	40	40	P 492	276	73	73	
214	1	T 506	293	40	40	P 492	276	73	73	
215	1	T 508	294	40	40	P 492	276	73	73	
216	1	T 510	295	40	40	P 492	276	37	73	
217	1	T 512	296	40	40	P 492	276	73	73	
218	1	T 514	297	40	40	P 492	276	85	73	
219	1	T 516	298	40	40	P 504	276	73	73	
220	1	T 518	299	40	40	P 504	288	73	37	
221	1	T 520	300	40	40	P 504	288	73	73	
222	1	T 522	301	40	40	P 504	288	73	73	
223	1	T 524	302	40	40	P 504	288	73	73	
224	1	T 526	303	40	40	P 516	288	73	37	
225	1	T 528	304	40	40	P 516	288	73	73	
226	1	T 530	305	40	40	P 516	288	73	73	
227	1	T 532	306	40	40	P 516	288	73	73	
228	1	T 534	307	40	40	P 516	288	73	73	
229	1	T 536	308	40	40	P 516	288	73	73	
230	1	T 538	309	40	40	P 516	288	85	73	
231	1	T 540	310	40	40	P 528	288	73	85	
232	1	T 542	311	40	40	P 528	300	73	73	
233	1	T 544	312	40	40	P 528	300	73	73	
234	1	T 546	313	40	40	P 528	300	73	73	
235	1	T 548	314	40	40	P 528	300	73	73	
236	1	T 550	315	40	40	P 528	300	85	73	
237	1	T 552	316	40	40	P 540	300	73	73	
238	1	T 554	317	40	40	P 540	300	73	73	
239	1	T 556	318	40	40	P 540	300	73	73	
240	1	T 558	319	40	40	P 540	336	73	37	
241	1	T 560	320	40	40	P 540	300	73	73	
242	1	T 562	321	40	40	P 540	300	85	73	
243	1	T 564	322	40	40	P 552	300	73	73	
244	1	T 566	323	40	40	P 552	312	73	73	
245	1	T 568	324	40	40	P 552	312	73	73	
246	1	T 570	325	40	40	P 552	312	73	61	
247	1	T 572	326	40	40	P 552	312	73	73	
248	1	T 574	327	40	40	P 552	312	85	73	
249	1	T 576	328	40	40	P 564	312	73	73	
250	1	T 578	329	40	40	P 564	312	73	73	
251	1	T 580	330	40	40	P 564	312	73	73	
252	1	T 582	331	40	40	P 564	312	73	73	
253	1	T 584	332	40	40	P 564	312	73	73	
254	1	T 586	333	40	40	P 564	324	73	61	
255	1	T 588	334	40	40	P 576	348	73	49	
256	1	T 590	335	40	40	P 576	324	73	73	
257	1	T 592	336	40	40	P 576	324	73	73	
258	1	T 594	337	40	40	P 576	324	73	73	
259	1	T 596	338	40	40	P 576	324	73	73	
260	1	T 598	339	40	40	P 576	324	85	73	
261	1	T 600	340	40	40	P 588	324	73	73	
262	1	T 602	341	40	40	P 588	324	73	73	
263	1	T 604	342	40	40	P 588	324	73	73	
264	1	T 606	343	40	40	P 588	360	73	37	
265	1	T 608	344	40	40	P 588	324	73	73	
266	1	T 610	345	40	40	P 588	324	73	73	
267	1	T 612	346	40	40	P 600	324	73	73	
268	1	T 614	347	40	40	P 600	336	73	73	
269	1	T 616	348	40	40	P 600	336	73	73	
270	1	T 618	349	40	40	P 600	336	73	73	
271	1	T 620	350	40	40	P 600	336	73	73	
272	1	T 622	351	40	40	P 636	336	37	73	
273	1	T 624	352	40	40	P 612	336	73	73	
274	1	T 626	353	40	40	P 612	336	73	73	
275	1	T 628	354	40	40	P 612	336	73	73	
276	1	T 630	355	40	40	P 612	336	73	73	
277	1	T 632	356	40	40	P 612	336	73	73	
278	1	T 634	357	40	40	P 612	336	85	73	
279	1	T 636	358	40	40	P 624	336	73	85	
280	1	T 638	359	40	40	P 624	348	73	61	
281	1	T 640	360	40	40	P 624	348	73	73	
282	1	T 642	361	40	40	P 624	348	73	73	
283	1	T 644	362	40	40	P 624	348	73	73	
284	1	T 646	363	40	40	P 636	348	61	73	
285	1	T 648	364	40	40	P 636	348	73	73	
286	1	T 650	365	40	40	P 636	348	73	73	
287	1	T 652	366	40	40	P 636	348	73	73	
288	1	T 654	367	40	40	P 636	348	73	73	
289	1	T 656	368	40	40	P 636	348	73	73	
290	1	T 658	369	40	40	P 636	348	73	49	
291	1	T 660	370	40	40	P 648	348	61	85	
292	1	T 658	371	40	40	P 636	360	73	73	
293	1	T 656	372	40	40	P 636	360	73	73	
294	1	T 654	373	40	40	P 636	360	73	73	
295	1	T 652	374	40	40	P 636	360	73	73	
296	1	T 650	375	40	40	P 636	360	73	73	
297	1	T 648	376	40	40	P 636	396	61	37	
298	1	T 646	377	40	40	P 624	360	85	73	
299	1	T 644	378	40	40	P 624	360	73	73	
300	1	T 642	379	40	40	P 624	360	73	73	
301	1	T 640	380	40	40	P 624	360	73	73	
302	1	T 638	381	40	40	P 624	360	73	73	
303	1	T 636	382	40	40	P 624	372	73	73	
304	1	T 634	383	40	40	P 612	372	73	73	
305	1	T 632	384	40	40	P 612	372	73	73	
306	1	T 630	385	40	40	P 612	372	73	73	
307	1	T 628	386	40	40	P 612	372	73	73	
308	1	T 626	387	40	40	P 612	372	73	73	
309	1	T 624	388	40	40	P 612	372	73	73	
310	1	T 622	389	40	40	P 612	372	61	73	
311	1	T 620	390	40	40	P 600	372	73	73	
312	1	T 618	391	40	40	P 600	372	73	73	
313	1	T 616	392	40	40	P 600	372	73	73	
314	1	T 614	393	40	40	P 600	372	73	73	
315	1	T 612	394	40	40	P 600	384	73	73	
316	1	T 610	395	40	40	P 588	384	85	73	
317	1	T 608	396	40	40	P 588	384	73	73	
318	1	T 606	397	40	40	P 588	384	73	73	
319	1	T 604	398	40	40	P 588	384	73	73	
320	1	T 602	399	40	40	P 588	384	73	73	
321	1	T 600	400	40	40	P 588	384	73	73	
322	1	T 598	401	40	40	P 576	384	85	73	
323	1	T 596	402	40	40	P 576	384	73	73	
324	1	T 594	403	40	40	P 576	384	73	73	
325	1	T 592	404	40	40	P 576	384	73	73	
326	1	T 590	405	40	40	P 576	384	73	73	
327	1	T 588	406	40	40	P 576	384	73	85	
328	1	T 586	407	40	40	P 564	396	73	73	
329	1	T 584	408	40	40	P 564	396	73	73	
330	1	T 582	409	40	40	P 564	396	73	73	
331	1	T 580	410	40	40	P 600	396	37	73	
332	1	T 578	411	40	40	P 564	396	73	73	
333	1	T 576	412	40	40	P 564	396	73	73	
334	1	T 574	413	40	40	P 552	396	85	73	
335	1	T 572	414	40	40	P 552	396	73	73	
336	1	T 570	415	40	40	P 552	396	73	73	
337	1	T 568	416	40	40	P 552	396	73	73	
338	1	T 566	417	40	40	P 552	396	73	73	
339	1	T 564	418	40	40	P 552	396	73	73	
340	1	T 562	419	40	40	P 540	408	85	61	
341	1	T 560	420	40	40	P 540	408	73	61	
342	1	T 558	419	40	40	P 540	408	73	61	
343	1	T 556	418	40	40	P 540	396	73	73	
344	1	T 554	417	40	40	P 540	396	73	73	
345	1	T 552	416	40	40	P 540	396	73	73	
346	1	T 550	415	40	40	P 528	396	73	73	
347	1	T 548	414	40	40	P 528	396	73	73	
348	1	T 546	413	40	40	P 528	396	73	73	
349	1	T 544	412	40	40	P 528	396	73	73	
350	1	T 542	411	40	40	P 528	396	73	73	
351	1	T 540	410	40	40	P 528	396	73	73	
352	1	T 538	409	40	40	P 528	396	73	73	
353	1	T 536	408	40	40	P 516	396	73	73	
354	1	T 534	407	40	40	P 516	396	73	73	
355	1	T 532	406	40	40	P 516	396	73	73	
356	1	T 530	405	40	40	P 516	384	73	73	
357	1	T 528	404	40	40	P 516	384	73	73	
358	1	T 526	403	40	40	P 516	396	73	61	
359	1	T 524	402	40	40	P 504	384	73	73	
360	1	T 522	401	40	40	P 504	384	73	73	
361	1	T 520	400	40	40	P 504	384	73	73	
362	1	T 518	399	40	40	P 504	384	73	73	
363	1	T 516	398	40	40	P 504	384	73	73	
364	1	T 514	397	40	40	P 492	384	85	73	
365	1	T 512	396	40	40	P 492	384	49	73	
366	1	T 510	395	40	40	P 492	384	73	73	
367	1	T 508	394	40	40	P 492	372	73	85	
368	1	T 506	393	40	40	P 492	372	73	73	
369	1	T 504	392	40	40	P 492	372	73	49	
370	1	T 502	391	40	40	P 492	372	73	73	
371	1	T 500	390	40	40	P 480	372	73	73	
372	1	T 498	389	40	40	P 480	372	73	73	
373	1	T 496	388	40	40	P 480	372	73	73	
374	1	T 494	387	40	40	P 480	372	73	73	
375	1	T 492	386	40	40	P 480	372	73	73	
376	1	T 490	385	40	40	P 480	372	37	73	
377	1	T 488	384	40	40	P 468	372	73	73	
378	1	T 486	383	40	40	P 468	372	73	73	
379	1	T 484	382	40	40	P 468	360	73	85	
380	1	T 482	381	40	40	P 468	360	73	73	
381	1	T 480	380	40	40	P 468	360	73	73	
382	1	T 478	379	40	40	P 456	360	73	73	
383	1	T 476	378	40	40	P 456	360	73	73	
384	1	T 474	377	40	40	P 456	360	73	73	
385	1	T 472	376	40	40	P 456	360	73	73	
386	1	T 470	375	40	40	P 456	360	73	73	
387	1	T 468	374	40	40	P 456	360	61	73	
388	1	T 466	373	40	40	P 444	360	85	73	
389	1	T 464	372	40	40	P 444	360	73	73	
390	1	T 462	371	40	40	P 444	360	73	73	
391	1	T 460	370	40	40	P 444	348	73	73	
392	1	T 458	369	40	40	P 444	348	73	73	
393	1	T 456	368	40	40	P 444	348	73	73	
394	1	T 454	367	40	40	P 444	348	73	73	
395	1	T 452	366	40	40	P 432	348	73	73	
396	1	T 450	365	40	40	P 468	348	37	73	
397	1	T 448	364	40	40	P 432	348	73	73	
398	1	T 446	363	40	40	P 432	348	73	73	
399	1	T 444	362	40	40	P 432	348	73	73	
400	1	T 442	361	40	40	P 420	348	73	73	
401	1	T 440	360	40	40	P 420	348	73	49	
402	1	T 438	359	40	40	P 420	348	73	73	
403	1	T 436	358	40	40	P 420	348	73	61	
404	1	T 434	357	40	40	P 420	336	73	73	
405	1	T 432	356	40	40	P 420	336	73	73	
406	1	T 430	355	40	40	P 408	336	85	73	
407	1	T 428	354	40	40	P 408	336	73	73	
408	1	T 426	353	40	40	P 408	336	73	73	
409	1	T 424	352	40	40	P 408	336	73	73	
410	1	T 422	351	40	40	P 408	336	73	73	
411	1	T 420	350	40	40	P 408	336	73	73	
412	1	T 418	349	40	40	P 396	336	73	73	
413	1	T 416	348	40	40	P 396	336	73	73	
414	1	T 414	347	40	40	P 396	336	73	73	
415	1	T 412	346	40	40	P 396	324	73	49	
416	1	T 410	345	40	40	P 396	324	73	73	
417	1	T 408	344	40	40	P 396	324	73	73	
418	1	T 406	343	40	40	P 384	324	85	73	
419	1	T 404	342	40	40	P 384	324	73	73	
420	1	T 402	341	40	40	P 384	324	73	73	
421	1	T 400	340	40	40	P 384	324	73	73	
422	1	T 398	339	40	40	P 384	324	73	73	
423	1	T 396	338	40	40	P 384	324	73	73	
424	1	T 394	337	40	40	P 384	324	73	73	
425	1	T 392	336	40	40	P 372	324	73	73	
426	1	T 390	335	40	40	P 372	324	73	73	
427	1	T 388	334	40	40	P 372	324	73	61	
428	1	T 386	333	40	40	P 372	312	73	73	
429	1	T 384	332	40	40	P 372	312	73	73	
430	1	T 382	331	40	40	P 360	312	73	73	
431	1	T 380	330	40	40	P 360	312	73	73	
432	1	T 378	329	40	40	P 360	312	73	73	
433	1	T 376	328	40	40	P 360	336	73	49	
434	1	T 374	327	40	40	P 384	312	49	73	
435	1	T 372	326	40	40	P 360	312	73	73	
436	1	T 370	325	40	40	P 348	312	73	73	
437	1	T 368	324	40	40	P 348	312	73	73	
438	1	T 366	323	40	40	P 348	312	73	73	
439	1	T 364	322	40	40	P 348	312	73	61	
440	1	T 362	321	40	40	P 348	300	73	73	
441	1	T 360	320	40	40	P 348	300	73	73	
442	1	T 358	319	40	40	P 336	300	73	73	
443	1	T 356	318	40	40	P 336	300	73	73	
444	1	T 354	317	40	40	P 336	300	73	73	
445	1	T 352	316	40	40	P 336	300	73	73	
446	1	T 350	315	40	40	P 336	300	73	73	
447	1	T 348	314	40	40	P 336	300	73	73	
448	1	T 346	313	40	40	P 336	300	73	73	
449	1	T 344	312	40	40	P 324	300	73	73	
450	1	T 342	311	40	40	P 324	300	73	73	
451	1	T 340	310	40	40	P 324	288	73	85	
452	1	T 338	309	40	40	P 324	288	73	73	
453	1	T 336	308	40	40	P 324	288	73	73	
454	1	T 334	307	40	40	P 312	288	85	73	
455	1	T 332	306	40	40	P 312	288	73	73	
456	1	T 330	305	40	40	P 312	288	73	73	
457	1	T 328	304	40	40	P 312	288	73	73	
458	1	T 326	303	40	40	P 312	288	73	73	
459	1	T 324	302	40	40	P 312	288	73	73	
460	1	T 322	301	40	40	P 300	288	85	73	
461	1	T 320	300	40	40	P 300	288	73	73	
462	1	T 318	299	40	40	P 300	288	73	73	
463	1	T 316	298	40	40	P 300	276	73	73	
464	1	T 314	297	40	40	P 300	276	73	73	
465	1	T 312	296	40	40	P 300	276	73	73	
466	1	T 310	295	40	40	P 288	276	49	73	
467	1	T 308	294	40	40	P 288	276	73	73	
468	1	T 306	293	40	40	P 288	276	73	73	
469	1	T 304	292	40	40	P 288	276	73	73	
470	1	T 302	291	40	40	P 288	276	73	73	
471	1	T 300	290	40	40	P 288	276	73	73	
472	1	T 298	289	40	40	P 288	276	73	73	
473	1	T 296	288	40	40	P 276	276	73	73	
474	1	T 294	287	40	40	P 276	276	73	73	
475	1	T 292	286	40	40	P 276	276	73	73	
476	1	T 290	285	40	40	P 276	264	73	73	
477	1	T 288	284	40	40	P 276	264	73	73	
478	1	T 286	283	40	40	P 276	264	73	73	
479	1	T 284	282	40	40	P 264	264	73	73	
480	1	T 282	281	40	40	P 264	264	73	73	
481	1	T 280	280	40	40	P 264	264	73	73	
482	1	T 278	279	40	40	P 264	264	73	73	
483	1	T 276	278	40	40	P 264	264	73	73	
484	1	T 274	277	40	40	P 264	264	73	73	
485	1	T 272	276	40	40	P 252	264	73	73	
486	1	T 270	275	40	40	P 252	264	73	73	
487	1	T 268	274	40	40	P 252	252	73	85	
488	1	T 266	273	40	40	P 252	252	73	73	
489	1	T 264	272	40	40	P 252	252	73	73	
490	1	T 262	271	40	40	P 240	252	85	73	
491	1	T 260	270	40	40	P 240	252	73	73	
492	1	T 258	269	40	40	P 240	252	73	73	
493	1	T 256	268	40	40	P 240	252	73	73	
494	1	T 254	267	40	40	P 240	252	73	73	
495	1	T 252	266	40	40	P 240	252	73	73	
496	1	T 250	265	40	40	P 228	252	85	73	
497	1	T 248	264	40	40	P 228	252	73	73	
498	1	T 246	263	40	40	P 228	252	73	73	
499	1	T 244	262	40	40	P 228	240	73	85	
500	1	T 242	261	40	40	P 228	240	73	73	
501	1	T 240	260	40	40	P 228	240	73	73	
502	1	T 238	259	40	40	P 216	240	85	73	
503	1	T 236	258	40	40	P 216	240	73	73	
504	1	T 234	257	40	40	P 216	240	73	49	
505	1	T 232	256	40	40	P 216	240	73	73	
506	1	T 230	255	40	40	P 216	240	73	73	
507	1	T 228	254	40	40	P 216	240	73	73	
508	1	T 226	253	40	40	P 204	240	73	73	
509	1	T 224	252	40	40	P 204	240	73	73	
510	1	T 222	251	40	40	P 204	240	73	49	
511	1	T 220	250	40	40	P 204	228	73	85	
512	1	T 218	249	40	40	P 204	228	73	73	
513	1	T 216	248	40	40	P 204	228	73	73	
514	1	T 214	247	40	40	P 204	264	37	37	
515	1	T 212	246	40	40	P 192	228	73	73	
516	1	T 210	245	40	40	P 192	228	73	73	
517	1	T 208	244	40	40	P 192	228	73	73	
518	1	T 206	243	40	40	P 192	228	73	73	
519	1	T 204	242	40	40	P 192	228	73	73	
520	1	T 202	241	40	40	P 192	228	73	73	
521	1	T 200	240	40	40	P 180	228	73	73	
522	1	T 198	239	40	40	P 180	228	73	73	
523	1	T 196	238	40	40	P 180	216	73	73	
524	1	T 194	237	40	40	P 180	216	73	73	
525	1	T 192	236	40	40	P 180	216	73	73	
526	1	T 190	235	40	40	P 180	216	73	73	
527	1	T 188	234	40	40	P 168	216	73	49	
528	1	T 186	233	40	40	P 168	216	73	49	
529	1	T 184	232	40	40	P 168	216	73	73	
530	1	T 182	231	40	40	P 168	216	73	73	
531	1	T 180	230	40	40	P 168	216	73	73	
532	1	T 178	229	40	40	P 156	216	85	73	
533	1	T 176	228	40	40	P 156	216	73	73	
534	1	T 174	227	40	40	P 156	216	73	73	
535	1	T 172	226	40	40	P 156	204	73	49	
536	1	T 170	225	40	40	P 156	204	73	73	
537	1	T 168	224	40	40	P 156	204	73	73	
538	1	T 166	223	40	40	P 144	204	85	73	
539	1	T 164	222	40	40	P 144	204	73	73	
540	1	T 162	221	40	40	P 144	204	73	73	
541	1	T 160	220	40	40	P 144	204	73	73	
542	1	T 158	219	40	40	P 144	204	73	73	
543	1	T 156	218	40	40	P 144	204	73	73	
544	1	T 154	217	40	40	P 132	204	73	73	
545	1	T 152	216	40	40	P 132	204	73	37	
546	1	T 150	215	40	40	P 132	204	73	73	
547	1	T 148	214	40	40	P 132	192	73	73	
548	1	T 146	213	40	40	P 132	192	73	73	
549	1	T 144	212	40	40	P 132	192	73	49	
550	1	T 142	211	40	40	P 120	192	73	73	
551	1	T 140	210	40	40	P 120	192	73	73	
552	1	T 138	209	40	40	P 120	192	73	73	
553	1	T 136	208	40	40	P 120	192	73	73	
554	1	T 134	207	40	40	P 120	192	73	73	
555	1	T 132	206	40	40	P 120	192	73	73	
556	1	T 130	205	40	40	P 108	192	85	73	
557	1	T 128	204	40	40	P 108	192	73	73	
558	1	T 126	203	40	40	P 108	192	73	73	
559	1	T 124	202	40	40	P 108	180	49	85	
560	1	T 122	201	40	40	P 108	180	73	73	
561	1	T 120	200	40	40	P 108	192	73	61	
562	1	T 118	199	40	40	P 96	180	85	73	
563	1	T 116	198	40	40	P 96	180	73	73	
564	1	T 114	197	40	40	P 96	180	73	73	
565	1	T 112	196	40	40	P 96	180	73	73	
566	1	T 110	195	40	40	P 96	180	73	73	
567	1	T 108	194	40	40	P 96	180	73	73	
568	1	T 106	193	40	40	P 96	180	73	73	
569	1	T 104	192	40	40	P 84	180	73	73	
570	1	T 102	191	40	40	P 84	180	73	73	
571	1	T 100	190	40	40	P 84	168	73	85	
572	1	T 98	189	40	40	P 84	168	73	73	
573	1	T 96	188	40	40	P 84	168	73	73	
574	1	T 94	187	40	40	P 72	168	73	73	
575	1	T 92	186	40	40	P 72	168	73	73	
576	1	T 90	185	40	40	P 72	168	73	49	
577	1	T 88	184	40	40	P 72	168	73	73	
578	1	T 86	183	40	40	P 72	168	73	73	
579	1	T 84	182	40	40	P 72	168	73	73	
580	1	T 82	181	40	40	P 60	168	85	73	
581	1	T 80	180	40	40	P 60	168	73	73	
582	1	T 78	179	40	40	P 60	168	73	73	
583	1	T 76	178	40	40	P 60	156	73	73	
584	1	T 74	177	40	40	P 60	156	73	73	
585	1	T 72	176	40	40	P 60	156	73	73	
586	1	T 70	175	40	40	P 48	156	85	73	
587	1	T 68	174	40	40	P 48	156	73	49	
588	1	T 66	173	40	40	P 48	156	73	73	
589	1	T 64	172	40	40	P 48	156	73	73	
590	1	T 62	171	40	40	P 48	156	73	73	
591	1	T 60	170	40	40	P 48	156	73	73	
592	1	T 58	169	40	40	P 36	156	85	73	
593	1	T 56	168	40	40	P 36	156	73	73	
594	1	T 54	167	40	40	P 36	156	73	73	
595	1	T 52	166	40	40	P 36	144	73	85	
596	1	T 50	165	40	40	P 36	144	73	73	
597	1	T 48	164	40	40	P 36	180	61	37	
598	1	T 46	163	40	40	P 24	144	73	73	
599	1	T 44	162	40	40	P 24	144	73	73	
600	1	T 42	161	40	40	P 24	144	73	73	
601	1	T 40	160	40	40	P 24	144	73	73	
602	1	T 38	159	40	40	P 24	144	73	73	
603	1	T 36	158	40	40	P 24	144	73	73	
604	1	T 34	157	40	40	P 24	144	73	61	
605	1	T 32	156	40	40	P 12	144	73	73	
606	1	T 30	155	40	40	P 12	144	73	73	
607	1	T 28	154	40	40	P 12	132	73	73	
608	1	T 26	153	40	40	P 12	132	73	73	
609	1	T 24	152	40	40	P 12	132	73	73	
610	1	T 22	151	40	40	P 0	132	73	73	
611	1	T 20	150	40	40	P 0	132	73	73	
612	1	T 22	149	40	40	P 12	132	73	73	
613	1	T 24	148	40	40	P 12	132	73	73	
614	1	T 26	147	40	40	P 12	132	73	73	
615	1	T 28	146	40	40	P 12	132	73	73	
616	1	T 30	145	40	40	P 12	132	73	73	
617	1	T 32	144	40	40	P 12	132	73	73	
618	1	T 34	143	40	40	P 24	132	73	73	
619	1	T 36	142	40	40	P 24	120	73	73	
620	1	T 38	141	40	40	P 24	120	73	73	
621	1	T 40	140	40	40	P 24	120	73	73	
622	1	T 42	139	40	40	P 24	120	73	73	
623	1	T 44	138	40	40	P 24	120	73	73	
624	1	T 46	137	40	40	P 24	120	73	73	
625	1	T 48	136	40	40	P 36	120	73	73	
626	1	T 50	135	40	40	P 36	120	73	73	
627	1	T 52	134	40	40	P 36	120	73	73	
628	1	T 54	133	40	40	P 36	120	73	73	
629	1	T 56	132	40	40	P 36	120	73	73	
630	1	T 58	131	40	40	P 48	120	61	73	
631	1	T 60	130	40	40	P 48	120	73	73	
632	1	T 62	129	40	40	P 48	108	73	73	
633	1	T 64	128	40	40	P 48	108	73	73	
634	1	T 66	127	40	40	P 48	108	73	73	
635	1	T 68	126	40	40	P 48	108	73	73	
636	1	T 70	125	40	40	P 60	108	61	73	
637	1	T 72	124	40	40	P 60	108	73	73	
638	1	T 74	123	40	40	P 60	108	73	73	
639	1	T 76	122	40	40	P 60	108	73	73	
640	1	T 78	121	40	40	P 60	108	73	73	
641	1	T 80	120	40	40	P 60	108	73	73	
642	1	T 82	119	40	40	P 60	108	73	73	
643	1	T 84	118	40	40	P 72	108	73	73	
644	1	T 86	117	40	40	P 72	96	73	73	
645	1	T 88	116	40	40	P 72	96	73	73	
646	1	T 90	115	40	40	P 72	96	73	49	
647	1	T 92	114	40	40	P 72	96	73	73	
648	1	T 94	113	40	40	P 72	96	85	73	
649	1	T 96	112	40	40	P 84	96	73	73	
650	1	T 98	111	40	40	P 84	96	73	73	
651	1	T 100	110	40	40	P 84	96	73	73	
652	1	T 102	109	40	40	P 84	96	73	73	
653	1	T 104	108	40	40	P 96	96	61	73	
654	1	T 106	107	40	40	P 84	96	85	73	
655	1	T 108	106	40	40	P 96	84	73	85	
656	1	T 110	105	40	40	P 96	84	73	49	
657	1	T 112	104	40	40	P 96	84	73	73	
658	1	T 114	103	40	40	P 96	84	73	73	
659	1	T 116	102	40	40	P 96	84	73	73	
660	1	T 118	101	40	40	P 96	84	85	73	
661	1	T 120	100	40	40	P 108	84	73	73	
662	1	T 122	99	40	40	P 108	84	73	73	
663	1	T 124	98	40	40	P 108	84	73	73	
664	1	T 126	97	40	40	P 108	84	73	73	
665	1	T 128	96	40	40	P 108	84	73	73	
666	1	T 130	95	40	40	P 108	84	85	73	
667	1	T 132	94	40	40	P 120	72	73	73	
668	1	T 134	93	40	40	P 120	72	73	73	
669	1	T 136	92	40	40	P 120	72	73	73	
670	1	T 138	91	40	40	P 120	72	73	73	
671	1	T 140	90	40	40	P 120	72	73	73	
672	1	T 142	89	40	40	P 120	72	85	73	
673	1	T 144	88	40	40	P 132	72	73	73	
674	1	T 146	87	40	40	P 132	72	73	73	
675	1	T 148	86	40	40	P 132	72	73	73	
676	1	T 150	85	40	40	P 132	72	73	73	
677	1	T 152	84	40	40	P 132	72	73	73	
678	1	T 154	83	40	40	P 144	72	73	73	
679	1	T 156	82	40	40	P 144	60	73	85	
680	1	T 158	81	40	40	P 144	60	73	73	
681	1	T 160	80	40	40	P 144	60	73	73	
682	1	T 162	79	40	40	P 144	60	73	73	
683	1	T 164	78	40	40	P 144	60	73	73	
684	1	T 166	77	40	40	P 144	96	73	37	
685	1	T 168	76	40	40	P 156	60	73	73	
686	1	T 170	75	40	40	P 156	60	73	73	
687	1	T 172	74	40	40	P 156	60	73	73	
688	1	T 174	73	40	40	P 156	60	73	73	
689	1	T 176	72	40	40	P 156	60	73	73	
690	1	T 178	71	40	40	P 168	60	73	73	
691	1	T 180	70	40	40	P 168	60	73	61	
692	1	T 182	69	40	40	P 168	48	73	73	
693	1	T 184	68	40	40	P 168	48	73	73	
694	1	T 186	67	40	40	P 168	48	73	73	
695	1	T 188	66	40	40	P 168	48	73	73	
696	1	T 190	65	40	40	P 180	48	73	73	
697	1	T 192	64	40	40	P 180	48	73	73	
698	1	T 194	63	40	40	P 180	72	73	49	
699	1	T 196	62	40	40	P 180	48	73	73	
700	1	T 198	61	40	40	P 180	48	73	73	
701	1	T 200	60	40	40	P 180	48	73	73	
702	1	T 202	59	40	40	P 192	48	73	73	
703	1	T 204	58	40	40	P 192	36	73	85	
704	1	T 206	57	40	40	P 192	48	73	61	
705	1	T 208	56	40	40	P 192	36	73	73	
706	1	T 210	55	40	40	P 192	48	73	61	
707	1	T 212	54	40	40	P 192	36	73	73	
708	1	T 214	53	40	40	P 192	36	85	73	
709	1	T 216	52	40	40	P 204	36	73	73	
710	1	T 218	51	40	40	P 204	36	73	73	
711	1	T 220	50	40	40	P 204	36	73	73	
712	1	T 222	49	40	40	P 204	36	73	73	
713	1	T 224	48	40	40	P 204	36	73	73	
714	1	T 226	47	40	40	P 204	36	73	73	
715	1	T 228	46	40	40	P 216	24	73	73	
716	1	T 230	45	40	40	P 216	60	73	37	
717	1	T 232	44	40	40	P 216	24	73	73	
718	1	T 234	43	40	40	P 216	24	73	73	
719	1	T 236	42	40	40	P 216	24	73	73	
720	1	T 238	41	40	40	P 216	24	85	73	
721	1	T 240	40	40	40	P 228	24	73	73	
722	1	T 242	39	40	40	P 228	24	73	73	
723	1	T 244	38	40	40	P 228	24	73	73	
724	1	T 246	37	40	40	P 228	24	37	73	
725	1	T 248	36	40	40	P 228	24	73	61	
726	1	T 250	35	40	40	P 240	24	73	73	
727	1	T 252	34	40	40	P 240	12	73	73	
728	1	T 254	33	40	40	P 240	12	73	73	
729	1	T 256	32	40	40	P 240	12	73	73	
730	1	T 258	31	40	40	P 240	12	73	73	
731	1	T 260	30	40	40	P 240	12	73	73	
732	1	T 262	29	40	40	P 252	12	73	73	
733	1	T 264	28	40	40	P 252	12	73	73	
734	1	T 266	27	40	40	P 252	12	73	73	
735	1	T 268	26	40	40	P 252	12	73	73	
736	1	T 270	25	40	40	P 252	12	73	73	
737	1	T 272	24	40	40	P 252	12	73	73	
738	1	T 274	23	40	40	P 252	12	85	73	
739	1	T 276	22	40	40	P 264	0	73	73	
740	1	T 278	21	40	40	P 264	0	73	73	
741	1	T 280	20	40	40	P 264	0	73	73	
742	1	T 282	21	40	40	P 264	0	73	73	
743	1	T 284	22	40	40	P 264	0	73	85	
744	1	T 286	23	40	40	P 276	12	73	73	
745	1	T 288	24	40	40	P 276	12	73	73	
746	1	T 290	25	40	40	P 276	12	73	73	
747	1	T 292	26	40	40	P 276	12	73	73	
748	1	T 294	27	40	40	P 276	12	73	73	
749	1	T 296	28	40	40	P 276	12	73	73	
750	1	T 298	29	40	40	P 276	12	85	73	
751	1	T 300	30	40	40	P 288	12	73	49	
752	1	T 302	31	40	40	P 288	12	73	73	
753	1	T 304	32	40	40	P 324	24	37	61	
754	1	T 306	33	40	40	P 288	12	73	73	
755	1	T 308	34	40	40	P 288	12	73	85	
756	1	T 310	35	40	40	P 288	24	73	49	
757	1	T 312	36	40	40	P 300	24	73	73	
758	1	T 314	37	40	40	P 300	24	73	73	
759	1	T 316	38	40	40	P 300	24	73	73	
760	1	T 318	39	40	40	P 300	24	73	73	
761	1	T 320	40	40	40	P 300	24	73	73	
762	1	T 322	41	40	40	P 300	24	85	73	
763	1	T 324	42	40	40	P 312	24	73	73	
764	1	T 326	43	40	40	P 312	24	73	73	
765	1	T 328	44	40	40	P 312	24	73	73	
766	1	T 330	45	40	40	P 312	24	73	73	
767	1	T 332	46	40	40	P 312	24	73	85	
768	1	T 334	47	40	40	P 312	36	85	73	
769	1	T 336	48	40	40	P 324	36	73	73	
770	1	T 338	49	40	40	P 324	36	73	73	
771	1	T 340	50	40	40	P 324	36	73	73	
772	1	T 342	51	40	40	P 324	36	73	73	
773	1	T 344	52	40	40	P 324	36	73	37	
774	1	T 346	53	40	40	P 336	36	73	73	
775	1	T 348	54	40	40	P 336	36	61	73	
776	1	T 350	55	40	40	P 336	36	73	73	
777	1	T 352	56	40	40	P 336	36	73	73	
778	1	T 354	57	40	40	P 336	36	73	73	
779	1	T 356	58	40	40	P 336	48	73	61	
780	1	T 358	59	40	40	P 336	48	85	73	
781	1	T 360	60	40	40	P 348	48	73	73	
782	1	T 362	61	40	40	P 348	48	73	73	
783	1	T 364	62	40	40	P 348	48	73	73	
784	1	T 366	63	40	40	P 348	48	73	73	
785	1	T 368	64	40	40	P 348	48	73	73	
786	1	T 370	65	40	40	P 360	48	61	73	
787	1	T 372	66	40	40	P 360	48	73	73	
788	1	T 374	67	40	40	P 360	48	73	73	
789	1	T 376	68	40	40	P 360	84	73	37	
790	1	T 378	69	40	40	P 360	48	73	73	
791	1	T 380	70	40	40	P 372	84	61	49	
792	1	T 382	71	40	40	P 360	60	85	73	
793	1	T 384	72	40	40	P 372	60	73	73	
794	1	T 386	73	40	40	P 372	60	73	73	
795	1	T 388	74	40	40	P 372	60	73	73	
796	1	T 390	75	40	40	P 372	60	73	73	
797	1	T 392	76	40	40	P 372	60	73	73	
798	1	T 394	77	40	40	P 372	60	85	73	
799	1	T 396	78	40	40	P 384	60	73	73	
800	1	T 398	79	40	40	P 384	60	73	73	
801	1	T 400	80	40	40	P 384	60	73	49	
802	1	T 402	81	40	40	P 384	60	73	73	
803	1	T 404	82	40	40	P 384	72	73	73	
804	1	T 406	83	40	40	P 384	72	85	73	
805	1	T 408	84	40	40	P 396	72	73	73	
806	1	T 410	85	40	40	P 396	72	73	73	
807	1	T 412	86	40	40	P 396	72	73	73	
808	1	T 414	87	40	40	P 396	72	73	73	
809	1	T 416	88	40	40	P 396	72	73	73	
810	1	T 418	89	40	40	P 396	72	85	49	
811	1	T 420	90	40	40	P 408	72	73	49	
812	1	T 422	91	40	40	P 408	72	73	73	
813	1	T 424	92	40	40	P 408	72	73	73	
814	1	T 426	93	40	40	P 408	72	73	73	
815	1	T 428	94	40	40	P 408	72	73	73	
816	1	T 430	95	40	40	P 408	84	85	73	
817	1	T 432	96	40	40	P 420	84	73	73	
818	1	T 434	97	40	40	P 420	84	73	73	
819	1	T 436	98	40	40	P 420	84	73	73	
820	1	T 438	99	40	40	P 420	84	73	73	
821	1	T 440	100	40	40	P 420	84	73	73	
822	1	T 442	101	40	40	P 420	84	73	73	
823	1	T 444	102	40	40	P 432	84	73	73	
824	1	T 446	103	40	40	P 432	84	73	73	
825	1	T 448	104	40	40	P 432	84	73	73	
826	1	T 450	105	40	40	P 432	84	73	73	
827	1	T 452	106	40	40	P 432	84	73	85	
828	1	T 454	107	40	40	P 432	96	85	73	
829	1	T 456	108	40	40	P 444	96	73	73	
830	1	T 458	109	40	40	P 444	96	73	61	
831	1	T 460	110	40	40	P 444	96	73	37	
832	1	T 462	111	40	40	P 444	96	73	73	
833	1	T 464	112	40	40	P 444	96	73	73	
834	1	T 466	113	40	40	P 456	96	61	37	
835	1	T 468	114	40	40	P 456	96	73	73	
836	1	T 470	115	40	40	P 456	96	73	73	
837	1	T 472	116	40	40	P 456	96	73	73	
838	1	T 474	117	40	40	P 456	96	73	73	
839	1	T 476	118	40	40	P 456	96	73	85	
840	1	T 478	119	40	40	P 456	108	73	73	
841	1	T 480	120	40	40	P 468	108	73	73	
842	1	T 482	121	40	40	P 468	108	73	73	
843	1	T 484	122	40	40	P 468	108	73	73	
844	1	T 486	123	40	40	P 468	108	73	73	
845	1	T 488	124	40	40	P 480	108	61	73	
846	1	T 490	125	40	40	P 468	108	73	49	
847	1	T 492	126	40	40	P 480	108	73	73	
848	1	T 494	127	40	40	P 480	108	73	73	
849	1	T 496	128	40	40	P 480	108	73	73	
850	1	T 498	129	40	40	P 480	108	73	73	
851	1	T 500	130	40	40	P 480	108	73	85	
852	1	T 502	131	40	40	P 480	120	73	73	
853	1	T 504	132	40	40	P 492	120	73	73	
854	1	T 506	133	40	40	P 492	120	73	73	
855	1	T 508	134	40	40	P 492	120	73	73	
856	1	T 510	135	40	40	P 492	120	73	73	
857	1	T 512	136	40	40	P 492	120	73	73	
858	1	T 514	137	40	40	P 492	120	85	73	
859	1	T 516	138	40	40	P 528	156	37	37	
860	1	T 518	139	40	40	P 504	120	73	73	
861	1	T 520	140	40	40	P 504	120	73	73	
862	1	T 522	141	40	40	P 504	120	73	73	
863	1	T 524	142	40	40	P 504	120	73	73	
864	1	T 526	143	40	40	P 504	132	85	73	
865	1	T 528	144	40	40	P 516	132	73	73	
866	1	T 530	145	40	40	P 516	132	73	73	
867	1	T 532	146	40	40	P 516	132	73	73	
868	1	T 534	147	40	40	P 516	132	73	73	
869	1	T 536	148	40	40	P 528	132	61	73	
870	1	T 538	149	40	40	P 516	132	85	73	
871	1	T 540	150	40	40	P 528	132	73	73	
872	1	T 542	151	40	40	P 528	132	73	73	
873	1	T 544	152	40	40	P 528	132	73	73	
874	1	T 546	153	40	40	P 528	132	49	73	
875	1	T 548	154	40	40	P 528	132	73	85	
876	1	T 550	155	40	40	P 528	144	85	73	
877	1	T 552	156	40	40	P 540	144	73	73	
878	1	T 554	157	40	40	P 540	144	73	73	
879	1	T 556	158	40	40	P 540	144	73	73	
880	1	T 558	159	40	40	P 540	144	73	73	
881	1	T 560	160	40	40	P 540	144	73	73	
882	1	T 562	161	40	40	P 540	144	85	73	
883	1	T 564	162	40	40	P 552	144	73	73	
884	1	T 566	163	40	40	P 552	144	73	73	
885	1	T 568	164	40	40	P 552	144	73	73	
886	1	T 570	165	40	40	P 552	144	73	73	
887	1	T 572	166	40	40	P 552	144	73	85	
888	1	T 574	167	40	40	P 552	156	85	73	
889	1	T 576	168	40	40	P 564	156	73	73	
890	1	T 578	169	40	40	P 564	156	73	73	
891	1	T 580	170	40	40	P 564	156	73	73	
892	1	T 582	171	40	40	P 564	156	73	73	
893	1	T 584	172	40	40	P 564	156	73	73	
894	1	T 586	173	40	40	P 564	156	85	73	
895	1	T 588	174	40	40	P 576	156	73	49	
896	1	T 590	175	40	40	P 576	156	73	73	
897	1	T 592	176	40	40	P 576	156	73	73	
898	1	T 594	177	40	40	P 576	156	73	73	
899	1	T 596	178	40	40	P 576	156	73	85	
900	1	T 598	179	40	40	P 576	168	85	73	
901	1	T 600	180	40	40	P 588	168	73	73	
902	1	T 602	181	40	40	P 588	168	73	73	
903	1	T 604	182	40	40	P 588	168	73	73	
904	1	T 606	183	40	40	P 588	168	73	73	
905	1	T 608	184	40	40	P 588	168	73	73	
906	1	T 610	185	40	40	P 588	168	49	73	
907	1	T 612	186	40	40	P 600	168	73	73	
908	1	T 614	187	40	40	P 600	168	73	73	
909	1	T 616	188	40	40	P 600	168	73	73	
910	1	T 618	189	40	40	P 600	168	73	73	
911	1	T 620	190	40	40	P 600	168	73	73	
912	1	T 622	191	40	40	P 612	180	73	73	
913	1	T 624	192	40	40	P 612	180	73	73	
914	1	T 626	193	40	40	P 612	180	73	73	
915	1	T 628	194	40	40	P 612	180	73	73	
916	1	T 630	195	40	40	P 612	180	73	73	
917	1	T 632	196	40	40	P 612	180	73	73	
918	1	T 634	197	40	40	P 612	180	85	73	
919	1	T 636	198	40	40	P 624	180	73	73	
920	1	T 638	199	40	40	P 624	180	73	73	
921	1	T 640	200	40	40	P 624	180	73	73	
922	1	T 642	201	40	40	P 624	180	73	73	
923	1	T 644	202	40	40	P 660	180	37	85	
924	1	T 646	203	40	40	P 624	192	73	73	
925	1	T 648	204	40	40	P 636	192	73	73	
926	1	T 650	205	40	40	P 636	192	73	73	
927	1	T 652	206	40	40	P 636	192	73	73	
928	1	T 654	207	40	40	P 636	192	73	73	
929	1	T 656	208	40	40	P 672	192	37	73	
930	1	T 658	209	40	40	P 636	192	73	73	
931	1	T 660	210	40	40	P 648	192	61	73	
932	1	T 658	211	40	40	P 672	192	37	73	
933	1	T 656	212	40	40	P 636	192	73	73	
934	1	T 654	213	40	40	P 636	192	73	73	
935	1	T 652	214	40	40	P 636	192	73	85	
936	1	T 650	215	40	40	P 636	204	73	73	
937	1	T 648	216	40	40	P 636	204	73	73	
938	1	T 646	217	40	40	P 636	204	73	73	
939	1	T 644	218	40	40	P 624	204	73	73	
940	1	T 642	219	40	40	P 624	204	73	73	
941	1	T 640	220	40	40	P 624	204	73	37	
942	1	T 638	221	40	40	P 624	204	73	73	
943	1	T 636	222	40	40	P 624	204	73	73	
944	1	T 634	223	40	40	P 612	204	73	73	
945	1	T 632	224	40	40	P 624	204	61	73	
946	1	T 630	225	40	40	P 612	204	73	73	
947	1	T 628	226	40	40	P 612	204	73	85	
948	1	T 626	227	40	40	P 612	216	73	73	
949	1	T 624	228	40	40	P 612	216	73	73	
950	1	T 622	229	40	40	P 600	216	73	73	
951	1	T 620	230	40	40	P 600	216	73	73	
952	1	T 618	231	40	40	P 600	216	73	73	
953	1	T 616	232	40	40	P 600	216	73	73	
954	1	T 614	233	40	40	P 600	216	73	73	
955	1	T 612	234	40	40	P 600	216	73	73	
956	1	T 610	235	40	40	P 600	216	73	73	
957	1	T 608	236	40	40	P 588	216	73	73	
958	1	T 606	237	40	40	P 588	216	73	73	
959	1	T 604	238	40	40	P 588	216	73	73	
960	1	T 602	239	40	40	P 588	228	73	73	
961	1	T 600	240	40	40	P 588	228	73	73	
962	1	T 598	241	40	40	P 588	228	73	73	
963	1	T 596	242	40	40	P 576	228	49	37	
964	1	T 594	243	40	40	P 576	228	73	73	
965	1	T 592	244	40	40	P 576	228	73	73	
966	1	T 590	245	40	40	P 576	228	73	73	
967	1	T 588	246	40	40	P 576	228	73	73	
968	1	T 586	247	40	40	P 564	228	85	73	
969	1	T 584	248	40	40	P 564	228	73	73	
970	1	T 582	249	40	40	P 564	228	73	73	
971	1	T 580	250	40	40	P 564	228	73	73	
972	1	T 578	251	40	40	P 564	240	73	73	
973	1	T 576	252	40	40	P 564	240	73	73	
974	1	T 574	253	40	40	P 552	240	73	73	
975	1	T 572	254	40	40	P 552	240	73	73	
976	1	T 570	255	40	40	P 552	240	73	73	
977	1	T 568	256	40	40	P 552	240	73	73	
978	1	T 566	257	40	40	P 552	240	73	73	
979	1	T 564	258	40	40	P 552	240	73	73	
980	1	T 562	259	40	40	P 540	240	85	73	
981	1	T 560	260	40	40	P 540	240	73	73	
982	1	T 558	261	40	40	P 540	240	73	73	
983	1	T 556	262	40	40	P 540	240	73	85	
984	1	T 554	263	40	40	P 540	252	73	73	
985	1	T 552	264	40	40	P 540	252	73	73	
986	1	T 550	265	40	40	P 528	276	85	49	
987	1	T 548	266	40	40	P 528	252	73	73	
988	1	T 546	267	40	40	P 528	252	73	73	
989	1	T 544	268	40	40	P 528	252	73	73	
990	1	T 542	269	40	40	P 528	252	73	73	
991	1	T 540	270	40	40	P 528	252	73	73	
992	1	T 538	271	40	40	P 516	252	73	73	
993	1	T 536	272	40	40	P 528	252	61	73	
994	1	T 534	273	40	40	P 516	252	73	73	
995	1	T 532	274	40	40	P 516	252	73	73	
996	1	T 530	275	40	40	P 516	264	73	37	
997	1	T 528	276	40	40	P 516	264	73	73	
998	1	T 526	277	40	40	P 516	264	61	73	
999	1	T 524	278	40	40	P 504	264	73	73	
1000	1	T 522	279	40	40	P 504	264	73	73	
1001	1	T 520	280	40	40	P 504	264	73	73	
1002	1	T 518	281	40	40	P 504	264	73	73	
1003	1	T 516	282	40	40	P 504	264	73	73	
1004	1	T 514	283	40	40	P 504	264	73	73	
1005	1	T 512	284	40	40	P 492	264	73	73	
1006	1	T 510	285	40	40	P 492	264	73	73	
1007	1	T 508	286	40	40	P 492	276	73	61	
1008	1	T 506	287	40	40	P 492	276	73	73	
1009	1	T 504	288	40	40	P 492	276	73	73	
1010	1	T 502	289	40	40	P 480	276	85	73	
1011	1	T 500	290	40	40	P 480	276	73	73	
1012	1	T 498	291	40	40	P 480	276	73	73	
1013	1	T 496	292	40	40	P 480	276	73	73	
1014	1	T 494	293	40	40	P 480	276	73	73	
1015	1	T 492	294	40	40	P 480	276	73	73	
1016	1	T 490	295	40	40	P 468	276	85	73	
1017	1	T 488	296	40	40	P 468	276	73	73	
1018	1	T 486	297	40	40	P 468	276	73	73	
1019	1	T 484	298	40	40	P 468	276	73	85	
1020	1	T 482	299	40	40	P 468	288	73	73	
1021	1	T 480	300	40	40	P 468	288	73	73	
1022	1	T 478	301	40	40	P 456	288	85	73	
1023	1	T 476	302	40	40	P 456	288	73	73	
1024	1	T 474	303	40	40	P 456	288	73	73	
1025	1	T 472	304	40	40	P 456	288	73	73	
1026	1	T 470	305	40	40	P 456	288	73	73	
1027	1	T 468	306	40	40	P 456	288	73	73	
1028	1	T 466	307	40	40	P 456	288	61	73	
1029	1	T 464	308	40	40	P 444	288	73	73	
1030	1	T 462	309	40	40	P 444	288	73	73	
1031	1	T 460	310	40	40	P 444	300	73	73	
1032	1	T 458	311	40	40	P 444	300	73	73	
1033	1	T 456	312	40	40	P 444	300	73	73	
1034	1	T 454	313	40	40	P 444	300	37	37	
1035	1	T 452	314	40	40	P 432	300	73	73	
1036	1	T 450	315	40	40	P 432	300	73	73	
1037	1	T 448	316	40	40	P 432	300	73	73	
1038	1	T 446	317	40	40	P 432	300	73	73	
1039	1	T 444	318	40	40	P 432	300	73	73	
1040	1	T 442	319	40	40	P 420	300	85	73	
1041	1	T 440	320	40	40	P 420	300	73	73	
1042	1	T 438	321	40	40	P 420	300	73	73	
1043	1	T 436	322	40	40	P 420	300	73	73	
1044	1	T 434	323	40	40	P 420	312	73	73	
1045	1	T 432	324	40	40	P 420	312	73	73	
1046	1	T 430	325	40	40	P 408	312	85	61	
1047	1	T 428	326	40	40	P 408	312	73	73	
1048	1	T 426	327	40	40	P 408	336	73	49	
1049	1	T 424	328	40	40	P 408	312	73	73	
1050	1	T 422	329	40	40	P 408	312	73	73	
1051	1	T 420	330	40	40	P 408	312	73	73	
1052	1	T 418	331	40	40	P 396	312	85	73	
1053	1	T 416	332	40	40	P 396	312	73	73	
1054	1	T 414	333	40	40	P 396	312	73	73	
1055	1	T 412	334	40	40	P 432	324	37	73	
1056	1	T 410	335	40	40	P 396	324	73	73	
1057	1	T 408	336	40	40	P 396	324	37	37	
1058	1	T 406	337	40	40	P 384	324	85	73	
1059	1	T 404	338	40	40	P 384	324	73	73	
1060	1	T 402	339	40	40	P 384	324	73	73	
1061	1	T 400	340	40	40	P 384	324	73	73	
1062	1	T 398	341	40	40	P 384	324	73	73	
1063	1	T 396	342	40	40	P 384	324	73	73	
1064	1	T 394	343	40	40	P 372	324	85	73	
1065	1	T 392	344	40	40	P 372	324	73	73	
1066	1	T 390	345	40	40	P 372	324	73	73	
1067	1	T 388	346	40	40	P 372	324	73	73	
1068	1	T 386	347	40	40	P 372	336	37	73	
1069	1	T 384	348	40	40	P 372	336	73	73	
1070	1	T 382	349	40	40	P 360	336	85	73	
1071	1	T 380	350	40	40	P 360	336	73	73	
1072	1	T 378	351	40	40	P 360	336	73	73	
1073	1	T 376	352	40	40	P 360	336	73	73	
1074	1	T 374	353	40	40	P 360	336	73	73	
1075	1	T 372	354	40	40	P 360	336	73	73	
1076	1	T 370	355	40	40	P 360	336	73	73	
1077	1	T 368	356	40	40	P 348	336	73	73	
1078	1	T 366	357	40	40	P 348	336	73	73	
1079	1	T 364	358	40	40	P 348	336	73	85	
1080	1	T 362	359	40	40	P 348	348	73	73	
1081	1	T 360	360	40	40	P 348	348	73	73	
1082	1	T 358	361	40	40	P 336	348	85	73	
1083	1	T 356	362	40	40	P 336	348	73	73	
1084	1	T 354	363	40	40	P 336	348	73	73	
1085	1	T 352	364	40	40	P 336	348	73	73	
1086	1	T 350	365	40	40	P 336	348	73	73	
1087	1	T 348	366	40	40	P 360	348	49	37	
1088	1	T 346	367	40	40	P 324	348	73	73	
1089	1	T 344	368	40	40	P 324	348	73	73	
1090	1	T 342	369	40	40	P 324	348	73	73	
1091	1	T 340	370	40	40	P 324	360	73	61	
1092	1	T 338	371	40	40	P 324	360	73	73	
1093	1	T 336	372	40	40	P 324	360	73	73	
1094	1	T 334	373	40	40	P 324	360	73	73	
1095	1	T 332	374	40	40	P 312	360	73	73	
1096	1	T 330	375	40	40	P 312	360	73	73	
1097	1	T 328	376	40	40	P 312	360	73	73	
1098	1	T 326	377	40	40	P 312	360	73	73	
1099	1	T 324	378	40	40	P 312	360	73	73	
1100	1	T 322	379	40	40	P 300	360	85	73	
1101	1	T 320	380	40	40	P 300	360	73	73	
1102	1	T 318	381	40	40	P 300	360	73	73	
1103	1	T 316	382	40	40	P 300	360	73	73	
1104	1	T 314	383	40	40	P 300	372	73	73	
1105	1	T 312	384	40	40	P 300	372	73	73	
1106	1	T 310	385	40	40	P 300	372	73	73	
1107	1	T 308	386	40	40	P 288	372	49	73	
1108	1	T 306	387	40	40	P 288	372	73	73	
1109	1	T 304	388	40	40	P 288	372	73	73	
1110	1	T 302	389	40	40	P 288	372	73	73	
1111	1	T 300	390	40	40	P 288	372	37	49	
1112	1	T 298	391	40	40	P 288	372	73	49	
1113	1	T 296	392	40	40	P 276	372	73	73	
1114	1	T 294	393	40	40	P 276	372	73	73	
1115	1	T 292	394	40	40	P 276	372	73	73	
1116	1	T 290	395	40	40	P 276	384	73	73	
1117	1	T 288	396	40	40	P 276	384	73	73	
1118	1	T 286	397	40	40	P 264	384	85	73	
1119	1	T 284	398	40	40	P 264	384	73	73	
1120	1	T 282	399	40	40	P 264	384	73	73	
1121	1	T 280	400	40	40	P 264	384	73	73	
1122	1	T 278	401	40	40	P 264	384	73	73	
1123	1	T 276	402	40	40	P 264	384	73	73	
1124	1	T 274	403	40	40	P 252	384	73	73	
1125	1	T 272	404	40	40	P 252	384	73	73	
1126	1	T 270	405	40	40	P 252	384	73	73	
1127	1	T 268	406	40	40	P 252	396	73	61	
1128	1	T 266	407	40	40	P 252	396	73	73	
1129	1	T 264	408	40	40	P 252	396	73	73	
1130	1	T 262	409	40	40	P 240	396	73	73	
1131	1	T 260	410	40	40	P 240	396	73	73	
1132	1	T 258	411	40	40	P 240	396	73	73	
1133	1	T 256	412	40	40	P 240	396	73	73	
1134	1	T 254	413	40	40	P 240	396	73	73	
1135	1	T 252	414	40	40	P 240	396	73	73	
1136	1	T 250	415	40	40	P 228	396	85	73	
1137	1	T 248	416	40	40	P 228	396	73	73	
1138	1	T 246	417	40	40	P 228	396	73	73	
1139	1	T 244	418	40	40	P 228	396	73	73	
1140	1	T 242	419	40	40	P 228	408	37	61	
1141	1	T 240	420	40	40	P 228	408	73	61	
1142	1	T 238	419	40	40	P 216	408	85	61	
1143	1	T 236	418	40	40	P 216	408	73	61	
1144	1	T 234	417	40	40	P 216	396	73	73	
1145	1	T 232	416	40	40	P 216	396	73	73	
1146	1	T 230	415	40	40	P 216	396	73	73	
1147	1	T 228	414	40	40	P 216	396	73	73	
1148	1	T 226	413	40	40	P 204	396	85	73	
1149	1	T 224	412	40	40	P 204	396	73	73	
1150	1	T 222	411	40	40	P 204	396	73	73	
1151	1	T 220	410	40	40	P 204	396	73	73	
1152	1	T 218	409	40	40	P 204	396	73	73	
1153	1	T 216	408	40	40	P 204	396	73	73	
1154	1	T 214	407	40	40	P 192	396	85	73	
1155	1	T 212	406	40	40	P 192	384	73	73	
1156	1	T 210	405	40	40	P 192	420	49	37	
1157	1	T 208	404	40	40	P 192	384	73	73	
1158	1	T 206	403	40	40	P 192	384	73	73	
1159	1	T 204	402	40	40	P 192	384	73	73	
1160	1	T 202	401	40	40	P 180	384	85	73	
1161	1	T 200	400	40	40	P 180	384	73	73	
1162	1	T 198	399	40	40	P 180	384	73	73	
1163	1	T 196	398	40	40	P 180	384	73	73	
1164	1	T 194	397	40	40	P 180	384	73	73	
1165	1	T 192	396	40	40	P 180	384	73	73	
1166	1	T 190	395	40	40	P 180	384	73	73	
1167	1	T 188	394	40	40	P 168	372	73	85	
1168	1	T 186	393	40	40	P 168	372	73	73	
1169	1	T 184	392	40	40	P 168	372	73	73	
1170	1	T 182	391	40	40	P 168	372	73	73	
1171	1	T 180	390	40	40	P 168	372	73	73	
1172	1	T 178	389	40	40	P 156	372	73	73	
1173	1	T 176	388	40	40	P 156	372	73	73	
1174	1	T 174	387	40	40	P 156	372	73	73	
1175	1	T 172	386	40	40	P 156	372	73	73	
1176	1	T 170	385	40	40	P 156	372	73	73	
1177	1	T 168	384	40	40	P 156	372	73	73	
1178	1	T 166	383	40	40	P 144	372	85	73	
1179	1	T 164	382	40	40	P 144	360	73	85	
1180	1	T 162	381	40	40	P 144	360	73	73	
1181	1	T 160	380	40	40	P 144	360	73	49	
1182	1	T 158	379	40	40	P 144	360	73	73	
1183	1	T 156	378	40	40	P 144	360	73	73	
1184	1	T 154	377	40	40	P 144	360	73	73	
1185	1	T 152	376	40	40	P 132	360	73	73	
1186	1	T 150	375	40	40	P 132	360	73	73	
1187	1	T 148	374	40	40	P 132	360	73	73	
1188	1	T 146	373	40	40	P 132	360	73	73	
1189	1	T 144	372	40	40	P 132	360	73	73	
1190	1	T 142	371	40	40	P 120	360	85	73	
1191	1	T 140	370	40	40	P 120	348	73	73	
1192	1	T 138	369	40	40	P 120	348	73	73	
1193	1	T 136	368	40	40	P 120	348	73	73	
1194	1	T 134	367	40	40	P 120	348	73	73	
1195	1	T 132	366	40	40	P 120	348	73	73	
1196	1	T 130	365	40	40	P 108	348	73	73	
1197	1	T 128	364	40	40	P 108	348	73	73	
1198	1	T 126	363	40	40	P 108	348	73	73	
1199	1	T 124	362	40	40	P 108	348	73	73	
1200	1	T 122	361	40	40	P 108	348	73	73	
1201	1	T 120	360	40	40	P 108	348	73	73	
1202	1	T 118	359	40	40	P 96	348	85	73	
1203	1	T 116	358	40	40	P 96	336	73	73	
1204	1	T 114	357	40	40	P 96	336	73	73	
1205	1	T 112	356	40	40	P 96	336	73	73	
1206	1	T 110	355	40	40	P 96	336	73	73	
1207	1	T 108	354	40	40	P 96	336	73	73	
1208	1	T 106	353	40	40	P 96	336	61	73	
1209	1	T 104	352	40	40	P 84	336	73	73	
1210	1	T 102	351	40	40	P 84	336	73	73	
1211	1	T 100	350	40	40	P 84	336	73	73	
1212	1	T 98	349	40	40	P 84	336	73	73	
1213	1	T 96	348	40	40	P 84	336	73	73	
1214	1	T 94	347	40	40	P 72	336	85	73	
1215	1	T 92	346	40	40	P 72	336	73	73	
1216	1	T 90	345	40	40	P 72	324	73	73	
1217	1	T 88	344	40	40	P 72	324	73	73	
1218	1	T 86	343	40	40	P 72	324	73	73	
1219	1	T 84	342	40	40	P 72	324	73	73	
1220	1	T 82	341	40	40	P 60	324	85	73	
1221	1	T 80	340	40	40	P 72	324	61	73	
1222	1	T 78	339	40	40	P 60	324	73	73	
1223	1	T 76	338	40	40	P 60	324	73	73	
1224	1	T 74	337	40	40	P 60	324	73	73	
1225	1	T 72	336	40	40	P 60	324	73	73	
1226	1	T 70	335	40	40	P 48	324	85	73	
1227	1	T 68	334	40	40	P 48	312	73	73	
1228	1	T 66	333	40	40	P 48	312	73	73	
1229	1	T 64	332	40	40	P 48	312	73	73	
1230	1	T 62	331	40	40	P 72	324	49	61	
1231	1	T 60	330	40	40	P 48	312	73	73	
1232	1	T 58	329	40	40	P 36	312	73	73	
1233	1	T 56	328	40	40	P 72	312	37	73	
1234	1	T 54	327	40	40	P 36	312	73	73	
1235	1	T 52	326	40	40	P 36	312	73	73	
1236	1	T 50	325	40	40	P 36	312	73	73	
1237	1	T 48	324	40	40	P 36	312	73	73	
1238	1	T 46	323	40	40	P 36	312	73	73	
1239	1	T 44	322	40	40	P 24	300	73	73	
1240	1	T 42	321	40	40	P 24	300	73	73	
1241	1	T 40	320	40	40	P 24	300	73	73	
1242	1	T 38	319	40	40	P 24	300	73	73	
1243	1	T 36	318	40	40	P 24	300	73	73	
1244	1	T 34	317	40	40	P 24	300	61	73	
1245	1	T 32	316	40	40	P 12	300	73	73	
1246	1	T 30	315	40	40	P 12	300	73	73	
1247	1	T 28	314	40	40	P 12	300	73	73	
1248	1	T 26	313	40	40	P 36	300	49	73	
1249	1	T 24	312	40	40	P 12	300	73	73	
1250	1	T 22	311	40	40	P 0	300	85	73	
1251	1	T 20	310	40	40	P 0	288	73	85	
1252	1	T 22	309	40	40	P 0	288	73	73	
1253	1	T 24	308	40	40	P 12	288	73	73	
1254	1	T 26	307	40	40	P 12	288	73	73	
1255	1	T 28	306	40	40	P 12	288	73	73	
1256	1	T 30	305	40	40	P 12	288	73	73	
1257	1	T 32	304	40	40	P 12	288	73	73	
1258	1	T 34	303	40	40	P 12	288	85	73	
1259	1	T 36	302	40	40	P 24	288	73	73	
1260	1	T 38	301	40	40	P 24	288	73	73	
1261	1	T 40	300	40	40	P 24	288	73	73	
1262	1	T 42	299	40	40	P 24	288	73	73	
1263	1	T 44	298	40	40	P 24	276	73	85	
1264	1	T 46	297	40	40	P 24	276	85	73	
1265	1	T 48	296	40	40	P 36	276	37	49	
1266	1	T 50	295	40	40	P 36	276	73	73	
1267	1	T 52	294	40	40	P 36	276	73	73	
1268	1	T 54	293	40	40	P 36	276	73	73	
1269	1	T 56	292	40	40	P 36	276	73	73	
1270	1	T 58	291	40	40	P 48	276	73	73	
1271	1	T 60	290	40	40	P 48	276	73	73	
1272	1	T 62	289	40	40	P 48	276	73	73	
1273	1	T 64	288	40	40	P 84	276	37	73	
1274	1	T 66	287	40	40	P 48	276	73	73	
1275	1	T 68	286	40	40	P 84	276	37	37	
1276	1	T 70	285	40	40	P 60	264	73	73	
1277	1	T 72	284	40	40	P 60	264	73	73	
1278	1	T 74	283	40	40	P 60	264	73	73	
1279	1	T 76	282	40	40	P 60	264	73	73	
1280	1	T 78	281	40	40	P 60	264	73	73	
1281	1	T 80	280	40	40	P 60	264	73	73	
1282	1	T 82	279	40	40	P 60	264	73	73	
1283	1	T 84	278	40	40	P 72	264	73	37	
1284	1	T 86	277	40	40	P 72	264	73	73	
1285	1	T 88	276	40	40	P 72	264	73	73	
1286	1	T 90	275	40	40	P 72	264	73	73	
1287	1	T 92	274	40	40	P 72	252	73	73	
1288	1	T 94	273	40	40	P 72	252	73	73	
1289	1	T 96	272	40	40	P 84	252	73	73	
1290	1	T 98	271	40	40	P 84	252	73	73	
1291	1	T 100	270	40	40	P 84	252	73	73	
1292	1	T 102	269	40	40	P 84	252	73	73	
1293	1	T 104	268	40	40	P 84	252	73	73	
1294	1	T 106	267	40	40	P 96	252	73	73	
1295	1	T 108	266	40	40	P 96	252	73	73	
1296	1	T 110	265	40	40	P 96	252	73	73	
1297	1	T 112	264	40	40	P 96	252	73	73	
1298	1	T 114	263	40	40	P 96	252	73	73	
1299	1	T 116	262	40	40	P 96	252	73	73	
1300	1	T 118	261	40	40	P 96	240	73	73	
1301	1	T 120	260	40	40	P 108	240	73	73	
1302	1	T 122	259	40	40	P 108	240	73	73	
1303	1	T 124	258	40	40	P 108	240	73	73	
1304	1	T 126	257	40	40	P 108	240	73	73	
1305	1	T 128	256	40	40	P 108	240	49	73	
1306	1	T 130	255	40	40	P 108	240	85	73	
1307	1	T 132	254	40	40	P 120	240	73	73	
1308	1	T 134	253	40	40	P 120	240	73	73	
1309	1	T 136	252	40	40	P 120	240	73	73	
1310	1	T 138	251	40	40	P 120	240	73	73	
1311	1	T 140	250	40	40	P 120	228	73	85	
1312	1	T 142	249	40	40	P 120	228	85	73	
1313	1	T 144	248	40	40	P 132	228	73	73	
1314	1	T 146	247	40	40	P 132	228	73	73	
1315	1	T 148	246	40	40	P 132	228	73	73	
1316	1	T 150	245	40	40	P 132	228	73	37	
1317	1	T 152	244	40	40	P 132	228	73	73	
1318	1	T 154	243	40	40	P 132	228	85	73	
1319	1	T 156	242	40	40	P 144	228	73	73	
1320	1	T 158	241	40	40	P 144	228	73	73	
1321	1	T 160	240	40	40	P 144	228	73	73	
1322	1	T 162	239	40	40	P 144	228	73	73	
1323	1	T 164	238	40	40	P 144	228	73	73	
1324	1	T 166	237	40	40	P 144	228	73	61	
1325	1	T 168	236	40	40	P 156	216	73	73	
1326	1	T 170	235	40	40	P 156	216	73	73	
1327	1	T 172	234	40	40	P 156	216	73	73	
1328	1	T 174	233	40	40	P 156	216	73	73	
1329	1	T 176	232	40	40	P 156	216	73	73	
1330	1	T 178	231	40	40	P 168	216	61	73	
1331	1	T 180	230	40	40	P 168	216	73	73	
1332	1	T 182	229	40	40	P 168	216	73	73	
1333	1	T 184	228	40	40	P 168	216	49	73	
1334	1	T 186	227	40	40	P 168	216	73	73	
1335	1	T 188	226	40	40	P 168	204	73	49	
1336	1	T 190	225	40	40	P 168	204	85	73	
1337	1	T 192	224	40	40	P 180	204	73	73	
1338	1	T 194	223	40	40	P 180	204	73	73	
1339	1	T 196	222	40	40	P 180	204	73	73	
1340	1	T 198	221	40	40	P 180	204	73	73	
1341	1	T 200	220	40	40	P 180	204	73	73	
1342	1	T 202	219	40	40	P 180	204	85	73	
1343	1	T 204	218	40	40	P 192	204	73	73	
1344	1	T 206	217	40	40	P 192	204	73	73	
1345	1	T 208	216	40	40	P 192	228	73	49	
1346	1	T 210	215	40	40	P 192	204	73	73	
1347	1	T 212	214	40	40	P 192	192	73	85	
1348	1	T 214	213	40	40	P 192	192	73	73	
1349	1	T 216	212	40	40	P 204	192	73	73	
1350	1	T 218	211	40	40	P 204	192	73	73	
1351	1	T 220	210	40	40	P 204	192	73	73	
1352	1	T 222	209	40	40	P 204	192	73	73	
1353	1	T 224	208	40	40	P 204	192	73	73	
1354	1	T 226	207	40	40	P 204	192	85	73	
1355	1	T 228	206	40	40	P 240	216	49	49	
1356	1	T 230	205	40	40	P 216	192	73	73	
1357	1	T 232	204	40	40	P 216	192	73	73	
1358	1	T 234	203	40	40	P 216	192	73	73	
1359	1	T 236	202	40	40	P 216	180	73	85	
1360	1	T 238	201	40	40	P 216	180	85	73	
1361	1	T 240	200	40	40	P 252	180	49	73	
1362	1	T 242	199	40	40	P 228	216	73	37	
1363	1	T 244	198	40	40	P 228	180	73	73	
1364	1	T 246	197	40	40	P 228	180	73	73	
1365	1	T 248	196	40	40	P 228	180	73	73	
1366	1	T 250	195	40	40	P 228	180	85	73	
1367	1	T 252	194	40	40	P 240	180	73	73	
1368	1	T 254	193	40	40	P 240	180	73	73	
1369	1	T 256	192	40	40	P 240	180	73	73	
1370	1	T 258	191	40	40	P 276	180	37	73	
1371	1	T 260	190	40	40	P 240	180	73	61	
1372	1	T 262	189	40	40	P 240	168	85	73	
1373	1	T 264	188	40	40	P 252	168	73	73	
1374	1	T 266	187	40	40	P 252	168	73	73	
1375	1	T 268	186	40	40	P 252	168	73	73	
1376	1	T 270	185	40	40	P 252	168	73	73	
1377	1	T 272	184	40	40	P 252	168	49	73	
1378	1	T 274	183	40	40	P 252	168	73	73	
1379	1	T 276	182	40	40	P 264	168	73	73	
1380	1	T 278	181	40	40	P 264	168	73	73	
1381	1	T 280	180	40	40	P 264	168	73	73	
1382	1	T 282	179	40	40	P 264	168	73	73	
1383	1	T 284	178	40	40	P 264	156	73	85	
1384	1	T 286	177	40	40	P 264	156	73	73	
1385	1	T 288	176	40	40	P 276	156	73	73	
1386	1	T 290	175	40	40	P 276	156	73	73	
1387	1	T 292	174	40	40	P 276	156	73	73	
1388	1	T 294	173	40	40	P 276	156	73	73	
1389	1	T 296	172	40	40	P 276	156	73	73	
1390	1	T 298	171	40	40	P 276	156	85	73	
1391	1	T 300	170	40	40	P 288	156	73	73	
1392	1	T 302	169	40	40	P 288	156	73	73	
1393	1	T 304	168	40	40	P 288	156	73	73	
1394	1	T 306	167	40	40	P 288	156	73	73	
1395	1	T 308	166	40	40	P 288	156	73	61	
1396	1	T 310	165	40	40	P 288	144	85	73	
1397	1	T 312	164	40	40	P 300	144	73	73	
1398	1	T 314	163	40	40	P 300	144	73	73	
1399	1	T 316	162	40	40	P 300	144	73	73	
1400	1	T 318	161	40	40	P 300	144	73	49	
1401	1	T 320	160	40	40	P 300	144	73	73	
1402	1	T 322	159	40	40	P 300	144	85	73	
1403	1	T 324	158	40	40	P 312	144	73	49	
1404	1	T 326	157	40	40	P 312	144	73	73	
1405	1	T 328	156	40	40	P 312	144	73	73	
1406	1	T 330	155	40	40	P 312	144	73	73	
1407	1	T 332	154	40	40	P 312	144	73	73	
1408	1	T 334	153	40	40	P 312	132	73	73	
1409	1	T 336	152	40	40	P 324	132	73	73	
1410	1	T 338	151	40	40	P 324	132	73	73	
1411	1	T 340	150	40	40	P 324	132	73	73	
1412	1	T 342	149	40	40	P 324	132	73	49	
1413	1	T 344	148	40	40	P 324	132	73	73	
1414	1	T 346	147	40	40	P 324	132	85	73	
1415	1	T 348	146	40	40	P 336	132	73	73	
1416	1	T 350	145	40	40	P 336	132	73	37	
1417	1	T 352	144	40	40	P 336	132	73	73	
1418	1	T 354	143	40	40	P 336	132	73	73	
1419	1	T 356	142	40	40	P 336	132	49	61	
1420	1	T 358	141	40	40	P 336	120	85	73	
1421	1	T 360	140	40	40	P 348	120	73	73	
1422	1	T 362	139	40	40	P 348	120	73	73	
1423	1	T 364	138	40	40	P 348	120	73	73	
1424	1	T 366	137	40	40	P 348	120	73	73	
1425	1	T 368	136	40	40	P 348	120	73	73	
1426	1	T 370	135	40	40	P 360	120	73	73	
1427	1	T 372	134	40	40	P 360	120	73	73	
1428	1	T 374	133	40	40	P 360	120	73	73	
1429	1	T 376	132	40	40	P 360	120	73	73	
1430	1	T 378	131	40	40	P 360	120	73	73	
1431	1	T 380	130	40	40	P 360	108	73	73	
1432	1	T 382	129	40	40	P 360	108	85	49	
1433	1	T 384	128	40	40	P 372	108	73	73	
1434	1	T 386	127	40	40	P 372	108	73	73	
1435	1	T 388	126	40	40	P 372	108	73	73	
1436	1	T 390	125	40	40	P 372	144	73	37	
1437	1	T 392	124	40	40	P 372	108	73	73	
1438	1	T 394	123	40	40	P 384	108	61	73	
1439	1	T 396	122	40	40	P 384	108	73	73	
1440	1	T 398	121	40	40	P 384	108	73	73	
1441	1	T 400	120	40	40	P 384	108	73	73	
1442	1	T 402	119	40	40	P 384	108	73	73	
1443	1	T 404	118	40	40	P 384	108	73	73	
1444	1	T 406	117	40	40	P 396	96	61	73	
1445	1	T 408	116	40	40	P 396	96	73	73	
1446	1	T 410	115	40	40	P 396	96	73	73	
1447	1	T 412	114	40	40	P 396	96	73	73	
1448	1	T 414	113	40	40	P 396	96	73	73	
1449	1	T 416	112	40	40	P 396	96	73	73	
1450	1	T 418	111	40	40	P 396	96	73	37	
1451	1	T 420	110	40	40	P 408	96	73	73	
1452	1	T 422	109	40	40	P 408	96	73	73	
1453	1	T 424	108	40	40	P 408	96	73	73	
1454	1	T 426	107	40	40	P 408	96	73	73	
1455	1	T 428	106	40	40	P 408	84	73	85	
1456	1	T 430	105	40	40	P 408	84	73	73	
1457	1	T 432	104	40	40	P 420	84	73	73	
1458	1	T 434	103	40	40	P 420	84	73	73	
1459	1	T 436	102	40	40	P 420	84	73	73	
1460	1	T 438	101	40	40	P 420	84	37	73	
1461	1	T 440	100	40	40	P 420	84	49	73	
1462	1	T 442	99	40	40	P 420	84	85	73	
1463	1	T 444	98	40	40	P 432	84	73	73	
1464	1	T 446	97	40	40	P 432	84	73	73	
1465	1	T 448	96	40	40	P 432	84	73	73	
1466	1	T 450	95	40	40	P 432	84	73	37	
1467	1	T 452	94	40	40	P 432	72	73	73	
1468	1	T 454	93	40	40	P 432	72	85	73	
1469	1	T 456	92	40	40	P 444	72	73	73	
1470	1	T 458	91	40	40	P 444	72	73	73	
1471	1	T 460	90	40	40	P 444	72	73	73	
1472	1	T 462	89	40	40	P 444	72	73	73	
1473	1	T 464	88	40	40	P 444	72	73	73	
1474	1	T 466	87	40	40	P 444	72	85	73	
1475	1	T 468	86	40	40	P 456	72	73	73	
1476	1	T 470	85	40	40	P 456	72	73	73	
1477	1	T 472	84	40	40	P 456	72	73	73	
1478	1	T 474	83	40	40	P 456	72	73	73	
1479	1	T 476	82	40	40	P 456	72	49	73	
1480	1	T 478	81	40	40	P 468	60	73	73	
1481	1	T 480	80	40	40	P 468	60	73	73	
1482	1	T 482	79	40	40	P 468	60	37	49	
1483	1	T 484	78	40	40	P 468	60	73	73	
1484	1	T 486	77	40	40	P 468	60	73	73	
1485	1	T 488	76	40	40	P 468	60	73	73	
1486	1	T 490	75	40	40	P 480	60	61	73	
1487	1	T 492	74	40	40	P 480	60	73	73	
1488	1	T 494	73	40	40	P 480	60	73	73	
1489	1	T 496	72	40	40	P 480	60	73	73	
1490	1	T 498	71	40	40	P 480	60	73	73	
1491	1	T 500	70	40	40	P 480	48	73	73	
1492	1	T 502	69	40	40	P 492	48	73	73	
1493	1	T 504	68	40	40	P 492	48	73	73	
1494	1	T 506	67	40	40	P 492	48	73	73	
1495	1	T 508	66	40	40	P 492	48	73	73	
1496	1	T 510	65	40	40	P 492	48	73	73	
1497	1	T 512	64	40	40	P 492	48	73	73	
1498	1	T 514	63	40	40	P 504	48	73	73	
1499	1	T 516	62	40	40	P 504	48	73	73	
1500	1	T 518	61	40	40	P 504	48	73	73	
1501	1	T 520	60	40	40	P 504	48	73	73	
1502	1	T 522	59	40	40	P 504	48	73	73	
1503	1	T 524	58	40	40	P 504	36	73	85	
1504	1	T 526	57	40	40	P 516	36	61	73	
1505	1	T 528	56	40	40	P 516	36	73	73	
1506	1	T 530	55	40	40	P 516	36	73	73	
1507	1	T 532	54	40	40	P 516	36	73	73	
1508	1	T 534	53	40	40	P 516	36	73	73	
1509	1	T 536	52	40	40	P 516	36	73	73	
1510	1	T 538	51	40	40	P 516	36	85	73	
1511	1	T 540	50	40	40	P 528	36	73	73	
1512	1	T 542	49	40	40	P 528	36	73	73	
1513	1	T 544	48	40	40	P 528	36	73	73	
1514	1	T 546	47	40	40	P 528	36	73	73	
1515	1	T 548	46	40	40	P 528	24	73	85	
1516	1	T 550	45	40	40	P 528	24	85	73	
1517	1	T 552	44	40	40	P 540	24	73	73	
1518	1	T 554	43	40	40	P 540	24	73	73	
1519	1	T 556	42	40	40	P 540	24	73	73	
1520	1	T 558	41	40	40	P 540	24	73	73	
1521	1	T 560	40	40	40	P 540	24	73	73	
1522	1	T 562	39	40	40	P 552	24	73	73	
1523	1	T 564	38	40	40	P 552	24	73	73	
1524	1	T 566	37	40	40	P 552	24	73	73	
1525	1	T 568	36	40	40	P 552	24	73	73	
1526	1	T 570	35	40	40	P 552	24	73	73	
1527	1	T 572	34	40	40	P 552	12	73	73	
1528	1	T 574	33	40	40	P 552	12	85	73	
1529	1	T 576	32	40	40	P 564	12	73	73	
1530	1	T 578	31	40	40	P 564	12	73	73	
1531	1	T 580	30	40	40	P 564	12	73	73	
1532	1	T 582	29	40	40	P 564	12	73	73	
1533	1	T 584	28	40	40	P 564	12	73	73	
1534	1	T 586	27	40	40	P 564	12	85	73	
1535	1	T 588	26	40	40	P 576	12	73	73	
1536	1	T 590	25	40	40	P 576	12	73	73	
1537	1	T 592	24	40	40	P 576	12	73	73	
1538	1	T 594	23	40	40	P 576	12	73	73	
1539	1	T 596	22	40	40	P 576	12	73	73	
1540	1	T 598	21	40	40	P 588	0	61	73	
1541	1	T 600	20	40	40	P 588	0	73	73	
1542	1	T 602	21	40	40	P 588	0	73	73	
1543	1	T 604	22	40	40	P 588	12	73	73	
1544	1	T 606	23	40	40	P 588	12	73	73	
1545	1	T 608	24	40	40	P 588	12	73	73	
1546	1	T 610	25	40	40	P 588	12	85	73	
1547	1	T 612	26	40	40	P 600	12	73	73	
1548	1	T 614	27	40	40	P 600	12	73	73	
1549	1	T 616	28	40	40	P 600	12	73	73	
1550	1	T 618	29	40	40	P 600	12	73	73	
1551	1	T 620	30	40	40	P 600	12	73	73	
1552	1	T 622	31	40	40	P 600	12	85	73	
1553	1	T 624	32	40	40	P 612	12	73	73	
1554	1	T 626	33	40	40	P 612	12	37	73	
1555	1	T 628	34	40	40	P 612	24	73	73	
1556	1	T 630	35	40	40	P 612	24	73	73	
1557	1	T 632	36	40	40	P 612	24	73	73	
1558	1	T 634	37	40	40	P 624	24	73	73	
1559	1	T 636	38	40	40	P 624	24	73	73	
1560	1	T 638	39	40	40	P 624	24	73	73	
1561	1	T 640	40	40	40	P 624	24	73	73	
1562	1	T 642	41	40	40	P 624	24	73	73	
1563	1	T 644	42	40	40	P 624	24	73	73	
1564	1	T 646	43	40	40	P 624	24	85	73	
1565	1	T 648	44	40	40	P 636	60	37	37	
1566	1	T 650	45	40	40	P 636	24	73	73	
1567	1	T 652	46	40	40	P 636	24	73	85	
1568	1	T 654	47	40	40	P 636	36	73	61	
1569	1	T 656	48	40	40	P 636	36	73	73	
1570	1	T 658	49	40	40	P 648	36	61	73	
1571	1	T 660	50	40	40	P 648	36	61	73	
1572	1	T 658	51	40	40	P 636	36	73	73	
1573	1	T 656	52	40	40	P 636	36	73	73	
1574	1	T 654	53	40	40	P 636	36	73	73	
1575	1	T 652	54	40	40	P 636	36	73	73	
1576	1	T 650	55	40	40	P 636	36	73	73	
1577	1	T 648	56	40	40	P 636	36	73	73	
1578	1	T 646	57	40	40	P 624	36	85	73	
1579	1	T 644	58	40	40	P 624	36	73	85	
1580	1	T 642	59	40	40	P 624	48	73	73	
1581	1	T 640	60	40	40	P 624	48	73	73	
1582	1	T 638	61	40	40	P 624	48	73	73	
1583	1	T 636	62	40	40	P 624	48	73	73	
1584	1	T 634	63	40	40	P 612	48	85	73	
1585	1	T 632	64	40	40	P 612	48	73	73	
1586	1	T 630	65	40	40	P 612	48	73	73	
1587	1	T 628	66	40	40	P 612	48	73	37	
1588	1	T 626	67	40	40	P 612	48	73	73	
1589	1	T 624	68	40	40	P 612	48	73	73	
1590	1	T 622	69	40	40	P 600	48	85	73	
1591	1	T 620	70	40	40	P 600	60	73	73	
1592	1	T 618	71	40	40	P 600	60	73	73	
1593	1	T 616	72	40	40	P 600	60	73	73	
1594	1	T 614	73	40	40	P 600	60	73	73	
1595	1	T 612	74	40	40	P 600	60	73	73	
1596	1	T 610	75	40	40	P 588	60	85	73	
1597	1	T 608	76	40	40	P 588	60	73	73	
1598	1	T 606	77	40	40	P 588	60	73	73	
1599	1	T 604	78	40	40	P 588	60	73	73	
1600	1	T 602	79	40	40	P 588	60	73	73	
1601	1	T 600	80	40	40	P 588	60	73	73	
1602	1	T 598	81	40	40	P 612	96	49	37	
1603	1	T 596	82	40	40	P 576	60	73	85	
1604	1	T 594	83	40	40	P 576	72	73	73	
1605	1	T 592	84	40	40	P 576	72	73	73	
1606	1	T 590	85	40	40	P 576	72	73	73	
1607	1	T 588	86	40	40	P 576	72	73	73	
1608	1	T 586	87	40	40	P 564	72	85	73	
1609	1	T 584	88	40	40	P 576	72	61	73	
1610	1	T 582	89	40	40	P 564	72	73	73	
1611	1	T 580	90	40	40	P 564	72	73	73	
1612	1	T 578	91	40	40	P 564	72	73	73	
1613	1	T 576	92	40	40	P 564	72	73	73	
1614	1	T 574	93	40	40	P 552	72	85	73	
1615	1	T 572	94	40	40	P 552	72	73	85	
1616	1	T 570	95	40	40	P 552	84	73	73	
1617	1	T 568	96	40	40	P 552	84	73	73	
1618	1	T 566	97	40	40	P 552	84	73	73	
1619	1	T 564	98	40	40	P 552	84	73	73	
1620	1	T 562	99	40	40	P 552	84	73	73	
1621	1	T 560	100	40	40	P 540	84	73	73	
1622	1	T 558	101	40	40	P 540	84	73	73	
1623	1	T 556	102	40	40	P 540	84	73	73	
1624	1	T 554	103	40	40	P 540	84	73	73	
1625	1	T 552	104	40	40	P 540	84	73	73	
1626	1	T 550	105	40	40	P 528	84	49	49	
1627	1	T 548	106	40	40	P 528	120	73	49	
1628	1	T 546	107	40	40	P 528	96	73	73	
1629	1	T 544	108	40	40	P 528	96	73	73	
1630	1	T 542	109	40	40	P 528	96	73	73	
1631	1	T 540	110	40	40	P 528	96	73	73	
1632	1	T 538	111	40	40	P 516	96	85	73	
1633	1	T 536	112	40	40	P 516	96	73	73	
1634	1	T 534	113	40	40	P 516	96	73	73	
1635	1	T 532	114	40	40	P 516	96	73	73	
1636	1	T 530	115	40	40	P 516	96	73	73	
1637	1	T 528	116	40	40	P 516	96	73	73	
1638	1	T 526	117	40	40	P 540	96	49	73	
1639	1	T 524	118	40	40	P 504	96	73	73	
1640	1	T 522	119	40	40	P 504	108	73	73	
1641	1	T 520	120	40	40	P 504	108	73	73	
1642	1	T 518	121	40	40	P 540	132	37	49	
1643	1	T 516	122	40	40	P 504	108	61	73	
1644	1	T 514	123	40	40	P 504	108	73	73	
1645	1	T 512	124	40	40	P 492	108	73	73	
1646	1	T 510	125	40	40	P 492	108	73	73	
1647	1	T 508	126	40	40	P 492	108	73	73	
1648	1	T 506	127	40	40	P 492	108	73	73	
1649	1	T 504	128	40	40	P 492	108	73	73	
1650	1	T 502	129	40	40	P 480	108	85	73	
1651	1	T 500	130	40	40	P 480	108	73	85	
1652	1	T 498	131	40	40	P 480	120	73	73	
1653	1	T 496	132	40	40	P 480	120	73	73	
1654	1	T 494	133	40	40	P 480	120	73	73	
1655	1	T 492	134	40	40	P 480	120	73	73	
1656	1	T 490	135	40	40	P 468	120	85	73	
1657	1	T 488	136	40	40	P 468	120	73	73	
1658	1	T 486	137	40	40	P 468	120	73	73	
1659	1	T 484	138	40	40	P 468	120	73	73	
1660	1	T 482	139	40	40	P 468	120	73	73	
1661	1	T 480	140	40	40	P 468	120	73	73	
1662	1	T 478	141	40	40	P 468	120	61	49	
1663	1	T 476	142	40	40	P 456	132	73	73	
1664	1	T 474	143	40	40	P 456	132	73	73	
1665	1	T 472	144	40	40	P 456	132	73	73	
1666	1	T 470	145	40	40	P 456	132	73	73	
1667	1	T 468	146	40	40	P 456	132	73	73	
1668	1	T 466	147	40	40	P 444	132	85	73	
1669	1	T 464	148	40	40	P 456	168	61	37	
1670	1	T 462	149	40	40	P 444	132	73	73	
1671	1	T 460	150	40	40	P 444	132	73	73	
1672	1	T 458	151	40	40	P 444	132	73	73	
1673	1	T 456	152	40	40	P 444	132	73	73	
1674	1	T 454	153	40	40	P 444	132	73	73	
1675	1	T 452	154	40	40	P 432	144	73	73	
1676	1	T 450	155	40	40	P 432	144	73	73	
1677	1	T 448	156	40	40	P 432	144	73	73	
1678	1	T 446	157	40	40	P 432	144	73	73	
1679	1	T 444	158	40	40	P 432	144	73	73	
1680	1	T 442	159	40	40	P 420	144	85	73	
1681	1	T 440	160	40	40	P 420	144	73	73	
1682	1	T 438	161	40	40	P 420	144	73	73	
1683	1	T 436	162	40	40	P 420	144	73	73	
1684	1	T 434	163	40	40	P 420	144	73	73	
1685	1	T 432	164	40	40	P 420	156	73	61	
1686	1	T 430	165	40	40	P 408	144	85	73	
1687	1	T 428	166	40	40	P 408	144	73	85	
1688	1	T 426	167	40	40	P 408	156	73	73	
1689	1	T 424	168	40	40	P 408	156	73	73	
1690	1	T 422	169	40	40	P 408	156	73	73	
1691	1	T 420	170	40	40	P 408	156	73	73	
1692	1	T 418	171	40	40	P 396	156	73	73	
1693	1	T 416	172	40	40	P 396	156	73	73	
1694	1	T 414	173	40	40	P 396	156	73	73	
1695	1	T 412	174	40	40	P 396	156	73	73	
1696	1	T 410	175	40	40	P 396	156	73	73	
1697	1	T 408	176	40	40	P 396	156	73	73	
1698	1	T 406	177	40	40	P 384	192	85	37	
1699	1	T 404	178	40	40	P 384	168	49	61	
1700	1	T 402	179	40	40	P 384	168	73	73	
1701	1	T 400	180	40	40	P 384	168	73	73	
1702	1	T 398	181	40	40	P 384	168	73	73	
1703	1	T 396	182	40	40	P 384	168	73	73	
1704	1	T 394	183	40	40	P 372	168	85	73	
1705	1	T 392	184	40	40	P 372	168	73	73	
1706	1	T 390	185	40	40	P 372	168	73	73	
1707	1	T 388	186	40	40	P 372	168	73	73	
1708	1	T 386	187	40	40	P 372	168	73	73	
1709	1	T 384	188	40	40	P 372	168	73	73	
1710	1	T 382	189	40	40	P 360	168	73	73	
1711	1	T 380	190	40	40	P 360	168	73	85	
1712	1	T 378	191	40	40	P 360	180	73	73	
1713	1	T 376	192	40	40	P 360	180	73	73	
1714	1	T 374	193	40	40	P 360	180	73	73	
1715	1	T 372	194	40	40	P 360	180	73	73	
1716	1	T 370	195	40	40	P 360	180	73	37	
1717	1	T 368	196	40	40	P 348	180	73	73	
1718	1	T 366	197	40	40	P 348	180	73	73	
1719	1	T 364	198	40	40	P 348	180	73	73	
1720	1	T 362	199	40	40	P 348	180	73	73	
1721	1	T 360	200	40	40	P 348	180	73	73	
1722	1	T 358	201	40	40	P 348	180	73	73	
1723	1	T 356	202	40	40	P 336	216	73	37	
1724	1	T 354	203	40	40	P 336	192	73	37	
1725	1	T 352	204	40	40	P 336	192	73	73	
1726	1	T 350	205	40	40	P 336	216	73	49	
1727	1	T 348	206	40	40	P 336	192	73	73	
1728	1	T 346	207	40	40	P 324	192	85	73	
1729	1	T 344	208	40	40	P 324	192	73	73	
1730	1	T 342	209	40	40	P 324	192	73	73	
1731	1	T 340	210	40	40	P 324	192	73	73	
1732	1	T 338	211	40	40	P 324	192	73	73	
1733	1	T 336	212	40	40	P 324	192	73	73	
1734	1	T 334	213	40	40	P 312	192	85	73	
1735	1	T 332	214	40	40	P 312	204	73	73	
1736	1	T 330	215	40	40	P 312	204	73	73	
1737	1	T 328	216	40	40	P 312	204	73	73	
1738	1	T 326	217	40	40	P 312	204	73	73	
1739	1	T 324	218	40	40	P 336	204	49	73	
1740	1	T 322	219	40	40	P 312	204	73	73	
1741	1	T 320	220	40	40	P 300	204	73	73	
1742	1	T 318	221	40	40	P 300	204	73	73	
1743	1	T 316	222	40	40	P 300	204	73	73	
1744	1	T 314	223	40	40	P 300	204	73	49	
1745	1	T 312	224	40	40	P 300	204	73	73	
1746	1	T 310	225	40	40	P 300	204	73	73	
1747	1	T 308	226	40	40	P 288	216	73	61	
1748	1	T 306	227	40	40	P 288	216	73	73	
1749	1	T 304	228	40	40	P 288	216	73	73	
1750	1	T 302	229	40	40	P 288	216	73	73	
1751	1	T 300	230	40	40	P 288	216	73	73	
1752	1	T 298	231	40	40	P 276	216	85	73	
1753	1	T 296	232	40	40	P 276	216	73	73	
1754	1	T 294	233	40	40	P 276	216	73	73	
1755	1	T 292	234	40	40	P 276	216	73	73	
1756	1	T 290	235	40	40	P 276	216	73	73	
1757	1	T 288	236	40	40	P 276	216	73	73	
1758	1	T 286	237	40	40	P 264	216	73	73	
1759	1	T 284	238	40	40	P 264	228	73	61	
1760	1	T 282	239	40	40	P 264	228	73	73	
1761	1	T 280	240	40	40	P 264	228	73	73	
1762	1	T 278	241	40	40	P 264	228	73	73	
1763	1	T 276	242	40	40	P 264	228	73	73	
1764	1	T 274	243	40	40	P 252	228	85	73	
1765	1	T 272	244	40	40	P 252	228	73	73	
1766	1	T 270	245	40	40	P 252	228	73	73	
1767	1	T 268	246	40	40	P 252	228	73	73	
1768	1	T 266	247	40	40	P 252	228	73	73	
1769	1	T 264	248	40	40	P 252	228	37	73	
1770	1	T 262	249	40	40	P 240	228	73	73	
1771	1	T 260	250	40	40	P 240	228	73	85	
1772	1	T 258	251	40	40	P 240	240	73	73	
1773	1	T 256	252	40	40	P 240	240	73	73	
1774	1	T 254	253	40	40	P 240	240	73	73	
1775	1	T 252	254	40	40	P 240	240	73	73	
1776	1	T 250	255	40	40	P 228	240	73	73	
1777	1	T 248	256	40	40	P 228	240	73	73	
1778	1	T 246	257	40	40	P 228	240	73	73	
1779	1	T 244	258	40	40	P 228	240	73	73	
1780	1	T 242	259	40	40	P 228	240	73	73	
1781	1	T 240	260	40	40	P 228	240	73	73	
1782	1	T 238	261	40	40	P 228	276	61	37	
1783	1	T 236	262	40	40	P 216	240	73	73	
1784	1	T 234	263	40	40	P 216	252	73	73	
1785	1	T 232	264	40	40	P 216	252	73	73	
1786	1	T 230	265	40	40	P 216	252	73	73	
1787	1	T 228	266	40	40	P 216	252	73	73	
1788	1	T 226	267	40	40	P 216	252	73	73	
1789	1	T 224	268	40	40	P 204	252	73	73	
1790	1	T 222	269	40	40	P 204	252	73	73	
1791	1	T 220	270	40	40	P 204	252	73	73	
1792	1	T 218	271	40	40	P 204	252	73	73	
1793	1	T 216	272	40	40	P 204	252	73	73	
1794	1	T 214	273	40	40	P 192	252	85	73	
1795	1	T 212	274	40	40	P 192	252	73	73	
1796	1	T 210	275	40	40	P 192	264	73	73	
1797	1	T 208	276	40	40	P 192	264	73	73	
1798	1	T 206	277	40	40	P 192	264	73	73	
1799	1	T 204	278	40	40	P 192	264	73	73	
1800	1	T 202	279	40	40	P 180	264	73	73	
1801	1	T 200	280	40	40	P 180	264	73	73	
1802	1	T 198	281	40	40	P 180	264	73	73	
1803	1	T 196	282	40	40	P 180	264	73	73	
1804	1	T 194	283	40	40	P 180	264	73	73	
1805	1	T 192	284	40	40	P 180	264	37	73	
1806	1	T 190	285	40	40	P 168	264	85	73	
1807	1	T 188	286	40	40	P 168	264	73	73	
1808	1	T 186	287	40	40	P 168	276	73	73	
1809	1	T 184	288	40	40	P 168	276	73	49	
1810	1	T 182	289	40	40	P 168	276	73	73	
1811	1	T 180	290	40	40	P 168	276	73	73	
1812	1	T 178	291	40	40	P 156	276	85	73	
1813	1	T 176	292	40	40	P 156	276	73	73	
1814	1	T 174	293	40	40	P 156	276	73	49	
1815	1	T 172	294	40	40	P 156	276	73	73	
1816	1	T 170	295	40	40	P 156	276	73	73	
1817	1	T 168	296	40	40	P 156	276	73	73	
1818	1	T 166	297	40	40	P 144	276	85	73	
1819	1	T 164	298	40	40	P 144	276	73	85	
1820	1	T 162	299	40	40	P 144	288	73	73	
1821	1	T 160	300	40	40	P 144	288	73	73	
1822	1	T 158	301	40	40	P 144	288	73	73	
1823	1	T 156	302	40	40	P 144	288	73	73	
1824	1	T 154	303	40	40	P 132	288	85	73	
1825	1	T 152	304	40	40	P 132	288	73	73	
1826	1	T 150	305	40	40	P 132	288	73	73	
1827	1	T 148	306	40	40	P 132	288	73	73	
1828	1	T 146	307	40	40	P 156	288	49	73	
1829	1	T 144	308	40	40	P 132	288	73	73	
1830	1	T 142	309	40	40	P 132	288	73	73	
1831	1	T 140	310	40	40	P 120	300	73	61	
1832	1	T 138	311	40	40	P 120	300	73	49	
1833	1	T 136	312	40	40	P 120	300	73	73	
1834	1	T 134	313	40	40	P 120	300	73	49	
1835	1	T 132	314	40	40	P 120	300	73	73	
1836	1	T 130	315	40	40	P 108	300	73	73	
1837	1	T 128	316	40	40	P 108	300	73	73	
1838	1	T 126	317	40	40	P 108	300	73	73	
1839	1	T 124	318	40	40	P 108	300	73	73	
1840	1	T 122	319	40	40	P 108	300	73	73	
1841	1	T 120	320	40	40	P 108	300	73	73	
1842	1	T 118	321	40	40	P 96	300	85	73	
1843	1	T 116	322	40	40	P 96	300	73	73	
1844	1	T 114	323	40	40	P 96	312	73	73	
1845	1	T 112	324	40	40	P 96	312	73	73	
1846	1	T 110	325	40	40	P 96	312	73	73	
1847	1	T 108	326	40	40	P 96	312	73	73	
1848	1	T 106	327	40	40	P 96	312	73	73	
1849	1	T 104	328	40	40	P 84	312	73	73	
1850	1	T 102	329	40	40	P 84	312	73	73	
1851	1	T 100	330	40	40	P 84	312	73	73	
1852	1	T 98	331	40	40	P 84	312	73	73	
1853	1	T 96	332	40	40	P 84	312	73	73	
1854	1	T 94	333	40	40	P 84	312	61	73	
1855	1	T 92	334	40	40	P 72	312	73	85	
1856	1	T 90	335	40	40	P 72	324	73	49	
1857	1	T 88	336	40	40	P 72	324	73	73	
1858	1	T 86	337	40	40	P 72	324	73	73	
1859	1	T 84	338	40	40	P 72	324	73	73	
1860	1	T 82	339	40	40	P 60	324	49	73	
1861	1	T 80	340	40	40	P 60	360	73	37	
1862	1	T 78	341	40	40	P 60	324	73	73	
1863	1	T 76	342	40	40	P 60	324	73	73	
1864	1	T 74	343	40	40	P 60	324	73	73	
1865	1	T 72	344	40	40	P 60	324	73	73	
1866	1	T 70	345	40	40	P 60	324	73	73	
1867	1	T 68	346	40	40	P 48	324	73	73	
1868	1	T 66	347	40	40	P 48	336	73	73	
1869	1	T 64	348	40	40	P 48	336	73	73	
1870	1	T 62	349	40	40	P 48	336	73	73	
1871	1	T 60	350	40	40	P 48	336	73	73	
1872	1	T 58	351	40	40	P 36	336	85	73	
1873	1	T 56	352	40	40	P 36	336	73	73	
1874	1	T 54	353	40	40	P 36	336	73	73	
1875	1	T 52	354	40	40	P 36	336	73	73	
1876	1	T 50	355	40	40	P 36	336	73	73	
1877	1	T 48	356	40	40	P 36	336	73	73	
1878	1	T 46	357	40	40	P 36	336	73	73	
1879	1	T 44	358	40	40	P 24	336	73	73	
1880	1	T 42	359	40	40	P 24	348	73	73	
1881	1	T 40	360	40	40	P 24	348	73	73	
1882	1	T 38	361	40	40	P 24	348	73	73	
1883	1	T 36	362	40	40	P 24	348	73	73	
1884	1	T 34	363	40	40	P 12	348	85	73	
1885	1	T 32	364	40	40	P 12	348	73	73	
1886	1	T 30	365	40	40	P 12	348	49	73	
1887	1	T 28	366	40	40	P 12	348	73	73	
1888	1	T 26	367	40	40	P 12	348	73	73	
1889	1	T 24	368	40	40	P 12	348	73	73	
1890	1	T 22	369	40	40	P 12	360	73	61	
1891	1	T 20	370	40	40	P 0	348	73	85	
1892	1	T 22	371	40	40	P 12	360	73	61	
1893	1	T 24	372	40	40	P 12	360	61	73	
1894	1	T 26	373	40	40	P 12	384	73	49	
1895	1	T 28	374	40	40	P 12	360	73	73	
1896	1	T 30	375	40	40	P 12	360	73	73	
1897	1	T 32	376	40	40	P 24	360	61	73	
1898	1	T 34	377	40	40	P 12	360	85	73	
1899	1	T 36	378	40	40	P 24	360	73	73	
1900	1	T 38	379	40	40	P 24	360	73	73	
1901	1	T 40	380	40	40	P 24	360	73	73	
1902	1	T 42	381	40	40	P 24	360	73	49	
1903	1	T 44	382	40	40	P 24	360	73	73	
1904	1	T 46	383	40	40	P 24	372	73	73	
1905	1	T 48	384	40	40	P 36	372	73	73	
1906	1	T 50	385	40	40	P 36	372	73	61	
1907	1	T 52	386	40	40	P 36	372	73	73	
1908	1	T 54	387	40	40	P 36	372	73	73	
1909	1	T 56	388	40	40	P 36	372	73	73	
1910	1	T 58	389	40	40	P 36	372	85	73	
1911	1	T 60	390	40	40	P 48	372	73	73	
1912	1	T 62	391	40	40	P 48	372	73	73	
1913	1	T 64	392	40	40	P 48	372	73	73	
1914	1	T 66	393	40	40	P 48	372	73	73	
1915	1	T 68	394	40	40	P 48	372	73	85	
1916	1	T 70	395	40	40	P 48	384	85	73	
1917	1	T 72	396	40	40	P 60	384	73	73	
1918	1	T 74	397	40	40	P 60	384	73	73	
1919	1	T 76	398	40	40	P 60	384	73	73	
1920	1	T 78	399	40	40	P 60	384	73	73	
1921	1	T 80	400	40	40	P 96	384	37	73	
1922	1	T 82	401	40	40	P 60	384	85	73	
1923	1	T 84	402	40	40	P 72	384	73	73	
1924	1	T 86	403	40	40	P 72	384	73	73	
1925	1	T 88	404	40	40	P 72	384	73	73	
1926	1	T 90	405	40	40	P 72	384	73	73	
1927	1	T 92	406	40	40	P 72	384	73	85	
1928	1	T 94	407	40	40	P 72	396	73	73	
1929	1	T 96	408	40	40	P 84	396	73	73	
1930	1	T 98	409	40	40	P 84	396	73	73	
1931	1	T 100	410	40	40	P 84	396	73	73	
1932	1	T 102	411	40	40	P 84	396	73	73	
1933	1	T 104	412	40	40	P 84	396	73	73	
1934	1	T 106	413	40	40	P 96	396	73	73	
1935	1	T 108	414	40	40	P 96	396	73	73	
1936	1	T 110	415	40	40	P 96	396	73	73	
1937	1	T 112	416	40	40	P 96	396	73	73	
1938	1	T 114	417	40	40	P 96	396	73	73	
1939	1	T 116	418	40	40	P 132	408	37	61	
1940	1	T 118	419	40	40	P 108	408	61	61	
1941	1	T 120	420	40	40	P 108	408	73	61	
1942	1	T 122	419	40	40	P 108	408	73	61	
1943	1	T 124	418	40	40	P 108	396	73	73	
1944	1	T 126	417	40	40	P 108	396	73	73	
1945	1	T 128	416	40	40	P 108	396	73	73	
1946	1	T 130	415	40	40	P 120	396	73	73	
1947	1	T 132	414	40	40	P 120	396	73	73	
1948	1	T 134	413	40	40	P 120	396	73	73	
1949	1	T 136	412	40	40	P 120	396	73	73	
1950	1	T 138	411	40	40	P 120	396	73	73	
1951	1	T 140	410	40	40	P 120	396	73	73	
1952	1	T 142	409	40	40	P 132	396	73	61	
1953	1	T 144	408	40	40	P 132	396	73	73	
1954	1	T 146	407	40	40	P 132	396	73	73	
1955	1	T 148	406	40	40	P 132	384	73	85	
1956	1	T 150	405	40	40	P 132	384	73	73	
1957	1	T 152	404	40	40	P 132	384	73	73	
1958	1	T 154	403	40	40	P 132	384	85	73	
1959	1	T 156	402	40	40	P 144	384	73	73	
1960	1	T 158	401	40	40	P 144	384	73	73	
1961	1	T 160	400	40	40	P 144	384	73	49	
1962	1	T 162	399	40	40	P 144	384	73	73	
1963	1	T 164	398	40	40	P 144	384	73	73	
1964	1	T 166	397	40	40	P 144	384	85	73	
1965	1	T 168	396	40	40	P 156	384	73	73	
1966	1	T 170	395	40	40	P 156	384	73	73	
1967	1	T 172	394	40	40	P 156	372	73	73	
1968	1	T 174	393	40	40	P 156	372	73	73	
1969	1	T 176	392	40	40	P 156	372	73	73	
1970	1	T 178	391	40	40	P 168	372	73	73	
1971	1	T 180	390	40	40	P 168	372	73	73	
1972	1	T 182	389	40	40	P 168	372	73	73	
1973	1	T 184	388	40	40	P 168	372	73	73	
1974	1	T 186	387	40	40	P 168	372	73	73	
1975	1	T 188	386	40	40	P 168	372	73	73	
1976	1	T 190	385	40	40	P 168	372	85	73	
1977	1	T 192	384	40	40	P 180	372	73	73	
1978	1	T 194	383	40	40	P 180	372	73	73	
1979	1	T 196	382	40	40	P 180	372	73	61	
1980	1	T 198	381	40	40	P 180	360	73	73	
1981	1	T 200	380	40	40	P 180	360	73	73	
1982	1	T 202	379	40	40	P 180	360	73	73	
1983	1	T 204	378	40	40	P 192	360	73	73	
1984	1	T 206	377	40	40	P 192	360	73	73	
1985	1	T 208	376	40	40	P 192	360	73	73	
1986	1	T 210	375	40	40	P 192	360	73	73	
1987	1	T 212	374	40	40	P 192	360	73	73	
1988	1	T 214	373	40	40	P 192	360	73	73	
1989	1	T 216	372	40	40	P 204	360	73	73	
1990	1	T 218	371	40	40	P 204	360	73	73	
1991	1	T 220	370	40	40	P 204	348	73	85	
1992	1	T 222	369	40	40	P 204	348	73	73	
1993	1	T 224	368	40	40	P 204	348	73	73	
1994	1	T 226	367	40	40	P 216	348	73	73	
1995	1	T 228	366	40	40	P 216	348	73	73	
1996	1	T 230	365	40	40	P 216	348	73	73	
1997	1	T 232	364	40	40	P 216	348	73	73	
1998	1	T 234	363	40	40	P 216	348	73	73	
1999	1	T 236	362	40	40	P 216	348	73	73	
2000	1	T 238	361	40	40	P 216	348	85	73	
