1	1	T 80	80	40	40	P 50	50	100	100	
2	1	T 82	81	40	40	P 50	50	100	100	
3	1	T 84	82	40	40	P 50	50	100	100	
4	1	T 86	83	40	40	P 50	50	100	100	
5	1	T 88	84	40	40	P 50	75	125	50	
6	1	T 90	85	40	40	P 50	75	125	50	
7	1	T 92	86	40	40	P 50	75	125	50	
8	1	T 94	87	40	40	P 50	75	125	50	
9	0	T 96	88	40	40	
10	1	T 98	89	40	40	P 100	50	50	125	
11	1	T 100	90	40	40	P 100	50	50	125	
12	1	T 102	91	40	40	P 100	50	50	125	
13	1	T 104	92	40	40	P 100	50	50	125	
14	1	T 106	93	40	40	P 100	50	50	125	
15	1	T 108	94	40	40	P 100	50	50	125	
16	1	T 110	95	40	40	P 100	50	50	125	
17	1	T 112	96	40	40	P 100	50	50	125	
18	1	T 114	97	40	40	P 75	100	125	50	
19	1	T 116	98	40	40	P 75	100	125	50	
20	1	T 118	99	40	40	P 75	100	125	50	
21	1	T 120	100	40	40	P 75	100	125	50	
22	1	T 122	101	40	40	P 100	75	100	100	
23	1	T 124	102	40	40	P 100	75	100	100	
24	1	T 126	103	40	40	P 100	75	100	100	
25	1	T 128	104	40	40	P 100	75	100	100	
26	1	T 130	105	40	40	P 100	75	100	100	
27	1	T 132	106	40	40	P 100	75	100	100	
28	1	T 134	107	40	40	P 100	75	100	100	
29	1	T 136	108	40	40	P 100	75	100	100	
30	1	T 138	109	40	40	P 100	100	125	50	
31	1	T 140	110	40	40	P 100	100	125	50	
32	1	T 142	111	40	40	P 100	100	125	50	
33	1	T 144	112	40	40	P 100	100	125	50	
34	0	T 146	113	40	40	
35	1	T 148	114	40	40	P 150	75	50	125	
36	1	T 150	115	40	40	P 150	75	50	125	
37	1	T 152	116	40	40	P 150	75	50	125	
38	1	T 154	117	40	40	P 150	75	50	125	
39	1	T 156	118	40	40	P 150	75	50	125	
40	1	T 158	119	40	40	P 150	75	50	125	
41	1	T 160	120	40	40	P 150	75	50	125	
42	1	T 162	121	40	40	P 150	125	50	75	
43	1	T 164	122	40	40	P 125	125	75	50	
44	1	T 166	123	40	40	P 125	125	125	50	
45	1	T 168	124	40	40	P 125	125	125	50	
46	1	T 170	125	40	40	P 125	125	125	50	
47	1	T 172	126	40	40	P 150	100	100	100	
48	1	T 174	127	40	40	P 150	100	100	100	
49	1	T 176	128	40	40	P 150	100	100	100	
50	1	T 178	129	40	40	P 150	100	100	100	
51	1	T 180	130	40	40	P 150	100	100	100	
52	1	T 182	131	40	40	P 150	100	100	100	
53	1	T 184	132	40	40	P 150	100	100	100	
54	1	T 186	133	40	40	P 150	100	100	100	
55	1	T 188	134	40	40	P 150	125	125	50	
56	1	T 190	135	40	40	P 150	125	125	50	
57	1	T 192	136	40	40	P 150	125	125	50	
58	1	T 194	137	40	40	P 150	125	125	50	
59	0	T 196	138	40	40	
60	1	T 198	139	40	40	P 200	100	50	125	
61	1	T 200	140	40	40	P 200	100	50	125	
62	1	T 202	141	40	40	P 200	100	50	125	
63	1	T 204	142	40	40	P 200	100	50	125	
64	1	T 206	143	40	40	P 200	100	50	125	
65	1	T 208	144	40	40	P 200	100	50	125	
66	1	T 210	145	40	40	P 200	100	50	125	
67	1	T 212	146	40	40	P 200	100	50	125	
68	1	T 214	147	40	40	P 175	150	125	50	
69	1	T 216	148	40	40	P 175	150	125	50	
70	1	T 218	149	40	40	P 175	150	125	50	
71	1	T 220	150	40	40	P 175	150	125	50	
72	1	T 222	151	40	40	P 200	125	100	100	
73	1	T 224	152	40	40	P 200	125	100	100	
74	1	T 226	153	40	40	P 200	125	100	100	
75	1	T 228	154	40	40	P 200	125	100	100	
76	1	T 230	155	40	40	P 200	125	100	100	
77	1	T 232	156	40	40	P 200	125	100	100	
78	1	T 234	157	40	40	P 200	125	100	100	
79	1	T 236	158	40	40	P 200	125	100	100	
80	1	T 238	159	40	40	P 200	150	125	50	
81	1	T 240	160	40	40	P 200	150	125	50	
82	1	T 242	161	40	40	P 200	150	75	50	
83	1	T 244	162	40	40	P 200	150	125	50	
84	0	T 246	163	40	40	
85	1	T 248	164	40	40	P 250	125	50	125	
86	1	T 250	165	40	40	P 250	125	50	125	
87	1	T 252	166	40	40	P 250	125	50	125	
88	1	T 254	167	40	40	P 250	125	50	125	
89	1	T 256	168	40	40	P 250	125	50	125	
90	1	T 258	169	40	40	P 250	125	50	125	
91	1	T 260	170	40	40	P 250	125	50	125	
92	1	T 262	171	40	40	P 250	125	50	125	
93	1	T 264	172	40	40	P 225	175	125	50	
94	1	T 266	173	40	40	P 225	175	125	50	
95	1	T 268	174	40	40	P 225	175	125	50	
96	1	T 270	175	40	40	P 225	175	125	50	
97	1	T 272	176	40	40	P 250	150	100	100	
98	1	T 274	177	40	40	P 250	150	100	100	
99	1	T 276	178	40	40	P 250	150	100	100	
100	1	T 278	179	40	40	P 250	150	100	100	
101	1	T 280	180	40	40	P 250	150	100	100	
102	1	T 282	181	40	40	P 250	150	100	100	
103	1	T 284	182	40	40	P 250	150	100	100	
104	1	T 286	183	40	40	P 250	150	100	100	
105	1	T 288	184	40	40	P 250	175	125	50	
106	1	T 290	185	40	40	P 250	175	125	50	
107	1	T 292	186	40	40	P 250	175	125	50	
108	1	T 294	187	40	40	P 250	175	125	50	
109	0	T 296	188	40	40	
110	1	T 298	189	40	40	P 300	150	50	125	
111	1	T 300	190	40	40	P 300	150	50	125	
112	1	T 302	191	40	40	P 300	150	50	125	
113	1	T 304	192	40	40	P 300	150	50	125	
114	1	T 306	193	40	40	P 300	150	50	125	
115	1	T 308	194	40	40	P 300	150	50	125	
116	1	T 310	195	40	40	P 300	150	50	125	
117	1	T 312	196	40	40	P 300	150	50	125	
118	1	T 314	197	40	40	P 275	200	125	50	
119	1	T 316	198	40	40	P 275	200	125	50	
120	1	T 318	199	40	40	P 275	200	125	50	
121	1	T 320	200	40	40	P 275	200	125	50	
122	1	T 322	201	40	40	P 300	175	100	100	
123	1	T 324	202	40	40	P 300	175	100	100	
124	1	T 326	203	40	40	P 300	175	100	100	
125	1	T 328	204	40	40	P 300	175	100	100	
126	1	T 330	205	40	40	P 300	175	100	100	
127	1	T 332	206	40	40	P 300	175	100	100	
128	1	T 334	207	40	40	P 300	175	100	100	
129	1	T 336	208	40	40	P 300	175	100	100	
130	1	T 338	209	40	40	P 300	200	125	50	
131	1	T 340	210	40	40	P 300	200	125	50	
132	1	T 342	211	40	40	P 300	200	125	50	
133	1	T 344	212	40	40	P 300	200	125	50	
134	0	T 346	213	40	40	
135	1	T 348	214	40	40	P 350	175	50	125	
136	1	T 350	215	40	40	P 350	175	50	125	
137	1	T 352	216	40	40	P 350	175	50	125	
138	1	T 354	217	40	40	P 350	175	50	125	
139	1	T 356	218	40	40	P 350	175	50	125	
140	1	T 358	219	40	40	P 350	175	50	125	
141	1	T 360	220	40	40	P 350	175	50	125	
142	1	T 362	221	40	40	P 350	175	50	125	
143	1	T 364	222	40	40	P 325	225	125	50	
144	1	T 366	223	40	40	P 325	225	125	50	
145	1	T 368	224	40	40	P 325	225	125	50	
146	1	T 370	225	40	40	P 325	225	125	50	
147	1	T 372	226	40	40	P 350	200	100	100	
148	1	T 374	227	40	40	P 350	200	100	100	
149	1	T 376	228	40	40	P 350	200	100	100	
150	1	T 378	229	40	40	P 350	200	100	100	
151	1	T 380	230	40	40	P 350	200	100	100	
152	1	T 382	231	40	40	P 350	200	100	100	
153	1	T 384	232	40	40	P 350	200	100	100	
154	1	T 386	233	40	40	P 350	200	100	100	
155	1	T 388	234	40	40	P 350	225	125	50	
156	1	T 390	235	40	40	P 350	225	125	50	
157	1	T 392	236	40	40	P 350	225	75	50	
158	1	T 394	237	40	40	P 350	225	125	50	
159	0	T 396	238	40	40	
160	1	T 398	239	40	40	P 400	200	50	125	
161	1	T 400	240	40	40	P 400	200	50	125	
162	1	T 402	241	40	40	P 400	200	50	125	
163	1	T 404	242	40	40	P 400	200	50	125	
164	1	T 406	243	40	40	P 400	200	50	125	
165	1	T 408	244	40	40	P 400	200	50	125	
166	1	T 410	245	40	40	P 400	200	50	125	
167	1	T 412	246	40	40	P 400	200	50	125	
168	1	T 414	247	40	40	P 375	250	125	50	
169	1	T 416	248	40	40	P 375	250	125	50	
170	1	T 418	249	40	40	P 375	250	125	50	
171	1	T 420	250	40	40	P 375	250	125	50	
172	1	T 422	251	40	40	P 400	225	100	100	
173	1	T 424	252	40	40	P 400	225	100	100	
174	1	T 426	253	40	40	P 400	225	75	75	
175	1	T 428	254	40	40	P 400	225	100	100	
176	1	T 430	255	40	40	P 400	225	100	100	
177	1	T 432	256	40	40	P 400	225	100	100	
178	1	T 434	257	40	40	P 400	225	100	100	
179	1	T 436	258	40	40	P 400	225	100	100	
180	1	T 438	259	40	40	P 400	250	125	50	
181	1	T 440	260	40	40	P 400	250	125	50	
182	1	T 442	261	40	40	P 400	250	125	50	
183	1	T 444	262	40	40	P 400	250	125	50	
184	0	T 446	263	40	40	
185	1	T 448	264	40	40	P 450	225	50	125	
186	1	T 450	265	40	40	P 450	225	50	125	
187	1	T 452	266	40	40	P 450	225	50	125	
188	1	T 454	267	40	40	P 450	225	50	125	
189	1	T 456	268	40	40	P 450	225	50	125	
190	1	T 458	269	40	40	P 450	225	50	125	
191	1	T 460	270	40	40	P 450	225	50	125	
192	1	T 462	271	40	40	P 450	225	50	125	
193	1	T 464	272	40	40	P 425	275	125	50	
194	1	T 466	273	40	40	P 425	275	125	50	
195	1	T 468	274	40	40	P 425	275	125	50	
196	1	T 470	275	40	40	P 425	275	125	50	
197	1	T 472	276	40	40	P 450	250	100	100	
198	1	T 474	277	40	40	P 450	250	100	100	
199	1	T 476	278	40	40	P 450	250	100	100	
200	1	T 478	279	40	40	P 450	250	100	100	
201	1	T 480	280	40	40	P 450	250	100	100	
202	1	T 482	281	40	40	P 450	250	100	100	
203	1	T 484	282	40	40	P 450	250	100	100	
204	1	T 486	283	40	40	P 450	250	100	100	
205	1	T 488	284	40	40	P 450	275	125	50	
206	1	T 490	285	40	40	P 450	275	125	50	
207	1	T 492	286	40	40	P 450	275	125	50	
208	1	T 494	287	40	40	P 450	275	125	50	
209	0	T 496	288	40	40	
210	1	T 498	289	40	40	P 500	250	50	125	
211	1	T 500	290	40	40	P 500	250	50	125	
212	1	T 502	291	40	40	P 500	250	50	125	
213	1	T 504	292	40	40	P 500	250	50	125	
214	1	T 506	293	40	40	P 500	250	50	125	
215	1	T 508	294	40	40	P 500	250	50	125	
216	1	T 510	295	40	40	P 500	250	50	125	
217	1	T 512	296	40	40	P 500	250	50	125	
218	1	T 514	297	40	40	P 475	300	125	50	
219	1	T 516	298	40	40	P 475	300	125	50	
220	1	T 518	299	40	40	P 475	300	125	50	
221	1	T 520	300	40	40	P 475	300	125	50	
222	1	T 522	301	40	40	P 500	275	100	100	
223	1	T 524	302	40	40	P 500	275	100	100	
224	1	T 526	303	40	40	P 500	275	100	100	
225	1	T 528	304	40	40	P 500	275	100	100	
226	1	T 530	305	40	40	P 500	275	100	100	
227	1	T 532	306	40	40	P 500	275	100	100	
228	1	T 534	307	40	40	P 500	275	75	75	
229	1	T 536	308	40	40	P 500	275	100	100	
230	1	T 538	309	40	40	P 500	300	125	50	
231	1	T 540	310	40	40	P 500	300	125	50	
232	1	T 542	311	40	40	P 500	300	125	50	
233	1	T 544	312	40	40	P 500	300	125	50	
234	0	T 546	313	40	40	
235	1	T 548	314	40	40	P 550	275	50	125	
236	1	T 550	315	40	40	P 550	275	50	125	
237	1	T 552	316	40	40	P 550	275	50	125	
238	1	T 554	317	40	40	P 550	275	50	125	
239	1	T 556	318	40	40	P 550	275	50	125	
240	1	T 558	319	40	40	P 550	275	50	125	
241	1	T 560	320	40	40	P 550	275	50	125	
242	1	T 562	321	40	40	P 550	275	50	125	
243	1	T 564	322	40	40	P 525	325	125	50	
244	1	T 566	323	40	40	P 525	325	125	50	
245	1	T 568	324	40	40	P 525	325	125	50	
246	1	T 570	325	40	40	P 525	325	125	50	
247	1	T 572	326	40	40	P 550	300	100	100	
248	1	T 574	327	40	40	P 550	300	100	100	
249	1	T 576	328	40	40	P 550	300	100	100	
250	1	T 578	329	40	40	P 550	300	100	100	
251	1	T 580	330	40	40	P 550	300	100	100	
252	1	T 582	331	40	40	P 550	300	100	100	
253	1	T 584	332	40	40	P 550	300	100	100	
254	1	T 586	333	40	40	P 550	300	100	100	
255	1	T 588	334	40	40	P 550	325	125	50	
256	1	T 590	335	40	40	P 550	325	125	50	
257	1	T 592	336	40	40	P 550	325	125	50	
258	1	T 594	337	40	40	P 550	325	125	50	
259	0	T 596	338	40	40	
260	1	T 598	339	40	40	P 600	300	50	125	
261	1	T 600	340	40	40	P 600	300	50	125	
262	1	T 602	341	40	40	P 600	300	50	125	
263	1	T 604	342	40	40	P 600	300	50	125	
264	1	T 606	343	40	40	P 600	300	50	125	
265	1	T 608	344	40	40	P 600	300	50	125	
266	1	T 610	345	40	40	P 600	300	50	125	
267	1	T 612	346	40	40	P 600	300	50	125	
268	1	T 614	347	40	40	P 575	350	125	50	
269	1	T 616	348	40	40	P 575	350	125	50	
270	1	T 618	349	40	40	P 625	350	75	50	
271	1	T 620	350	40	40	P 575	350	125	50	
272	1	T 622	351	40	40	P 600	325	100	100	
273	1	T 624	352	40	40	P 600	325	100	100	
274	1	T 626	353	40	40	P 600	325	100	100	
275	1	T 628	354	40	40	P 600	325	100	100	
276	1	T 630	355	40	40	P 600	325	100	100	
277	1	T 632	356	40	40	P 600	325	100	100	
278	1	T 634	357	40	40	P 600	325	100	100	
279	1	T 636	358	40	40	P 600	325	100	100	
280	1	T 638	359	40	40	P 600	350	100	50	
281	1	T 640	360	40	40	P 600	350	100	50	
282	1	T 642	361	40	40	P 600	350	100	50	
283	1	T 644	362	40	40	P 600	350	100	50	
284	0	T 646	363	40	40	
285	1	T 648	364	40	40	P 650	325	50	125	
286	1	T 650	365	40	40	P 650	325	50	125	
287	1	T 652	366	40	40	P 650	325	50	125	
288	1	T 654	367	40	40	P 650	325	50	125	
289	1	T 656	368	40	40	P 650	325	50	125	
290	1	T 658	369	40	40	P 650	325	50	125	
291	1	T 660	370	40	40	P 650	325	50	125	
292	1	T 658	371	40	40	P 650	325	50	125	
293	1	T 656	372	40	40	P 625	350	75	100	
294	1	T 654	373	40	40	P 625	350	75	100	
295	1	T 652	374	40	40	P 625	350	75	100	
296	1	T 650	375	40	40	P 625	350	75	100	
297	1	T 648	376	40	40	P 625	350	75	100	
298	1	T 646	377	40	40	P 600	375	100	50	
299	1	T 644	378	40	40	P 600	375	100	50	
300	1	T 642	379	40	40	P 600	375	100	50	
301	1	T 640	380	40	40	P 600	375	100	50	
302	1	T 638	381	40	40	P 600	375	100	50	
303	1	T 636	382	40	40	P 600	350	100	100	
304	1	T 634	383	40	40	P 600	350	100	100	
305	1	T 632	384	40	40	P 600	350	100	100	
306	1	T 630	385	40	40	P 600	350	100	100	
307	1	T 628	386	40	40	P 600	350	100	100	
308	1	T 626	387	40	40	P 600	350	100	100	
309	1	T 624	388	40	40	P 625	350	50	125	
310	1	T 622	389	40	40	P 625	350	50	125	
311	0	T 620	390	40	40	
312	0	T 618	391	40	40	
313	0	T 616	392	40	40	
314	0	T 614	393	40	40	
315	1	T 612	394	40	40	P 600	350	50	125	
316	1	T 610	395	40	40	P 600	350	50	125	
317	1	T 608	396	40	40	P 600	350	50	125	
318	1	T 606	397	40	40	P 600	375	75	100	
319	1	T 604	398	40	40	P 575	375	100	100	
320	1	T 602	399	40	40	P 575	375	100	100	
321	1	T 600	400	40	40	P 575	375	100	100	
322	1	T 598	401	40	40	P 575	375	100	100	
323	1	T 596	402	40	40	P 550	400	125	50	
324	1	T 594	403	40	40	P 550	400	125	50	
325	1	T 592	404	40	40	P 550	400	125	50	
326	1	T 590	405	40	40	P 550	400	125	50	
327	1	T 588	406	40	40	P 550	400	125	50	
328	1	T 586	407	40	40	P 550	375	100	100	
329	1	T 584	408	40	40	P 550	375	100	100	
330	1	T 582	409	40	40	P 550	375	100	100	
331	1	T 580	410	40	40	P 550	375	100	100	
332	1	T 578	411	40	40	P 550	375	100	100	
333	1	T 576	412	40	40	P 575	375	75	100	
334	1	T 574	413	40	40	P 575	375	50	100	
335	1	T 572	414	40	40	P 575	375	50	100	
336	0	T 570	415	40	40	
337	0	T 568	416	40	40	
338	0	T 566	417	40	40	
339	0	T 564	418	40	40	
340	1	T 562	419	40	40	P 550	375	50	100	
341	1	T 560	420	40	40	P 550	375	50	100	
342	1	T 558	419	40	40	P 550	375	50	100	
343	1	T 556	418	40	40	P 550	375	50	100	
344	1	T 554	417	40	40	P 550	375	50	100	
345	1	T 552	416	40	40	P 550	375	50	100	
346	1	T 550	415	40	40	P 550	375	50	100	
347	1	T 548	414	40	40	P 550	375	50	100	
348	0	T 546	413	40	40	
349	0	T 544	412	40	40	
350	1	T 542	411	40	40	P 500	400	125	50	
351	1	T 540	410	40	40	P 500	400	125	50	
352	1	T 538	409	40	40	P 500	400	125	50	
353	1	T 536	408	40	40	P 500	375	75	75	
354	1	T 534	407	40	40	P 500	375	100	100	
355	1	T 532	406	40	40	P 500	375	100	100	
356	1	T 530	405	40	40	P 500	375	100	100	
357	1	T 528	404	40	40	P 500	375	100	100	
358	1	T 526	403	40	40	P 500	375	100	100	
359	1	T 524	402	40	40	P 500	375	100	100	
360	1	T 522	401	40	40	P 500	375	100	100	
361	1	T 520	400	40	40	P 475	400	125	50	
362	1	T 518	399	40	40	P 475	400	125	50	
363	1	T 516	398	40	40	P 475	400	125	50	
364	1	T 514	397	40	40	P 475	400	125	50	
365	1	T 512	396	40	40	P 500	350	50	125	
366	1	T 510	395	40	40	P 500	350	50	125	
367	1	T 508	394	40	40	P 500	350	50	125	
368	1	T 506	393	40	40	P 500	350	50	125	
369	1	T 504	392	40	40	P 500	350	50	125	
370	1	T 502	391	40	40	P 500	350	50	125	
371	1	T 500	390	40	40	P 500	350	50	125	
372	1	T 498	389	40	40	P 500	350	50	125	
373	0	T 496	388	40	40	
374	1	T 494	387	40	40	P 500	375	75	50	
375	1	T 492	386	40	40	P 450	375	125	50	
376	1	T 490	385	40	40	P 450	375	125	50	
377	1	T 488	384	40	40	P 450	375	125	50	
378	1	T 486	383	40	40	P 450	350	100	100	
379	1	T 484	382	40	40	P 450	350	100	100	
380	1	T 482	381	40	40	P 450	350	100	100	
381	1	T 480	380	40	40	P 450	350	100	100	
382	1	T 478	379	40	40	P 450	350	100	100	
383	1	T 476	378	40	40	P 450	350	75	75	
384	1	T 474	377	40	40	P 450	350	100	100	
385	1	T 472	376	40	40	P 450	350	100	100	
386	1	T 470	375	40	40	P 425	375	125	50	
387	1	T 468	374	40	40	P 425	375	125	50	
388	1	T 466	373	40	40	P 425	375	125	50	
389	1	T 464	372	40	40	P 425	375	125	50	
390	1	T 462	371	40	40	P 450	325	50	125	
391	1	T 460	370	40	40	P 450	325	50	125	
392	1	T 458	369	40	40	P 450	325	50	125	
393	1	T 456	368	40	40	P 450	325	50	125	
394	1	T 454	367	40	40	P 450	325	50	125	
395	1	T 452	366	40	40	P 450	325	50	125	
396	1	T 450	365	40	40	P 450	325	50	125	
397	1	T 448	364	40	40	P 450	325	50	125	
398	0	T 446	363	40	40	
399	1	T 444	362	40	40	P 400	350	125	50	
400	1	T 442	361	40	40	P 400	350	125	50	
401	1	T 440	360	40	40	P 400	350	125	50	
402	1	T 438	359	40	40	P 400	350	125	50	
403	1	T 436	358	40	40	P 400	325	100	100	
404	1	T 434	357	40	40	P 400	325	100	100	
405	1	T 432	356	40	40	P 400	325	100	100	
406	1	T 430	355	40	40	P 400	325	100	100	
407	1	T 428	354	40	40	P 400	325	100	100	
408	1	T 426	353	40	40	P 400	325	100	100	
409	1	T 424	352	40	40	P 400	325	100	100	
410	1	T 422	351	40	40	P 400	325	100	100	
411	1	T 420	350	40	40	P 375	350	125	50	
412	1	T 418	349	40	40	P 375	350	125	50	
413	1	T 416	348	40	40	P 375	350	125	50	
414	1	T 414	347	40	40	P 375	350	125	50	
415	1	T 412	346	40	40	P 400	300	50	125	
416	1	T 410	345	40	40	P 400	300	50	125	
417	1	T 408	344	40	40	P 400	300	50	125	
418	1	T 406	343	40	40	P 400	300	50	125	
419	1	T 404	342	40	40	P 400	300	50	125	
420	1	T 402	341	40	40	P 400	300	50	125	
421	1	T 400	340	40	40	P 400	300	50	125	
422	1	T 398	339	40	40	P 400	350	50	75	
423	0	T 396	338	40	40	
424	1	T 394	337	40	40	P 350	325	125	50	
425	1	T 392	336	40	40	P 350	325	125	50	
426	1	T 390	335	40	40	P 350	325	125	50	
427	1	T 388	334	40	40	P 350	325	125	50	
428	1	T 386	333	40	40	P 350	325	100	75	
429	1	T 384	332	40	40	P 350	300	100	100	
430	1	T 382	331	40	40	P 350	300	100	100	
431	1	T 380	330	40	40	P 350	300	100	100	
432	1	T 378	329	40	40	P 350	300	100	100	
433	1	T 376	328	40	40	P 350	300	100	100	
434	1	T 374	327	40	40	P 350	300	100	100	
435	1	T 372	326	40	40	P 350	300	100	75	
436	1	T 370	325	40	40	P 325	325	125	50	
437	1	T 368	324	40	40	P 325	325	125	50	
438	1	T 366	323	40	40	P 325	325	125	50	
439	1	T 364	322	40	40	P 325	325	125	50	
440	1	T 362	321	40	40	P 350	275	50	125	
441	1	T 360	320	40	40	P 350	275	50	125	
442	1	T 358	319	40	40	P 350	275	50	125	
443	1	T 356	318	40	40	P 350	275	50	125	
444	1	T 354	317	40	40	P 350	275	50	125	
445	1	T 352	316	40	40	P 350	275	50	125	
446	1	T 350	315	40	40	P 350	275	50	125	
447	1	T 348	314	40	40	P 350	275	50	125	
448	0	T 346	313	40	40	
449	1	T 344	312	40	40	P 300	300	125	50	
450	1	T 342	311	40	40	P 300	300	125	50	
451	1	T 340	310	40	40	P 300	300	125	50	
452	1	T 338	309	40	40	P 300	300	125	50	
453	1	T 336	308	40	40	P 300	275	100	100	
454	1	T 334	307	40	40	P 300	275	100	100	
455	1	T 332	306	40	40	P 300	275	100	100	
456	1	T 330	305	40	40	P 300	275	100	100	
457	1	T 328	304	40	40	P 300	275	100	100	
458	1	T 326	303	40	40	P 300	275	100	100	
459	1	T 324	302	40	40	P 300	275	100	100	
460	1	T 322	301	40	40	P 300	275	100	100	
461	1	T 320	300	40	40	P 275	300	125	50	
462	1	T 318	299	40	40	P 275	300	125	50	
463	1	T 316	298	40	40	P 275	300	75	50	
464	1	T 314	297	40	40	P 275	300	125	50	
465	1	T 312	296	40	40	P 300	250	50	125	
466	1	T 310	295	40	40	P 300	250	50	125	
467	1	T 308	294	40	40	P 300	250	50	125	
468	1	T 306	293	40	40	P 300	250	50	125	
469	1	T 304	292	40	40	P 300	250	50	75	
470	1	T 302	291	40	40	P 300	250	50	125	
471	1	T 300	290	40	40	P 300	250	50	125	
472	1	T 298	289	40	40	P 300	250	50	125	
473	0	T 296	288	40	40	
474	1	T 294	287	40	40	P 250	275	125	50	
475	1	T 292	286	40	40	P 250	275	125	50	
476	1	T 290	285	40	40	P 250	275	125	50	
477	1	T 288	284	40	40	P 250	275	125	50	
478	1	T 286	283	40	40	P 250	250	100	100	
479	1	T 284	282	40	40	P 250	250	100	100	
480	1	T 282	281	40	40	P 250	250	100	100	
481	1	T 280	280	40	40	P 250	250	100	100	
482	1	T 278	279	40	40	P 250	250	100	100	
483	1	T 276	278	40	40	P 250	250	100	100	
484	1	T 274	277	40	40	P 250	250	100	100	
485	1	T 272	276	40	40	P 250	250	100	75	
486	1	T 270	275	40	40	P 225	275	125	50	
487	1	T 268	274	40	40	P 225	275	125	50	
488	1	T 266	273	40	40	P 225	275	125	50	
489	1	T 264	272	40	40	P 225	275	125	50	
490	1	T 262	271	40	40	P 250	225	50	125	
491	1	T 260	270	40	40	P 250	225	50	125	
492	1	T 258	269	40	40	P 250	225	50	125	
493	1	T 256	268	40	40	P 250	225	50	125	
494	1	T 254	267	40	40	P 250	225	50	125	
495	1	T 252	266	40	40	P 250	225	50	125	
496	1	T 250	265	40	40	P 250	225	50	125	
497	1	T 248	264	40	40	P 250	225	50	125	
498	0	T 246	263	40	40	
499	1	T 244	262	40	40	P 200	250	125	50	
500	1	T 242	261	40	40	P 200	250	125	50	
501	1	T 240	260	40	40	P 200	250	125	50	
502	1	T 238	259	40	40	P 200	250	125	50	
503	1	T 236	258	40	40	P 200	225	100	100	
504	1	T 234	257	40	40	P 200	225	100	100	
505	1	T 232	256	40	40	P 200	225	100	100	
506	1	T 230	255	40	40	P 200	225	100	100	
507	1	T 228	254	40	40	P 200	225	100	100	
508	1	T 226	253	40	40	P 200	225	100	100	
509	1	T 224	252	40	40	P 200	225	100	100	
510	1	T 222	251	40	40	P 200	225	100	100	
511	1	T 220	250	40	40	P 175	250	125	50	
512	1	T 218	249	40	40	P 175	250	125	50	
513	1	T 216	248	40	40	P 175	250	125	50	
514	1	T 214	247	40	40	P 175	250	125	50	
515	1	T 212	246	40	40	P 200	200	50	75	
516	1	T 210	245	40	40	P 200	200	50	125	
517	1	T 208	244	40	40	P 200	200	50	125	
518	1	T 206	243	40	40	P 200	200	50	125	
519	1	T 204	242	40	40	P 200	200	50	125	
520	1	T 202	241	40	40	P 200	200	50	125	
521	1	T 200	240	40	40	P 200	200	50	125	
522	1	T 198	239	40	40	P 200	200	50	125	
523	0	T 196	238	40	40	
524	1	T 194	237	40	40	P 150	225	125	50	
525	1	T 192	236	40	40	P 150	225	125	50	
526	1	T 190	235	40	40	P 150	225	125	50	
527	1	T 188	234	40	40	P 150	225	125	50	
528	1	T 186	233	40	40	P 150	200	100	100	
529	1	T 184	232	40	40	P 150	200	100	100	
530	1	T 182	231	40	40	P 150	200	100	100	
531	1	T 180	230	40	40	P 150	200	100	100	
532	1	T 178	229	40	40	P 150	200	100	100	
533	1	T 176	228	40	40	P 150	200	100	100	
534	1	T 174	227	40	40	P 150	200	100	100	
535	1	T 172	226	40	40	P 150	200	100	100	
536	1	T 170	225	40	40	P 125	225	75	50	
537	1	T 168	224	40	40	P 125	225	125	50	
538	1	T 166	223	40	40	P 125	225	125	50	
539	1	T 164	222	40	40	P 125	225	125	50	
540	1	T 162	221	40	40	P 150	225	50	75	
541	1	T 160	220	40	40	P 150	175	50	125	
542	1	T 158	219	40	40	P 150	175	50	125	
543	1	T 156	218	40	40	P 150	175	50	125	
544	1	T 154	217	40	40	P 150	175	50	125	
545	1	T 152	216	40	40	P 150	175	50	125	
546	1	T 150	215	40	40	P 150	175	50	125	
547	1	T 148	214	40	40	P 150	175	50	125	
548	0	T 146	213	40	40	
549	1	T 144	212	40	40	P 100	200	125	50	
550	1	T 142	211	40	40	P 100	200	125	50	
551	1	T 140	210	40	40	P 100	200	125	50	
552	1	T 138	209	40	40	P 100	200	125	50	
553	1	T 136	208	40	40	P 100	175	100	100	
554	1	T 134	207	40	40	P 100	175	100	100	
555	1	T 132	206	40	40	P 100	175	100	100	
556	1	T 130	205	40	40	P 100	175	100	100	
557	1	T 128	204	40	40	P 100	175	100	100	
558	1	T 126	203	40	40	P 100	175	100	100	
559	1	T 124	202	40	40	P 100	175	100	100	
560	1	T 122	201	40	40	P 100	175	100	100	
561	1	T 120	200	40	40	P 75	200	125	50	
562	1	T 118	199	40	40	P 75	200	125	50	
563	1	T 116	198	40	40	P 75	200	125	50	
564	1	T 114	197	40	40	P 75	200	125	50	
565	1	T 112	196	40	40	P 100	150	50	125	
566	1	T 110	195	40	40	P 100	150	50	125	
567	1	T 108	194	40	40	P 100	150	50	125	
568	1	T 106	193	40	40	P 100	150	50	125	
569	1	T 104	192	40	40	P 100	150	50	125	
570	1	T 102	191	40	40	P 100	150	50	125	
571	1	T 100	190	40	40	P 100	150	50	125	
572	1	T 98	189	40	40	P 100	150	50	125	
573	0	T 96	188	40	40	
574	1	T 94	187	40	40	P 100	175	75	50	
575	1	T 92	186	40	40	P 50	175	125	50	
576	1	T 90	185	40	40	P 50	175	125	50	
577	1	T 88	184	40	40	P 50	175	125	50	
578	1	T 86	183	40	40	P 50	150	100	100	
579	1	T 84	182	40	40	P 50	150	100	100	
580	1	T 82	181	40	40	P 50	150	100	100	
581	1	T 80	180	40	40	P 50	150	100	100	
582	1	T 78	179	40	40	P 50	150	100	100	
583	1	T 76	178	40	40	P 50	150	100	100	
584	1	T 74	177	40	40	P 50	150	100	100	
585	1	T 72	176	40	40	P 50	150	100	75	
586	1	T 70	175	40	40	P 25	175	125	50	
587	1	T 68	174	40	40	P 25	175	125	50	
588	1	T 66	173	40	40	P 25	175	125	50	
589	1	T 64	172	40	40	P 25	175	125	50	
590	1	T 62	171	40	40	P 50	125	50	125	
591	1	T 60	170	40	40	P 50	125	50	125	
592	1	T 58	169	40	40	P 50	125	50	125	
593	1	T 56	168	40	40	P 50	125	50	125	
594	1	T 54	167	40	40	P 50	125	50	125	
595	1	T 52	166	40	40	P 50	125	50	125	
596	1	T 50	165	40	40	P 50	125	50	125	
597	1	T 48	164	40	40	P 50	125	50	125	
598	0	T 46	163	40	40	
599	1	T 44	162	40	40	P 0	150	125	50	
600	1	T 42	161	40	40	P 0	150	125	50	
601	1	T 40	160	40	40	P 0	150	125	50	
602	1	T 38	159	40	40	P 0	150	125	50	
603	1	T 36	158	40	40	P 0	125	100	100	
604	1	T 34	157	40	40	P 0	125	100	100	
605	1	T 32	156	40	40	P 0	125	100	100	
606	1	T 30	155	40	40	P 0	125	100	100	
607	1	T 28	154	40	40	P 0	125	100	100	
608	1	T 26	153	40	40	P 0	125	100	100	
609	1	T 24	152	40	40	P 0	125	100	100	
610	1	T 22	151	40	40	P 0	125	100	100	
611	1	T 20	150	40	40	P 0	150	100	50	
612	1	T 22	149	40	40	P 0	125	100	100	
613	1	T 24	148	40	40	P 0	125	100	100	
614	1	T 26	147	40	40	P 25	125	75	100	
615	1	T 28	146	40	40	P 25	100	50	125	
616	1	T 30	145	40	40	P 25	100	50	125	
617	1	T 32	144	40	40	P 25	100	50	125	
618	1	T 34	143	40	40	P 25	100	50	125	
619	1	T 36	142	40	40	P 25	100	50	125	
620	0	T 38	141	40	40	
621	0	T 40	140	40	40	
622	0	T 42	139	40	40	
623	0	T 44	138	40	40	
624	1	T 46	137	40	40	P 0	125	125	50	
625	1	T 48	136	40	40	P 25	100	100	100	
626	1	T 50	135	40	40	P 25	100	100	100	
627	1	T 52	134	40	40	P 25	100	100	100	
628	1	T 54	133	40	40	P 25	100	75	75	
629	1	T 56	132	40	40	P 25	100	100	100	
630	1	T 58	131	40	40	P 25	100	100	100	
631	1	T 60	130	40	40	P 25	100	100	100	
632	1	T 62	129	40	40	P 25	100	100	100	
633	1	T 64	128	40	40	P 25	125	125	50	
634	1	T 66	127	40	40	P 25	125	125	50	
635	1	T 68	126	40	40	P 25	125	125	50	
636	1	T 70	125	40	40	P 25	125	125	50	
637	1	T 72	124	40	40	P 75	100	75	75	
638	1	T 74	123	40	40	P 50	100	100	100	
639	1	T 76	122	40	40	P 50	100	100	100	
640	1	T 78	121	40	40	P 75	75	50	125	
641	1	T 80	120	40	40	P 75	75	50	125	
642	1	T 82	119	40	40	P 75	75	50	75	
643	1	T 84	118	40	40	P 75	75	50	125	
644	1	T 86	117	40	40	P 75	75	50	125	
645	0	T 88	116	40	40	
646	0	T 90	115	40	40	
647	0	T 92	114	40	40	
648	0	T 94	113	40	40	
649	1	T 96	112	40	40	P 50	100	125	50	
650	1	T 98	111	40	40	P 75	75	100	100	
651	1	T 100	110	40	40	P 75	75	100	100	
652	1	T 102	109	40	40	P 75	75	100	100	
653	1	T 104	108	40	40	P 75	75	100	100	
654	1	T 106	107	40	40	P 75	75	100	100	
655	1	T 108	106	40	40	P 75	75	100	100	
656	1	T 110	105	40	40	P 75	75	100	100	
657	1	T 112	104	40	40	P 75	75	100	100	
658	1	T 114	103	40	40	P 75	100	125	50	
659	1	T 116	102	40	40	P 75	100	125	50	
660	1	T 118	101	40	40	P 75	100	125	50	
661	1	T 120	100	40	40	P 75	100	125	50	
662	1	T 122	99	40	40	P 100	75	100	100	
663	1	T 124	98	40	40	P 100	75	100	100	
664	1	T 126	97	40	40	P 100	75	100	100	
665	1	T 128	96	40	40	P 125	50	50	125	
666	1	T 130	95	40	40	P 125	50	50	125	
667	1	T 132	94	40	40	P 125	50	50	125	
668	1	T 134	93	40	40	P 125	50	50	125	
669	1	T 136	92	40	40	P 125	50	50	125	
670	0	T 138	91	40	40	
671	0	T 140	90	40	40	
672	0	T 142	89	40	40	
673	0	T 144	88	40	40	
674	1	T 146	87	40	40	P 100	75	125	50	
675	1	T 148	86	40	40	P 125	50	100	100	
676	1	T 150	85	40	40	P 125	50	100	100	
677	1	T 152	84	40	40	P 125	50	100	100	
678	1	T 154	83	40	40	P 125	50	100	100	
679	1	T 156	82	40	40	P 125	50	100	100	
680	1	T 158	81	40	40	P 125	50	100	100	
681	1	T 160	80	40	40	P 125	50	100	100	
682	1	T 162	79	40	40	P 125	50	100	100	
683	1	T 164	78	40	40	P 125	75	125	50	
684	1	T 166	77	40	40	P 125	75	125	50	
685	1	T 168	76	40	40	P 125	75	125	50	
686	1	T 170	75	40	40	P 125	75	125	50	
687	1	T 172	74	40	40	P 150	50	100	100	
688	1	T 174	73	40	40	P 150	50	100	100	
689	1	T 176	72	40	40	P 150	50	100	100	
690	1	T 178	71	40	40	P 175	25	50	125	
691	1	T 180	70	40	40	P 175	25	50	125	
692	1	T 182	69	40	40	P 175	25	50	125	
693	1	T 184	68	40	40	P 175	25	50	125	
694	1	T 186	67	40	40	P 175	25	50	125	
695	0	T 188	66	40	40	
696	0	T 190	65	40	40	
697	0	T 192	64	40	40	
698	0	T 194	63	40	40	
699	1	T 196	62	40	40	P 150	50	125	50	
700	1	T 198	61	40	40	P 200	25	75	75	
701	1	T 200	60	40	40	P 175	25	100	100	
702	1	T 202	59	40	40	P 175	25	100	100	
703	1	T 204	58	40	40	P 175	25	100	100	
704	1	T 206	57	40	40	P 175	25	100	100	
705	1	T 208	56	40	40	P 175	25	100	100	
706	1	T 210	55	40	40	P 175	25	100	100	
707	1	T 212	54	40	40	P 175	25	100	100	
708	1	T 214	53	40	40	P 175	50	125	50	
709	1	T 216	52	40	40	P 175	50	125	50	
710	1	T 218	51	40	40	P 175	50	125	50	
711	1	T 220	50	40	40	P 175	50	125	50	
712	1	T 222	49	40	40	P 200	25	100	100	
713	1	T 224	48	40	40	P 200	25	100	100	
714	1	T 226	47	40	40	P 200	25	100	100	
715	1	T 228	46	40	40	P 225	0	50	125	
716	1	T 230	45	40	40	P 225	0	50	125	
717	1	T 232	44	40	40	P 225	0	50	125	
718	1	T 234	43	40	40	P 225	0	50	125	
719	1	T 236	42	40	40	P 225	0	50	125	
720	0	T 238	41	40	40	
721	0	T 240	40	40	40	
722	0	T 242	39	40	40	
723	0	T 244	38	40	40	
724	1	T 246	37	40	40	P 200	25	125	50	
725	1	T 248	36	40	40	P 225	0	100	100	
726	1	T 250	35	40	40	P 225	0	100	100	
727	1	T 252	34	40	40	P 225	0	100	100	
728	1	T 254	33	40	40	P 225	0	100	100	
729	1	T 256	32	40	40	P 225	0	100	100	
730	1	T 258	31	40	40	P 225	0	100	100	
731	1	T 260	30	40	40	P 225	0	100	100	
732	1	T 262	29	40	40	P 225	0	100	100	
733	1	T 264	28	40	40	P 225	25	125	50	
734	1	T 266	27	40	40	P 225	25	125	50	
735	1	T 268	26	40	40	P 225	25	125	50	
736	1	T 270	25	40	40	P 225	25	125	50	
737	1	T 272	24	40	40	P 250	0	100	100	
738	1	T 274	23	40	40	P 250	0	100	100	
739	1	T 276	22	40	40	P 250	0	100	100	
740	1	T 278	21	40	40	P 275	0	50	100	
741	1	T 280	20	40	40	P 275	0	50	100	
742	1	T 282	21	40	40	P 275	0	50	100	
743	1	T 284	22	40	40	P 250	0	100	100	
744	1	T 286	23	40	40	P 250	0	100	100	
745	1	T 288	24	40	40	P 250	25	125	50	
746	1	T 290	25	40	40	P 250	25	125	50	
747	1	T 292	26	40	40	P 250	25	125	50	
748	1	T 294	27	40	40	P 250	25	125	50	
749	1	T 296	28	40	40	P 250	25	125	50	
750	1	T 298	29	40	40	P 275	0	100	100	
751	1	T 300	30	40	40	P 275	0	100	100	
752	1	T 302	31	40	40	P 275	0	100	100	
753	1	T 304	32	40	40	P 275	0	100	100	
754	1	T 306	33	40	40	P 275	0	100	100	
755	1	T 308	34	40	40	P 275	0	100	100	
756	1	T 310	35	40	40	P 275	0	100	100	
757	1	T 312	36	40	40	P 275	0	100	100	
758	1	T 314	37	40	40	P 275	25	125	50	
759	0	T 316	38	40	40	
760	0	T 318	39	40	40	
761	0	T 320	40	40	40	
762	1	T 322	41	40	40	P 325	0	50	125	
763	1	T 324	42	40	40	P 325	0	50	125	
764	1	T 326	43	40	40	P 325	0	50	125	
765	1	T 328	44	40	40	P 325	0	50	125	
766	1	T 330	45	40	40	P 325	0	50	125	
767	1	T 332	46	40	40	P 325	0	50	125	
768	1	T 334	47	40	40	P 300	25	100	100	
769	1	T 336	48	40	40	P 300	25	100	100	
770	1	T 338	49	40	40	P 300	50	125	50	
771	1	T 340	50	40	40	P 300	50	125	50	
772	1	T 342	51	40	40	P 300	50	125	50	
773	1	T 344	52	40	40	P 300	50	125	50	
774	1	T 346	53	40	40	P 300	50	125	50	
775	1	T 348	54	40	40	P 325	25	100	100	
776	1	T 350	55	40	40	P 325	25	100	100	
777	1	T 352	56	40	40	P 325	25	100	100	
778	1	T 354	57	40	40	P 325	25	100	100	
779	1	T 356	58	40	40	P 325	25	100	100	
780	1	T 358	59	40	40	P 325	25	100	100	
781	1	T 360	60	40	40	P 325	25	100	100	
782	1	T 362	61	40	40	P 325	25	100	100	
783	1	T 364	62	40	40	P 325	50	125	50	
784	0	T 366	63	40	40	
785	0	T 368	64	40	40	
786	0	T 370	65	40	40	
787	1	T 372	66	40	40	P 375	25	50	125	
788	1	T 374	67	40	40	P 375	25	50	125	
789	1	T 376	68	40	40	P 375	25	50	125	
790	1	T 378	69	40	40	P 375	25	50	125	
791	1	T 380	70	40	40	P 375	25	50	125	
792	1	T 382	71	40	40	P 375	25	50	125	
793	1	T 384	72	40	40	P 350	50	100	100	
794	1	T 386	73	40	40	P 350	50	100	100	
795	1	T 388	74	40	40	P 350	75	125	50	
796	1	T 390	75	40	40	P 350	75	125	50	
797	1	T 392	76	40	40	P 350	75	125	50	
798	1	T 394	77	40	40	P 350	75	125	50	
799	1	T 396	78	40	40	P 350	75	125	50	
800	1	T 398	79	40	40	P 375	50	100	100	
801	1	T 400	80	40	40	P 375	50	100	100	
802	1	T 402	81	40	40	P 375	50	100	100	
803	1	T 404	82	40	40	P 375	50	100	100	
804	1	T 406	83	40	40	P 375	50	100	100	
805	1	T 408	84	40	40	P 375	50	100	100	
806	1	T 410	85	40	40	P 375	50	100	100	
807	1	T 412	86	40	40	P 375	50	100	100	
808	1	T 414	87	40	40	P 375	75	125	50	
809	0	T 416	88	40	40	
810	0	T 418	89	40	40	
811	0	T 420	90	40	40	
812	1	T 422	91	40	40	P 425	50	50	125	
813	1	T 424	92	40	40	P 425	50	50	125	
814	1	T 426	93	40	40	P 425	50	50	125	
815	1	T 428	94	40	40	P 425	50	50	125	
816	1	T 430	95	40	40	P 425	50	50	125	
817	1	T 432	96	40	40	P 425	50	50	125	
818	1	T 434	97	40	40	P 400	75	100	100	
819	1	T 436	98	40	40	P 400	75	100	100	
820	1	T 438	99	40	40	P 400	100	125	50	
821	1	T 440	100	40	40	P 400	100	125	50	
822	1	T 442	101	40	40	P 400	100	125	50	
823	1	T 444	102	40	40	P 400	100	125	50	
824	1	T 446	103	40	40	P 400	100	125	50	
825	1	T 448	104	40	40	P 425	75	100	100	
826	1	T 450	105	40	40	P 425	75	100	100	
827	1	T 452	106	40	40	P 425	75	100	100	
828	1	T 454	107	40	40	P 425	75	100	100	
829	1	T 456	108	40	40	P 425	75	100	100	
830	1	T 458	109	40	40	P 425	75	100	100	
831	1	T 460	110	40	40	P 425	75	100	100	
832	1	T 462	111	40	40	P 425	75	100	100	
833	1	T 464	112	40	40	P 425	100	125	50	
834	0	T 466	113	40	40	
835	0	T 468	114	40	40	
836	0	T 470	115	40	40	
837	1	T 472	116	40	40	P 475	75	50	125	
838	1	T 474	117	40	40	P 475	75	50	125	
839	1	T 476	118	40	40	P 475	75	50	125	
840	1	T 478	119	40	40	P 475	75	50	125	
841	1	T 480	120	40	40	P 475	75	50	125	
842	1	T 482	121	40	40	P 475	75	50	125	
843	1	T 484	122	40	40	P 450	100	100	100	
844	1	T 486	123	40	40	P 450	100	100	100	
845	1	T 488	124	40	40	P 450	125	125	50	
846	1	T 490	125	40	40	P 450	125	125	50	
847	1	T 492	126	40	40	P 450	125	125	50	
848	1	T 494	127	40	40	P 450	125	125	50	
849	1	T 496	128	40	40	P 450	125	125	50	
850	1	T 498	129	40	40	P 475	100	100	100	
851	1	T 500	130	40	40	P 475	100	100	100	
852	1	T 502	131	40	40	P 475	100	100	100	
853	1	T 504	132	40	40	P 475	100	100	100	
854	1	T 506	133	40	40	P 475	100	100	100	
855	1	T 508	134	40	40	P 475	100	100	100	
856	1	T 510	135	40	40	P 475	100	100	100	
857	1	T 512	136	40	40	P 475	100	100	100	
858	1	T 514	137	40	40	P 525	125	75	50	
859	0	T 516	138	40	40	
860	0	T 518	139	40	40	
861	0	T 520	140	40	40	
862	1	T 522	141	40	40	P 525	100	50	125	
863	1	T 524	142	40	40	P 525	100	50	125	
864	1	T 526	143	40	40	P 525	100	50	125	
865	1	T 528	144	40	40	P 525	100	50	125	
866	1	T 530	145	40	40	P 525	100	50	125	
867	1	T 532	146	40	40	P 525	100	50	125	
868	1	T 534	147	40	40	P 500	125	100	100	
869	1	T 536	148	40	40	P 500	125	100	100	
870	1	T 538	149	40	40	P 500	150	125	50	
871	1	T 540	150	40	40	P 500	150	125	50	
872	1	T 542	151	40	40	P 500	150	125	50	
873	1	T 544	152	40	40	P 500	150	125	50	
874	1	T 546	153	40	40	P 500	150	125	50	
875	1	T 548	154	40	40	P 525	125	100	100	
876	1	T 550	155	40	40	P 525	125	100	100	
877	1	T 552	156	40	40	P 525	150	75	75	
878	1	T 554	157	40	40	P 525	125	100	100	
879	1	T 556	158	40	40	P 525	125	100	100	
880	1	T 558	159	40	40	P 525	125	100	100	
881	1	T 560	160	40	40	P 525	125	100	100	
882	1	T 562	161	40	40	P 525	125	100	100	
883	1	T 564	162	40	40	P 525	150	125	50	
884	0	T 566	163	40	40	
885	0	T 568	164	40	40	
886	0	T 570	165	40	40	
887	1	T 572	166	40	40	P 575	125	50	125	
888	1	T 574	167	40	40	P 575	125	50	125	
889	1	T 576	168	40	40	P 575	125	50	125	
890	1	T 578	169	40	40	P 575	125	50	125	
891	1	T 580	170	40	40	P 575	125	50	125	
892	1	T 582	171	40	40	P 575	125	50	125	
893	1	T 584	172	40	40	P 550	150	100	100	
894	1	T 586	173	40	40	P 550	150	100	100	
895	1	T 588	174	40	40	P 550	175	125	50	
896	1	T 590	175	40	40	P 550	175	125	50	
897	1	T 592	176	40	40	P 550	175	125	50	
898	1	T 594	177	40	40	P 550	175	125	50	
899	1	T 596	178	40	40	P 550	175	125	50	
900	1	T 598	179	40	40	P 575	150	100	100	
901	1	T 600	180	40	40	P 575	150	100	100	
902	1	T 602	181	40	40	P 575	150	100	100	
903	1	T 604	182	40	40	P 575	150	100	100	
904	1	T 606	183	40	40	P 575	150	100	100	
905	1	T 608	184	40	40	P 575	150	100	100	
906	1	T 610	185	40	40	P 600	150	75	75	
907	1	T 612	186	40	40	P 575	150	100	75	
908	1	T 614	187	40	40	P 575	175	125	50	
909	0	T 616	188	40	40	
910	0	T 618	189	40	40	
911	0	T 620	190	40	40	
912	1	T 622	191	40	40	P 625	150	50	125	
913	1	T 624	192	40	40	P 625	150	50	125	
914	1	T 626	193	40	40	P 625	150	50	125	
915	1	T 628	194	40	40	P 625	150	50	125	
916	1	T 630	195	40	40	P 625	150	50	125	
917	1	T 632	196	40	40	P 625	150	50	125	
918	1	T 634	197	40	40	P 600	175	100	100	
919	1	T 636	198	40	40	P 600	175	100	100	
920	1	T 638	199	40	40	P 600	200	100	50	
921	1	T 640	200	40	40	P 600	200	100	50	
922	1	T 642	201	40	40	P 600	200	100	50	
923	1	T 644	202	40	40	P 600	200	100	50	
924	1	T 646	203	40	40	P 600	200	100	50	
925	1	T 648	204	40	40	P 625	175	75	100	
926	1	T 650	205	40	40	P 625	175	75	100	
927	1	T 652	206	40	40	P 625	175	75	100	
928	1	T 654	207	40	40	P 625	175	75	100	
929	1	T 656	208	40	40	P 625	175	75	100	
930	1	T 658	209	40	40	P 625	175	75	100	
931	1	T 660	210	40	40	P 625	175	75	100	
932	1	T 658	211	40	40	P 625	175	75	100	
933	1	T 656	212	40	40	P 625	175	75	100	
934	1	T 654	213	40	40	P 650	175	50	125	
935	1	T 652	214	40	40	P 650	175	50	125	
936	1	T 650	215	40	40	P 650	175	50	125	
937	1	T 648	216	40	40	P 650	175	50	125	
938	0	T 646	217	40	40	
939	0	T 644	218	40	40	
940	0	T 642	219	40	40	
941	0	T 640	220	40	40	
942	0	T 638	221	40	40	
943	1	T 636	222	40	40	P 600	200	100	100	
944	1	T 634	223	40	40	P 600	200	100	100	
945	1	T 632	224	40	40	P 600	200	100	100	
946	1	T 630	225	40	40	P 600	200	100	100	
947	1	T 628	226	40	40	P 600	200	100	100	
948	1	T 626	227	40	40	P 600	200	100	100	
949	1	T 624	228	40	40	P 600	200	100	100	
950	1	T 622	229	40	40	P 600	200	100	100	
951	1	T 620	230	40	40	P 575	225	125	50	
952	1	T 618	231	40	40	P 575	225	125	50	
953	1	T 616	232	40	40	P 575	225	125	50	
954	1	T 614	233	40	40	P 575	225	125	50	
955	1	T 612	234	40	40	P 575	200	100	100	
956	1	T 610	235	40	40	P 575	200	100	100	
957	1	T 608	236	40	40	P 575	200	100	100	
958	1	T 606	237	40	40	P 575	200	100	100	
959	1	T 604	238	40	40	P 600	200	50	125	
960	1	T 602	239	40	40	P 600	200	50	125	
961	1	T 600	240	40	40	P 600	200	50	125	
962	1	T 598	241	40	40	P 600	200	50	125	
963	0	T 596	242	40	40	
964	0	T 594	243	40	40	
965	0	T 592	244	40	40	
966	0	T 590	245	40	40	
967	0	T 588	246	40	40	
968	1	T 586	247	40	40	P 550	225	100	100	
969	1	T 584	248	40	40	P 550	225	100	100	
970	1	T 582	249	40	40	P 550	225	100	100	
971	1	T 580	250	40	40	P 550	225	100	100	
972	1	T 578	251	40	40	P 550	225	100	100	
973	1	T 576	252	40	40	P 550	225	100	100	
974	1	T 574	253	40	40	P 550	225	100	100	
975	1	T 572	254	40	40	P 550	225	100	100	
976	1	T 570	255	40	40	P 525	250	125	50	
977	1	T 568	256	40	40	P 525	250	125	50	
978	1	T 566	257	40	40	P 525	250	125	50	
979	1	T 564	258	40	40	P 525	250	125	50	
980	1	T 562	259	40	40	P 525	225	100	100	
981	1	T 560	260	40	40	P 525	225	100	100	
982	1	T 558	261	40	40	P 525	225	100	100	
983	1	T 556	262	40	40	P 525	225	100	100	
984	1	T 554	263	40	40	P 550	225	50	125	
985	1	T 552	264	40	40	P 550	225	50	125	
986	1	T 550	265	40	40	P 550	225	50	125	
987	1	T 548	266	40	40	P 550	225	50	125	
988	0	T 546	267	40	40	
989	0	T 544	268	40	40	
990	0	T 542	269	40	40	
991	0	T 540	270	40	40	
992	0	T 538	271	40	40	
993	1	T 536	272	40	40	P 500	250	100	100	
994	1	T 534	273	40	40	P 500	250	100	100	
995	1	T 532	274	40	40	P 500	250	100	100	
996	1	T 530	275	40	40	P 500	250	100	100	
997	1	T 528	276	40	40	P 500	250	100	100	
998	1	T 526	277	40	40	P 500	250	100	100	
999	1	T 524	278	40	40	P 500	250	100	100	
1000	1	T 522	279	40	40	P 500	250	100	75	
1001	1	T 520	280	40	40	P 475	275	125	50	
1002	1	T 518	281	40	40	P 475	275	125	50	
1003	1	T 516	282	40	40	P 475	275	125	50	
1004	1	T 514	283	40	40	P 475	275	125	50	
1005	1	T 512	284	40	40	P 475	250	100	100	
1006	1	T 510	285	40	40	P 475	250	100	100	
1007	1	T 508	286	40	40	P 475	250	100	100	
1008	1	T 506	287	40	40	P 475	250	100	100	
1009	1	T 504	288	40	40	P 500	250	50	125	
1010	1	T 502	289	40	40	P 500	250	50	125	
1011	1	T 500	290	40	40	P 500	250	50	125	
1012	1	T 498	291	40	40	P 500	250	50	125	
1013	0	T 496	292	40	40	
1014	0	T 494	293	40	40	
1015	0	T 492	294	40	40	
1016	0	T 490	295	40	40	
1017	0	T 488	296	40	40	
1018	1	T 486	297	40	40	P 450	275	100	100	
1019	1	T 484	298	40	40	P 450	275	100	100	
1020	1	T 482	299	40	40	P 450	275	100	100	
1021	1	T 480	300	40	40	P 450	275	100	100	
1022	1	T 478	301	40	40	P 450	275	100	100	
1023	1	T 476	302	40	40	P 450	275	100	100	
1024	1	T 474	303	40	40	P 450	275	100	100	
1025	1	T 472	304	40	40	P 450	275	100	100	
1026	1	T 470	305	40	40	P 425	300	125	50	
1027	1	T 468	306	40	40	P 425	300	125	50	
1028	1	T 466	307	40	40	P 425	300	125	50	
1029	1	T 464	308	40	40	P 425	300	125	50	
1030	1	T 462	309	40	40	P 425	275	100	100	
1031	1	T 460	310	40	40	P 425	275	100	100	
1032	1	T 458	311	40	40	P 425	275	100	100	
1033	1	T 456	312	40	40	P 425	275	100	100	
1034	1	T 454	313	40	40	P 450	275	50	125	
1035	1	T 452	314	40	40	P 450	275	50	125	
1036	1	T 450	315	40	40	P 450	275	50	125	
1037	1	T 448	316	40	40	P 450	275	50	125	
1038	0	T 446	317	40	40	
1039	0	T 444	318	40	40	
1040	0	T 442	319	40	40	
1041	0	T 440	320	40	40	
1042	0	T 438	321	40	40	
1043	1	T 436	322	40	40	P 400	300	100	100	
1044	1	T 434	323	40	40	P 400	300	100	100	
1045	1	T 432	324	40	40	P 400	300	100	100	
1046	1	T 430	325	40	40	P 400	300	100	100	
1047	1	T 428	326	40	40	P 400	300	100	100	
1048	1	T 426	327	40	40	P 400	300	100	100	
1049	1	T 424	328	40	40	P 400	300	100	100	
1050	1	T 422	329	40	40	P 400	300	100	100	
1051	1	T 420	330	40	40	P 375	325	125	50	
1052	1	T 418	331	40	40	P 375	325	125	50	
1053	1	T 416	332	40	40	P 375	325	125	50	
1054	1	T 414	333	40	40	P 375	325	125	50	
1055	1	T 412	334	40	40	P 375	300	100	100	
1056	1	T 410	335	40	40	P 375	300	100	100	
1057	1	T 408	336	40	40	P 375	300	100	100	
1058	1	T 406	337	40	40	P 375	300	100	100	
1059	1	T 404	338	40	40	P 400	300	50	125	
1060	1	T 402	339	40	40	P 400	300	50	125	
1061	1	T 400	340	40	40	P 400	300	50	125	
1062	1	T 398	341	40	40	P 400	300	50	125	
1063	0	T 396	342	40	40	
1064	0	T 394	343	40	40	
1065	0	T 392	344	40	40	
1066	0	T 390	345	40	40	
1067	0	T 388	346	40	40	
1068	1	T 386	347	40	40	P 375	325	75	100	
1069	1	T 384	348	40	40	P 350	325	100	100	
1070	1	T 382	349	40	40	P 350	325	100	100	
1071	1	T 380	350	40	40	P 350	325	100	100	
1072	1	T 378	351	40	40	P 350	325	100	100	
1073	1	T 376	352	40	40	P 350	325	100	100	
1074	1	T 374	353	40	40	P 350	325	100	100	
1075	1	T 372	354	40	40	P 350	325	100	100	
1076	1	T 370	355	40	40	P 325	350	125	50	
1077	1	T 368	356	40	40	P 325	350	125	50	
1078	1	T 366	357	40	40	P 325	350	125	50	
1079	1	T 364	358	40	40	P 325	350	125	50	
1080	1	T 362	359	40	40	P 325	325	100	100	
1081	1	T 360	360	40	40	P 325	325	100	100	
1082	1	T 358	361	40	40	P 325	325	100	100	
1083	1	T 356	362	40	40	P 325	325	100	100	
1084	1	T 354	363	40	40	P 350	325	50	125	
1085	1	T 352	364	40	40	P 350	325	50	125	
1086	1	T 350	365	40	40	P 350	325	50	125	
1087	1	T 348	366	40	40	P 350	325	50	125	
1088	0	T 346	367	40	40	
1089	0	T 344	368	40	40	
1090	0	T 342	369	40	40	
1091	0	T 340	370	40	40	
1092	0	T 338	371	40	40	
1093	1	T 336	372	40	40	P 300	350	100	100	
1094	1	T 334	373	40	40	P 300	350	100	100	
1095	1	T 332	374	40	40	P 300	350	100	100	
1096	1	T 330	375	40	40	P 300	350	100	100	
1097	1	T 328	376	40	40	P 300	350	100	100	
1098	1	T 326	377	40	40	P 300	350	100	100	
1099	1	T 324	378	40	40	P 300	350	100	100	
1100	1	T 322	379	40	40	P 300	350	100	100	
1101	1	T 320	380	40	40	P 275	375	125	50	
1102	1	T 318	381	40	40	P 275	375	125	50	
1103	1	T 316	382	40	40	P 275	375	125	50	
1104	1	T 314	383	40	40	P 275	375	125	50	
1105	1	T 312	384	40	40	P 275	350	100	100	
1106	1	T 310	385	40	40	P 275	350	100	100	
1107	1	T 308	386	40	40	P 275	350	100	100	
1108	1	T 306	387	40	40	P 275	350	100	100	
1109	1	T 304	388	40	40	P 300	350	50	125	
1110	1	T 302	389	40	40	P 300	350	50	125	
1111	1	T 300	390	40	40	P 300	350	50	125	
1112	1	T 298	391	40	40	P 300	350	50	125	
1113	0	T 296	392	40	40	
1114	0	T 294	393	40	40	
1115	0	T 292	394	40	40	
1116	0	T 290	395	40	40	
1117	0	T 288	396	40	40	
1118	1	T 286	397	40	40	P 250	375	100	100	
1119	1	T 284	398	40	40	P 250	375	100	100	
1120	1	T 282	399	40	40	P 250	375	100	100	
1121	1	T 280	400	40	40	P 250	375	100	100	
1122	1	T 278	401	40	40	P 250	375	100	100	
1123	1	T 276	402	40	40	P 250	375	100	100	
1124	1	T 274	403	40	40	P 250	375	100	100	
1125	1	T 272	404	40	40	P 250	375	100	100	
1126	1	T 270	405	40	40	P 225	400	125	50	
1127	1	T 268	406	40	40	P 225	400	125	50	
1128	1	T 266	407	40	40	P 225	400	125	50	
1129	1	T 264	408	40	40	P 225	400	125	50	
1130	1	T 262	409	40	40	P 225	375	100	75	
1131	1	T 260	410	40	40	P 225	375	100	100	
1132	1	T 258	411	40	40	P 225	375	100	100	
1133	1	T 256	412	40	40	P 225	375	75	100	
1134	1	T 254	413	40	40	P 250	375	50	100	
1135	1	T 252	414	40	40	P 250	375	50	100	
1136	1	T 250	415	40	40	P 250	375	50	100	
1137	1	T 248	416	40	40	P 250	375	50	100	
1138	0	T 246	417	40	40	
1139	0	T 244	418	40	40	
1140	0	T 242	419	40	40	
1141	0	T 240	420	40	40	
1142	0	T 238	419	40	40	
1143	1	T 236	418	40	40	P 225	375	50	100	
1144	1	T 234	417	40	40	P 225	375	50	100	
1145	1	T 232	416	40	40	P 225	375	50	100	
1146	1	T 230	415	40	40	P 225	375	50	100	
1147	1	T 228	414	40	40	P 225	375	50	100	
1148	1	T 226	413	40	40	P 225	375	50	100	
1149	1	T 224	412	40	40	P 200	375	100	100	
1150	1	T 222	411	40	40	P 200	375	100	100	
1151	1	T 220	410	40	40	P 175	400	125	50	
1152	1	T 218	409	40	40	P 175	400	125	50	
1153	1	T 216	408	40	40	P 175	400	125	50	
1154	1	T 214	407	40	40	P 175	400	125	50	
1155	1	T 212	406	40	40	P 175	375	100	100	
1156	1	T 210	405	40	40	P 175	375	100	100	
1157	1	T 208	404	40	40	P 175	375	100	100	
1158	1	T 206	403	40	40	P 175	375	100	100	
1159	1	T 204	402	40	40	P 175	375	100	100	
1160	1	T 202	401	40	40	P 175	375	100	100	
1161	1	T 200	400	40	40	P 175	375	100	100	
1162	1	T 198	399	40	40	P 175	375	100	100	
1163	1	T 196	398	40	40	P 200	400	75	50	
1164	1	T 194	397	40	40	P 150	400	125	50	
1165	0	T 192	396	40	40	
1166	0	T 190	395	40	40	
1167	0	T 188	394	40	40	
1168	1	T 186	393	40	40	P 175	350	50	125	
1169	1	T 184	392	40	40	P 175	350	50	125	
1170	1	T 182	391	40	40	P 175	350	50	125	
1171	1	T 180	390	40	40	P 175	350	50	125	
1172	1	T 178	389	40	40	P 175	350	50	125	
1173	1	T 176	388	40	40	P 175	350	50	125	
1174	1	T 174	387	40	40	P 150	350	75	100	
1175	1	T 172	386	40	40	P 150	350	100	100	
1176	1	T 170	385	40	40	P 125	375	125	50	
1177	1	T 168	384	40	40	P 125	375	125	50	
1178	1	T 166	383	40	40	P 125	375	125	50	
1179	1	T 164	382	40	40	P 125	375	125	50	
1180	1	T 162	381	40	40	P 125	350	100	100	
1181	1	T 160	380	40	40	P 125	350	100	100	
1182	1	T 158	379	40	40	P 125	350	100	100	
1183	1	T 156	378	40	40	P 125	350	100	100	
1184	1	T 154	377	40	40	P 125	350	100	100	
1185	1	T 152	376	40	40	P 125	350	100	100	
1186	1	T 150	375	40	40	P 125	350	100	100	
1187	1	T 148	374	40	40	P 125	350	100	100	
1188	1	T 146	373	40	40	P 100	375	125	50	
1189	1	T 144	372	40	40	P 100	375	125	50	
1190	0	T 142	371	40	40	
1191	0	T 140	370	40	40	
1192	0	T 138	369	40	40	
1193	1	T 136	368	40	40	P 125	325	50	125	
1194	1	T 134	367	40	40	P 125	325	50	125	
1195	1	T 132	366	40	40	P 125	325	50	125	
1196	1	T 130	365	40	40	P 125	325	50	75	
1197	1	T 128	364	40	40	P 125	325	50	125	
1198	1	T 126	363	40	40	P 125	325	50	125	
1199	1	T 124	362	40	40	P 100	325	100	100	
1200	1	T 122	361	40	40	P 100	325	100	100	
1201	1	T 120	360	40	40	P 75	350	125	50	
1202	1	T 118	359	40	40	P 75	350	125	50	
1203	1	T 116	358	40	40	P 75	350	125	50	
1204	1	T 114	357	40	40	P 75	350	125	50	
1205	1	T 112	356	40	40	P 75	350	100	75	
1206	1	T 110	355	40	40	P 75	325	100	100	
1207	1	T 108	354	40	40	P 75	325	100	100	
1208	1	T 106	353	40	40	P 75	325	100	100	
1209	1	T 104	352	40	40	P 75	325	100	100	
1210	1	T 102	351	40	40	P 75	325	100	100	
1211	1	T 100	350	40	40	P 75	325	100	100	
1212	1	T 98	349	40	40	P 75	325	100	100	
1213	1	T 96	348	40	40	P 50	350	125	50	
1214	1	T 94	347	40	40	P 50	350	125	50	
1215	0	T 92	346	40	40	
1216	0	T 90	345	40	40	
1217	0	T 88	344	40	40	
1218	1	T 86	343	40	40	P 75	300	50	125	
1219	1	T 84	342	40	40	P 75	300	50	125	
1220	1	T 82	341	40	40	P 75	300	50	125	
1221	1	T 80	340	40	40	P 75	300	50	125	
1222	1	T 78	339	40	40	P 75	300	50	125	
1223	1	T 76	338	40	40	P 75	300	50	125	
1224	1	T 74	337	40	40	P 50	300	100	100	
1225	1	T 72	336	40	40	P 50	300	100	100	
1226	1	T 70	335	40	40	P 25	325	125	50	
1227	1	T 68	334	40	40	P 25	325	125	50	
1228	1	T 66	333	40	40	P 25	325	125	50	
1229	1	T 64	332	40	40	P 25	325	125	50	
1230	1	T 62	331	40	40	P 25	300	100	100	
1231	1	T 60	330	40	40	P 25	300	100	100	
1232	1	T 58	329	40	40	P 25	300	100	100	
1233	1	T 56	328	40	40	P 25	300	100	100	
1234	1	T 54	327	40	40	P 25	300	100	100	
1235	1	T 52	326	40	40	P 25	300	100	100	
1236	1	T 50	325	40	40	P 25	300	100	100	
1237	1	T 48	324	40	40	P 25	300	100	100	
1238	1	T 46	323	40	40	P 0	325	125	50	
1239	1	T 44	322	40	40	P 0	325	125	50	
1240	0	T 42	321	40	40	
1241	0	T 40	320	40	40	
1242	0	T 38	319	40	40	
1243	1	T 36	318	40	40	P 25	275	50	125	
1244	1	T 34	317	40	40	P 25	275	50	125	
1245	1	T 32	316	40	40	P 25	275	50	125	
1246	1	T 30	315	40	40	P 25	275	50	125	
1247	1	T 28	314	40	40	P 25	275	50	125	
1248	1	T 26	313	40	40	P 25	275	50	125	
1249	1	T 24	312	40	40	P 0	275	100	100	
1250	1	T 22	311	40	40	P 0	275	100	100	
1251	1	T 20	310	40	40	P 0	300	100	50	
1252	1	T 22	309	40	40	P 0	275	100	100	
1253	1	T 24	308	40	40	P 0	275	100	100	
1254	1	T 26	307	40	40	P 0	275	100	100	
1255	1	T 28	306	40	40	P 0	275	100	100	
1256	1	T 30	305	40	40	P 0	275	100	100	
1257	1	T 32	304	40	40	P 0	275	100	100	
1258	1	T 34	303	40	40	P 0	275	100	100	
1259	1	T 36	302	40	40	P 0	275	100	100	
1260	1	T 38	301	40	40	P 0	300	125	50	
1261	1	T 40	300	40	40	P 0	300	125	50	
1262	1	T 42	299	40	40	P 0	300	125	50	
1263	1	T 44	298	40	40	P 0	300	125	50	
1264	1	T 46	297	40	40	P 0	300	125	50	
1265	1	T 48	296	40	40	P 50	250	50	125	
1266	1	T 50	295	40	40	P 50	250	50	125	
1267	1	T 52	294	40	40	P 50	250	50	125	
1268	1	T 54	293	40	40	P 50	250	50	125	
1269	1	T 56	292	40	40	P 50	250	50	125	
1270	1	T 58	291	40	40	P 50	250	50	125	
1271	1	T 60	290	40	40	P 50	250	50	125	
1272	1	T 62	289	40	40	P 50	250	50	125	
1273	0	T 64	288	40	40	
1274	1	T 66	287	40	40	P 25	275	125	50	
1275	1	T 68	286	40	40	P 25	275	125	50	
1276	1	T 70	285	40	40	P 25	275	125	50	
1277	1	T 72	284	40	40	P 50	250	100	100	
1278	1	T 74	283	40	40	P 50	250	100	100	
1279	1	T 76	282	40	40	P 50	250	100	100	
1280	1	T 78	281	40	40	P 50	250	100	100	
1281	1	T 80	280	40	40	P 50	250	100	100	
1282	1	T 82	279	40	40	P 50	250	100	100	
1283	1	T 84	278	40	40	P 50	250	100	100	
1284	1	T 86	277	40	40	P 50	250	100	100	
1285	1	T 88	276	40	40	P 50	275	125	50	
1286	1	T 90	275	40	40	P 50	275	125	50	
1287	1	T 92	274	40	40	P 50	275	125	50	
1288	1	T 94	273	40	40	P 50	275	125	50	
1289	1	T 96	272	40	40	P 50	275	125	50	
1290	1	T 98	271	40	40	P 100	225	50	125	
1291	1	T 100	270	40	40	P 100	225	50	125	
1292	1	T 102	269	40	40	P 100	225	50	125	
1293	1	T 104	268	40	40	P 100	225	50	125	
1294	1	T 106	267	40	40	P 100	225	50	125	
1295	1	T 108	266	40	40	P 100	225	50	125	
1296	1	T 110	265	40	40	P 100	225	50	125	
1297	1	T 112	264	40	40	P 100	225	50	125	
1298	0	T 114	263	40	40	
1299	1	T 116	262	40	40	P 125	250	75	50	
1300	1	T 118	261	40	40	P 75	250	125	50	
1301	1	T 120	260	40	40	P 75	250	125	50	
1302	1	T 122	259	40	40	P 100	225	100	100	
1303	1	T 124	258	40	40	P 100	225	100	100	
1304	1	T 126	257	40	40	P 100	225	100	100	
1305	1	T 128	256	40	40	P 100	225	100	100	
1306	1	T 130	255	40	40	P 100	225	100	100	
1307	1	T 132	254	40	40	P 100	225	100	100	
1308	1	T 134	253	40	40	P 100	225	100	100	
1309	1	T 136	252	40	40	P 125	225	75	75	
1310	1	T 138	251	40	40	P 100	250	125	50	
1311	1	T 140	250	40	40	P 100	250	125	50	
1312	1	T 142	249	40	40	P 100	250	125	50	
1313	1	T 144	248	40	40	P 100	250	125	50	
1314	1	T 146	247	40	40	P 100	250	125	50	
1315	1	T 148	246	40	40	P 150	200	50	125	
1316	1	T 150	245	40	40	P 150	200	50	125	
1317	1	T 152	244	40	40	P 150	200	50	125	
1318	1	T 154	243	40	40	P 150	200	50	125	
1319	1	T 156	242	40	40	P 150	200	50	125	
1320	1	T 158	241	40	40	P 150	200	50	125	
1321	1	T 160	240	40	40	P 150	200	50	125	
1322	1	T 162	239	40	40	P 150	200	50	75	
1323	0	T 164	238	40	40	
1324	1	T 166	237	40	40	P 125	225	125	50	
1325	1	T 168	236	40	40	P 125	225	125	50	
1326	1	T 170	235	40	40	P 125	225	125	50	
1327	1	T 172	234	40	40	P 150	200	100	100	
1328	1	T 174	233	40	40	P 150	200	100	100	
1329	1	T 176	232	40	40	P 150	200	100	100	
1330	1	T 178	231	40	40	P 150	200	100	100	
1331	1	T 180	230	40	40	P 150	200	100	100	
1332	1	T 182	229	40	40	P 175	225	75	75	
1333	1	T 184	228	40	40	P 150	200	100	100	
1334	1	T 186	227	40	40	P 150	200	100	100	
1335	1	T 188	226	40	40	P 150	225	125	50	
1336	1	T 190	225	40	40	P 150	225	125	50	
1337	1	T 192	224	40	40	P 150	225	125	50	
1338	1	T 194	223	40	40	P 150	225	125	50	
1339	1	T 196	222	40	40	P 150	225	125	50	
1340	1	T 198	221	40	40	P 200	175	50	125	
1341	1	T 200	220	40	40	P 200	175	50	125	
1342	1	T 202	219	40	40	P 200	175	50	125	
1343	1	T 204	218	40	40	P 200	175	50	125	
1344	1	T 206	217	40	40	P 200	175	50	125	
1345	1	T 208	216	40	40	P 200	175	50	125	
1346	1	T 210	215	40	40	P 200	175	50	125	
1347	1	T 212	214	40	40	P 200	175	50	125	
1348	0	T 214	213	40	40	
1349	1	T 216	212	40	40	P 175	200	125	50	
1350	1	T 218	211	40	40	P 175	200	125	50	
1351	1	T 220	210	40	40	P 175	200	125	50	
1352	1	T 222	209	40	40	P 200	175	100	100	
1353	1	T 224	208	40	40	P 200	175	100	100	
1354	1	T 226	207	40	40	P 200	175	100	100	
1355	1	T 228	206	40	40	P 200	175	100	100	
1356	1	T 230	205	40	40	P 200	175	100	100	
1357	1	T 232	204	40	40	P 200	175	100	100	
1358	1	T 234	203	40	40	P 200	175	100	100	
1359	1	T 236	202	40	40	P 200	175	100	100	
1360	1	T 238	201	40	40	P 200	200	125	50	
1361	1	T 240	200	40	40	P 200	200	125	50	
1362	1	T 242	199	40	40	P 200	200	125	50	
1363	1	T 244	198	40	40	P 200	200	125	50	
1364	1	T 246	197	40	40	P 200	200	125	50	
1365	1	T 248	196	40	40	P 250	150	50	125	
1366	1	T 250	195	40	40	P 250	150	50	125	
1367	1	T 252	194	40	40	P 250	150	50	125	
1368	1	T 254	193	40	40	P 250	150	50	125	
1369	1	T 256	192	40	40	P 250	150	50	125	
1370	1	T 258	191	40	40	P 250	150	50	125	
1371	1	T 260	190	40	40	P 250	150	50	125	
1372	1	T 262	189	40	40	P 250	150	50	125	
1373	0	T 264	188	40	40	
1374	1	T 266	187	40	40	P 275	175	75	50	
1375	1	T 268	186	40	40	P 225	175	125	50	
1376	1	T 270	185	40	40	P 225	175	125	50	
1377	1	T 272	184	40	40	P 250	150	100	75	
1378	1	T 274	183	40	40	P 250	150	100	100	
1379	1	T 276	182	40	40	P 250	150	100	100	
1380	1	T 278	181	40	40	P 250	150	100	100	
1381	1	T 280	180	40	40	P 250	150	100	100	
1382	1	T 282	179	40	40	P 250	150	100	100	
1383	1	T 284	178	40	40	P 250	150	100	100	
1384	1	T 286	177	40	40	P 250	150	100	100	
1385	1	T 288	176	40	40	P 250	175	125	50	
1386	1	T 290	175	40	40	P 250	175	125	50	
1387	1	T 292	174	40	40	P 250	175	125	50	
1388	1	T 294	173	40	40	P 250	175	125	50	
1389	1	T 296	172	40	40	P 250	175	125	50	
1390	1	T 298	171	40	40	P 300	125	50	125	
1391	1	T 300	170	40	40	P 300	125	50	125	
1392	1	T 302	169	40	40	P 300	125	50	125	
1393	1	T 304	168	40	40	P 300	125	50	125	
1394	1	T 306	167	40	40	P 300	125	50	125	
1395	1	T 308	166	40	40	P 300	125	50	125	
1396	1	T 310	165	40	40	P 300	125	50	125	
1397	1	T 312	164	40	40	P 300	125	50	125	
1398	0	T 314	163	40	40	
1399	1	T 316	162	40	40	P 275	150	125	50	
1400	1	T 318	161	40	40	P 275	150	125	50	
1401	1	T 320	160	40	40	P 275	150	125	50	
1402	1	T 322	159	40	40	P 300	125	100	100	
1403	1	T 324	158	40	40	P 300	125	100	100	
1404	1	T 326	157	40	40	P 300	125	100	100	
1405	1	T 328	156	40	40	P 300	125	100	100	
1406	1	T 330	155	40	40	P 300	125	100	100	
1407	1	T 332	154	40	40	P 300	125	100	100	
1408	1	T 334	153	40	40	P 300	125	100	100	
1409	1	T 336	152	40	40	P 300	125	100	100	
1410	1	T 338	151	40	40	P 300	150	125	50	
1411	1	T 340	150	40	40	P 300	150	125	50	
1412	1	T 342	149	40	40	P 300	150	125	50	
1413	1	T 344	148	40	40	P 300	150	125	50	
1414	1	T 346	147	40	40	P 300	150	125	50	
1415	1	T 348	146	40	40	P 350	100	50	125	
1416	1	T 350	145	40	40	P 350	100	50	125	
1417	1	T 352	144	40	40	P 350	100	50	125	
1418	1	T 354	143	40	40	P 350	100	50	125	
1419	1	T 356	142	40	40	P 350	100	50	75	
1420	1	T 358	141	40	40	P 350	100	50	125	
1421	1	T 360	140	40	40	P 350	100	50	125	
1422	1	T 362	139	40	40	P 350	100	50	125	
1423	0	T 364	138	40	40	
1424	1	T 366	137	40	40	P 325	125	125	50	
1425	1	T 368	136	40	40	P 325	125	125	50	
1426	1	T 370	135	40	40	P 325	125	125	50	
1427	1	T 372	134	40	40	P 350	100	100	100	
1428	1	T 374	133	40	40	P 350	100	100	100	
1429	1	T 376	132	40	40	P 350	100	100	100	
1430	1	T 378	131	40	40	P 350	125	75	75	
1431	1	T 380	130	40	40	P 350	100	100	100	
1432	1	T 382	129	40	40	P 350	100	100	100	
1433	1	T 384	128	40	40	P 350	100	100	100	
1434	1	T 386	127	40	40	P 350	100	100	100	
1435	1	T 388	126	40	40	P 350	125	125	50	
1436	1	T 390	125	40	40	P 350	125	125	50	
1437	1	T 392	124	40	40	P 350	125	125	50	
1438	1	T 394	123	40	40	P 350	125	125	50	
1439	1	T 396	122	40	40	P 350	125	125	50	
1440	1	T 398	121	40	40	P 400	75	50	125	
1441	1	T 400	120	40	40	P 400	75	50	125	
1442	1	T 402	119	40	40	P 400	75	50	125	
1443	1	T 404	118	40	40	P 400	75	50	125	
1444	1	T 406	117	40	40	P 400	75	50	125	
1445	1	T 408	116	40	40	P 400	75	50	125	
1446	1	T 410	115	40	40	P 400	75	50	125	
1447	1	T 412	114	40	40	P 400	75	50	125	
1448	0	T 414	113	40	40	
1449	1	T 416	112	40	40	P 375	100	125	50	
1450	1	T 418	111	40	40	P 375	100	125	50	
1451	1	T 420	110	40	40	P 375	100	125	50	
1452	1	T 422	109	40	40	P 400	75	100	100	
1453	1	T 424	108	40	40	P 400	75	100	100	
1454	1	T 426	107	40	40	P 400	75	100	100	
1455	1	T 428	106	40	40	P 400	75	100	100	
1456	1	T 430	105	40	40	P 400	75	100	100	
1457	1	T 432	104	40	40	P 400	75	100	100	
1458	1	T 434	103	40	40	P 400	75	100	100	
1459	1	T 436	102	40	40	P 400	75	100	100	
1460	1	T 438	101	40	40	P 400	100	125	50	
1461	1	T 440	100	40	40	P 400	100	75	50	
1462	1	T 442	99	40	40	P 400	100	125	50	
1463	1	T 444	98	40	40	P 400	100	125	50	
1464	1	T 446	97	40	40	P 400	100	125	50	
1465	1	T 448	96	40	40	P 450	50	50	125	
1466	1	T 450	95	40	40	P 450	50	50	125	
1467	1	T 452	94	40	40	P 450	50	50	125	
1468	1	T 454	93	40	40	P 450	50	50	125	
1469	1	T 456	92	40	40	P 450	50	50	125	
1470	1	T 458	91	40	40	P 450	50	50	125	
1471	1	T 460	90	40	40	P 450	50	50	125	
1472	1	T 462	89	40	40	P 450	50	50	125	
1473	0	T 464	88	40	40	
1474	1	T 466	87	40	40	P 425	75	125	50	
1475	1	T 468	86	40	40	P 425	75	125	50	
1476	1	T 470	85	40	40	P 425	75	125	50	
1477	1	T 472	84	40	40	P 450	50	100	100	
1478	1	T 474	83	40	40	P 450	50	100	100	
1479	1	T 476	82	40	40	P 450	50	100	100	
1480	1	T 478	81	40	40	P 450	50	100	100	
1481	1	T 480	80	40	40	P 450	50	100	100	
1482	1	T 482	79	40	40	P 450	50	100	100	
1483	1	T 484	78	40	40	P 450	50	100	100	
1484	1	T 486	77	40	40	P 450	50	100	100	
1485	1	T 488	76	40	40	P 450	75	125	50	
1486	1	T 490	75	40	40	P 450	75	125	50	
1487	1	T 492	74	40	40	P 450	75	125	50	
1488	1	T 494	73	40	40	P 450	75	125	50	
1489	1	T 496	72	40	40	P 450	75	125	50	
1490	1	T 498	71	40	40	P 500	25	50	125	
1491	1	T 500	70	40	40	P 500	25	50	125	
1492	1	T 502	69	40	40	P 500	25	50	125	
1493	1	T 504	68	40	40	P 500	25	50	125	
1494	1	T 506	67	40	40	P 500	25	50	125	
1495	1	T 508	66	40	40	P 500	25	50	125	
1496	1	T 510	65	40	40	P 500	25	50	125	
1497	1	T 512	64	40	40	P 500	25	50	125	
1498	0	T 514	63	40	40	
1499	1	T 516	62	40	40	P 475	50	75	50	
1500	1	T 518	61	40	40	P 475	50	125	50	
1501	1	T 520	60	40	40	P 475	50	125	50	
1502	1	T 522	59	40	40	P 500	25	100	100	
1503	1	T 524	58	40	40	P 500	25	100	100	
1504	1	T 526	57	40	40	P 500	25	100	100	
1505	1	T 528	56	40	40	P 500	25	100	100	
1506	1	T 530	55	40	40	P 500	25	100	100	
1507	1	T 532	54	40	40	P 500	25	100	100	
1508	1	T 534	53	40	40	P 500	25	100	100	
1509	1	T 536	52	40	40	P 500	25	100	100	
1510	1	T 538	51	40	40	P 500	50	125	50	
1511	1	T 540	50	40	40	P 500	50	125	50	
1512	1	T 542	49	40	40	P 500	50	125	50	
1513	1	T 544	48	40	40	P 500	50	125	50	
1514	1	T 546	47	40	40	P 500	50	125	50	
1515	1	T 548	46	40	40	P 550	0	50	125	
1516	1	T 550	45	40	40	P 550	0	50	125	
1517	1	T 552	44	40	40	P 550	0	50	125	
1518	1	T 554	43	40	40	P 550	0	50	125	
1519	1	T 556	42	40	40	P 550	0	50	125	
1520	1	T 558	41	40	40	P 550	0	50	125	
1521	1	T 560	40	40	40	P 550	0	50	125	
1522	1	T 562	39	40	40	P 550	0	50	125	
1523	0	T 564	38	40	40	
1524	1	T 566	37	40	40	P 575	25	75	50	
1525	1	T 568	36	40	40	P 525	25	125	50	
1526	1	T 570	35	40	40	P 525	25	125	50	
1527	1	T 572	34	40	40	P 550	0	100	100	
1528	1	T 574	33	40	40	P 550	0	100	100	
1529	1	T 576	32	40	40	P 550	0	100	100	
1530	1	T 578	31	40	40	P 550	0	100	100	
1531	1	T 580	30	40	40	P 550	0	100	100	
1532	1	T 582	29	40	40	P 550	0	100	100	
1533	1	T 584	28	40	40	P 550	0	100	100	
1534	1	T 586	27	40	40	P 550	0	100	100	
1535	1	T 588	26	40	40	P 550	25	125	50	
1536	1	T 590	25	40	40	P 550	25	125	50	
1537	1	T 592	24	40	40	P 550	25	125	50	
1538	1	T 594	23	40	40	P 550	25	125	50	
1539	1	T 596	22	40	40	P 550	25	125	50	
1540	1	T 598	21	40	40	P 600	0	50	100	
1541	1	T 600	20	40	40	P 600	0	50	100	
1542	1	T 602	21	40	40	P 600	0	50	100	
1543	1	T 604	22	40	40	P 575	0	100	100	
1544	1	T 606	23	40	40	P 575	0	100	100	
1545	1	T 608	24	40	40	P 575	0	100	100	
1546	1	T 610	25	40	40	P 575	0	100	100	
1547	1	T 612	26	40	40	P 575	0	100	100	
1548	1	T 614	27	40	40	P 575	25	125	50	
1549	1	T 616	28	40	40	P 575	25	125	50	
1550	1	T 618	29	40	40	P 575	25	125	50	
1551	1	T 620	30	40	40	P 575	25	125	50	
1552	1	T 622	31	40	40	P 600	0	100	100	
1553	1	T 624	32	40	40	P 600	0	100	100	
1554	1	T 626	33	40	40	P 600	0	100	100	
1555	1	T 628	34	40	40	P 600	0	100	100	
1556	1	T 630	35	40	40	P 600	0	100	100	
1557	1	T 632	36	40	40	P 600	0	100	100	
1558	1	T 634	37	40	40	P 600	0	100	100	
1559	1	T 636	38	40	40	P 625	0	50	125	
1560	0	T 638	39	40	40	
1561	0	T 640	40	40	40	
1562	0	T 642	41	40	40	
1563	0	T 644	42	40	40	
1564	0	T 646	43	40	40	
1565	1	T 648	44	40	40	P 650	0	50	125	
1566	1	T 650	45	40	40	P 650	0	50	125	
1567	1	T 652	46	40	40	P 650	0	50	125	
1568	1	T 654	47	40	40	P 625	25	75	100	
1569	1	T 656	48	40	40	P 625	25	75	100	
1570	1	T 658	49	40	40	P 625	25	75	100	
1571	1	T 660	50	40	40	P 625	25	75	100	
1572	1	T 658	51	40	40	P 625	25	75	100	
1573	1	T 656	52	40	40	P 625	25	75	100	
1574	1	T 654	53	40	40	P 625	25	75	100	
1575	1	T 652	54	40	40	P 625	25	75	100	
1576	1	T 650	55	40	40	P 625	25	75	100	
1577	1	T 648	56	40	40	P 625	25	75	100	
1578	1	T 646	57	40	40	P 600	50	100	50	
1579	1	T 644	58	40	40	P 600	50	100	50	
1580	1	T 642	59	40	40	P 600	50	100	50	
1581	1	T 640	60	40	40	P 600	50	100	50	
1582	1	T 638	61	40	40	P 600	50	100	50	
1583	1	T 636	62	40	40	P 600	25	100	100	
1584	1	T 634	63	40	40	P 625	25	50	75	
1585	1	T 632	64	40	40	P 625	25	50	125	
1586	1	T 630	65	40	40	P 625	25	50	125	
1587	1	T 628	66	40	40	P 625	25	50	125	
1588	1	T 626	67	40	40	P 625	25	50	125	
1589	1	T 624	68	40	40	P 625	25	50	125	
1590	1	T 622	69	40	40	P 625	25	50	125	
1591	0	T 620	70	40	40	
1592	0	T 618	71	40	40	
1593	1	T 616	72	40	40	P 575	75	125	50	
1594	1	T 614	73	40	40	P 575	75	125	50	
1595	1	T 612	74	40	40	P 575	50	100	100	
1596	1	T 610	75	40	40	P 575	50	100	100	
1597	1	T 608	76	40	40	P 575	50	100	100	
1598	1	T 606	77	40	40	P 575	50	100	100	
1599	1	T 604	78	40	40	P 575	50	100	100	
1600	1	T 602	79	40	40	P 575	50	100	100	
1601	1	T 600	80	40	40	P 575	50	100	100	
1602	1	T 598	81	40	40	P 575	50	100	100	
1603	1	T 596	82	40	40	P 550	75	125	50	
1604	1	T 594	83	40	40	P 550	75	125	50	
1605	1	T 592	84	40	40	P 550	75	125	50	
1606	1	T 590	85	40	40	P 550	75	125	50	
1607	1	T 588	86	40	40	P 550	75	125	50	
1608	1	T 586	87	40	40	P 550	50	100	100	
1609	1	T 584	88	40	40	P 575	50	50	125	
1610	1	T 582	89	40	40	P 575	50	50	125	
1611	1	T 580	90	40	40	P 575	50	50	125	
1612	1	T 578	91	40	40	P 575	50	50	125	
1613	1	T 576	92	40	40	P 575	50	50	125	
1614	1	T 574	93	40	40	P 575	50	50	125	
1615	1	T 572	94	40	40	P 575	50	50	125	
1616	0	T 570	95	40	40	
1617	0	T 568	96	40	40	
1618	1	T 566	97	40	40	P 525	100	125	50	
1619	1	T 564	98	40	40	P 525	100	125	50	
1620	1	T 562	99	40	40	P 525	75	100	100	
1621	1	T 560	100	40	40	P 525	75	100	100	
1622	1	T 558	101	40	40	P 525	75	100	100	
1623	1	T 556	102	40	40	P 525	75	100	100	
1624	1	T 554	103	40	40	P 525	75	100	100	
1625	1	T 552	104	40	40	P 525	75	100	100	
1626	1	T 550	105	40	40	P 525	75	100	100	
1627	1	T 548	106	40	40	P 525	75	100	100	
1628	1	T 546	107	40	40	P 500	100	125	50	
1629	1	T 544	108	40	40	P 500	100	125	50	
1630	1	T 542	109	40	40	P 550	100	75	50	
1631	1	T 540	110	40	40	P 500	100	125	50	
1632	1	T 538	111	40	40	P 500	100	125	50	
1633	1	T 536	112	40	40	P 500	75	100	100	
1634	1	T 534	113	40	40	P 525	75	50	125	
1635	1	T 532	114	40	40	P 525	75	50	125	
1636	1	T 530	115	40	40	P 525	75	50	125	
1637	1	T 528	116	40	40	P 525	75	50	125	
1638	1	T 526	117	40	40	P 525	75	50	125	
1639	1	T 524	118	40	40	P 525	75	50	125	
1640	1	T 522	119	40	40	P 525	75	50	75	
1641	0	T 520	120	40	40	
1642	0	T 518	121	40	40	
1643	1	T 516	122	40	40	P 475	125	125	50	
1644	1	T 514	123	40	40	P 475	125	125	50	
1645	1	T 512	124	40	40	P 475	100	100	100	
1646	1	T 510	125	40	40	P 475	100	100	100	
1647	1	T 508	126	40	40	P 475	100	100	100	
1648	1	T 506	127	40	40	P 475	100	100	100	
1649	1	T 504	128	40	40	P 475	100	100	100	
1650	1	T 502	129	40	40	P 475	100	100	100	
1651	1	T 500	130	40	40	P 475	100	100	100	
1652	1	T 498	131	40	40	P 475	100	100	100	
1653	1	T 496	132	40	40	P 450	125	125	50	
1654	1	T 494	133	40	40	P 450	125	125	50	
1655	1	T 492	134	40	40	P 450	125	125	50	
1656	1	T 490	135	40	40	P 450	125	125	50	
1657	1	T 488	136	40	40	P 450	125	125	50	
1658	1	T 486	137	40	40	P 450	100	100	100	
1659	1	T 484	138	40	40	P 475	100	50	125	
1660	1	T 482	139	40	40	P 475	100	50	125	
1661	1	T 480	140	40	40	P 475	100	50	125	
1662	1	T 478	141	40	40	P 475	100	50	125	
1663	1	T 476	142	40	40	P 475	100	50	125	
1664	1	T 474	143	40	40	P 475	100	50	125	
1665	1	T 472	144	40	40	P 475	100	50	125	
1666	0	T 470	145	40	40	
1667	0	T 468	146	40	40	
1668	1	T 466	147	40	40	P 425	150	125	50	
1669	1	T 464	148	40	40	P 425	150	125	50	
1670	1	T 462	149	40	40	P 425	125	100	100	
1671	1	T 460	150	40	40	P 425	125	100	100	
1672	1	T 458	151	40	40	P 425	125	100	100	
1673	1	T 456	152	40	40	P 425	125	100	100	
1674	1	T 454	153	40	40	P 425	125	100	100	
1675	1	T 452	154	40	40	P 425	125	100	100	
1676	1	T 450	155	40	40	P 425	125	100	100	
1677	1	T 448	156	40	40	P 425	125	100	100	
1678	1	T 446	157	40	40	P 400	150	125	50	
1679	1	T 444	158	40	40	P 400	150	125	50	
1680	1	T 442	159	40	40	P 400	150	125	50	
1681	1	T 440	160	40	40	P 400	150	125	50	
1682	1	T 438	161	40	40	P 400	150	125	50	
1683	1	T 436	162	40	40	P 400	125	100	100	
1684	1	T 434	163	40	40	P 425	125	50	125	
1685	1	T 432	164	40	40	P 425	125	50	125	
1686	1	T 430	165	40	40	P 425	125	50	125	
1687	1	T 428	166	40	40	P 425	125	50	125	
1688	1	T 426	167	40	40	P 425	125	50	125	
1689	1	T 424	168	40	40	P 425	125	50	125	
1690	1	T 422	169	40	40	P 425	125	50	125	
1691	0	T 420	170	40	40	
1692	0	T 418	171	40	40	
1693	1	T 416	172	40	40	P 375	175	125	50	
1694	1	T 414	173	40	40	P 375	175	125	50	
1695	1	T 412	174	40	40	P 375	150	100	100	
1696	1	T 410	175	40	40	P 375	150	100	100	
1697	1	T 408	176	40	40	P 375	150	100	100	
1698	1	T 406	177	40	40	P 375	150	100	100	
1699	1	T 404	178	40	40	P 375	150	100	100	
1700	1	T 402	179	40	40	P 375	150	100	100	
1701	1	T 400	180	40	40	P 375	150	100	100	
1702	1	T 398	181	40	40	P 400	175	75	75	
1703	1	T 396	182	40	40	P 350	175	125	50	
1704	1	T 394	183	40	40	P 350	175	125	50	
1705	1	T 392	184	40	40	P 350	175	125	50	
1706	1	T 390	185	40	40	P 350	175	125	50	
1707	1	T 388	186	40	40	P 350	175	125	50	
1708	1	T 386	187	40	40	P 350	150	100	100	
1709	1	T 384	188	40	40	P 375	150	50	125	
1710	1	T 382	189	40	40	P 375	150	50	125	
1711	1	T 380	190	40	40	P 375	150	50	125	
1712	1	T 378	191	40	40	P 375	150	50	125	
1713	1	T 376	192	40	40	P 375	150	50	125	
1714	1	T 374	193	40	40	P 375	150	50	125	
1715	1	T 372	194	40	40	P 375	150	50	125	
1716	0	T 370	195	40	40	
1717	0	T 368	196	40	40	
1718	1	T 366	197	40	40	P 325	200	125	50	
1719	1	T 364	198	40	40	P 325	200	125	50	
1720	1	T 362	199	40	40	P 325	175	100	100	
1721	1	T 360	200	40	40	P 325	175	100	100	
1722	1	T 358	201	40	40	P 325	175	100	100	
1723	1	T 356	202	40	40	P 325	175	100	100	
1724	1	T 354	203	40	40	P 325	175	100	100	
1725	1	T 352	204	40	40	P 325	175	100	100	
1726	1	T 350	205	40	40	P 325	175	100	100	
1727	1	T 348	206	40	40	P 325	175	100	100	
1728	1	T 346	207	40	40	P 300	200	125	50	
1729	1	T 344	208	40	40	P 300	200	125	50	
1730	1	T 342	209	40	40	P 300	200	125	50	
1731	1	T 340	210	40	40	P 300	200	125	50	
1732	1	T 338	211	40	40	P 300	200	125	50	
1733	1	T 336	212	40	40	P 300	175	100	100	
1734	1	T 334	213	40	40	P 325	175	50	125	
1735	1	T 332	214	40	40	P 325	175	50	125	
1736	1	T 330	215	40	40	P 325	175	50	125	
1737	1	T 328	216	40	40	P 325	175	50	125	
1738	1	T 326	217	40	40	P 325	175	50	125	
1739	1	T 324	218	40	40	P 325	175	50	125	
1740	1	T 322	219	40	40	P 325	175	50	125	
1741	0	T 320	220	40	40	
1742	0	T 318	221	40	40	
1743	1	T 316	222	40	40	P 275	225	125	50	
1744	1	T 314	223	40	40	P 275	225	125	50	
1745	1	T 312	224	40	40	P 275	200	100	100	
1746	1	T 310	225	40	40	P 300	200	75	75	
1747	1	T 308	226	40	40	P 275	200	100	100	
1748	1	T 306	227	40	40	P 275	200	100	100	
1749	1	T 304	228	40	40	P 275	200	100	100	
1750	1	T 302	229	40	40	P 275	200	100	100	
1751	1	T 300	230	40	40	P 275	200	100	100	
1752	1	T 298	231	40	40	P 275	200	100	100	
1753	1	T 296	232	40	40	P 250	225	125	50	
1754	1	T 294	233	40	40	P 250	225	125	50	
1755	1	T 292	234	40	40	P 250	225	125	50	
1756	1	T 290	235	40	40	P 250	225	125	50	
1757	1	T 288	236	40	40	P 250	225	125	50	
1758	1	T 286	237	40	40	P 250	200	100	100	
1759	1	T 284	238	40	40	P 275	200	50	125	
1760	1	T 282	239	40	40	P 275	200	50	125	
1761	1	T 280	240	40	40	P 275	200	50	125	
1762	1	T 278	241	40	40	P 275	200	50	125	
1763	1	T 276	242	40	40	P 275	200	50	125	
1764	1	T 274	243	40	40	P 275	200	50	125	
1765	1	T 272	244	40	40	P 275	200	50	125	
1766	0	T 270	245	40	40	
1767	0	T 268	246	40	40	
1768	1	T 266	247	40	40	P 225	250	75	50	
1769	1	T 264	248	40	40	P 225	250	125	50	
1770	1	T 262	249	40	40	P 225	225	100	100	
1771	1	T 260	250	40	40	P 225	225	100	100	
1772	1	T 258	251	40	40	P 225	225	100	100	
1773	1	T 256	252	40	40	P 225	225	100	100	
1774	1	T 254	253	40	40	P 225	225	100	100	
1775	1	T 252	254	40	40	P 225	225	100	100	
1776	1	T 250	255	40	40	P 225	225	100	100	
1777	1	T 248	256	40	40	P 225	225	100	100	
1778	1	T 246	257	40	40	P 200	250	125	50	
1779	1	T 244	258	40	40	P 200	250	125	50	
1780	1	T 242	259	40	40	P 200	250	125	50	
1781	1	T 240	260	40	40	P 200	250	125	50	
1782	1	T 238	261	40	40	P 200	250	125	50	
1783	1	T 236	262	40	40	P 200	225	100	100	
1784	1	T 234	263	40	40	P 225	225	50	125	
1785	1	T 232	264	40	40	P 225	225	50	125	
1786	1	T 230	265	40	40	P 225	225	50	125	
1787	1	T 228	266	40	40	P 225	225	50	125	
1788	1	T 226	267	40	40	P 225	225	50	125	
1789	1	T 224	268	40	40	P 225	225	50	125	
1790	1	T 222	269	40	40	P 225	225	50	125	
1791	0	T 220	270	40	40	
1792	0	T 218	271	40	40	
1793	1	T 216	272	40	40	P 175	275	125	50	
1794	1	T 214	273	40	40	P 175	275	125	50	
1795	1	T 212	274	40	40	P 175	250	100	100	
1796	1	T 210	275	40	40	P 175	250	100	100	
1797	1	T 208	276	40	40	P 175	250	100	100	
1798	1	T 206	277	40	40	P 175	250	100	100	
1799	1	T 204	278	40	40	P 175	250	100	100	
1800	1	T 202	279	40	40	P 175	250	100	100	
1801	1	T 200	280	40	40	P 175	250	100	100	
1802	1	T 198	281	40	40	P 175	250	100	100	
1803	1	T 196	282	40	40	P 150	275	125	50	
1804	1	T 194	283	40	40	P 150	275	125	50	
1805	1	T 192	284	40	40	P 150	275	125	50	
1806	1	T 190	285	40	40	P 150	275	125	50	
1807	1	T 188	286	40	40	P 150	275	125	50	
1808	1	T 186	287	40	40	P 150	250	100	100	
1809	1	T 184	288	40	40	P 175	250	50	125	
1810	1	T 182	289	40	40	P 175	250	50	125	
1811	1	T 180	290	40	40	P 175	250	50	125	
1812	1	T 178	291	40	40	P 175	250	50	125	
1813	1	T 176	292	40	40	P 175	250	50	125	
1814	1	T 174	293	40	40	P 175	250	50	125	
1815	0	T 172	294	40	40	
1816	0	T 170	295	40	40	
1817	0	T 168	296	40	40	
1818	1	T 166	297	40	40	P 125	300	125	50	
1819	1	T 164	298	40	40	P 125	300	125	50	
1820	1	T 162	299	40	40	P 125	275	100	100	
1821	1	T 160	300	40	40	P 125	275	100	100	
1822	1	T 158	301	40	40	P 125	275	100	100	
1823	1	T 156	302	40	40	P 125	275	100	100	
1824	1	T 154	303	40	40	P 125	275	100	100	
1825	1	T 152	304	40	40	P 125	275	100	100	
1826	1	T 150	305	40	40	P 125	275	100	100	
1827	1	T 148	306	40	40	P 125	275	100	100	
1828	1	T 146	307	40	40	P 100	300	125	50	
1829	1	T 144	308	40	40	P 100	300	125	50	
1830	1	T 142	309	40	40	P 100	300	125	50	
1831	1	T 140	310	40	40	P 100	300	125	50	
1832	1	T 138	311	40	40	P 100	300	125	50	
1833	1	T 136	312	40	40	P 100	275	100	100	
1834	1	T 134	313	40	40	P 125	275	50	125	
1835	1	T 132	314	40	40	P 125	275	50	125	
1836	1	T 130	315	40	40	P 125	275	50	125	
1837	1	T 128	316	40	40	P 125	275	50	125	
1838	1	T 126	317	40	40	P 125	275	50	125	
1839	1	T 124	318	40	40	P 125	275	50	125	
1840	1	T 122	319	40	40	P 125	275	50	125	
1841	0	T 120	320	40	40	
1842	0	T 118	321	40	40	
1843	1	T 116	322	40	40	P 125	325	75	50	
1844	1	T 114	323	40	40	P 75	325	125	50	
1845	1	T 112	324	40	40	P 75	300	100	100	
1846	1	T 110	325	40	40	P 75	300	100	100	
1847	1	T 108	326	40	40	P 75	300	100	100	
1848	1	T 106	327	40	40	P 75	300	100	100	
1849	1	T 104	328	40	40	P 75	300	100	100	
1850	1	T 102	329	40	40	P 75	300	100	100	
1851	1	T 100	330	40	40	P 75	300	100	100	
1852	1	T 98	331	40	40	P 75	300	100	100	
1853	1	T 96	332	40	40	P 50	325	125	50	
1854	1	T 94	333	40	40	P 50	325	125	50	
1855	1	T 92	334	40	40	P 50	325	125	50	
1856	1	T 90	335	40	40	P 50	325	125	50	
1857	1	T 88	336	40	40	P 50	325	125	50	
1858	1	T 86	337	40	40	P 50	300	75	100	
1859	1	T 84	338	40	40	P 75	300	50	125	
1860	1	T 82	339	40	40	P 75	300	50	125	
1861	1	T 80	340	40	40	P 75	300	50	125	
1862	1	T 78	341	40	40	P 75	300	50	125	
1863	1	T 76	342	40	40	P 75	300	50	125	
1864	1	T 74	343	40	40	P 75	300	50	125	
1865	1	T 72	344	40	40	P 75	300	50	125	
1866	0	T 70	345	40	40	
1867	0	T 68	346	40	40	
1868	1	T 66	347	40	40	P 25	350	125	50	
1869	1	T 64	348	40	40	P 25	350	125	50	
1870	1	T 62	349	40	40	P 25	350	100	75	
1871	1	T 60	350	40	40	P 25	325	100	100	
1872	1	T 58	351	40	40	P 25	325	100	100	
1873	1	T 56	352	40	40	P 25	325	100	100	
1874	1	T 54	353	40	40	P 25	325	100	100	
1875	1	T 52	354	40	40	P 25	325	100	100	
1876	1	T 50	355	40	40	P 25	325	100	100	
1877	1	T 48	356	40	40	P 25	325	100	100	
1878	1	T 46	357	40	40	P 0	350	125	50	
1879	1	T 44	358	40	40	P 0	350	125	50	
1880	1	T 42	359	40	40	P 0	350	125	50	
1881	1	T 40	360	40	40	P 0	350	125	50	
1882	1	T 38	361	40	40	P 0	350	125	50	
1883	1	T 36	362	40	40	P 0	325	100	100	
1884	1	T 34	363	40	40	P 25	325	50	125	
1885	1	T 32	364	40	40	P 25	325	50	125	
1886	1	T 30	365	40	40	P 25	325	50	125	
1887	1	T 28	366	40	40	P 25	325	50	125	
1888	1	T 26	367	40	40	P 25	325	50	125	
1889	1	T 24	368	40	40	P 25	325	50	125	
1890	1	T 22	369	40	40	P 25	325	50	125	
1891	0	T 20	370	40	40	
1892	1	T 22	371	40	40	P 25	325	50	125	
1893	1	T 24	372	40	40	P 0	350	100	100	
1894	1	T 26	373	40	40	P 0	350	100	100	
1895	1	T 28	374	40	40	P 0	350	100	100	
1896	1	T 30	375	40	40	P 0	350	100	100	
1897	1	T 32	376	40	40	P 0	350	100	100	
1898	1	T 34	377	40	40	P 0	350	100	100	
1899	1	T 36	378	40	40	P 0	350	100	100	
1900	1	T 38	379	40	40	P 0	375	125	50	
1901	1	T 40	380	40	40	P 0	375	125	50	
1902	1	T 42	381	40	40	P 0	375	125	50	
1903	1	T 44	382	40	40	P 0	375	125	50	
1904	1	T 46	383	40	40	P 0	375	125	50	
1905	1	T 48	384	40	40	P 25	350	100	100	
1906	1	T 50	385	40	40	P 25	350	100	100	
1907	1	T 52	386	40	40	P 25	350	100	100	
1908	1	T 54	387	40	40	P 25	350	100	100	
1909	1	T 56	388	40	40	P 50	350	50	125	
1910	1	T 58	389	40	40	P 50	350	50	125	
1911	1	T 60	390	40	40	P 50	350	50	125	
1912	1	T 62	391	40	40	P 50	350	50	125	
1913	0	T 64	392	40	40	
1914	0	T 66	393	40	40	
1915	0	T 68	394	40	40	
1916	0	T 70	395	40	40	
1917	1	T 72	396	40	40	P 75	350	50	125	
1918	1	T 74	397	40	40	P 50	375	100	100	
1919	1	T 76	398	40	40	P 50	375	100	100	
1920	1	T 78	399	40	40	P 50	375	100	100	
1921	1	T 80	400	40	40	P 50	375	100	100	
1922	1	T 82	401	40	40	P 50	375	100	100	
1923	1	T 84	402	40	40	P 50	375	75	75	
1924	1	T 86	403	40	40	P 50	375	100	100	
1925	1	T 88	404	40	40	P 50	400	125	50	
1926	1	T 90	405	40	40	P 50	400	125	50	
1927	1	T 92	406	40	40	P 50	400	125	50	
1928	1	T 94	407	40	40	P 50	400	125	50	
1929	1	T 96	408	40	40	P 50	400	125	50	
1930	1	T 98	409	40	40	P 75	375	75	75	
1931	1	T 100	410	40	40	P 75	375	100	100	
1932	1	T 102	411	40	40	P 75	375	100	100	
1933	1	T 104	412	40	40	P 75	375	100	100	
1934	1	T 106	413	40	40	P 100	375	50	100	
1935	1	T 108	414	40	40	P 100	375	50	100	
1936	1	T 110	415	40	40	P 100	375	50	100	
1937	1	T 112	416	40	40	P 100	375	50	100	
1938	0	T 114	417	40	40	
1939	0	T 116	418	40	40	
1940	0	T 118	419	40	40	
1941	0	T 120	420	40	40	
1942	1	T 122	419	40	40	P 125	375	50	100	
1943	1	T 124	418	40	40	P 125	375	50	100	
1944	1	T 126	417	40	40	P 125	375	50	100	
1945	1	T 128	416	40	40	P 125	375	50	100	
1946	1	T 130	415	40	40	P 125	375	50	100	
1947	1	T 132	414	40	40	P 125	375	50	100	
1948	1	T 134	413	40	40	P 125	375	50	100	
1949	1	T 136	412	40	40	P 100	375	100	100	
1950	1	T 138	411	40	40	P 100	400	125	50	
1951	1	T 140	410	40	40	P 100	400	125	50	
1952	1	T 142	409	40	40	P 100	400	125	50	
1953	1	T 144	408	40	40	P 100	400	125	50	
1954	1	T 146	407	40	40	P 100	400	125	50	
1955	1	T 148	406	40	40	P 125	375	100	100	
1956	1	T 150	405	40	40	P 125	375	100	100	
1957	1	T 152	404	40	40	P 125	375	100	100	
1958	1	T 154	403	40	40	P 125	375	100	100	
1959	1	T 156	402	40	40	P 125	375	100	100	
1960	1	T 158	401	40	40	P 125	375	100	100	
1961	1	T 160	400	40	40	P 125	375	100	100	
1962	1	T 162	399	40	40	P 125	375	100	100	
1963	1	T 164	398	40	40	P 125	400	125	50	
1964	1	T 166	397	40	40	P 125	400	125	50	
1965	0	T 168	396	40	40	
1966	0	T 170	395	40	40	
1967	1	T 172	394	40	40	P 175	350	50	125	
1968	1	T 174	393	40	40	P 175	350	50	125	
1969	1	T 176	392	40	40	P 175	350	50	125	
1970	1	T 178	391	40	40	P 175	350	50	125	
1971	1	T 180	390	40	40	P 175	350	50	125	
1972	1	T 182	389	40	40	P 175	350	50	125	
1973	1	T 184	388	40	40	P 175	350	50	125	
1974	1	T 186	387	40	40	P 150	350	100	100	
1975	1	T 188	386	40	40	P 150	375	125	50	
1976	1	T 190	385	40	40	P 150	375	125	50	
1977	1	T 192	384	40	40	P 150	375	125	50	
1978	1	T 194	383	40	40	P 150	375	125	50	
1979	1	T 196	382	40	40	P 150	375	125	50	
1980	1	T 198	381	40	40	P 175	350	100	100	
1981	1	T 200	380	40	40	P 175	350	100	100	
1982	1	T 202	379	40	40	P 175	350	100	100	
1983	1	T 204	378	40	40	P 175	350	100	100	
1984	1	T 206	377	40	40	P 175	350	100	100	
1985	1	T 208	376	40	40	P 175	350	100	100	
1986	1	T 210	375	40	40	P 175	350	100	100	
1987	1	T 212	374	40	40	P 175	350	100	100	
1988	1	T 214	373	40	40	P 175	375	125	50	
1989	1	T 216	372	40	40	P 175	375	125	50	
1990	0	T 218	371	40	40	
1991	0	T 220	370	40	40	
1992	1	T 222	369	40	40	P 225	325	50	125	
1993	1	T 224	368	40	40	P 225	325	50	125	
1994	1	T 226	367	40	40	P 225	325	50	125	
1995	1	T 228	366	40	40	P 225	325	50	125	
1996	1	T 230	365	40	40	P 225	325	50	125	
1997	1	T 232	364	40	40	P 225	325	50	125	
1998	1	T 234	363	40	40	P 225	325	50	125	
1999	1	T 236	362	40	40	P 200	325	100	100	
2000	1	T 238	361	40	40	P 200	350	125	50	
