frame	IoU
2	0.367309
3	0.367309
3	0.367309
4	0.430108
4	0.367309
5	0.416233
6	0.416233
7	0.430108
7	0.430108
8	1.11888
8	0.888889
9	0.423057
9	0.423057
10	0.409836
10	0.403226
11	1.02041
11	1.06101
12	0.409836
12	0.409836
13	0.403226
13	0.409836
14	1.1396
14	0.952381
15	1.02041
15	0.952381
16	1.02041
17	4.16667
18	1.48148
18	0.390625
19	0.935673
19	1.0989
19	0.390625
20	0.952381
20	0.987654
21	1.07962
21	1.1396
22	1.07962
22	0.969697
23	2.13333
23	1.06101
24	1.5444
24	0.403226
24	0.431034
25	1.5444
25	0.416233
25	0.431034
26	0.811359
26	1.07962
27	0.423057
27	0.437397
28	1.0989
28	0.811359
29	1.14943
29	1.0989
30	0.403226
30	0.403226
31	0.403226
31	0.403226
32	0.403226
33	1.0989
34	0.985222
34	0.396825
35	0.416667
35	1.14943
35	0.416667
36	1.20664
36	1.14943
36	1.00251
37	0.397022
37	1.00251
38	1.14943
38	0.91954
39	0.968523
39	1.06101
40	0.416233
40	0.444939
41	1.0989
41	1.00251
42	1.03896
42	0.952381
43	1.21212
43	1.25786
44	1.21212
44	0.987654
45	1.1611
45	1.03896
46	0.403226
46	1.03896
47	0.391007
48	0.403226
49	0.935673
50	0.416233
50	1.11888
51	0.390625
52	0.409626
53	0.391007
54	0.935673
55	0.431034
55	1.04302
55	0.409836
56	1.06101
56	0.784314
56	0.409836
57	0.811359
57	1.06101
58	0.403226
58	1.06101
59	0.403226
60	0.430108
61	0.416233
61	0.416233
62	0.416233
62	0.409626
63	1.1396
63	0.903955
64	1.07962
64	1.14943
65	1.00251
65	0.952381
65	266.667
66	0.403226
66	0.952381
66	266.667
67	0.416233
68	0.390625
69	1.06101
70	0.403226
71	0.91954
71	0.378788
72	0.431034
72	0.431034
73	0.430108
73	0.430108
74	0.877193
74	1.14943
75	0.874317
75	1.00629
76	0.403226
76	0.403226
77	0.403226
77	0.403226
78	1.19048
78	0.811359
79	0.403226
79	0.811359
80	1.02041
80	1.0989
81	2.46914
81	1.00251
82	0.892857
82	1.00251
83	1.0989
84	0.416233
84	1.0989
85	1.00883
85	1.03896
85	1.0989
86	1.1611
86	1.03896
87	0.969697
87	0.847458
87	200
88	0.409626
88	0.423057
89	1.1611
89	1.0989
89	0.423057
90	0.935673
90	1.0989
90	1.04302
91	0.952381
91	1.19048
92	0.40404
92	1.02171
92	0.410889
93	0.403226
93	0.423057
93	0.410889
94	1.0582
94	1.23077
95	0.437397
95	0.444939
96	0.391007
96	0.444939
97	1.1396
97	1.03896
98	1.0582
98	1.20664
99	0.416233
99	0.423057
100	0.390625
100	0.423057
101	1.0989
102	1.0582
102	1.1396
103	0.840336
103	1.1396
104	0.409836
104	0.403226
104	1.1396
105	0.409836
105	0.403226
106	0.416667
106	0.416667
107	0.403226
107	0.416667
108	0.416667
108	0.416667
109	0.403226
109	0.416667
110	1.1396
110	1.12994
111	0.390625
112	0.403226
112	0.423057
113	0.409836
113	0.416667
114	0.403226
114	0.416667
115	0.903955
115	1.11888
116	0.430108
116	1.11888
117	0.403226
118	0.451977
119	0.416667
120	0.430108
120	0.430108
121	0.431034
121	1.07962
121	0.431034
122	0.403226
122	1.07962
122	0.431034
123	0.936768
123	1.06101
124	0.430108
124	0.430108
125	0.903955
125	1.06101
126	1.1611
126	0.935673
127	0.390625
127	0.935673
128	0.416233
129	0.423729
130	1.06101
130	0.952381
131	0.403226
131	0.952381
132	0.416667
132	0.409836
133	2.48447
133	1.23457
133	0.409836
134	0.961538
134	2.36686
135	1.06101
135	1.1611
135	2.36686
136	0.968523
136	1.1611
136	0.91954
137	0.390625
137	2.1978
138	1.0989
138	2.1978
139	1.1396
140	0.390625
141	0.452745
141	0.416233
142	0.403226
142	0.416233
143	1.04302
143	0.811359
144	0.409836
144	0.431034
145	0.416233
145	0.431034
146	0.390625
146	0.423729
147	1.11888
147	1.00251
148	1.11888
148	1.00883
149	0.985222
149	1.03896
150	0.416233
150	1.03896
151	0.403226
151	0.409836
152	0.390625
152	0.409836
153	1.19048
153	0.825593
154	0.391007
154	0.825593
155	0.390625
156	0.403226
157	0.793651
158	0.423729
158	0.416667
159	0.390625
159	0.416667
160	0.423729
160	0.409836
161	1.03896
161	1.03896
162	0.847458
162	1.06101
163	0.416233
164	0.403226
165	1.21212
165	1.03896
166	0.403226
166	1.03896
167	0.410889
167	0.391007
168	1.23457
168	1.18343
169	0.403226
169	1.18343
170	0.416233
171	1.00251
172	1.00251
172	1.11888
173	0.423057
174	0.452745
174	0.403226
175	0.91954
175	0.952381
176	0.403226
176	0.409836
177	0.403226
177	0.409836
178	0.431034
178	0.409836
179	0.403226
179	0.409836
180	0.416667
181	0.437397
181	0.437397
182	0.409836
182	0.941176
182	0.941176
183	0.409836
183	0.431034
183	0.409836
184	0.840336
184	1.11888
184	0.409836
185	0.390625
186	0.416667
186	0.403226
187	0.416667
187	0.416667
188	0.390625
188	0.416667
189	0.811359
189	1.28205
190	0.935673
190	1.1396
191	0.384615
191	0.409836
192	0.391007
192	0.409836
193	0.390625
194	0.91954
195	1.06101
196	0.430108
196	0.423057
197	1.1396
197	1.23457
197	0.847458
198	0.409626
198	0.437397
198	0.847458
199	1.11888
199	1.07817
200	0.952381
200	0.862069
200	1.07817
201	1.03896
201	1.23457
202	0.390625
203	0.409626
203	0.437397
204	1.11888
204	0.437397
205	0.423057
205	0.423057
206	1.0989
206	0.423057
207	0.409836
207	0.423729
207	1.36752
208	0.403226
208	0.416667
208	2.7972
209	1.0989
209	0.987654
209	2.7972
210	0.409836
210	0.403226
211	0.430108
211	0.423057
212	0.969697
212	1.00251
213	0.840336
213	1.04302
214	0.444939
214	0.403226
215	1.07962
215	0.935673
216	0.390625
216	0.935673
217	0.952381
218	0.378788
219	0.431034
219	0.416667
220	0.431034
220	0.416667
220	2.89855
221	1.19048
221	1.06667
221	2.89855
222	0.952381
222	0.862069
223	1.11111
223	1.00251
224	0.390625
224	1.00251
225	0.91954
225	1.11888
226	1.25786
226	0.91954
227	0.423057
227	0.423057
228	0.40404
228	0.391007
229	1.14943
229	1.06101
230	1.11888
230	1.0989
231	0.430108
231	0.423057
232	0.840336
232	1.28205
233	0.492459
233	0.952381
233	0.952381
234	0.877193
234	1.1396
234	0.952381
235	0.378788
236	0.784314
237	0.403226
237	1.06101
238	1.06101
238	0.416667
238	1.06101
239	0.416667
239	0.403226
239	1.06101
240	1.0989
240	1.1611
241	0.416667
241	0.409836
242	0.390625
242	0.409836
243	1.16959
243	1.07962
244	1.66667
244	1.02041
245	0.444939
245	0.416233
246	0.969697
246	1.1396
247	0.416233
247	1.1396
248	0.403226
249	1.14943
250	0.403226
250	1.11888
251	0.444939
251	0.444939
252	0.430108
252	1.04302
252	0.444939
253	1.0582
253	1.04302
253	1.1611
254	0.390625
254	1.1611
255	0.403226
256	0.390625
257	0.430108
258	0.952381
259	1.28205
260	1.11888
260	0.416233
261	0.437397
261	0.437397
261	0.423729
262	0.952381
262	1.19048
262	0.437397
262	0.423729
263	0.444939
263	0.423057
264	1.0989
264	1.11888
265	0.423729
265	0.403226
266	1.06101
266	1.0989
267	0.416233
267	1.0989
268	0.444939
268	0.423057
269	1.07962
269	1.0582
270	0.416233
270	1.0582
271	1.07962
272	0.403226
273	0.874317
273	1.06101
274	0.416233
274	0.423057
275	0.423057
275	0.430108
276	0.403226
276	0.430108
277	1.11888
277	1.03896
278	0.403226
278	1.03896
279	0.952381
280	1.16959
280	0.862069
281	1.1611
282	0.416233
282	1.1611
283	1.21212
283	0.987654
284	0.390625
284	0.987654
285	0.396825
285	0.396825
286	0.987654
286	1.0989
286	0.396825
287	0.396825
287	0.431034
288	1.23457
288	1.1396
289	0.409836
289	0.403226
290	0.91954
290	1.1396
291	0.391007
291	0.391007
292	0.430108
292	0.416233
293	0.403226
293	0.409836
294	1.06101
294	1.06101
295	0.403226
295	0.396825
296	0.409836
296	0.431034
297	0.416233
297	0.423057
298	0.409626
298	0.409626
299	0.423729
299	0.409836
300	0.437397
300	0.423057
301	1.03896
301	1.06101
302	0.416233
302	1.06101
303	0.416233
304	0.390625
305	0.416667
306	0.438596
307	0.390625
308	0.391007
308	0.391007
309	0.430108
309	0.437397
310	0.416667
310	0.416667
311	0.969697
311	0.952381
312	0.403226
312	0.423729
313	0.423057
313	0.423057
314	1.07962
314	1.12994
315	0.968523
315	1.03896
316	0.855615
316	1.0989
317	1.36752
318	1.36752
318	0.985222
319	0.416233
319	0.860215
319	0.860215
320	1.18343
320	0.952381
320	0.860215
321	1.18343
321	0.985222
322	1.07962
322	0.952381
323	0.403226
323	1.06101
324	0.952381
324	0.416667
325	0.438596
325	1.0582
325	0.438596
326	1.00251
326	1.06101
326	0.438596
327	1.1396
327	0.952381
328	0.416233
328	0.952381
328	3.0303
329	0.416233
330	0.403226
331	1.0989
331	1.07817
332	1.0989
332	1.28205
333	0.91954
333	1.07962
334	1.07962
334	1.0989
335	0.403226
336	0.985222
337	1.06101
338	0.409836
338	0.431034
339	1.1396
339	1.03896
339	0.91954
340	0.968523
340	1.03896
340	0.91954
341	0.444939
341	0.430108
342	1.06101
342	1.02041
342	0.437397
343	0.416233
343	1.28205
343	0.855615
344	1.16959
344	1.28205
344	1.07962
345	3.36134
345	1.07962
346	2.61438
346	0.397022
346	3.92157
347	1.00251
347	1.16959
348	1.1396
348	1.02041
349	0.416233
349	0.409626
350	1.1611
350	1.23457
351	0.888889
351	1.11888
352	0.390625
352	1.11888
353	0.840336
354	0.42328
354	1.07962
355	1.04302
356	0.416233
356	0.430108
357	0.969697
357	1.00251
358	0.403226
358	1.00251
359	1.06101
359	0.378788
360	0.403226
360	0.409836
361	0.403226
361	0.409836
362	1.07962
362	0.952381
363	1.20664
363	1.21212
364	0.416233
364	0.423057
365	0.416667
365	0.416667
366	1.0989
366	1.0582
367	0.91954
367	1.0582
368	0.390625
369	1.00251
369	1.00251
370	1.1396
370	1.00251
371	0.952381
371	0.430108
371	0.409626
372	1.00251
372	1.1611
373	1.00251
373	1.00251
373	0.952381
374	1.0989
374	1.0989
375	0.91954
375	1.0989
376	0.390625
377	1.03896
377	0.40404
378	0.437397
378	0.423057
379	0.903955
379	1.02564
380	1.1396
380	1.02041
381	0.987654
381	1.23457
382	0.980392
382	1.23457
383	0.969697
383	1.11888
384	0.403226
384	1.11888
385	0.416233
386	1.14943
387	1.1396
387	1.00251
388	1.00251
388	0.862069
388	0.862069
389	0.403226
389	0.862069
389	0.862069
390	0.862069
390	0.430108
390	0.444939
391	1.0989
391	0.987654
391	0.444939
392	0.985222
392	0.987654
392	1.04302
393	0.378788
393	1.04302
394	0.925926
395	0.437397
395	0.444939
396	0.985222
397	1.08844
397	1.11888
397	0.987654
398	1.1611
398	1.0582
398	0.987654
399	0.91954
399	1.16618
400	1.06101
400	0.847458
401	0.390625
401	0.847458
402	1.1611
402	1.19048
403	0.396825
403	0.416667
404	1.00251
404	0.968523
405	1.06101
405	0.969697
406	0.390625
406	0.969697
407	1.02041
407	1.06101
408	0.397417
408	1.06101
409	0.403226
410	0.416233
410	0.423057
411	1.23457
411	0.968523
412	0.797607
412	0.968523
413	0.416667
414	1.11111
414	1.11111
415	0.416233
415	1.07962
415	0.430108
416	1.00251
416	0.416233
416	0.423057
417	1.07817
417	1.03896
417	0.423057
418	0.390625
418	1.03896
419	0.416233
420	0.423057
421	0.416233
422	0.403226
422	0.403226
423	0.416233
423	0.403226
424	0.903955
424	0.969697
425	1.21212
425	1.03896
426	0.446429
426	0.403226
427	1.18343
427	0.91954
428	0.903955
428	1.07817
429	1.07962
429	0.888889
430	0.409836
430	0.403226
431	0.403226
431	0.403226
432	0.423729
432	0.416667
433	1.18343
433	0.903955
434	0.390625
434	0.903955
435	0.430108
436	1.07962
437	0.403226
438	1.02564
438	0.396825
439	1.18343
439	1.02041
440	0.91954
440	1.00251
441	0.416667
441	0.396825
442	0.430108
442	0.396825
443	0.403226
443	0.416667
444	0.403226
444	0.423729
445	0.403226
445	0.409836
446	1.19048
446	1.0989
447	0.416667
447	0.390625
448	0.431034
448	0.423729
449	0.935673
449	1.07962
450	1.1396
450	1.02041
451	0.935673
451	1.11888
452	1.0989
452	1.07962
453	1.16959
453	1.02564
454	0.367309
454	1.02564
455	0.952381
456	0.416233
456	0.430108
457	1.03896
457	0.416233
457	0.430108
458	0.390625
458	0.416233
458	0.430108
459	0.416233
459	266.667
460	0.444939
460	266.667
461	0.403226
462	0.430108
463	0.409836
464	0.403226
465	0.403226
466	0.403226
466	0.403226
467	0.390625
467	0.390625
468	0.403226
468	0.390625
469	0.390625
469	0.409836
470	0.969697
470	1.16959
471	0.390625
471	1.16959
472	0.437397
472	0.423057
473	1.00251
473	1.0989
474	1.06101
474	1.02041
475	1.00251
475	1.33779
476	0.403226
476	1.33779
477	0.409836
477	0.423729
478	1.04302
478	1.0989
479	0.390625
479	1.0989
480	1.0989
480	1.07962
481	0.416233
481	0.416233
482	0.397022
482	0.416233
483	0.437397
483	0.416233
484	0.390625
484	0.416233
485	0.403226
486	1.0582
487	0.423057
488	0.430108
488	0.416233
489	0.968523
489	1.19048
489	0.416233
490	0.378788
490	1.19048
490	1.14286
491	0.416667
491	0.403226
491	1.14286
492	1.02564
492	0.987654
493	0.985222
493	1.16959
494	0.91954
494	0.985222
495	0.403226
495	0.985222
496	1.04302
497	0.430108
497	1.11888
497	0.416233
498	1.06101
498	0.925926
499	0.968523
499	1.1611
500	1.0989
500	0.935673
501	1.33333
501	0.887902
502	0.403226
502	0.416233
503	0.403226
503	0.416233
504	0.378788
505	0.403226
506	0.409836
507	0.416667
508	0.378788
509	0.423057
509	0.423057
510	0.403226
510	0.416233
511	0.403226
511	0.952381
511	1.16959
512	0.416233
512	0.416233
512	1.16959
513	0.416233
513	0.416233
514	1.03896
514	1.1396
515	0.390625
515	1.1396
516	1.11888
516	1.0989
517	0.91954
517	1.0989
518	1.21212
518	0.952381
518	1.06101
519	1.06101
519	0.416233
519	1.06101
520	1.14943
520	1.0989
521	1.03896
521	0.985222
522	1.03896
522	1.1396
523	0.437397
523	0.416233
524	1.04302
524	1.02041
525	0.985222
525	1.06101
526	0.390625
526	0.403226
527	0.438596
527	0.403226
528	0.390625
528	0.403226
529	0.390625
530	1.11888
530	1.0989
531	0.416233
531	1.0989
532	0.416667
532	0.390625
533	0.403226
533	0.416667
534	1.11888
534	1.0582
535	0.403226
535	1.0582
536	1.06101
536	0.952381
537	0.403226
537	0.952381
538	1.02041
538	1.04302
539	0.935673
539	1.04302
539	1.1396
540	0.416233
540	0.423057
540	1.1396
541	0.403226
541	1.06667
542	0.403226
542	1.06667
543	0.391007
543	0.391007
544	1.00251
544	1.07962
545	2.77778
545	1.07962
546	0.403226
546	1.07962
547	0.452745
547	0.416233
548	0.952381
548	1.0989
549	1.0582
549	0.987654
550	1.02041
550	1.14943
551	1.1396
551	0.969697
552	0.987654
552	1.04302
553	0.403226
553	1.04302
554	0.985222
554	1.0989
555	1.0989
555	1.03896
555	2.13904
556	0.935673
556	1.03896
556	2.13904
557	1.61943
557	1.0989
558	0.969697
558	1.16959
558	0.855615
559	1.21212
559	1.16959
559	0.935673
560	0.409836
560	0.416667
560	0.935673
560	266.667
561	0.969697
561	1.1611
562	0.403226
562	1.1611
563	1.00251
563	1.06101
564	0.390625
564	1.06101
565	0.403226
565	0.423729
566	0.903955
566	1.1396
567	0.761905
567	0.935673
567	0.761905
568	0.409836
568	0.416667
568	0.761905
569	0.430108
569	0.430108
570	1.00251
570	1.07962
571	0.42328
571	1.07962
572	0.437397
572	0.416233
573	0.430108
573	0.416233
574	1.1396
574	1.14286
575	0.403226
575	1.14286
576	0.416233
577	0.403226
577	1.42857
578	0.403226
578	1.42857
579	0.390625
580	0.431034
581	0.416667
581	0.390625
582	0.403226
582	0.423729
583	0.390625
583	0.423729
584	1.00629
584	1.0989
585	1.25786
585	0.952381
586	1.03896
587	0.378788
588	0.390625
589	1.11888
590	0.877193
590	1.07962
591	1.03896
591	1.07962
591	0.903955
592	0.903955
592	1.07962
592	0.952381
593	0.390625
593	1.07962
593	0.952381
594	1.18343
594	1.02041
595	1.00251
595	1.18343
596	1.00251
596	1.25786
597	0.390625
597	1.25786
598	0.840336
598	1.0989
599	0.952381
599	1.23457
600	0.437397
600	0.403226
601	1.1396
601	0.985222
602	1.0989
602	1.21212
603	0.403226
604	1.06101
604	1.07962
605	0.840336
605	1.11888
606	1.0989
606	1.11888
607	0.935673
607	1.11888
608	0.403226
609	1.19048
609	1.19048
610	0.390625
610	1.1611
610	1.02041
611	1.02041
611	0.390625
611	1.02041
612	0.91954
612	0.390625
612	1.4652
613	0.779727
613	1.4652
614	0.903955
614	1.07962
615	0.390625
615	1.07962
616	0.403226
617	0.423057
618	0.416233
618	1.02041
618	0.416233
619	0.416233
619	1.02041
619	0.416233
620	1.23457
620	1.0582
621	0.403226
621	1.0582
622	0.390625
623	1.02041
624	0.416233
625	1.00251
625	0.430108
626	0.430108
626	0.423057
627	0.430108
627	0.430108
628	0.409626
628	0.403226
629	0.416233
629	1.18343
629	0.416233
630	0.390625
630	1.18343
630	0.416233
631	1.00251
631	1.0989
632	1.0989
632	1.07962
633	0.403226
633	1.07962
634	0.403226
635	0.91954
636	0.403226
637	1.1611
637	0.390625
638	0.390625
638	0.390625
639	1.21212
640	0.935673
640	1.24224
640	0.968523
641	0.403226
641	1.24224
641	0.968523
642	1.19048
643	1.02041
644	0.403226
645	1.02041
645	0.985222
646	0.390625
646	0.985222
647	1.0989
647	0.811359
647	1.0989
648	1.03896
648	1.06101
648	1.06101
649	0.909091
649	0.968523
649	1.11888
650	0.390625
650	0.968523
650	1.11888
651	1.0989
651	0.968523
652	1.00251
652	1.0989
653	0.437158
653	0.430108
654	0.952381
654	1.1611
655	1.03896
655	1.07962
656	0.403226
657	0.403226
658	1.07962
659	0.862069
659	0.390625
660	1.1611
660	0.390625
661	1.03896
661	1.0989
661	1.57791
661	1.57791
662	0.825593
662	1.04302
662	1.04302
663	0.423057
663	0.437397
663	1.04302
664	0.416667
664	0.416667
665	0.969697
665	1.11888
666	0.390625
666	1.11888
667	1.02564
667	1.19048
668	0.396825
668	0.416667
669	0.91954
669	1.1396
670	0.409836
670	1.1396
671	0.444939
671	0.423057
671	1.30719
672	1.21212
672	1.06101
672	1.30719
673	0.91954
673	0.952381
674	0.403226
674	0.952381
675	0.430108
676	1.00251
676	0.935673
677	0.409626
677	0.423057
678	1.1396
678	1.0582
679	1.00251
679	0.952381
680	0.390625
680	0.952381
681	1.0989
681	3.0303
682	0.396825
682	0.390625
683	0.943396
683	0.437397
683	0.423057
684	0.423729
684	0.403226
684	0.423057
685	0.391007
685	0.403226
686	1.23457
686	1.30719
686	3.0303
687	1.75439
687	3.0303
687	1.21212
688	0.390625
688	3.0303
688	1.21212
689	0.985222
689	0.952381
690	0.985222
690	1.00629
691	0.37296
691	0.3848
692	1.0989
692	0.968523
693	0.403226
693	0.968523
694	0.390625
695	1.23457
696	0.91954
696	0.431034
697	0.423729
697	1.1396
697	0.423729
698	0.378788
698	1.1396
698	0.423729
699	0.403226
700	0.416233
701	0.390625
702	0.390625
703	1.06101
704	0.403226
704	0.431034
705	1.00251
705	0.985222
706	1.02564
706	1.1611
706	1.02564
707	0.378788
707	0.968523
707	1.02564
708	1.0989
708	1.0989
709	0.391007
709	1.0989
710	0.935673
711	0.437397
711	0.430108
712	0.91954
713	1.06101
713	1.16959
713	1.06101
714	0.416233
714	0.437397
715	1.06101
715	1.03896
716	0.403226
716	1.03896
717	0.431034
717	0.409836
718	0.403226
718	0.409836
719	0.892857
719	1.0582
720	1.21212
720	1.0989
721	0.416233
722	0.416233
722	0.416233
723	1.19048
723	0.935673
724	0.403226
724	0.935673
725	0.409836
725	0.416667
726	1.19048
726	1.04302
727	1.0989
727	0.969697
728	0.452745
728	0.423057
729	0.378788
729	0.423057
730	1.07962
730	0.987654
731	0.403226
731	0.987654
732	0.403226
733	0.390625
734	0.403226
735	0.423057
735	0.403226
736	0.390625
736	0.403226
737	1.04302
737	0.840336
738	1.16959
738	1.06101
739	0.390625
739	1.06101
740	1.12281
740	1.19048
740	0.91954
741	0.416233
741	1.19048
741	0.91954
742	1.11888
742	0.969697
743	0.416233
743	0.423057
744	1.1396
744	0.952381
745	1.03896
745	1.02041
746	1.0582
746	1.07817
747	1.11888
747	0.985222
748	0.423057
748	0.409626
749	1.03896
749	1.02041
750	0.416233
750	1.02041
751	0.903955
751	1.07962
752	1.1396
752	0.985222
753	0.437397
753	0.423057
754	0.423729
754	0.409836
755	0.390625
755	0.409836
756	1.1396
756	1.14943
757	0.416667
757	1.14943
758	0.390625
759	0.390625
760	0.390625
761	0.862069
761	1.11111
762	0.391007
762	1.11111
763	0.952381
763	1.0989
764	1.23077
765	0.396825
765	1.19048
766	0.403226
767	1.1396
767	1.07817
768	0.403226
768	1.07817
769	0.423057
769	0.437397
770	0.390625
770	0.437397
771	0.423729
771	0.416667
772	0.390625
772	0.416667
773	1.03896
773	1.1396
774	0.403226
774	0.423729
775	0.409836
775	0.431034
776	0.987654
776	1.04302
777	0.390625
777	1.04302
778	0.91954
778	0.91954
778	0.91954
779	1.0989
779	0.903955
780	0.475766
780	0.903955
781	0.793651
781	2.66667
782	0.431034
782	0.403226
783	1.16959
783	0.825593
784	0.390625
784	0.825593
785	0.403226
785	0.403226
786	0.403226
786	0.403226
787	0.423729
787	0.416667
788	0.438596
788	0.403226
789	0.438596
789	0.403226
789	1.33333
790	0.403226
790	1.33333
791	0.403226
792	0.391007
793	0.423057
794	0.430108
795	0.430108
795	0.430108
796	1.0989
796	0.91954
797	0.416233
797	0.91954
798	1.00251
799	0.416233
799	0.437397
800	1.11888
800	1.02564
800	1.11888
801	1.23457
801	1.16959
801	1.11888
802	0.403226
802	1.16959
803	1.06101
804	0.416233
805	0.969697
806	0.444939
807	0.985222
807	0.403226
808	0.423729
808	0.952381
808	0.952381
808	0.444939
809	0.444939
809	0.416233
809	0.952381
809	0.444939
809	200
810	0.91954
810	1.02041
811	1.0989
811	0.952381
812	1.0989
812	0.952381
813	1.16959
813	0.855615
813	1.12045
814	0.409836
814	0.403226
814	1.12045
815	1.03896
815	1.14943
816	0.378788
817	1.1396
818	0.403226
818	1.14943
818	1.14943
819	1.06101
819	1.06101
819	1.14943
820	0.423057
820	0.437397
821	1.03896
821	0.91954
822	0.416667
822	0.91954
823	0.391007
824	1.1396
825	0.409836
825	0.403226
826	1.06101
826	0.431034
826	0.409836
827	0.968523
827	1.07962
827	0.409836
827	200
827	200
828	0.423057
828	0.444939
828	200
828	200
829	1.03896
829	1.1611
830	0.416233
830	1.1611
831	0.410889
831	0.397417
832	0.384615
832	0.403226
833	1.02564
833	0.925926
833	1.42857
834	1.02564
834	1.85185
834	1.02564
835	0.416233
835	1.85185
835	1.02564
836	0.935673
837	0.390625
838	0.985222
839	0.390625
840	0.877193
840	0.403226
841	0.40404
841	0.985222
842	0.410889
842	0.985222
842	0.410889
843	0.91954
843	0.985222
843	1.04302
843	200
844	1.00251
844	0.877193
844	200
845	0.390625
845	0.877193
846	1.00251
846	1.11888
847	1.02171
847	1.03896
848	0.423057
848	0.423057
849	0.969697
850	0.403226
850	0.969697
851	1.02041
852	0.390625
852	1.02041
852	1.0582
853	0.444939
853	0.430108
853	1.0582
854	0.409626
854	0.423057
855	1.02041
855	1.03896
856	0.766284
856	1.03896
857	0.91954
858	0.952381
858	1.11888
859	0.416667
859	0.403226
860	0.855615
861	0.416667
861	0.431034
862	1.16959
862	1.11888
863	0.417973
863	0.952381
863	0.410889
864	0.416233
864	0.952381
864	0.410889
865	1.02041
865	1.07817
866	1.07817
867	0.430108
867	0.437397
868	0.403226
868	0.437397
869	0.416233
870	0.403226
871	0.935673
872	0.403226
872	1.11888
873	0.430108
873	0.430108
874	0.430108
874	0.430108
875	0.390625
875	0.430108
876	1.16959
876	1.16959
877	0.935673
877	0.935673
877	4.84848
877	4.84848
878	0.855615
878	1.0989
879	1.5444
879	1.1396
880	0.409836
880	0.403226
881	0.403226
881	0.409836
882	0.416233
882	0.409836
883	0.390625
884	0.391007
885	0.952381
886	0.378788
887	0.403226
888	0.437397
888	0.403226
889	0.390625
889	0.403226
890	1.0989
890	1.1396
891	1.23457
891	1.02041
892	0.3848
892	1.02041
893	1.14943
893	1.02041
894	0.423057
894	0.423057
895	0.390625
895	0.423057
896	0.935673
896	0.952381
897	0.403226
897	0.952381
898	1.1611
898	1.21212
899	0.403226
899	1.21212
900	0.416233
901	0.403226
902	0.416233
903	0.403226
904	1.0989
904	0.936768
905	2.77778
905	1.11888
905	1.0989
906	1.0989
906	0.952381
906	1.11888
907	0.416233
907	0.952381
907	1.11888
908	0.403226
909	0.935673
910	0.409836
910	0.416667
911	1.11888
912	0.403226
912	0.840336
912	0.416667
913	0.969697
913	0.840336
913	0.987654
914	0.390625
914	0.987654
915	1.23457
916	1.1396
916	1.18343
917	0.397417
918	0.952381
919	0.378788
919	0.952381
920	0.423729
920	0.416667
921	1.1396
921	0.952381
922	0.378788
922	1.1396
922	1.53846
923	0.409836
923	0.409836
923	1.53846
924	1.16959
924	0.825593
925	1.30719
925	1.0582
926	1.14286
926	0.423057
926	0.444939
927	1.19048
927	0.969697
927	0.444939
928	1.21212
928	1.11888
929	0.391007
929	1.11888
930	1.11888
930	1.30933
931	1.11888
931	1.03896
932	0.91954
932	1.03896
933	1.07817
934	0.378788
935	0.40404
936	1.07962
937	0.403226
937	1.07962
938	1.0989
939	1.03896
940	0.409836
940	0.416667
941	0.378788
942	0.391007
942	0.378788
943	0.438596
943	0.416667
944	0.460829
944	0.416667
945	0.460829
946	0.403226
946	0.409836
947	0.430108
947	0.409836
948	0.416233
948	2.0202
949	0.416667
949	0.416667
950	0.833333
950	1.23457
951	0.985222
951	1.02041
952	0.409836
952	0.409836
953	0.985222
953	0.935673
954	0.403226
954	0.935673
955	0.409836
955	0.403226
956	0.403226
956	0.403226
957	0.403226
957	0.403226
957	266.667
958	0.403226
958	266.667
959	0.888889
960	0.416233
961	1.25589
961	0.952381
962	0.416233
962	1.25589
962	0.952381
963	1.00629
963	0.409836
963	1.00629
964	0.391007
964	0.409836
964	1.00629
965	0.403226
966	0.430108
967	0.416233
968	0.40404
968	0.40404
969	0.410889
969	0.40404
969	2.38095
970	0.403226
970	0.409836
970	2.38095
971	1.1396
971	1.03896
972	0.416233
972	0.444939
973	0.985222
973	1.03896
974	0.985222
974	0.969697
975	0.409836
975	0.416667
976	0.416233
976	0.416667
977	1.21212
977	1.1396
978	0.409836
978	1.1396
979	1.00251
980	1.07962
981	1.06101
981	266.667
982	0.823045
983	0.969697
984	1.04302
985	0.430108
985	0.416233
986	0.403226
986	1.03896
987	0.416233
987	0.430108
987	0.403226
987	1.03896
988	0.403226
988	0.430108
989	0.969697
989	1.0989
990	0.423057
990	0.423057
991	0.416667
991	0.423057
992	0.987654
992	1.0989
993	0.403226
994	0.416667
994	0.409836
995	1.12994
995	1.02041
996	0.416233
996	0.423057
997	0.444939
997	0.423057
998	0.390625
998	0.423057
999	0.403226
999	0.396825
1000	0.403226
1000	0.396825
1001	0.409836
1001	0.416667
1002	0.416667
1002	0.416667
1003	1.06101
1003	0.888889
1004	0.985222
1004	0.952381
1005	0.416667
1005	0.396825
1006	1.12994
1006	1.1611
1007	0.378788
1008	1.02041
1008	1.19048
1009	0.91954
1009	1.04302
1010	1.0989
1010	1.02041
1011	0.935673
1011	1.25589
1012	0.403226
1012	1.25589
1013	0.390625
1014	0.416233
1015	0.444939
1016	0.390625
1017	0.416233
1018	0.378788
1019	0.403226
1019	0.403226
1020	0.403226
1020	0.403226
1021	0.409836
1021	0.396825
1022	0.423057
1022	0.444939
1023	1.03896
1023	1.02041
1024	0.403226
1024	1.02041
1025	0.390625
1026	0.403226
1027	0.378788
1028	1.07962
1029	0.888889
1030	1.02041
1031	0.403226
1032	1.18343
1032	1.0989
1033	1.0582
1033	1.07962
1034	1.08844
1034	1.30719
1035	1.19048
1035	1.02041
1035	1.02041
1036	1.07962
1037	0.416233
1037	1.03896
1038	0.378788
1038	1.03896
1039	0.416667
1040	0.935673
1041	0.390625
1042	1.0582
1042	0.416667
1043	0.431034
1043	1.00251
1043	0.431034
1044	0.935673
1044	1.02564
1045	0.403226
1045	1.02564
1046	0.430108
1046	0.403226
1047	0.423057
1047	0.430108
1048	0.437397
1048	0.416233
1049	0.409836
1049	0.416667
1050	0.797607
1050	1.07962
1051	1.02041
1051	1.11888
1052	0.935673
1052	1.11888
1053	1.0989
1054	0.403226
1055	1.04302
1055	0.797607
1056	1.00629
1056	1.03896
1057	0.403226
1057	1.03896
1058	1.06101
1058	1.02041
1059	1.1396
1059	0.922722
1059	1.1396
1060	0.416233
1060	0.423057
1060	1.0989
1061	0.416233
1061	0.423057
1061	1.63265
1062	0.390625
1062	1.63265
1063	0.403226
1064	1.16959
1064	1.12994
1065	0.909091
1065	1.0989
1066	1.19048
1066	0.969697
1067	1.06101
1067	1.11888
1068	0.390625
1068	1.11888
1069	0.935673
1069	1.4652
1070	1.0989
1070	1.03896
1071	0.390625
1071	1.03896
1072	0.403226
1073	0.403226
1074	0.416233
1075	0.423057
1075	0.423057
1076	1.14943
1076	1.19048
1077	0.397417
1077	0.397417
1078	1.23457
1078	1.12994
1079	0.416667
1079	0.409836
1080	0.416667
1080	0.403226
1081	0.403226
1081	0.403226
1082	0.391007
1083	0.403226
1084	0.403226
1085	1.03896
1086	0.444939
1086	2.15054
1086	0.423057
1087	0.416233
1087	0.416233
1087	0.423057
1088	0.416667
1088	0.403226
1089	0.840336
1089	0.403226
1090	1.14943
1090	1.02564
1091	0.403226
1091	1.02564
1092	1.19048
1092	1.11888
1093	0.811359
1093	1.16959
1094	0.416233
1094	0.437397
1095	0.3848
1095	0.437397
1096	0.423729
1096	0.403226
1097	0.766284
1097	1.11111
1098	0.952381
1098	1.11888
1099	0.390625
1099	1.11888
1100	1.0989
1100	0.91954
1101	0.390625
1101	0.91954
1102	1.03896
1102	0.987654
1103	1.0989
1103	1.11888
1104	0.403226
1104	1.11888
1105	0.403226
1106	0.808081
1106	1.0989
1107	0.403226
1108	0.987654
1109	0.403226
1109	0.416667
1110	0.935673
1110	0.403226
1111	0.416233
1111	0.430108
1112	0.403226
1112	0.430108
1113	1.25786
1113	0.91954
1114	0.403226
1114	0.91954
1115	0.451977
1115	0.451977
1116	1.16959
1116	1.04302
1117	0.403226
1117	0.403226
1118	1.1396
1118	0.403226
1119	1.07962
1119	1.34454
1119	1.8018
1120	0.391007
1120	0.425306
1120	1.8018
1121	0.416233
1121	0.425306
1122	0.91954
1122	1.11888
1123	0.403226
1123	0.409836
1123	160
1123	160
1124	0.416233
1124	0.452745
1124	160
1125	0.403226
1125	0.452745
1126	0.403226
1126	0.452745
1127	1.11888
1127	1.1396
1128	1.0582
1128	0.969697
1129	0.952381
1129	0.969697
1130	0.390625
1130	0.987654
1130	0.987654
1131	0.987654
1131	0.987654
1131	0.987654
1131	0.987654
1132	0.438596
1132	0.431034
1132	0.987654
1133	1.03896
1133	1.12994
1134	0.403226
1135	1.00251
1136	0.403226
1137	1.11888
1137	0.903955
1138	0.378788
1138	0.903955
1139	1.00251
1140	0.403226
1141	0.390625
1142	1.07817
1142	0.952381
1143	0.416233
1143	1.30719
1144	0.409626
1144	1.30719
1144	3.33333
1145	1.1396
1145	3.33333
1145	1.50094
1146	0.403226
1146	3.33333
1147	1.23457
1147	1.11888
1148	1.06101
1148	1.11888
1149	0.416667
1149	0.403226
1150	0.985222
1150	1.11888
1150	0.985222
1151	0.969697
1151	1.11888
1152	0.416233
1153	1.1396
1153	0.390625
1154	0.840336
1154	1.1396
1155	0.968523
1155	1.19048
1156	1.0989
1156	1.25786
1157	0.403226
1157	1.03896
1158	0.430108
1158	1.03896
1159	1.00883
1160	1.02041
1160	1.02041
1160	0.968523
1161	0.378788
1161	1.02041
1161	0.968523
1162	0.430108
1163	1.02041
1164	0.91954
1165	1.04302
1165	1.07962
1166	0.423057
1166	0.987654
1166	0.430108
1167	0.952381
1167	0.825593
1167	1.1396
1168	0.416233
1168	0.416233
1169	0.423729
1169	0.423729
1170	0.403226
1170	0.423729
1171	0.416667
1172	1.07962
1173	0.437397
1173	0.416233
1174	0.390625
1175	1.02041
1176	1.0582
1177	0.416233
1178	1.04302
1178	0.987654
1179	0.403226
1179	0.985222
1180	1.11888
1180	0.403226
1181	0.403226
1181	0.403226
1182	0.416233
1183	0.403226
1184	0.985222
1185	0.403226
1185	0.409836
1186	1.06101
1186	1.03896
1187	0.416233
1187	0.416233
1188	0.403226
1188	0.416233
1189	1.21212
1189	0.968523
1190	1.02041
1190	0.968523
1191	1.25589
1191	1.11888
1192	0.952381
1192	0.416233
1193	0.423057
1193	1.21581
1193	0.416233
1193	0.423057
1194	1.07962
1194	0.677966
1194	0.423057
1195	0.403226
1195	0.677966
1196	0.403226
1197	0.969697
1198	1.20664
1198	1.16959
1199	1.02041
1199	1.18343
1199	1.02041
1200	0.423057
1200	0.437397
1200	1.02041
1201	0.969697
1201	1.18343
1202	0.969697
1203	0.888889
1203	1.19048
1204	1.03896
1205	0.452745
1205	0.437397
1206	0.423729
1206	0.403226
1207	0.430108
1207	0.403226
1208	0.416233
1208	0.437397
1209	0.416667
1209	0.403226
1210	1.06101
1210	1.12994
1211	0.409836
1211	0.423729
1212	0.855615
1212	0.423729
1213	0.444939
1213	0.416233
1214	1.04575
1214	0.416233
1215	0.403226
1215	0.409836
1216	1.04302
1216	1.0989
1216	2.89855
1217	0.403226
1217	0.423729
1217	2.89855
1217	2.89855
1218	1.07962
1218	1.1396
1218	2.89855
1218	2.89855
1219	0.403226
1219	1.1396
1219	200
1220	0.423729
1220	0.416667
1220	200
1221	0.840336
1221	1.19048
1222	0.390625
1222	1.19048
1223	0.417973
1223	0.40404
1224	0.968523
1224	0.903955
1225	0.403226
1225	0.903955
1226	0.91954
1227	1.07962
1227	0.969697
1228	0.403226
1229	0.403226
1230	0.430108
1230	0.430108
1231	0.952381
1231	1.0989
1232	1.20664
1232	1.21212
1233	0.390625
1233	1.21212
1234	0.378788
1235	0.403226
1236	0.403226
1237	0.390625
1237	0.390625
1238	0.416233
1238	0.952381
1238	0.416233
1239	1.07962
1239	1.1396
1239	0.416233
1240	1.11111
1241	1.00251
1241	1.02041
1242	1.1396
1242	1.16959
1243	1.92308
1243	3.0303
1244	0.903955
1244	1.07962
1244	200
1245	0.437397
1245	0.437397
1246	1.04302
1246	1.1396
1247	0.430108
1247	0.416233
1248	0.403226
1248	0.416667
1249	0.416667
1249	0.396825
1250	0.430108
1250	0.396825
1251	0.91954
1251	1.11888
1252	0.430108
1252	0.444939
1253	1.06101
1253	0.444939
1254	1.1611
1254	1.02041
1255	0.410256
1255	0.409836
1256	0.390625
1256	0.409836
1257	0.390625
1258	0.877193
1258	1.02041
1259	0.430108
1259	0.430108
1260	0.423729
1260	0.409836
1261	0.390625
1261	0.409836
1262	1.0989
1262	1.02564
1263	0.390625
1263	0.416667
1264	1.00251
1264	0.877193
1265	0.444939
1265	0.430108
1265	266.667
1266	1.0989
1266	1.02041
1266	266.667
1267	0.423057
1267	0.423057
1268	0.423057
1268	0.423057
1269	0.390625
1270	0.969697
1270	1.11111
1271	0.403226
1271	1.11111
1272	0.431034
1273	0.390625
1273	1.38889
1274	0.409836
1274	0.409836
1275	0.391007
1275	0.409836
1276	0.985222
1276	1.02041
1277	0.423729
1277	0.390625
1278	0.397417
1278	0.390625
1278	1.14286
1279	0.91954
1279	0.91954
1279	1.38889
1280	1.03896
1280	1.11888
1280	1.38889
1281	0.430108
1281	0.437397
1282	0.437397
1282	0.423057
1283	0.437397
1283	0.409626
1284	0.91954
1284	1.07962
1285	1.1396
1285	0.952381
1286	0.416233
1286	0.952381
1287	0.825593
1288	0.390625
1289	1.23457
1289	0.403226
1290	0.409836
1290	0.403226
1291	1.02041
1291	1.07962
1291	1.02564
1292	0.935673
1292	1.07962
1292	1.02564
1293	0.390625
1294	1.14943
1294	0.403226
1295	0.423729
1295	1.06101
1295	0.423729
1296	0.409836
1296	0.403226
1296	0.423729
1297	0.403226
1297	0.403226
1298	0.985222
1299	1.14943
1300	1.00251
1301	0.968523
1302	0.987654
1303	0.423729
1304	0.403226
1305	0.378788
1306	1.1611
1307	0.403226
1307	1.0582
1308	1.04302
1308	1.1611
1309	1.11888
1309	0.922722
1310	0.423057
1310	0.430108
1311	0.378788
1311	0.430108
1312	0.390625
1313	0.403226
1314	0.403226
1315	0.430108
1316	1.19048
1317	0.403226
1318	0.840336
1318	0.390625
1319	1.63265
1319	1.0989
1319	1.63265
1320	0.452745
1320	0.423057
1320	1.36054
1321	1.07817
1321	1.1396
1321	1.36054
1321	1.07817
1322	0.403226
1322	0.409836
1322	1.07817
1323	0.437397
1323	0.409836
1323	4.27807
1324	0.416233
1324	4.27807
1325	1.1611
1325	1.16959
1326	1.06101
1326	1.21212
1327	0.903955
1327	1.0989
1328	1.6632
1328	1.0582
1329	0.410889
1329	0.397417
1330	0.403226
1330	0.397417
1330	200
1330	200
1331	0.903955
1331	1.04302
1332	1.06101
1332	0.969697
1333	0.416233
1333	0.409626
1334	0.403226
1335	0.968523
1336	1.0582
1337	1.11888
1337	1.06101
1338	0.403226
1338	1.1396
1338	0.423729
1339	1.0989
1339	0.91954
1339	1.16959
1340	0.403226
1340	0.416667
1340	1.16959
1341	1.11888
1341	0.91954
1342	0.416667
1342	0.423729
1343	0.91954
1343	1.25786
1344	0.403226
1344	1.25786
1345	0.403226
1346	0.825593
1347	0.91954
1347	1.1396
1348	0.390625
1348	1.25786
1349	0.985222
1349	1.07962
1350	1.11888
1350	1.19048
1351	1.06101
1351	1.21212
1352	1.06101
1352	1.03896
1353	0.390625
1353	1.03896
1354	0.444939
1354	0.430108
1355	0.409836
1355	0.403226
1356	0.437397
1356	0.403226
1357	0.391007
1358	1.0582
1359	0.952381
1359	0.423729
1359	1.43113
1360	0.403226
1360	0.423729
1360	1.43113
1361	0.797607
1361	1.1396
1361	1.43113
1362	0.430108
1362	0.437158
1363	0.423057
1363	0.409626
1364	1.03896
1364	1.16959
1365	1.02564
1365	1.02041
1366	0.390625
1366	1.02041
1367	0.437397
1367	0.409626
1368	1.19048
1368	0.779727
1369	0.423057
1369	0.444939
1370	0.877193
1370	0.985222
1371	0.403226
1371	0.430108
1372	1.1396
1372	1.03896
1373	0.416233
1373	0.444939
1374	1.07962
1374	1.1396
1375	1.02041
1375	1.11888
1376	0.403226
1376	1.11888
1377	0.423057
1377	0.409626
1378	0.416233
1378	0.409626
1379	0.390625
1379	0.423729
1380	0.416667
1380	0.431034
1381	0.819672
1381	0.968523
1382	0.91954
1382	0.968523
1383	0.430108
1384	0.416667
1385	0.396825
1385	0.396825
1386	0.430108
1386	0.766284
1386	0.396825
1387	0.423729
1387	0.431034
1388	0.825593
1388	1.07962
1389	0.403226
1389	1.07962
1390	1.06101
1390	0.952381
1391	0.416233
1391	0.952381
1392	1.07962
1392	0.935673
1393	0.811359
1393	0.935673
1394	1.03896
1394	1.11111
1395	0.935673
1396	0.403226
1397	0.935673
1397	1.23457
1398	0.416233
1398	1.04302
1398	0.430108
1399	0.390625
1399	1.04302
1399	0.430108
1400	0.430108
1400	0.423057
1401	1.06101
1401	0.952381
1402	1.07962
1402	1.23457
1403	0.416233
1403	0.42328
1404	0.847458
1404	0.903955
1405	1.00629
1405	1.12994
1406	1.11888
1406	0.888889
1407	0.952381
1407	1.14943
1408	0.391007
1408	2.66667
1409	0.935673
1409	1.0989
1410	0.416233
1410	1.0989
1411	0.987654
1411	1.06101
1412	0.390625
1412	1.06101
1413	0.430108
1413	0.430108
1414	1.03896
1414	0.987654
1415	0.840336
1415	1.06101
1416	1.0582
1416	1.20664
1416	0.967937
1417	0.91954
1417	1.20664
1417	1.07962
1418	0.403226
1418	1.07962
