1	0	T 80	80	40	40	
2	0	T 82	81	40	40	
3	1	T 84	82	40	40	P 80	80	40	40	
4	1	T 86	83	40	40	P 80	80	40	40	
5	1	T 88	84	40	40	P 82	81	40	39	
6	1	T 90	85	40	40	P 86	82	38	41	
7	1	T 92	86	40	40	P 88	84	40	40	
8	1	T 94	87	40	40	P 90	84	40	41	
9	2	T 96	88	40	40	P 92	86	40	40	P 92	86	40	40	
10	3	T 98	89	40	40	P 94	86	40	41	P 98	88	37	40	P 94	86	40	41	
11	3	T 100	90	40	40	P 100	90	40	40	P 98	88	37	40	P 94	86	40	41	
12	1	T 102	91	40	40	P 102	90	40	41	
13	1	T 104	92	40	40	P 104	92	40	40	
14	1	T 106	93	40	40	P 106	93	40	39	
15	1	T 108	94	40	40	P 106	94	40	39	
16	1	T 110	95	40	40	P 108	94	40	40	
17	1	T 112	96	40	40	P 110	95	40	39	
18	1	T 114	97	40	40	P 110	96	40	38	
19	1	T 116	98	40	40	P 112	96	40	40	
20	1	T 118	99	40	40	P 114	96	40	41	
21	2	T 120	100	40	40	P 118	98	38	40	P 118	98	38	40	
22	2	T 122	101	40	40	P 118	100	40	39	P 122	101	40	39	
23	2	T 124	102	40	40	P 122	102	40	39	P 124	102	40	40	
24	2	T 126	103	40	40	P 126	102	40	40	P 124	102	40	40	
25	1	T 128	104	40	40	P 128	104	39	40	
26	1	T 130	105	40	40	P 130	104	37	41	
27	1	T 132	106	40	40	P 132	106	40	40	
28	1	T 134	107	40	40	P 135	106	39	40	
29	1	T 136	108	40	40	P 135	106	39	41	
30	1	T 138	109	40	40	P 136	108	40	38	
31	1	T 140	110	40	40	P 136	108	37	40	
32	1	T 142	111	40	40	P 142	110	40	41	
33	1	T 144	112	40	40	P 140	109	38	39	
34	1	T 146	113	40	40	P 140	110	40	40	
35	2	T 148	114	40	40	P 138	110	40	38	P 148	114	40	40	
36	5	T 150	115	40	40	P 144	112	40	40	P 178	112	3	38	P 146	112	40	41	P 146	112	40	41	P 150	114	40	41	
37	5	T 152	116	40	40	P 146	112	40	40	P 150	114	40	40	P 146	112	40	41	P 146	112	40	41	P 150	114	40	41	
38	2	T 154	117	40	40	P 154	116	40	41	P 150	114	40	40	
39	2	T 156	118	40	40	P 156	118	40	38	P 156	118	40	40	
40	2	T 158	119	40	40	P 158	118	40	41	P 156	118	40	40	
41	1	T 160	120	40	40	P 160	120	40	38	
42	2	T 162	121	40	40	P 160	120	40	38	P 162	122	3	36	
43	2	T 164	122	40	40	P 164	122	40	40	P 166	122	37	40	
44	2	T 166	123	40	40	P 166	122	36	40	P 166	122	40	40	
45	2	T 168	124	40	40	P 168	124	40	38	P 168	124	40	40	
46	2	T 170	125	40	40	P 170	124	40	41	P 168	124	40	40	
47	1	T 172	126	40	40	P 172	126	40	38	
48	1	T 174	127	40	40	P 176	127	34	39	
49	1	T 176	128	40	40	P 176	128	40	40	
50	2	T 178	129	40	40	P 174	128	38	38	P 212	129	3	39	
51	2	T 180	130	40	40	P 178	130	40	39	P 180	130	37	38	
52	2	T 182	131	40	40	P 182	130	40	40	P 182	130	40	41	
53	2	T 184	132	40	40	P 184	132	40	38	P 184	132	40	40	
54	2	T 186	133	40	40	P 188	133	38	39	P 186	134	40	39	
55	2	T 188	134	40	40	P 188	134	40	40	P 190	134	38	38	
56	2	T 190	135	40	40	P 190	134	38	40	P 190	134	38	38	
57	1	T 192	136	40	40	P 192	136	38	40	
58	1	T 194	137	40	40	P 192	136	38	40	
59	1	T 196	138	40	40	P 196	138	40	40	
60	1	T 198	139	40	40	P 198	140	38	39	
61	1	T 200	140	40	40	P 200	140	37	40	
62	3	T 202	141	40	40	P 202	142	40	39	P 194	138	5	38	P 194	138	5	38	
63	4	T 204	142	40	40	P 231	138	3	36	P 194	138	5	38	P 194	138	5	38	P 204	142	40	40	
64	2	T 206	143	40	40	P 206	143	40	39	P 206	144	40	39	
65	2	T 208	144	40	40	P 206	143	40	39	P 206	144	40	39	
66	2	T 210	145	40	40	P 210	145	36	39	P 210	146	40	38	
67	2	T 212	146	40	40	P 210	145	36	39	P 210	146	40	38	
68	1	T 214	147	40	40	P 214	146	40	40	
69	4	T 216	148	40	40	P 243	144	2	38	P 247	146	5	38	P 247	146	5	38	P 216	148	40	38	
70	4	T 218	149	40	40	P 243	144	2	38	P 247	146	5	38	P 247	146	5	38	P 216	148	40	38	
71	2	T 220	150	40	40	P 220	150	40	40	P 220	150	40	38	
72	2	T 222	151	40	40	P 222	150	40	41	P 220	150	40	38	
73	1	T 224	152	40	40	P 224	152	40	40	
74	1	T 226	153	40	40	P 228	152	38	40	
75	1	T 228	154	40	40	P 226	152	40	40	
76	1	T 230	155	40	40	P 228	154	40	40	
77	1	T 232	156	40	40	P 230	158	40	37	
78	1	T 234	157	40	40	P 232	156	40	40	
79	1	T 236	158	40	40	P 234	156	40	40	
80	1	T 238	159	40	40	P 234	156	40	41	
81	1	T 240	160	40	40	P 236	158	40	38	
82	1	T 242	161	40	40	P 236	158	40	40	
83	1	T 244	162	40	40	P 238	158	40	40	
84	2	T 246	163	40	40	P 238	158	40	41	P 238	158	40	41	
85	2	T 248	164	40	40	P 240	160	40	40	P 242	160	39	40	
86	2	T 250	165	40	40	P 244	164	40	38	P 248	164	39	38	
87	2	T 252	166	40	40	P 248	164	39	40	P 250	165	40	39	
88	2	T 254	167	40	40	P 252	166	40	40	P 254	166	38	40	
89	2	T 256	168	40	40	P 256	168	40	38	P 256	168	40	40	
90	3	T 258	169	40	40	P 258	168	40	41	P 256	168	40	40	P 208	144	5	38	
91	2	T 260	170	40	40	P 260	170	40	40	P 208	144	5	38	
92	2	T 262	171	40	40	P 262	171	36	39	P 212	146	5	38	
93	2	T 264	172	40	40	P 264	172	40	40	P 212	146	5	38	
94	2	T 266	173	40	40	P 262	172	40	38	P 266	172	40	40	
95	2	T 268	174	40	40	P 266	172	40	41	P 268	174	40	40	
96	2	T 270	175	40	40	P 270	175	40	39	P 270	176	40	38	
97	2	T 272	176	40	40	P 270	175	40	39	P 270	176	40	38	
98	4	T 274	177	40	40	P 274	177	40	39	P 274	178	40	39	P 307	176	5	38	P 307	176	5	38	
99	4	T 276	178	40	40	P 276	178	40	40	P 278	178	38	40	P 307	176	5	38	P 307	176	5	38	
100	2	T 278	179	40	40	P 278	178	38	40	P 278	178	38	40	
101	3	T 280	180	40	40	P 280	180	40	40	P 272	176	5	38	P 272	176	5	38	
102	3	T 282	181	40	40	P 280	180	40	40	P 272	176	5	38	P 272	176	5	38	
103	1	T 284	182	40	40	P 284	182	40	40	
104	3	T 286	183	40	40	P 284	182	40	40	P 282	182	5	38	P 321	184	5	38	
105	3	T 288	184	40	40	P 288	184	5	38	P 282	182	5	38	P 320	184	2	34	
106	3	T 290	185	40	40	P 290	184	40	40	P 282	182	5	38	P 323	184	5	38	
107	2	T 292	186	40	40	P 292	186	40	40	P 323	184	5	38	
108	1	T 294	187	40	40	P 294	186	40	40	
109	1	T 296	188	40	40	P 296	188	40	40	
110	1	T 298	189	40	40	P 298	189	38	39	
111	1	T 300	190	40	40	P 300	190	40	40	
112	1	T 302	191	40	40	P 298	190	38	39	
113	1	T 304	192	40	40	P 302	190	40	40	
114	1	T 306	193	40	40	P 302	190	40	41	
115	1	T 308	194	40	40	P 304	192	40	40	
116	1	T 310	195	40	40	P 306	194	40	38	
117	1	T 312	196	40	40	P 308	196	40	37	
118	3	T 314	197	40	40	P 310	194	40	40	P 310	194	40	40	P 312	196	39	40	
119	3	T 316	198	40	40	P 310	194	40	41	P 312	196	39	40	P 312	196	40	40	
120	3	T 318	199	40	40	P 316	198	40	40	P 318	199	38	39	P 312	196	40	40	
121	2	T 320	200	40	40	P 320	200	38	38	P 318	199	38	39	
122	1	T 322	201	40	40	P 320	200	38	38	
123	3	T 324	202	40	40	P 324	202	5	38	P 357	202	5	38	P 357	202	5	38	
124	3	T 326	203	40	40	P 326	204	38	39	P 359	202	5	38	P 326	204	38	38	
125	3	T 328	204	40	40	P 328	204	40	40	P 359	202	5	38	P 326	204	38	38	
126	1	T 330	205	40	40	P 330	204	40	41	
127	1	T 332	206	40	40	P 332	206	40	40	
128	1	T 334	207	40	40	P 332	206	36	40	
129	1	T 336	208	40	40	P 334	207	40	39	
130	1	T 338	209	40	40	P 334	208	40	39	
131	2	T 340	210	40	40	P 338	208	40	41	P 338	208	40	41	
132	3	T 342	211	40	40	P 340	210	40	40	P 342	211	40	39	P 340	210	40	40	
133	3	T 344	212	40	40	P 346	212	36	40	P 344	212	40	40	P 340	210	40	40	
134	2	T 346	213	40	40	P 346	213	40	39	P 346	214	40	39	
135	2	T 348	214	40	40	P 348	214	40	38	P 348	214	40	40	
136	2	T 350	215	40	40	P 350	214	40	40	P 348	214	40	40	
137	1	T 352	216	40	40	P 352	216	40	40	
138	1	T 354	217	40	40	P 354	217	40	39	
139	1	T 356	218	40	40	P 356	218	40	38	
140	1	T 358	219	40	40	P 356	218	40	40	
141	1	T 360	220	40	40	P 358	218	40	40	
142	2	T 362	221	40	40	P 361	220	39	38	P 362	220	40	41	
143	2	T 364	222	40	40	P 362	220	40	40	P 361	220	35	40	
144	2	T 366	223	40	40	P 364	222	40	38	P 364	222	40	40	
145	2	T 368	224	40	40	P 366	222	40	40	P 368	224	40	40	
146	2	T 370	225	40	40	P 370	224	40	41	P 368	224	40	40	
147	2	T 372	226	40	40	P 372	226	40	38	P 374	226	38	40	
148	2	T 374	227	40	40	P 374	226	36	40	P 374	226	36	41	
149	4	T 376	228	40	40	P 374	226	36	40	P 374	226	36	41	P 376	228	5	38	P 411	228	2	38	
150	2	T 378	229	40	40	P 376	228	5	38	P 411	228	2	38	
151	3	T 380	230	40	40	P 380	230	40	40	P 413	230	5	38	P 413	230	5	38	
152	3	T 382	231	40	40	P 382	230	40	40	P 382	230	40	41	P 413	230	5	38	
153	2	T 384	232	40	40	P 386	232	38	40	P 384	232	40	40	
154	2	T 386	233	40	40	P 386	232	40	41	P 386	232	40	40	
155	2	T 388	234	40	40	P 388	234	40	40	P 386	232	40	40	
156	2	T 390	235	40	40	P 390	234	40	40	P 390	234	40	41	
157	2	T 392	236	40	40	P 392	236	40	40	P 390	234	40	41	
158	2	T 394	237	40	40	P 394	237	40	39	P 394	238	40	39	
159	2	T 396	238	40	40	P 396	238	40	40	P 394	238	40	39	
160	1	T 398	239	40	40	P 398	239	40	39	
161	1	T 400	240	40	40	P 400	240	40	40	
162	1	T 402	241	40	40	P 402	241	39	39	
163	1	T 404	242	40	40	P 404	242	40	40	
164	1	T 406	243	40	40	P 402	242	39	39	
165	2	T 408	244	40	40	P 408	244	40	40	P 408	244	35	39	
166	3	T 410	245	40	40	P 440	243	3	39	P 406	244	40	38	P 410	245	38	39	
167	3	T 412	246	40	40	P 412	246	40	40	P 408	244	40	38	P 410	246	38	39	
168	3	T 414	247	40	40	P 414	247	40	39	P 414	248	40	39	P 410	246	38	39	
169	2	T 416	248	40	40	P 416	248	40	40	P 414	248	40	39	
170	1	T 418	249	40	40	P 416	248	40	40	
171	1	T 420	250	40	40	P 420	250	40	40	
172	1	T 422	251	40	40	P 422	251	38	39	
173	1	T 424	252	40	40	P 424	252	40	40	
174	1	T 426	253	40	40	P 422	252	40	39	
175	1	T 428	254	40	40	P 424	252	40	38	
176	1	T 430	255	40	40	P 426	254	40	38	
177	1	T 432	256	40	40	P 426	254	40	39	
178	1	T 434	257	40	40	P 428	254	40	38	
179	1	T 436	258	40	40	P 428	254	40	40	
180	2	T 438	259	40	40	P 430	256	40	39	P 434	256	38	40	
181	4	T 440	260	40	40	P 432	256	40	38	P 432	256	37	40	P 434	256	38	41	P 438	260	40	39	
182	4	T 442	261	40	40	P 434	256	38	40	P 434	256	38	41	P 436	258	40	38	P 436	258	40	40	
183	4	T 444	262	40	40	P 442	260	40	41	P 438	260	40	39	P 444	262	40	40	P 436	258	40	40	
184	3	T 446	263	40	40	P 446	262	40	40	P 446	262	40	41	P 444	262	40	40	
185	2	T 448	264	40	40	P 448	264	40	40	P 446	262	40	41	
186	1	T 450	265	40	40	P 450	264	40	41	
187	1	T 452	266	40	40	P 452	266	40	40	
188	1	T 454	267	40	40	P 454	266	40	41	
189	2	T 456	268	40	40	P 454	266	40	41	P 456	268	5	38	
190	2	T 458	269	40	40	P 458	269	40	39	P 456	268	5	38	
191	1	T 460	270	40	40	P 460	270	40	40	
192	1	T 462	271	40	40	P 462	270	40	41	
193	2	T 464	272	40	40	P 493	270	3	36	P 464	272	40	38	
194	2	T 466	273	40	40	P 466	273	38	39	P 464	272	40	38	
195	2	T 468	274	40	40	P 468	274	36	40	P 468	274	40	40	
196	2	T 470	275	40	40	P 470	274	40	41	P 500	274	3	39	
197	2	T 472	276	40	40	P 472	276	40	40	P 500	274	3	39	
198	2	T 474	277	40	40	P 475	276	39	40	P 474	276	40	41	
199	2	T 476	278	40	40	P 476	278	40	40	P 474	276	40	41	
200	1	T 478	279	40	40	P 478	279	40	39	
201	1	T 480	280	40	40	P 480	280	40	38	
202	1	T 482	281	40	40	P 482	280	38	40	
203	2	T 484	282	40	40	P 482	280	40	41	P 482	280	40	41	
204	2	T 486	283	40	40	P 482	280	40	40	P 486	282	40	40	
205	2	T 488	284	40	40	P 486	282	40	41	P 488	284	40	40	
206	2	T 490	285	40	40	P 490	285	40	39	P 488	284	40	40	
207	1	T 492	286	40	40	P 492	286	40	40	
208	1	T 494	287	40	40	P 494	287	40	39	
209	1	T 496	288	40	40	P 496	288	40	38	
210	2	T 498	289	40	40	P 528	288	3	39	P 498	289	40	39	
211	3	T 500	290	40	40	P 500	290	38	39	P 498	289	40	39	P 500	290	38	39	
212	2	T 502	291	40	40	P 502	290	40	41	P 500	290	38	39	
213	1	T 504	292	40	40	P 504	292	40	40	
214	1	T 506	293	40	40	P 506	292	38	40	
215	1	T 508	294	40	40	P 508	294	40	40	
216	1	T 510	295	40	40	P 510	294	40	41	
217	1	T 512	296	40	40	P 512	296	40	38	
218	1	T 514	297	40	40	P 514	296	38	40	
219	1	T 516	298	40	40	P 514	296	39	41	
220	1	T 518	299	40	40	P 515	296	38	40	
221	1	T 520	300	40	40	P 516	298	40	40	
222	2	T 522	301	40	40	P 518	300	40	38	P 520	300	40	40	
223	2	T 524	302	40	40	P 520	300	40	40	P 524	302	40	38	
224	2	T 526	303	40	40	P 526	303	40	39	P 556	301	3	39	
225	2	T 528	304	40	40	P 528	304	40	40	P 556	301	3	39	
226	1	T 530	305	40	40	P 530	304	40	41	
227	1	T 532	306	40	40	P 532	306	40	40	
228	1	T 534	307	40	40	P 534	307	40	39	
229	1	T 536	308	40	40	P 534	308	40	39	
230	1	T 538	309	40	40	P 536	308	40	38	
231	1	T 540	310	40	40	P 538	310	40	38	
232	1	T 542	311	40	40	P 540	310	40	38	
233	1	T 544	312	40	40	P 542	310	40	40	
234	1	T 546	313	40	40	P 542	310	40	41	
235	1	T 548	314	40	40	P 544	312	40	40	
236	1	T 550	315	40	40	P 546	312	40	40	
237	3	T 552	316	40	40	P 548	314	40	38	P 550	314	38	40	P 550	316	40	39	
238	3	T 554	317	40	40	P 550	314	38	40	P 550	316	40	39	P 554	316	40	40	
239	3	T 556	318	40	40	P 556	318	40	38	P 550	316	40	39	P 554	316	40	40	
240	1	T 558	319	40	40	P 560	322	38	37	
241	1	T 560	320	40	40	P 560	320	40	40	
242	1	T 562	321	40	40	P 562	320	40	40	
243	1	T 564	322	40	40	P 564	322	40	40	
244	1	T 566	323	40	40	P 564	322	40	40	
245	2	T 568	324	40	40	P 568	324	38	40	P 601	324	5	38	
246	3	T 570	325	40	40	P 570	324	40	41	P 601	324	5	38	P 570	324	40	40	
247	3	T 572	326	40	40	P 570	324	40	41	P 601	324	5	38	P 570	324	40	40	
248	3	T 574	327	40	40	P 574	328	5	38	P 566	324	5	38	P 566	324	5	38	
249	3	T 576	328	40	40	P 576	328	40	40	P 566	324	5	38	P 566	324	5	38	
250	3	T 578	329	40	40	P 607	326	5	38	P 609	328	5	38	P 578	328	40	40	
251	4	T 580	330	40	40	P 578	328	40	41	P 580	330	38	40	P 609	328	5	38	P 578	328	40	41	
252	4	T 582	331	40	40	P 582	331	38	39	P 580	330	38	40	P 609	328	5	38	P 578	328	40	41	
253	1	T 584	332	40	40	P 584	332	40	40	
254	1	T 586	333	40	40	P 586	332	40	40	
255	1	T 588	334	40	40	P 588	334	40	40	
256	1	T 590	335	40	40	P 590	335	40	39	
257	1	T 592	336	40	40	P 590	336	40	39	
258	1	T 594	337	40	40	P 592	336	40	40	
259	1	T 596	338	40	40	P 596	338	40	38	
260	1	T 598	339	40	40	P 598	338	36	40	
261	3	T 600	340	40	40	P 598	338	40	41	P 598	338	40	41	P 635	340	5	38	
262	3	T 602	341	40	40	P 602	340	40	41	P 598	338	40	41	P 635	340	5	38	
263	1	T 604	342	40	40	P 604	342	40	40	
264	1	T 606	343	40	40	P 606	344	40	39	
265	1	T 608	344	40	40	P 608	344	40	36	
266	1	T 610	345	40	40	P 608	346	40	38	
267	1	T 612	346	40	40	P 610	344	40	41	
268	1	T 614	347	40	40	P 612	346	40	40	
269	1	T 616	348	40	40	P 614	346	40	41	
270	2	T 618	349	40	40	P 616	348	40	40	P 616	348	40	40	
271	2	T 620	350	40	40	P 620	350	40	38	P 620	350	40	40	
272	2	T 622	351	40	40	P 624	350	38	40	P 622	350	40	41	
273	2	T 624	352	40	40	P 624	352	40	40	P 622	350	40	41	
274	2	T 626	353	40	40	P 626	354	40	38	P 628	354	38	38	
275	2	T 628	354	40	40	P 628	354	40	36	P 628	356	40	38	
276	2	T 630	355	40	40	P 630	355	38	39	P 630	356	38	39	
277	2	T 632	356	40	40	P 632	356	40	40	P 630	356	38	39	
278	1	T 634	357	40	40	P 634	357	40	37	
279	1	T 636	358	40	40	P 638	358	38	40	
280	1	T 638	359	40	40	P 636	358	40	40	
281	1	T 640	360	40	40	P 638	360	40	39	
282	1	T 642	361	40	40	P 640	360	40	40	
283	1	T 644	362	40	40	P 642	360	40	40	
284	1	T 646	363	40	40	P 644	362	38	40	
285	1	T 648	364	40	40	P 648	362	38	40	
286	1	T 650	365	40	40	P 650	364	40	41	
287	1	T 652	366	40	40	P 648	364	40	38	
288	1	T 654	367	40	40	P 648	364	40	40	
289	1	T 656	368	40	40	P 652	366	40	40	
290	1	T 658	369	40	40	P 654	366	40	40	
291	1	T 660	370	40	40	P 656	368	40	40	
292	1	T 658	371	40	40	P 658	368	40	40	
293	1	T 656	372	40	40	P 658	368	40	41	
294	2	T 654	373	40	40	P 660	370	40	38	P 658	370	40	40	
295	3	T 652	374	40	40	P 658	370	40	40	P 656	372	40	40	P 658	370	40	40	
296	3	T 650	375	40	40	P 658	370	40	40	P 656	372	40	40	P 658	370	40	40	
297	2	T 648	376	40	40	P 648	376	40	40	P 650	376	34	40	
298	2	T 646	377	40	40	P 646	376	40	40	P 648	376	38	41	
299	2	T 644	378	40	40	P 644	378	40	40	P 648	376	38	41	
300	2	T 642	379	40	40	P 642	379	40	39	P 642	380	40	39	
301	2	T 640	380	40	40	P 640	380	40	40	P 642	380	38	40	
302	3	T 638	381	40	40	P 640	380	40	40	P 642	380	38	40	P 675	382	3	36	
303	2	T 636	382	40	40	P 636	382	40	40	P 675	382	3	36	
304	1	T 634	383	40	40	P 634	382	38	40	
305	1	T 632	384	40	40	P 632	384	40	38	
306	1	T 630	385	40	40	P 630	384	40	40	
307	1	T 628	386	40	40	P 630	384	40	41	
308	1	T 626	387	40	40	P 628	386	40	38	
309	2	T 624	388	40	40	P 628	386	40	40	P 626	386	40	41	
310	2	T 622	389	40	40	P 626	386	40	41	P 622	388	40	41	
311	2	T 620	390	40	40	P 655	390	5	38	P 622	388	40	41	
312	3	T 618	391	40	40	P 618	390	40	41	P 620	392	3	36	P 620	392	3	36	
313	3	T 616	392	40	40	P 616	392	40	40	P 620	392	3	36	P 620	392	3	36	
314	2	T 614	393	40	40	P 614	393	40	39	P 614	394	40	39	
315	2	T 612	394	40	40	P 612	394	40	38	P 614	394	40	39	
316	2	T 610	395	40	40	P 610	395	36	39	P 610	396	40	39	
317	2	T 608	396	40	40	P 608	396	40	38	P 610	396	40	39	
318	2	T 606	397	40	40	P 608	396	40	38	P 641	398	5	38	
319	2	T 604	398	40	40	P 604	398	40	40	P 641	398	5	38	
320	2	T 602	399	40	40	P 602	398	40	40	P 602	398	40	41	
321	3	T 600	400	40	40	P 606	398	5	38	P 600	400	40	40	P 602	400	38	40	
322	3	T 598	401	40	40	P 598	401	40	39	P 598	402	40	39	P 602	400	38	40	
323	2	T 596	402	40	40	P 596	402	40	40	P 598	402	40	39	
324	2	T 594	403	40	40	P 594	403	38	39	P 628	404	3	39	
325	2	T 592	404	40	40	P 592	404	40	38	P 628	404	3	39	
326	2	T 590	405	40	40	P 590	404	38	40	P 590	404	38	41	
327	2	T 588	406	40	40	P 588	406	40	40	P 590	404	38	41	
328	1	T 586	407	40	40	P 586	406	40	40	
329	2	T 584	408	40	40	P 584	408	40	40	P 622	406	3	38	
330	2	T 582	409	40	40	P 582	408	40	41	P 622	406	3	38	
331	2	T 580	410	40	40	P 580	410	40	40	P 622	406	3	38	
332	2	T 578	411	40	40	P 578	411	40	39	P 578	412	40	39	
333	2	T 576	412	40	40	P 576	412	40	40	P 578	412	40	39	
334	1	T 574	413	40	40	P 574	414	40	38	
335	1	T 572	414	40	40	P 572	414	38	38	
336	1	T 570	415	40	40	P 570	414	40	41	
337	1	T 568	416	40	40	P 572	414	38	40	
338	2	T 566	417	40	40	P 568	416	40	40	P 568	416	40	40	
339	2	T 564	418	40	40	P 564	418	40	40	P 568	416	40	40	
340	1	T 562	419	40	40	P 562	418	40	41	
341	1	T 560	420	40	40	P 560	420	37	40	
342	1	T 558	419	40	40	P 560	420	40	40	
343	1	T 556	418	40	40	P 558	418	40	40	
344	1	T 554	417	40	40	P 556	418	40	38	
345	2	T 552	416	40	40	P 554	417	40	39	P 554	417	40	39	
346	2	T 550	415	40	40	P 552	416	38	38	P 552	416	38	39	
347	2	T 548	414	40	40	P 548	414	40	40	P 548	414	36	40	
348	2	T 546	413	40	40	P 548	414	40	40	P 548	414	36	40	
349	3	T 544	412	40	40	P 544	412	40	40	P 581	414	2	38	P 581	414	2	38	
350	3	T 542	411	40	40	P 542	410	40	40	P 581	414	2	38	P 581	414	2	38	
351	2	T 540	410	40	40	P 549	414	2	38	P 540	410	40	40	
352	2	T 538	409	40	40	P 540	408	38	40	P 538	408	40	40	
353	2	T 536	408	40	40	P 538	408	38	40	P 536	408	40	40	
354	3	T 534	407	40	40	P 538	408	38	40	P 536	408	40	40	P 569	408	5	38	
355	2	T 532	406	40	40	P 532	406	40	40	P 569	408	5	38	
356	2	T 530	405	40	40	P 530	405	40	37	P 530	408	40	36	
357	2	T 528	404	40	40	P 562	404	3	38	P 528	404	38	38	
358	2	T 526	403	40	40	P 526	402	40	40	P 526	402	40	41	
359	2	T 524	402	40	40	P 534	410	2	34	P 524	402	40	40	
360	2	T 522	401	40	40	P 522	401	40	39	P 522	402	40	38	
361	2	T 520	400	40	40	P 520	400	40	40	P 522	402	40	38	
362	1	T 518	399	40	40	P 518	398	40	41	
363	2	T 516	398	40	40	P 518	398	40	41	P 553	400	3	36	
364	2	T 514	397	40	40	P 514	396	40	41	P 553	400	3	36	
365	1	T 512	396	40	40	P 512	396	40	40	
366	1	T 510	395	40	40	P 516	398	5	38	
367	1	T 508	394	40	40	P 510	395	40	39	
368	1	T 506	393	40	40	P 510	396	40	39	
369	2	T 504	392	40	40	P 508	394	40	40	P 508	394	40	40	
370	3	T 502	391	40	40	P 506	392	40	41	P 504	392	38	40	P 506	392	40	41	
371	3	T 500	390	40	40	P 534	390	3	38	P 500	390	38	38	P 506	392	40	41	
372	2	T 498	389	40	40	P 498	390	40	39	P 500	390	38	38	
373	1	T 496	388	40	40	P 496	388	40	40	
374	2	T 494	387	40	40	P 496	388	40	40	P 529	388	5	38	
375	2	T 492	386	40	40	P 492	386	40	40	P 529	388	5	38	
376	2	T 490	385	40	40	P 490	384	36	40	P 490	384	38	40	
377	2	T 488	384	40	40	P 494	388	5	38	P 488	384	40	40	
378	2	T 486	383	40	40	P 486	383	38	39	P 486	384	38	39	
379	2	T 484	382	40	40	P 484	382	40	40	P 486	384	38	39	
380	2	T 482	381	40	40	P 482	381	40	37	P 482	382	40	36	
381	2	T 480	380	40	40	P 480	380	40	40	P 482	382	40	36	
382	2	T 478	379	40	40	P 478	380	40	38	P 480	380	34	39	
383	2	T 476	378	40	40	P 476	378	40	40	P 480	380	34	39	
384	2	T 474	377	40	40	P 476	378	40	40	P 511	378	3	36	
385	2	T 472	376	40	40	P 472	376	40	40	P 511	378	3	36	
386	2	T 470	375	40	40	P 470	375	40	39	P 470	376	40	38	
387	2	T 468	374	40	40	P 474	378	5	38	P 468	374	40	40	
388	2	T 466	373	40	40	P 466	372	39	40	P 468	374	40	40	
389	1	T 464	372	40	40	P 464	372	40	38	
390	2	T 462	371	40	40	P 464	372	40	38	P 499	372	3	36	
391	2	T 460	370	40	40	P 460	370	40	38	P 460	370	40	40	
392	2	T 458	369	40	40	P 460	368	38	40	P 458	368	40	40	
393	2	T 456	368	40	40	P 456	368	38	40	P 456	368	37	40	
394	2	T 454	367	40	40	P 462	374	2	34	P 454	367	38	39	
395	2	T 452	366	40	40	P 454	368	38	39	P 454	367	38	39	
396	2	T 450	365	40	40	P 450	366	40	38	P 450	366	40	39	
397	2	T 448	364	40	40	P 448	364	36	38	P 448	366	40	38	
398	2	T 446	363	40	40	P 446	363	40	39	P 446	364	36	39	
399	2	T 444	362	40	40	P 444	362	40	40	P 446	364	36	39	
400	1	T 442	361	40	40	P 442	360	40	40	
401	1	T 440	360	40	40	P 442	360	38	38	
402	2	T 438	359	40	40	P 440	360	40	40	P 440	360	40	40	
403	2	T 436	358	40	40	P 436	358	40	40	P 440	360	40	40	
404	1	T 434	357	40	40	P 434	358	40	38	
405	1	T 432	356	40	40	P 432	356	40	40	
406	1	T 430	355	40	40	P 430	356	40	39	
407	2	T 428	354	40	40	P 430	356	40	39	P 463	354	5	38	
408	2	T 426	353	40	40	P 426	354	40	38	P 463	354	5	38	
409	1	T 424	352	40	40	P 424	352	40	40	
410	1	T 422	351	40	40	P 428	354	5	38	
411	2	T 420	350	40	40	P 422	351	40	39	P 422	351	40	39	
412	2	T 418	349	40	40	P 422	352	40	39	P 418	348	40	41	
413	2	T 416	348	40	40	P 416	348	40	38	P 418	348	40	41	
414	2	T 414	347	40	40	P 414	346	40	40	P 414	346	38	41	
415	2	T 412	346	40	40	P 446	346	3	38	P 412	346	40	40	
416	2	T 410	345	40	40	P 410	344	40	41	P 412	346	40	40	
417	1	T 408	344	40	40	P 408	344	40	40	
418	1	T 406	343	40	40	P 406	342	40	41	
419	1	T 404	342	40	40	P 406	342	40	41	
420	1	T 402	341	40	40	P 402	342	40	39	
421	1	T 400	340	40	40	P 400	340	40	40	
422	1	T 398	339	40	40	P 398	338	40	40	
423	1	T 396	338	40	40	P 398	338	40	41	
424	1	T 394	337	40	40	P 396	338	40	38	
425	1	T 392	336	40	40	P 394	337	40	39	
426	1	T 390	335	40	40	P 394	338	40	39	
427	1	T 388	334	40	40	P 392	336	40	40	
428	1	T 386	333	40	40	P 390	334	38	41	
429	2	T 384	332	40	40	P 388	334	40	40	P 388	334	40	40	
430	2	T 382	331	40	40	P 386	332	38	40	P 386	332	36	41	
431	3	T 380	330	40	40	P 384	330	34	40	P 382	330	40	40	P 380	330	40	40	
432	3	T 378	329	40	40	P 378	329	40	39	P 382	330	40	40	P 380	330	40	40	
433	1	T 376	328	40	40	P 376	328	40	40	
434	1	T 374	327	40	40	P 374	326	40	40	
435	1	T 372	326	40	40	P 372	326	40	40	
436	1	T 370	325	40	40	P 370	324	40	41	
437	1	T 368	324	40	40	P 368	324	40	40	
438	1	T 366	323	40	40	P 366	323	40	39	
439	1	T 364	322	40	40	P 366	324	40	38	
440	1	T 362	321	40	40	P 364	322	40	40	
441	2	T 360	320	40	40	P 362	322	40	39	P 362	322	40	39	
442	2	T 358	319	40	40	P 362	320	36	40	P 358	319	38	37	
443	2	T 356	318	40	40	P 356	318	40	40	P 358	319	38	37	
444	2	T 354	317	40	40	P 356	318	40	40	P 389	318	5	38	
445	2	T 352	316	40	40	P 352	316	38	40	P 389	318	5	38	
446	1	T 350	315	40	40	P 350	314	40	40	
447	2	T 348	314	40	40	P 354	318	5	38	P 348	314	38	38	
448	2	T 346	313	40	40	P 348	314	37	40	P 346	312	40	40	
449	2	T 344	312	40	40	P 344	312	40	38	P 344	312	40	40	
450	2	T 342	311	40	40	P 344	312	40	38	P 344	312	40	40	
451	2	T 340	310	40	40	P 340	310	40	40	P 342	310	38	40	
452	2	T 338	309	40	40	P 338	308	40	40	P 342	310	38	40	
453	2	T 336	308	40	40	P 336	308	40	38	P 336	308	40	40	
454	2	T 334	307	40	40	P 334	306	40	40	P 334	306	40	41	
455	2	T 332	306	40	40	P 332	306	40	40	P 332	306	38	40	
456	2	T 330	305	40	40	P 330	304	40	41	P 332	306	38	40	
457	1	T 328	304	40	40	P 328	304	40	40	
458	1	T 326	303	40	40	P 326	303	40	39	
459	1	T 324	302	40	40	P 324	302	40	38	
460	1	T 322	301	40	40	P 324	302	40	40	
461	1	T 320	300	40	40	P 322	300	40	41	
462	1	T 318	299	40	40	P 320	300	40	40	
463	1	T 316	298	40	40	P 318	299	38	39	
464	1	T 314	297	40	40	P 318	300	38	39	
465	1	T 312	296	40	40	P 316	298	40	38	
466	2	T 310	295	40	40	P 314	297	38	39	P 310	294	40	40	
467	2	T 308	294	40	40	P 310	294	40	41	P 314	298	38	39	
468	2	T 306	293	40	40	P 312	296	38	38	P 308	294	40	40	
469	2	T 304	292	40	40	P 306	294	40	39	P 312	296	38	40	
470	2	T 302	291	40	40	P 306	293	40	37	P 302	290	40	41	
471	2	T 300	290	40	40	P 304	292	40	40	P 302	290	40	40	
472	2	T 298	289	40	40	P 300	290	40	40	P 298	288	40	40	
473	2	T 296	288	40	40	P 300	288	36	41	P 296	288	40	40	
474	2	T 294	287	40	40	P 294	288	40	39	P 296	288	40	40	
475	1	T 292	286	40	40	P 292	286	40	40	
476	1	T 290	285	40	40	P 290	284	40	41	
477	1	T 288	284	40	40	P 288	284	37	38	
478	1	T 286	283	40	40	P 286	282	40	40	
479	1	T 284	282	40	40	P 288	284	40	38	
480	1	T 282	281	40	40	P 286	282	40	41	
481	1	T 280	280	40	40	P 284	282	40	40	
482	1	T 278	279	40	40	P 282	280	40	40	
483	1	T 276	278	40	40	P 282	280	40	41	
484	1	T 274	277	40	40	P 280	280	40	40	
485	1	T 272	276	40	40	P 278	280	40	38	
486	1	T 270	275	40	40	P 279	280	39	39	
487	1	T 268	274	40	40	P 276	278	40	40	
488	1	T 266	273	40	40	P 274	276	40	41	
489	1	T 264	272	40	40	P 272	276	40	40	
490	1	T 262	271	40	40	P 270	274	40	40	
491	1	T 260	270	40	40	P 268	274	40	38	
492	1	T 258	269	40	40	P 266	272	40	40	
493	1	T 256	268	40	40	P 266	272	40	41	
494	1	T 254	267	40	40	P 264	272	40	40	
495	1	T 252	266	40	40	P 262	272	40	38	
496	2	T 250	265	40	40	P 262	272	40	39	P 250	264	40	41	
497	2	T 248	264	40	40	P 260	270	38	40	P 258	268	40	40	
498	2	T 246	263	40	40	P 256	268	40	40	P 254	266	40	40	
499	2	T 244	262	40	40	P 256	266	38	41	P 252	266	40	40	
500	2	T 242	261	40	40	P 248	264	40	40	P 246	264	40	39	
501	2	T 240	260	40	40	P 244	262	40	40	P 242	261	40	39	
502	2	T 238	259	40	40	P 242	262	40	39	P 240	260	40	38	
503	3	T 236	258	40	40	P 240	258	38	40	P 240	258	38	41	P 240	258	38	40	
504	3	T 234	257	40	40	P 234	256	40	41	P 240	258	38	41	P 240	258	38	40	
505	1	T 232	256	40	40	P 232	256	40	40	
506	2	T 230	255	40	40	P 232	256	40	40	P 265	256	5	38	
507	2	T 228	254	40	40	P 228	254	40	38	P 265	256	5	38	
508	1	T 226	253	40	40	P 226	253	40	39	
509	2	T 224	252	40	40	P 230	256	5	38	P 230	256	5	38	
510	2	T 222	251	40	40	P 224	252	40	40	P 222	251	37	39	
511	3	T 220	250	40	40	P 222	252	40	38	P 220	250	37	40	P 220	250	40	40	
512	3	T 218	249	40	40	P 218	249	40	39	P 220	250	37	40	P 220	250	40	40	
513	1	T 216	248	40	40	P 216	250	40	38	
514	2	T 214	247	40	40	P 216	250	40	38	P 214	248	5	38	
515	2	T 212	246	40	40	P 212	246	40	38	P 214	248	5	38	
516	2	T 210	245	40	40	P 210	245	40	39	P 210	246	40	39	
517	2	T 208	244	40	40	P 208	244	40	38	P 208	244	40	40	
518	2	T 206	243	40	40	P 206	242	40	41	P 208	244	40	40	
519	2	T 204	242	40	40	P 204	242	38	38	P 204	242	38	40	
520	2	T 202	241	40	40	P 202	240	40	40	P 204	242	38	40	
521	1	T 200	240	40	40	P 200	240	40	40	
522	1	T 198	239	40	40	P 198	238	40	41	
523	3	T 196	238	40	40	P 230	238	3	38	P 256	252	3	39	P 256	252	3	39	
524	4	T 194	237	40	40	P 196	238	40	40	P 256	252	3	39	P 256	252	3	39	P 196	238	40	40	
525	2	T 192	236	40	40	P 192	236	40	38	P 196	238	40	40	
526	1	T 190	235	40	40	P 190	234	40	41	
527	1	T 188	234	40	40	P 190	234	38	40	
528	1	T 186	233	40	40	P 186	232	40	41	
529	1	T 184	232	40	40	P 188	234	40	40	
530	1	T 182	231	40	40	P 186	232	40	40	
531	1	T 180	230	40	40	P 182	230	40	41	
532	1	T 178	229	40	40	P 180	230	40	40	
533	1	T 176	228	40	40	P 178	228	40	40	
534	1	T 174	227	40	40	P 178	228	40	41	
535	2	T 172	226	40	40	P 176	228	40	40	P 174	226	40	41	
536	2	T 170	225	40	40	P 174	226	40	41	P 172	226	40	40	
537	2	T 168	224	40	40	P 170	224	40	41	P 168	224	40	40	
538	2	T 166	223	40	40	P 166	222	38	41	P 168	224	40	40	
539	2	T 164	222	40	40	P 166	222	38	41	P 199	222	5	38	
540	2	T 162	221	40	40	P 164	220	38	40	P 162	220	40	40	
541	2	T 160	220	40	40	P 160	220	40	40	P 162	220	40	40	
542	2	T 158	219	40	40	P 167	222	2	38	P 158	218	40	41	
543	2	T 156	218	40	40	P 156	218	40	40	P 158	218	40	41	
544	1	T 154	217	40	40	P 154	216	40	41	
545	1	T 152	216	40	40	P 152	216	40	40	
546	1	T 150	215	40	40	P 150	214	40	40	
547	1	T 148	214	40	40	P 150	214	40	41	
548	1	T 146	213	40	40	P 148	214	40	40	
549	2	T 144	212	40	40	P 146	212	40	40	P 146	212	40	40	
550	2	T 142	211	40	40	P 146	212	40	41	P 142	210	38	40	
551	2	T 140	210	40	40	P 140	210	40	40	P 142	210	38	40	
552	2	T 138	209	40	40	P 138	209	40	39	P 142	210	38	40	
553	1	T 136	208	40	40	P 136	208	38	38	
554	1	T 134	207	40	40	P 134	206	39	40	
555	1	T 132	206	40	40	P 134	206	39	41	
556	2	T 130	205	40	40	P 132	206	40	40	P 130	204	40	41	
557	2	T 128	204	40	40	P 134	206	38	40	P 130	204	36	40	
558	2	T 126	203	40	40	P 126	202	40	41	P 128	204	40	40	
559	2	T 124	202	40	40	P 126	202	40	40	P 124	202	38	40	
560	2	T 122	201	40	40	P 122	201	38	37	P 124	202	38	40	
561	1	T 120	200	40	40	P 120	200	40	40	
562	1	T 118	199	40	40	P 118	200	40	39	
563	1	T 116	198	40	40	P 116	198	40	38	
564	1	T 114	197	40	40	P 116	198	40	40	
565	1	T 112	196	40	40	P 114	197	40	39	
566	1	T 110	195	40	40	P 114	198	40	39	
567	1	T 108	194	40	40	P 112	196	40	40	
568	1	T 106	193	40	40	P 110	194	40	40	
569	1	T 104	192	40	40	P 108	194	40	40	
570	1	T 102	191	40	40	P 106	194	40	38	
571	1	T 100	190	40	40	P 104	192	40	38	
572	1	T 98	189	40	40	P 102	191	40	39	
573	1	T 96	188	40	40	P 102	192	40	39	
574	3	T 94	187	40	40	P 100	190	38	40	P 100	190	38	40	P 98	189	40	39	
575	4	T 92	186	40	40	P 98	189	40	39	P 98	190	40	39	P 96	188	40	40	P 98	189	40	39	
576	4	T 90	185	40	40	P 126	186	4	38	P 98	190	40	39	P 96	188	40	40	P 98	189	40	39	
577	1	T 88	184	40	40	P 88	184	38	40	
578	2	T 86	183	40	40	P 86	183	38	39	P 86	184	40	39	
579	2	T 84	182	40	40	P 90	186	5	38	P 84	182	38	40	
580	3	T 82	181	40	40	P 82	182	38	39	P 82	182	38	38	P 116	181	3	39	
581	3	T 80	180	40	40	P 80	180	40	38	P 80	180	40	40	P 116	181	3	39	
582	2	T 78	179	40	40	P 78	178	38	40	P 78	178	36	41	
583	2	T 76	178	40	40	P 76	178	40	38	P 78	178	36	41	
584	1	T 74	177	40	40	P 74	176	40	40	
585	1	T 72	176	40	40	P 106	176	3	38	
586	1	T 70	175	40	40	P 72	176	40	40	
587	1	T 68	174	40	40	P 70	174	40	40	
588	2	T 66	173	40	40	P 70	174	35	40	P 66	172	40	41	
589	2	T 64	172	40	40	P 68	174	40	40	P 64	172	40	40	
590	2	T 62	171	40	40	P 62	171	38	39	P 62	172	38	39	
591	2	T 60	170	40	40	P 60	170	40	40	P 62	172	38	39	
592	2	T 58	169	40	40	P 58	169	38	37	P 58	170	38	39	
593	2	T 56	168	40	40	P 56	168	40	40	P 58	168	38	40	
594	2	T 54	167	40	40	P 54	166	40	41	P 58	168	38	40	
595	1	T 52	166	40	40	P 52	166	40	40	
596	1	T 50	165	40	40	P 50	166	40	38	
597	1	T 48	164	40	40	P 52	166	38	39	
598	1	T 46	163	40	40	P 48	164	38	40	
599	1	T 44	162	40	40	P 46	164	40	38	
600	1	T 42	161	40	40	P 46	164	40	39	
601	1	T 40	160	40	40	P 44	162	40	38	
602	2	T 38	159	40	40	P 44	162	40	40	P 44	162	40	40	
603	3	T 36	158	40	40	P 42	160	40	41	P 40	160	38	40	P 42	160	40	41	
604	3	T 34	157	40	40	P 38	160	40	38	P 36	158	38	40	P 34	156	40	40	
605	3	T 32	156	40	40	P 32	156	40	40	P 36	158	38	40	P 34	156	40	40	
606	2	T 30	155	40	40	P 30	156	40	38	P 30	156	40	39	
607	2	T 28	154	40	40	P 28	154	38	40	P 30	156	40	39	
608	1	T 26	153	40	40	P 26	153	40	39	
609	1	T 24	152	40	40	P 24	152	40	40	
610	1	T 22	151	40	40	P 22	150	40	40	
611	1	T 20	150	40	40	P 22	150	40	41	
612	1	T 22	149	40	40	P 20	150	40	40	
613	1	T 24	148	40	40	P 22	148	40	41	
614	1	T 26	147	40	40	P 24	148	40	40	
615	1	T 28	146	40	40	P 26	148	38	40	
616	2	T 30	145	40	40	P 26	146	40	41	P 26	146	40	41	
617	2	T 32	144	40	40	P 28	146	40	38	P 28	146	40	40	
618	3	T 34	143	40	40	P 30	146	40	39	P 32	144	40	40	P 30	146	40	39	
619	3	T 36	142	40	40	P 36	142	5	38	P 32	144	40	40	P 30	146	40	39	
620	2	T 38	141	40	40	P 38	140	36	40	P 38	140	40	41	
621	2	T 40	140	40	40	P 40	140	40	40	P 38	140	40	41	
622	1	T 42	139	40	40	P 42	138	40	40	
623	2	T 44	138	40	40	P 73	144	3	36	P 44	138	5	38	
624	2	T 46	137	40	40	P 46	136	40	41	P 44	138	5	38	
625	1	T 48	136	40	40	P 48	136	40	40	
626	1	T 50	135	40	40	P 50	134	40	40	
627	1	T 52	134	40	40	P 50	134	40	41	
628	1	T 54	133	40	40	P 52	134	40	40	
629	1	T 56	132	40	40	P 54	132	37	40	
630	1	T 58	131	40	40	P 54	132	38	41	
631	1	T 60	130	40	40	P 56	132	40	38	
632	2	T 62	129	40	40	P 56	132	40	40	P 56	132	40	40	
633	3	T 64	128	40	40	P 58	132	40	39	P 60	130	40	38	P 58	132	40	39	
634	4	T 66	127	40	40	P 62	130	35	40	P 64	128	40	40	P 66	128	5	38	P 64	128	40	40	
635	4	T 68	126	40	40	P 68	126	40	40	P 70	126	38	40	P 66	128	5	38	P 64	128	40	40	
636	2	T 70	125	40	40	P 70	124	40	41	P 70	126	38	40	
637	1	T 72	124	40	40	P 72	124	40	40	
638	1	T 74	123	40	40	P 74	122	40	40	
639	1	T 76	122	40	40	P 74	122	40	41	
640	2	T 78	121	40	40	P 76	122	40	40	P 76	122	40	40	
641	2	T 80	120	40	40	P 78	122	40	38	P 80	120	40	40	
642	2	T 82	119	40	40	P 82	120	5	38	P 80	120	40	40	
643	1	T 84	118	40	40	P 84	118	40	40	
644	1	T 86	117	40	40	P 86	116	40	40	
645	2	T 88	116	40	40	P 117	120	4	38	P 86	116	40	41	
646	2	T 90	115	40	40	P 88	116	40	40	P 90	114	40	41	
647	2	T 92	114	40	40	P 92	114	38	40	P 90	114	40	41	
648	2	T 94	113	40	40	P 94	113	38	39	P 94	114	38	39	
649	3	T 96	112	40	40	P 94	113	38	39	P 94	114	38	39	P 131	112	2	38	
650	5	T 98	111	40	40	P 98	111	40	39	P 98	112	40	39	P 132	128	2	1	P 96	112	5	38	P 96	112	5	38	
651	5	T 100	110	40	40	P 98	111	40	39	P 98	112	40	39	P 132	128	2	1	P 96	112	5	38	P 96	112	5	38	
652	2	T 102	109	40	40	P 102	108	40	40	P 102	108	40	41	
653	2	T 104	108	40	40	P 104	108	40	40	P 102	108	40	41	
654	2	T 106	107	40	40	P 106	107	40	39	P 106	108	40	39	
655	2	T 108	106	40	40	P 108	108	40	35	P 106	108	40	39	
656	2	T 110	105	40	40	P 110	104	38	40	P 110	104	37	41	
657	2	T 112	104	40	40	P 112	104	40	40	P 110	104	37	41	
658	1	T 114	103	40	40	P 114	102	40	40	
659	1	T 116	102	40	40	P 116	102	40	40	
660	1	T 118	101	40	40	P 118	101	40	39	
661	1	T 120	100	40	40	P 118	102	40	38	
662	1	T 122	99	40	40	P 120	100	40	40	
663	1	T 124	98	40	40	P 124	100	38	39	
664	1	T 126	97	40	40	P 124	98	40	40	
665	1	T 128	96	40	40	P 126	96	40	40	
666	1	T 130	95	40	40	P 128	96	40	40	
667	1	T 132	94	40	40	P 130	94	40	41	
668	1	T 134	93	40	40	P 132	94	40	40	
669	1	T 136	92	40	40	P 134	93	40	39	
670	1	T 138	91	40	40	P 134	94	40	39	
671	2	T 140	90	40	40	P 136	92	40	40	P 136	92	40	40	
672	2	T 142	89	40	40	P 138	90	38	40	P 140	90	38	40	
673	3	T 144	88	40	40	P 142	89	40	39	P 142	90	40	39	P 142	89	40	39	
674	3	T 146	87	40	40	P 146	88	40	39	P 142	90	40	39	P 142	89	40	39	
675	1	T 148	86	40	40	P 148	86	40	40	
676	1	T 150	85	40	40	P 150	84	40	40	
677	1	T 152	84	40	40	P 152	84	34	40	
678	1	T 154	83	40	40	P 154	82	40	41	
679	1	T 156	82	40	40	P 152	84	40	40	
680	2	T 158	81	40	40	P 156	82	40	40	P 156	82	40	40	
681	2	T 160	80	40	40	P 160	80	40	40	P 156	82	40	40	
682	1	T 162	79	40	40	P 162	78	40	41	
683	1	T 164	78	40	40	P 164	78	40	40	
684	1	T 166	77	40	40	P 166	76	40	41	
685	1	T 168	76	40	40	P 168	76	40	38	
686	1	T 170	75	40	40	P 172	74	38	40	
687	1	T 172	74	40	40	P 172	76	38	36	
688	1	T 174	73	40	40	P 174	72	40	40	
689	1	T 176	72	40	40	P 172	76	38	37	
690	1	T 178	71	40	40	P 174	72	40	41	
691	1	T 180	70	40	40	P 178	70	40	40	
692	1	T 182	69	40	40	P 180	70	40	40	
693	1	T 184	68	40	40	P 182	68	40	40	
694	1	T 186	67	40	40	P 184	68	40	38	
695	1	T 188	66	40	40	P 184	68	40	40	
696	1	T 190	65	40	40	P 186	66	40	41	
697	2	T 192	64	40	40	P 188	66	40	40	P 188	66	40	40	
698	2	T 194	63	40	40	P 190	66	40	39	P 194	62	40	41	
699	2	T 196	62	40	40	P 196	62	40	40	P 194	62	40	41	
700	2	T 198	61	40	40	P 198	60	38	40	P 198	60	38	41	
701	2	T 200	60	40	40	P 200	60	40	38	P 200	60	40	40	
702	2	T 202	59	40	40	P 202	58	40	40	P 200	60	40	40	
703	2	T 204	58	40	40	P 206	58	38	40	P 204	58	40	40	
704	3	T 206	57	40	40	P 206	58	38	40	P 204	58	40	40	P 206	58	5	38	
705	3	T 208	56	40	40	P 208	56	40	40	P 209	56	35	40	P 206	58	5	38	
706	4	T 210	55	40	40	P 210	55	40	39	P 209	56	35	40	P 241	58	5	38	P 241	58	5	38	
707	3	T 212	54	40	40	P 212	54	40	40	P 241	58	5	38	P 241	58	5	38	
708	1	T 214	53	40	40	P 214	52	40	41	
709	2	T 216	52	40	40	P 214	52	40	41	P 251	52	5	38	
710	2	T 218	51	40	40	P 220	51	38	39	P 218	52	40	39	
711	2	T 220	50	40	40	P 220	50	40	40	P 218	52	40	39	
712	1	T 222	49	40	40	P 222	48	40	41	
713	1	T 224	48	40	40	P 224	48	40	40	
714	1	T 226	47	40	40	P 226	48	38	38	
715	1	T 228	46	40	40	P 228	46	40	38	
716	1	T 230	45	40	40	P 260	47	3	39	
717	1	T 232	44	40	40	P 260	48	3	39	
718	1	T 234	43	40	40	P 230	46	40	38	
719	2	T 236	42	40	40	P 234	43	40	39	P 234	44	40	39	
720	3	T 238	41	40	40	P 264	45	3	39	P 236	42	40	38	P 238	40	40	40	
721	3	T 240	40	40	40	P 240	40	38	41	P 240	40	40	40	P 238	40	40	40	
722	2	T 242	39	40	40	P 242	38	40	40	P 242	38	40	41	
723	2	T 244	38	40	40	P 244	38	40	40	P 242	38	40	41	
724	1	T 246	37	40	40	P 246	36	40	40	
725	1	T 248	36	40	40	P 248	36	38	40	
726	1	T 250	35	40	40	P 250	34	40	41	
727	1	T 252	34	40	40	P 250	36	35	40	
728	2	T 254	33	40	40	P 250	34	36	40	P 250	34	36	40	
729	3	T 256	32	40	40	P 252	34	40	40	P 254	34	38	40	P 252	34	40	40	
730	3	T 258	31	40	40	P 258	30	40	41	P 254	34	38	40	P 252	34	40	40	
731	2	T 260	30	40	40	P 260	30	40	40	P 262	30	38	40	
732	2	T 262	29	40	40	P 262	28	36	40	P 262	28	40	40	
733	2	T 264	28	40	40	P 264	28	40	40	P 266	28	38	40	
734	2	T 266	27	40	40	P 266	27	38	37	P 266	28	38	39	
735	2	T 268	26	40	40	P 268	26	40	40	P 266	28	38	39	
736	1	T 270	25	40	40	P 270	24	40	40	
737	1	T 272	24	40	40	P 272	24	40	40	
738	1	T 274	23	40	40	P 272	24	36	40	
739	1	T 276	22	40	40	P 274	23	40	39	
740	1	T 278	21	40	40	P 274	24	40	38	
741	2	T 280	20	40	40	P 276	22	39	40	P 276	22	39	40	
742	2	T 282	21	40	40	P 278	20	38	40	P 278	20	38	41	
743	2	T 284	22	40	40	P 282	20	39	41	P 282	20	39	40	
744	2	T 286	23	40	40	P 284	22	40	38	P 284	22	40	40	
745	3	T 288	24	40	40	P 286	24	40	39	P 284	22	40	40	P 286	24	40	39	
746	3	T 290	25	40	40	P 290	25	40	39	P 290	26	40	39	P 286	24	40	39	
747	2	T 292	26	40	40	P 292	26	40	40	P 290	26	40	39	
748	1	T 294	27	40	40	P 294	26	40	40	
749	1	T 296	28	40	40	P 296	28	40	40	
750	2	T 298	29	40	40	P 296	28	40	40	P 333	30	5	38	
751	2	T 300	30	40	40	P 300	30	40	38	P 333	30	5	38	
752	3	T 302	31	40	40	P 300	30	40	38	P 337	32	2	38	P 302	32	5	38	
753	3	T 304	32	40	40	P 304	32	38	38	P 337	32	2	38	P 302	32	5	38	
754	1	T 306	33	40	40	P 306	32	40	40	
755	1	T 308	34	40	40	P 308	34	37	40	
756	1	T 310	35	40	40	P 308	34	38	40	
757	1	T 312	36	40	40	P 310	34	40	40	
758	1	T 314	37	40	40	P 312	36	40	38	
759	1	T 316	38	40	40	P 316	38	40	40	
760	1	T 318	39	40	40	P 318	38	38	40	
761	1	T 320	40	40	40	P 320	40	40	40	
762	1	T 322	41	40	40	P 322	41	40	39	
763	1	T 324	42	40	40	P 324	42	40	38	
764	1	T 326	43	40	40	P 326	42	38	40	
765	1	T 328	44	40	40	P 326	42	40	41	
766	1	T 330	45	40	40	P 328	44	39	40	
767	2	T 332	46	40	40	P 330	44	40	41	P 330	44	40	41	
768	2	T 334	47	40	40	P 334	47	40	39	P 334	48	40	38	
769	2	T 336	48	40	40	P 336	48	38	40	P 334	48	40	38	
770	2	T 338	49	40	40	P 338	48	40	41	P 338	48	40	40	
771	2	T 340	50	40	40	P 340	50	40	38	P 340	50	40	40	
772	2	T 342	51	40	40	P 342	50	40	41	P 340	50	40	40	
773	2	T 344	52	40	40	P 344	52	40	38	P 346	52	35	40	
774	4	T 346	53	40	40	P 344	52	40	38	P 346	52	35	40	P 378	52	3	38	P 378	52	3	38	
775	3	T 348	54	40	40	P 348	54	5	38	P 378	52	3	38	P 378	52	3	38	
776	1	T 350	55	40	40	P 350	54	40	41	
777	2	T 352	56	40	40	P 381	54	5	38	P 352	56	40	40	
778	5	T 354	57	40	40	P 354	56	40	40	P 383	54	2	38	P 346	54	5	38	P 346	54	5	38	P 356	56	38	41	
779	6	T 356	58	40	40	P 354	56	40	40	P 383	54	2	38	P 346	54	5	38	P 346	54	5	38	P 356	56	38	41	P 356	60	2	34	
780	2	T 358	59	40	40	P 358	58	40	40	P 356	60	2	34	
781	1	T 360	60	40	40	P 360	60	40	40	
782	2	T 362	61	40	40	P 362	60	40	40	P 362	60	37	41	
783	2	T 364	62	40	40	P 393	60	3	36	P 362	60	37	41	
784	2	T 366	63	40	40	P 364	62	5	38	P 366	62	40	40	
785	2	T 368	64	40	40	P 368	64	40	40	P 366	62	40	40	
786	3	T 370	65	40	40	P 399	62	5	38	P 370	64	40	41	P 399	62	5	38	
787	3	T 372	66	40	40	P 372	66	40	40	P 370	64	40	41	P 399	62	5	38	
788	2	T 374	67	40	40	P 374	66	40	40	P 374	66	40	41	
789	2	T 376	68	40	40	P 374	66	40	40	P 374	66	40	41	
790	4	T 378	69	40	40	P 378	68	40	40	P 378	68	40	41	P 411	68	5	38	P 411	68	5	38	
791	4	T 380	70	40	40	P 380	70	40	40	P 378	68	40	41	P 411	68	5	38	P 411	68	5	38	
792	2	T 382	71	40	40	P 382	72	40	38	P 382	72	40	39	
793	2	T 384	72	40	40	P 384	72	40	38	P 384	72	40	40	
794	2	T 386	73	40	40	P 386	74	40	39	P 384	72	40	40	
795	2	T 388	74	40	40	P 388	74	40	38	P 422	74	3	38	
796	2	T 390	75	40	40	P 390	76	40	38	P 392	76	38	39	
797	2	T 392	76	40	40	P 392	76	40	38	P 392	76	37	40	
798	2	T 394	77	40	40	P 394	76	40	40	P 394	76	40	41	
799	2	T 396	78	40	40	P 426	76	3	38	P 396	78	38	40	
800	2	T 398	79	40	40	P 398	79	40	39	P 396	78	38	40	
801	2	T 400	80	40	40	P 400	80	40	38	P 400	80	40	40	
802	2	T 402	81	40	40	P 402	80	40	40	P 402	80	40	41	
803	2	T 404	82	40	40	P 404	82	40	40	P 402	80	40	41	
804	1	T 406	83	40	40	P 406	82	40	41	
805	1	T 408	84	40	40	P 408	84	40	40	
806	1	T 410	85	40	40	P 410	84	40	40	
807	1	T 412	86	40	40	P 412	86	40	40	
808	1	T 414	87	40	40	P 414	87	38	39	
809	1	T 416	88	40	40	P 416	88	40	40	
810	1	T 418	89	40	40	P 414	88	38	38	
811	1	T 420	90	40	40	P 420	90	40	40	
812	2	T 422	91	40	40	P 448	88	3	39	P 422	90	40	41	
813	2	T 424	92	40	40	P 416	88	36	40	P 424	92	40	40	
814	2	T 426	93	40	40	P 426	92	37	40	P 426	92	38	41	
815	2	T 428	94	40	40	P 430	94	38	38	P 426	92	38	41	
816	1	T 430	95	40	40	P 430	94	38	38	
817	0	T 432	96	40	40	
818	1	T 434	97	40	40	P 434	97	40	39	
819	3	T 436	98	40	40	P 434	98	40	39	P 434	98	40	39	P 436	98	40	40	
820	3	T 438	99	40	40	P 440	99	38	39	P 438	100	40	38	P 436	98	40	40	
821	2	T 440	100	40	40	P 440	100	38	40	P 438	100	40	38	
822	1	T 442	101	40	40	P 442	101	40	39	
823	1	T 444	102	40	40	P 444	102	40	40	
824	1	T 446	103	40	40	P 446	102	38	40	
825	1	T 448	104	40	40	P 446	102	38	41	
826	1	T 450	105	40	40	P 450	104	40	40	
827	1	T 452	106	40	40	P 452	106	40	40	
828	1	T 454	107	40	40	P 456	107	38	39	
829	1	T 456	108	40	40	P 456	108	40	40	
830	1	T 458	109	40	40	P 458	109	40	39	
831	1	T 460	110	40	40	P 458	110	40	39	
832	1	T 462	111	40	40	P 460	110	40	40	
833	2	T 464	112	40	40	P 462	110	40	40	P 462	110	40	40	
834	2	T 466	113	40	40	P 464	112	37	40	P 466	112	40	40	
835	2	T 468	114	40	40	P 470	114	36	40	P 468	114	40	40	
836	2	T 470	115	40	40	P 470	114	40	40	P 468	114	40	40	
837	1	T 472	116	40	40	P 472	116	40	40	
838	1	T 474	117	40	40	P 474	116	40	41	
839	2	T 476	118	40	40	P 476	118	40	40	P 510	118	3	38	
840	2	T 478	119	40	40	P 478	118	40	41	P 510	118	3	38	
841	2	T 480	120	40	40	P 480	120	40	40	P 482	120	34	40	
842	2	T 482	121	40	40	P 482	120	38	40	P 482	120	34	40	
843	1	T 484	122	40	40	P 484	122	38	40	
844	1	T 486	123	40	40	P 486	122	40	40	
845	1	T 488	124	40	40	P 488	124	40	40	
846	1	T 490	125	40	40	P 490	124	40	40	
847	1	T 492	126	40	40	P 492	126	40	40	
848	1	T 494	127	40	40	P 492	126	40	40	
849	2	T 496	128	40	40	P 496	128	5	38	P 494	128	5	38	
850	2	T 498	129	40	40	P 498	128	40	41	P 494	128	5	38	
851	4	T 500	130	40	40	P 529	128	5	38	P 494	128	5	38	P 529	128	5	38	P 500	130	5	38	
852	6	T 502	131	40	40	P 502	131	40	39	P 502	132	40	39	P 529	128	5	38	P 500	130	5	38	P 535	130	5	38	P 535	130	5	38	
853	4	T 504	132	40	40	P 504	132	40	40	P 502	132	40	39	P 535	130	5	38	P 535	130	5	38	
854	1	T 506	133	40	40	P 506	132	39	41	
855	1	T 508	134	40	40	P 508	134	40	40	
856	1	T 510	135	40	40	P 510	136	40	36	
857	1	T 512	136	40	40	P 512	136	40	40	
858	1	T 514	137	40	40	P 514	136	38	40	
859	1	T 516	138	40	40	P 514	136	38	41	
860	1	T 518	139	40	40	P 516	138	40	38	
861	2	T 520	140	40	40	P 516	138	40	40	P 518	138	40	41	
862	3	T 522	141	40	40	P 518	138	40	41	P 520	140	40	40	P 518	138	40	41	
863	3	T 524	142	40	40	P 524	142	40	40	P 520	140	40	40	P 518	138	40	41	
864	2	T 526	143	40	40	P 524	142	40	40	P 526	144	5	38	
865	2	T 528	144	40	40	P 528	144	40	40	P 526	144	5	38	
866	4	T 530	145	40	40	P 557	142	2	38	P 530	146	40	39	P 561	144	5	38	P 561	144	5	38	
