1	0	T 80	80	40	40	
2	0	T 82	81	40	40	
3	0	T 84	82	40	40	
4	0	T 86	83	40	40	
5	0	T 88	84	40	40	
6	0	T 90	85	40	40	
7	0	T 92	86	40	40	
8	0	T 94	87	40	40	
9	0	T 96	88	40	40	
10	0	T 98	89	40	40	
11	0	T 100	90	40	40	
12	0	T 102	91	40	40	
13	0	T 104	92	40	40	
14	0	T 106	93	40	40	
15	0	T 108	94	40	40	
16	0	T 110	95	40	40	
17	0	T 112	96	40	40	
18	0	T 114	97	40	40	
19	0	T 116	98	40	40	
20	0	T 118	99	40	40	
21	0	T 120	100	40	40	
22	0	T 122	101	40	40	
23	0	T 124	102	40	40	
24	0	T 126	103	40	40	
25	0	T 128	104	40	40	
26	0	T 130	105	40	40	
27	0	T 132	106	40	40	
28	0	T 134	107	40	40	
29	0	T 136	108	40	40	
30	0	T 138	109	40	40	
31	0	T 140	110	40	40	
32	0	T 142	111	40	40	
33	0	T 144	112	40	40	
34	0	T 146	113	40	40	
35	0	T 148	114	40	40	
36	0	T 150	115	40	40	
37	0	T 152	116	40	40	
38	0	T 154	117	40	40	
39	0	T 156	118	40	40	
40	0	T 158	119	40	40	
41	0	T 160	120	40	40	
42	0	T 162	121	40	40	
43	0	T 164	122	40	40	
44	0	T 166	123	40	40	
45	0	T 168	124	40	40	
46	0	T 170	125	40	40	
47	0	T 172	126	40	40	
48	0	T 174	127	40	40	
49	0	T 176	128	40	40	
50	0	T 178	129	40	40	
51	0	T 180	130	40	40	
52	1	T 182	131	40	40	P 96	64	33	49	
53	0	T 184	132	40	40	
54	1	T 186	133	40	40	P 224	96	49	49	
55	0	T 188	134	40	40	
56	0	T 190	135	40	40	
57	0	T 192	136	40	40	
58	0	T 194	137	40	40	
59	1	T 196	138	40	40	P 112	112	33	33	
60	1	T 198	139	40	40	P 208	64	49	49	
61	0	T 200	140	40	40	
62	2	T 202	141	40	40	P 144	272	49	33	P 368	384	49	49	
63	1	T 204	142	40	40	P 80	224	49	33	
64	1	T 206	143	40	40	P 0	256	49	49	
65	0	T 208	144	40	40	
66	1	T 210	145	40	40	P 176	208	33	33	
67	1	T 212	146	40	40	P 464	208	49	49	
68	2	T 214	147	40	40	P 32	96	49	33	P 144	80	49	33	
69	2	T 216	148	40	40	P 0	416	49	49	P 400	144	49	49	
70	3	T 218	149	40	40	P 16	176	49	33	P 272	416	49	49	P 528	192	49	49	
71	2	T 220	150	40	40	P 208	64	49	49	P 480	416	49	49	
72	1	T 222	151	40	40	P 208	416	65	49	
73	3	T 224	152	40	40	P 144	336	49	81	P 368	48	49	33	P 496	400	49	49	
74	4	T 226	153	40	40	P 80	144	49	49	P 144	112	33	33	P 368	272	49	49	P 608	432	49	33	
75	1	T 228	154	40	40	P 208	432	49	33	
76	3	T 230	155	40	40	P 272	336	49	49	P 384	432	33	33	P 608	96	33	33	
77	1	T 232	156	40	40	P 608	80	33	33	
78	3	T 234	157	40	40	P 320	416	33	49	P 496	352	49	49	P 640	352	65	49	
79	4	T 236	158	40	40	P 320	304	49	49	P 544	160	49	65	P 560	368	49	33	P 656	352	49	49	
80	0	T 238	159	40	40	
81	2	T 240	160	40	40	P 160	96	49	49	P 544	160	49	49	
82	5	T 242	161	40	40	P 48	144	49	49	P 96	80	33	49	P 272	80	49	49	P 592	384	49	49	P 608	144	49	97	
83	1	T 244	162	40	40	P 112	208	49	49	
84	2	T 246	163	40	40	P 352	0	49	33	P 480	336	49	65	
85	2	T 248	164	40	40	P 256	272	49	49	P 400	272	49	49	
86	4	T 250	165	40	40	P 96	192	33	49	P 384	0	49	33	P 544	224	49	49	P 640	128	49	33	
87	4	T 252	166	40	40	P 16	0	49	33	P 160	400	33	33	P 528	128	49	49	P 608	368	49	49	
88	5	T 254	167	40	40	P 48	416	49	49	P 288	336	49	33	P 304	128	49	49	P 528	256	49	49	P 576	144	49	49	
89	4	T 256	168	40	40	P 96	80	49	49	P 176	256	49	49	P 176	368	49	33	P 576	320	49	49	
90	3	T 258	169	40	40	P 272	320	49	49	P 480	224	33	49	P 480	400	49	33	
91	0	T 260	170	40	40	
92	3	T 262	171	40	40	P 64	400	49	49	P 352	368	33	33	P 416	0	33	33	
93	2	T 264	172	40	40	P 560	352	49	49	P 640	432	33	33	
94	4	T 266	173	40	40	P 48	0	49	33	P 48	240	49	49	P 576	16	33	33	P 672	336	33	33	
95	2	T 268	174	40	40	P 48	64	33	33	P 288	0	49	33	
96	1	T 270	175	40	40	P 208	192	49	49	
97	2	T 272	176	40	40	P 48	384	33	49	P 384	16	33	33	
98	2	T 274	177	40	40	P 16	304	49	49	P 528	368	49	49	
99	2	T 276	178	40	40	P 512	48	33	33	P 512	400	49	65	
100	3	T 278	179	40	40	P 16	272	33	33	P 352	336	49	49	P 624	320	49	33	
101	3	T 280	180	40	40	P 176	272	33	33	P 368	256	33	33	P 464	144	49	33	
102	1	T 282	181	40	40	P 176	176	49	49	
103	5	T 284	182	40	40	P 80	288	49	49	P 96	80	33	49	P 240	176	49	49	P 528	128	49	49	P 592	80	49	49	
104	3	T 286	183	40	40	P 48	32	49	33	P 240	256	49	49	P 448	0	49	33	
105	3	T 288	184	40	40	P 64	64	49	49	P 208	384	49	33	P 336	64	49	49	
106	4	T 290	185	40	40	P 112	128	49	49	P 128	272	33	33	P 208	32	145	49	P 592	0	49	49	
107	4	T 292	186	40	40	P 208	192	33	49	P 256	272	33	33	P 368	272	49	65	P 624	416	49	49	
108	4	T 294	187	40	40	P 256	368	49	33	P 368	0	49	49	P 496	400	49	49	P 512	272	49	49	
109	5	T 296	188	40	40	P 96	208	49	49	P 256	400	33	33	P 480	224	49	49	P 496	416	49	49	P 608	128	49	49	
110	2	T 298	189	40	40	P 368	256	49	33	P 560	256	49	49	
111	2	T 300	190	40	40	P 256	352	33	33	P 544	16	49	49	
112	1	T 302	191	40	40	P 208	224	49	49	
113	1	T 304	192	40	40	P 352	304	49	49	
114	2	T 306	193	40	40	P 288	64	33	65	P 352	128	49	49	
115	4	T 308	194	40	40	P 96	96	49	49	P 224	112	49	49	P 336	0	49	49	P 496	64	49	49	
116	2	T 310	195	40	40	P 288	288	49	49	P 640	272	49	49	
117	2	T 312	196	40	40	P 128	16	49	33	P 528	112	97	49	
118	2	T 314	197	40	40	P 16	176	33	33	P 672	368	33	49	
119	2	T 316	198	40	40	P 128	160	49	49	P 592	96	33	33	
120	1	T 318	199	40	40	P 288	224	49	49	
121	6	T 320	200	40	40	P 128	256	49	49	P 272	144	33	49	P 368	320	49	49	P 576	0	49	33	P 656	128	49	49	P 672	272	33	49	
122	2	T 322	201	40	40	P 128	400	65	65	P 304	16	49	49	
123	4	T 324	202	40	40	P 80	128	33	33	P 304	320	65	49	P 512	160	49	33	P 544	256	49	49	
124	4	T 326	203	40	40	P 96	368	49	65	P 208	336	49	49	P 224	16	33	33	P 432	112	49	49	
125	2	T 328	204	40	40	P 128	128	49	49	P 352	368	49	49	
126	5	T 330	205	40	40	P 0	64	49	49	P 256	160	33	33	P 464	416	33	49	P 512	112	49	49	P 640	240	49	33	
127	3	T 332	206	40	40	P 80	112	49	33	P 272	0	49	33	P 512	288	49	49	
128	1	T 334	207	40	40	P 576	432	49	33	
129	4	T 336	208	40	40	P 64	400	49	49	P 112	96	49	49	P 512	368	33	49	P 672	176	33	49	
130	4	T 338	209	40	40	P 32	160	97	81	P 448	432	49	33	P 496	112	49	49	P 560	432	49	33	
131	4	T 340	210	40	40	P 0	368	49	33	P 160	208	49	49	P 368	320	49	49	P 672	80	33	33	
132	2	T 342	211	40	40	P 0	320	33	49	P 608	16	33	49	
133	1	T 344	212	40	40	P 576	16	49	33	
134	2	T 346	213	40	40	P 256	144	49	49	P 656	432	33	33	
135	3	T 348	214	40	40	P 80	96	49	49	P 496	352	49	49	P 624	304	33	33	
136	1	T 350	215	40	40	P 128	384	49	49	
137	4	T 352	216	40	40	P 240	384	49	49	P 336	16	49	49	P 544	160	33	33	P 640	0	49	49	
138	2	T 354	217	40	40	P 400	400	65	49	P 560	240	49	49	
139	3	T 356	218	40	40	P 272	368	33	49	P 384	320	49	49	P 544	400	49	49	
140	5	T 358	219	40	40	P 0	0	33	33	P 64	80	33	33	P 448	272	49	49	P 512	288	49	49	P 576	240	33	33	
141	3	T 360	220	40	40	P 96	304	33	33	P 144	112	49	49	P 464	256	49	49	
142	7	T 362	221	40	40	P 0	352	49	49	P 176	112	33	33	P 304	128	49	49	P 352	400	49	49	P 416	32	65	49	P 544	112	65	49	P 608	336	49	49	
143	4	T 364	222	40	40	P 96	192	49	49	P 112	32	49	33	P 336	320	49	49	P 656	128	49	49	
144	3	T 366	223	40	40	P 32	352	49	49	P 288	336	49	49	P 592	0	49	33	
145	3	T 368	224	40	40	P 336	64	49	49	P 416	160	49	49	P 560	192	49	49	
146	2	T 370	225	40	40	P 64	288	49	49	P 432	304	65	65	
147	4	T 372	226	40	40	P 160	320	49	65	P 416	144	49	49	P 560	32	33	49	P 560	208	65	49	
148	3	T 374	227	40	40	P 112	144	33	33	P 288	112	49	49	P 416	256	65	49	
149	1	T 376	228	40	40	P 288	368	33	33	
150	4	T 378	229	40	40	P 192	80	49	49	P 352	0	49	33	P 352	352	49	49	P 576	256	49	49	
151	5	T 380	230	40	40	P 48	208	49	49	P 80	160	49	33	P 112	352	33	49	P 176	256	33	33	P 544	416	49	49	
152	4	T 382	231	40	40	P 320	400	49	49	P 448	0	97	113	P 464	368	49	49	P 640	128	33	49	
153	1	T 384	232	40	40	P 240	336	49	49	
154	1	T 386	233	40	40	P 608	112	49	49	
155	0	T 388	234	40	40	
156	0	T 390	235	40	40	
157	0	T 392	236	40	40	
158	0	T 394	237	40	40	
159	2	T 396	238	40	40	P 176	112	33	49	P 256	416	33	49	
160	0	T 398	239	40	40	
161	1	T 400	240	40	40	P 0	144	33	33	
162	6	T 402	241	40	40	P 16	336	49	33	P 64	192	49	33	P 96	16	33	33	P 272	160	49	49	P 304	384	49	49	P 640	400	49	49	
163	3	T 404	242	40	40	P 112	240	33	49	P 144	16	49	49	P 208	224	49	49	
164	6	T 406	243	40	40	P 32	304	49	49	P 208	368	65	65	P 336	432	49	33	P 608	112	49	49	P 640	256	49	49	P 656	432	49	33	
165	4	T 408	244	40	40	P 0	256	49	49	P 32	48	81	65	P 128	192	49	49	P 224	272	49	49	
166	5	T 410	245	40	40	P 80	0	49	49	P 112	320	49	33	P 128	80	49	49	P 336	288	49	49	P 608	0	33	49	
167	2	T 412	246	40	40	P 64	368	33	49	P 416	96	49	49	
168	4	T 414	247	40	40	P 128	0	97	65	P 320	48	49	49	P 464	240	97	65	P 608	208	49	49	
169	5	T 416	248	40	40	P 0	384	33	49	P 336	320	49	49	P 416	368	49	49	P 464	32	49	49	P 640	416	49	49	
170	4	T 418	249	40	40	P 32	256	49	49	P 80	416	33	33	P 336	384	49	49	P 528	416	49	49	
171	6	T 420	250	40	40	P 304	32	33	49	P 400	208	49	33	P 448	0	49	33	P 544	144	49	49	P 560	432	33	33	P 672	80	33	49	
172	5	T 422	251	40	40	P 32	0	33	49	P 160	384	49	49	P 304	112	49	49	P 512	304	49	49	P 672	192	33	49	
173	5	T 424	252	40	40	P 16	0	49	33	P 48	96	49	49	P 304	192	33	49	P 336	288	33	33	P 672	160	33	49	
174	0	T 426	253	40	40	
175	0	T 428	254	40	40	
176	1	T 430	255	40	40	P 160	128	33	33	
177	1	T 432	256	40	40	P 112	96	33	49	
178	0	T 434	257	40	40	
179	0	T 436	258	40	40	
180	1	T 438	259	40	40	P 0	128	33	33	
181	0	T 440	260	40	40	
182	0	T 442	261	40	40	
183	0	T 444	262	40	40	
184	2	T 446	263	40	40	P 128	336	33	33	P 144	160	33	33	
185	0	T 448	264	40	40	
186	0	T 450	265	40	40	
187	1	T 452	266	40	40	P 128	112	33	33	
188	0	T 454	267	40	40	
189	1	T 456	268	40	40	P 384	64	33	33	
190	0	T 458	269	40	40	
191	0	T 460	270	40	40	
192	0	T 462	271	40	40	
193	0	T 464	272	40	40	
194	0	T 466	273	40	40	
195	0	T 468	274	40	40	
196	0	T 470	275	40	40	
197	2	T 472	276	40	40	P 576	96	49	49	P 608	256	49	33	
198	0	T 474	277	40	40	
199	0	T 476	278	40	40	
200	0	T 478	279	40	40	
201	0	T 480	280	40	40	
202	0	T 482	281	40	40	
203	1	T 484	282	40	40	P 96	336	49	49	
204	1	T 486	283	40	40	P 608	16	49	49	
205	1	T 488	284	40	40	P 672	0	33	49	
206	0	T 490	285	40	40	
207	1	T 492	286	40	40	P 256	0	33	33	
208	1	T 494	287	40	40	P 80	160	49	33	
209	0	T 496	288	40	40	
210	2	T 498	289	40	40	P 160	128	49	33	P 528	112	33	33	
211	0	T 500	290	40	40	
212	2	T 502	291	40	40	P 80	304	33	33	P 352	400	33	33	
213	0	T 504	292	40	40	
214	0	T 506	293	40	40	
215	1	T 508	294	40	40	P 448	320	49	49	
216	0	T 510	295	40	40	
217	0	T 512	296	40	40	
218	0	T 514	297	40	40	
219	0	T 516	298	40	40	
220	1	T 518	299	40	40	P 496	352	49	33	
221	0	T 520	300	40	40	
222	1	T 522	301	40	40	P 496	0	33	33	
223	0	T 524	302	40	40	
224	1	T 526	303	40	40	P 192	128	49	49	
225	1	T 528	304	40	40	P 272	176	33	33	
226	0	T 530	305	40	40	
227	0	T 532	306	40	40	
228	1	T 534	307	40	40	P 432	128	49	49	
229	0	T 536	308	40	40	
230	0	T 538	309	40	40	
231	0	T 540	310	40	40	
232	0	T 542	311	40	40	
233	0	T 544	312	40	40	
234	0	T 546	313	40	40	
235	1	T 548	314	40	40	P 480	256	33	33	
236	0	T 550	315	40	40	
237	1	T 552	316	40	40	P 48	336	49	49	
238	1	T 554	317	40	40	P 384	208	33	49	
239	0	T 556	318	40	40	
240	1	T 558	319	40	40	P 240	272	49	49	
241	0	T 560	320	40	40	
242	0	T 562	321	40	40	
243	0	T 564	322	40	40	
244	2	T 566	323	40	40	P 272	432	49	33	P 576	240	49	49	
245	0	T 568	324	40	40	
246	1	T 570	325	40	40	P 96	256	33	33	
247	0	T 572	326	40	40	
248	0	T 574	327	40	40	
249	1	T 576	328	40	40	P 144	304	49	49	
250	1	T 578	329	40	40	P 320	400	49	49	
251	0	T 580	330	40	40	
252	4	T 582	331	40	40	P 48	384	33	49	P 208	288	49	49	P 320	304	49	49	P 448	32	33	33	
253	2	T 584	332	40	40	P 112	272	49	49	P 384	384	49	49	
254	0	T 586	333	40	40	
255	1	T 588	334	40	40	P 256	368	33	33	
256	1	T 590	335	40	40	P 288	32	33	33	
257	0	T 592	336	40	40	
258	3	T 594	337	40	40	P 64	0	33	33	P 336	112	33	33	P 608	208	33	49	
259	0	T 596	338	40	40	
260	0	T 598	339	40	40	
261	1	T 600	340	40	40	P 432	352	33	49	
262	0	T 602	341	40	40	
263	0	T 604	342	40	40	
264	0	T 606	343	40	40	
265	1	T 608	344	40	40	P 432	208	49	49	
266	2	T 610	345	40	40	P 112	96	49	49	P 128	32	49	33	
267	0	T 612	346	40	40	
268	1	T 614	347	40	40	P 0	432	33	33	
269	1	T 616	348	40	40	P 192	16	33	33	
270	1	T 618	349	40	40	P 608	432	33	33	
271	0	T 620	350	40	40	
272	1	T 622	351	40	40	P 400	224	49	33	
273	0	T 624	352	40	40	
274	0	T 626	353	40	40	
275	1	T 628	354	40	40	P 240	80	49	49	
276	2	T 630	355	40	40	P 272	416	33	33	P 336	96	33	33	
277	2	T 632	356	40	40	P 288	416	49	33	P 432	112	33	49	
278	1	T 634	357	40	40	P 240	80	33	49	
279	0	T 636	358	40	40	
280	0	T 638	359	40	40	
281	1	T 640	360	40	40	P 32	192	33	33	
282	1	T 642	361	40	40	P 112	112	49	49	
283	0	T 644	362	40	40	
284	1	T 646	363	40	40	P 512	416	33	49	
285	0	T 648	364	40	40	
286	2	T 650	365	40	40	P 496	336	33	33	P 656	208	33	33	
287	0	T 652	366	40	40	
288	2	T 654	367	40	40	P 448	288	49	49	P 624	208	49	49	
289	0	T 656	368	40	40	
290	1	T 658	369	40	40	P 512	80	33	33	
291	0	T 660	370	40	40	
292	0	T 658	371	40	40	
293	1	T 656	372	40	40	P 448	192	49	49	
294	0	T 654	373	40	40	
295	1	T 652	374	40	40	P 64	80	33	33	
296	0	T 650	375	40	40	
297	0	T 648	376	40	40	
298	1	T 646	377	40	40	P 640	336	33	49	
299	2	T 644	378	40	40	P 400	48	49	33	P 400	192	49	33	
300	2	T 642	379	40	40	P 80	144	49	33	P 160	0	33	49	
301	0	T 640	380	40	40	
302	1	T 638	381	40	40	P 64	368	33	49	
303	1	T 636	382	40	40	P 592	144	33	49	
304	1	T 634	383	40	40	P 336	240	49	49	
305	0	T 632	384	40	40	
306	0	T 630	385	40	40	
307	1	T 628	386	40	40	P 240	416	33	33	
308	1	T 626	387	40	40	P 496	192	33	33	
309	0	T 624	388	40	40	
310	0	T 622	389	40	40	
311	0	T 620	390	40	40	
312	0	T 618	391	40	40	
313	1	T 616	392	40	40	P 352	384	33	49	
314	0	T 614	393	40	40	
315	2	T 612	394	40	40	P 320	240	33	33	P 656	320	33	49	
316	0	T 610	395	40	40	
317	0	T 608	396	40	40	
318	0	T 606	397	40	40	
319	0	T 604	398	40	40	
320	2	T 602	399	40	40	P 240	0	49	33	P 288	112	33	33	
321	0	T 600	400	40	40	
322	0	T 598	401	40	40	
323	0	T 596	402	40	40	
324	1	T 594	403	40	40	P 416	96	33	33	
325	0	T 592	404	40	40	
326	1	T 590	405	40	40	P 80	80	33	33	
327	0	T 588	406	40	40	
328	0	T 586	407	40	40	
329	0	T 584	408	40	40	
330	3	T 582	409	40	40	P 224	32	49	33	P 272	208	33	33	P 592	0	33	33	
331	1	T 580	410	40	40	P 272	112	49	49	
332	0	T 578	411	40	40	
333	1	T 576	412	40	40	P 0	272	33	33	
334	1	T 574	413	40	40	P 224	0	49	49	
335	1	T 572	414	40	40	P 0	304	49	49	
336	0	T 570	415	40	40	
337	2	T 568	416	40	40	P 112	64	49	49	P 176	48	49	49	
338	0	T 566	417	40	40	
339	1	T 564	418	40	40	P 192	32	33	49	
340	1	T 562	419	40	40	P 288	256	49	49	
341	0	T 560	420	40	40	
342	1	T 558	419	40	40	P 0	224	49	49	
343	0	T 556	418	40	40	
344	1	T 554	417	40	40	P 608	176	49	33	
345	0	T 552	416	40	40	
346	0	T 550	415	40	40	
347	0	T 548	414	40	40	
348	0	T 546	413	40	40	
349	0	T 544	412	40	40	
350	0	T 542	411	40	40	
351	1	T 540	410	40	40	P 208	0	33	49	
352	0	T 538	409	40	40	
353	0	T 536	408	40	40	
354	0	T 534	407	40	40	
355	0	T 532	406	40	40	
356	3	T 530	405	40	40	P 384	432	49	33	P 576	336	33	33	P 624	256	49	33	
357	0	T 528	404	40	40	
358	1	T 526	403	40	40	P 352	384	33	49	
359	2	T 524	402	40	40	P 384	96	33	33	P 432	304	49	49	
360	5	T 522	401	40	40	P 208	160	33	49	P 336	48	33	33	P 352	256	49	49	P 384	144	49	49	P 544	96	49	49	
361	2	T 520	400	40	40	P 368	0	49	33	P 512	240	33	33	
362	0	T 518	399	40	40	
363	1	T 516	398	40	40	P 80	112	33	33	
364	0	T 514	397	40	40	
365	0	T 512	396	40	40	
366	0	T 510	395	40	40	
367	1	T 508	394	40	40	P 656	336	33	49	
368	0	T 506	393	40	40	
369	0	T 504	392	40	40	
370	1	T 502	391	40	40	P 160	192	49	33	
371	1	T 500	390	40	40	P 128	320	49	49	
372	2	T 498	389	40	40	P 464	288	33	33	P 608	320	33	33	
373	0	T 496	388	40	40	
374	0	T 494	387	40	40	
375	1	T 492	386	40	40	P 384	96	33	33	
376	2	T 490	385	40	40	P 96	48	49	49	P 528	96	33	33	
377	0	T 488	384	40	40	
378	0	T 486	383	40	40	
379	1	T 484	382	40	40	P 320	432	49	33	
380	1	T 482	381	40	40	P 496	192	49	49	
381	2	T 480	380	40	40	P 336	112	49	33	P 656	176	33	33	
382	0	T 478	379	40	40	
383	1	T 476	378	40	40	P 624	128	33	33	
384	0	T 474	377	40	40	
385	1	T 472	376	40	40	P 16	208	33	33	
386	1	T 470	375	40	40	P 176	192	33	49	
387	1	T 468	374	40	40	P 48	96	49	49	
388	0	T 466	373	40	40	
389	3	T 464	372	40	40	P 0	240	33	33	P 544	368	33	33	P 560	16	49	33	
390	0	T 462	371	40	40	
391	0	T 460	370	40	40	
392	1	T 458	369	40	40	P 256	224	33	33	
393	1	T 456	368	40	40	P 656	176	33	33	
394	1	T 454	367	40	40	P 400	368	33	33	
395	1	T 452	366	40	40	P 112	176	49	49	
396	4	T 450	365	40	40	P 16	432	49	33	P 160	0	49	49	P 272	48	49	49	P 432	16	49	49	
397	0	T 448	364	40	40	
398	1	T 446	363	40	40	P 544	352	49	49	
399	0	T 444	362	40	40	
400	0	T 442	361	40	40	
401	1	T 440	360	40	40	P 0	96	49	49	
402	0	T 438	359	40	40	
403	1	T 436	358	40	40	P 672	384	33	33	
404	2	T 434	357	40	40	P 48	160	49	49	P 672	64	33	49	
405	0	T 432	356	40	40	
406	3	T 430	355	40	40	P 96	400	33	49	P 272	0	49	49	P 624	336	33	33	
407	0	T 428	354	40	40	
408	1	T 426	353	40	40	P 208	224	49	49	
409	1	T 424	352	40	40	P 0	288	33	49	
410	0	T 422	351	40	40	
411	3	T 420	350	40	40	P 192	320	33	49	P 320	400	49	49	P 352	176	33	33	
412	0	T 418	349	40	40	
413	1	T 416	348	40	40	P 48	288	33	33	
414	1	T 414	347	40	40	P 624	240	33	33	
415	0	T 412	346	40	40	
416	1	T 410	345	40	40	P 560	240	49	49	
417	0	T 408	344	40	40	
418	2	T 406	343	40	40	P 448	16	33	33	P 608	352	49	33	
419	1	T 404	342	40	40	P 112	352	49	49	
420	2	T 402	341	40	40	P 192	336	33	49	P 512	336	33	33	
421	3	T 400	340	40	40	P 272	400	33	33	P 336	240	49	49	P 480	192	33	49	
422	1	T 398	339	40	40	P 288	80	33	33	
423	0	T 396	338	40	40	
424	0	T 394	337	40	40	
425	0	T 392	336	40	40	
426	0	T 390	335	40	40	
427	1	T 388	334	40	40	P 496	416	49	49	
428	0	T 386	333	40	40	
429	1	T 384	332	40	40	P 304	32	33	33	
430	0	T 382	331	40	40	
431	2	T 380	330	40	40	P 400	368	49	49	P 608	304	49	33	
432	0	T 378	329	40	40	
433	0	T 376	328	40	40	
434	1	T 374	327	40	40	P 176	272	33	33	
435	2	T 372	326	40	40	P 144	288	49	33	P 592	0	33	33	
436	1	T 370	325	40	40	P 224	128	49	33	
437	1	T 368	324	40	40	P 352	48	33	49	
438	2	T 366	323	40	40	P 128	96	49	49	P 672	384	33	33	
439	2	T 364	322	40	40	P 96	0	49	49	P 464	80	49	49	
440	0	T 362	321	40	40	
441	1	T 360	320	40	40	P 192	112	65	81	
442	0	T 358	319	40	40	
443	1	T 356	318	40	40	P 0	336	33	49	
444	0	T 354	317	40	40	
445	0	T 352	316	40	40	
446	2	T 350	315	40	40	P 480	320	49	33	P 592	272	49	33	
447	3	T 348	314	40	40	P 256	192	33	33	P 320	320	49	49	P 672	336	33	49	
448	0	T 346	313	40	40	
449	0	T 344	312	40	40	
450	2	T 342	311	40	40	P 144	64	33	33	P 672	256	33	49	
451	0	T 340	310	40	40	
452	1	T 338	309	40	40	P 160	48	33	33	
453	2	T 336	308	40	40	P 240	272	33	49	P 384	32	49	49	
454	1	T 334	307	40	40	P 416	336	33	33	
455	3	T 332	306	40	40	P 224	304	49	33	P 384	240	49	33	P 656	64	33	33	
456	0	T 330	305	40	40	
457	0	T 328	304	40	40	
458	0	T 326	303	40	40	
459	0	T 324	302	40	40	
460	0	T 322	301	40	40	
461	2	T 320	300	40	40	P 48	48	33	49	P 176	32	33	33	
462	1	T 318	299	40	40	P 592	192	49	33	
463	1	T 316	298	40	40	P 240	400	33	49	
464	1	T 314	297	40	40	P 224	64	65	33	
465	1	T 312	296	40	40	P 64	32	33	49	
466	2	T 310	295	40	40	P 256	432	49	33	P 448	192	33	49	
467	0	T 308	294	40	40	
468	1	T 306	293	40	40	P 608	160	49	49	
469	1	T 304	292	40	40	P 144	48	49	49	
470	1	T 302	291	40	40	P 624	256	33	33	
471	1	T 300	290	40	40	P 0	96	33	49	
472	1	T 298	289	40	40	P 224	48	49	49	
473	0	T 296	288	40	40	
474	3	T 294	287	40	40	P 240	304	49	33	P 288	416	33	33	P 512	320	33	33	
475	1	T 292	286	40	40	P 272	240	33	49	
476	1	T 290	285	40	40	P 512	0	49	49	
477	1	T 288	284	40	40	P 368	128	33	33	
478	0	T 286	283	40	40	
479	0	T 284	282	40	40	
480	0	T 282	281	40	40	
481	2	T 280	280	40	40	P 48	32	49	33	P 208	112	33	49	
482	1	T 278	279	40	40	P 352	304	33	33	
483	1	T 276	278	40	40	P 32	0	33	33	
484	0	T 274	277	40	40	
485	2	T 272	276	40	40	P 400	0	33	33	P 576	48	33	49	
486	1	T 270	275	40	40	P 336	432	33	33	
487	0	T 268	274	40	40	
488	0	T 266	273	40	40	
489	2	T 264	272	40	40	P 544	128	33	33	P 544	384	33	33	
490	2	T 262	271	40	40	P 48	176	49	33	P 224	32	33	49	
491	0	T 260	270	40	40	
492	1	T 258	269	40	40	P 352	32	33	49	
493	0	T 256	268	40	40	
494	2	T 254	267	40	40	P 432	384	49	49	P 560	432	49	33	
495	2	T 252	266	40	40	P 432	112	49	49	P 608	256	33	49	
496	0	T 250	265	40	40	
497	2	T 248	264	40	40	P 0	224	33	49	P 32	352	33	49	
498	2	T 246	263	40	40	P 32	176	33	49	P 432	64	49	49	
499	1	T 244	262	40	40	P 96	16	33	33	
500	0	T 242	261	40	40	
501	1	T 240	260	40	40	P 64	128	49	33	
502	0	T 238	259	40	40	
503	1	T 236	258	40	40	P 80	336	49	49	
504	2	T 234	257	40	40	P 496	64	33	33	P 576	96	49	33	
505	5	T 232	256	40	40	P 160	0	49	33	P 256	384	49	49	P 416	432	49	33	P 544	144	49	33	P 672	48	33	33	
506	2	T 230	255	40	40	P 464	384	33	49	P 576	208	49	33	
507	0	T 228	254	40	40	
508	1	T 226	253	40	40	P 528	304	33	33	
509	1	T 224	252	40	40	P 544	144	33	49	
510	1	T 222	251	40	40	P 272	80	49	49	
511	2	T 220	250	40	40	P 240	64	49	49	P 592	176	33	33	
512	1	T 218	249	40	40	P 32	128	33	33	
513	0	T 216	248	40	40	
514	1	T 214	247	40	40	P 656	272	49	33	
515	3	T 212	246	40	40	P 128	32	49	33	P 416	96	33	33	P 512	384	49	49	
516	2	T 210	245	40	40	P 96	432	33	33	P 496	432	49	33	
517	2	T 208	244	40	40	P 304	288	33	33	P 608	16	49	49	
518	2	T 206	243	40	40	P 352	16	49	49	P 448	0	33	33	
519	0	T 204	242	40	40	
520	0	T 202	241	40	40	
521	0	T 200	240	40	40	
522	1	T 198	239	40	40	P 416	336	33	33	
523	1	T 196	238	40	40	P 416	96	49	49	
524	1	T 194	237	40	40	P 96	112	33	33	
525	3	T 192	236	40	40	P 160	112	49	49	P 224	416	49	49	P 592	0	49	49	
526	0	T 190	235	40	40	
527	2	T 188	234	40	40	P 416	288	49	49	P 624	224	33	33	
528	1	T 186	233	40	40	P 352	64	33	49	
529	2	T 184	232	40	40	P 320	0	65	49	P 592	320	49	49	
530	1	T 182	231	40	40	P 192	272	33	33	
531	2	T 180	230	40	40	P 32	160	33	49	P 256	256	33	49	
532	2	T 178	229	40	40	P 96	32	49	33	P 96	176	49	49	
533	0	T 176	228	40	40	
534	5	T 174	227	40	40	P 192	64	33	33	P 544	240	33	33	P 560	384	33	33	P 608	208	65	81	P 640	0	49	33	
535	1	T 172	226	40	40	P 496	304	49	33	
536	0	T 170	225	40	40	
537	2	T 168	224	40	40	P 512	400	49	49	P 544	112	49	49	
538	1	T 166	223	40	40	P 208	240	33	49	
539	1	T 164	222	40	40	P 432	16	33	33	
540	2	T 162	221	40	40	P 160	144	49	49	P 480	368	49	49	
541	0	T 160	220	40	40	
542	2	T 158	219	40	40	P 240	80	49	33	P 416	32	49	49	
543	0	T 156	218	40	40	
544	1	T 154	217	40	40	P 560	96	49	49	
545	2	T 152	216	40	40	P 176	400	33	49	P 192	288	33	33	
546	1	T 150	215	40	40	P 448	208	49	33	
547	2	T 148	214	40	40	P 144	432	33	33	P 256	400	33	49	
548	3	T 146	213	40	40	P 128	80	49	33	P 336	16	49	49	P 432	240	49	33	
549	1	T 144	212	40	40	P 464	224	49	33	
550	3	T 142	211	40	40	P 320	416	49	33	P 352	144	49	49	P 384	272	49	49	
551	2	T 140	210	40	40	P 64	416	33	33	P 512	16	33	33	
552	0	T 138	209	40	40	
553	3	T 136	208	40	40	P 32	240	33	33	P 352	384	49	33	P 608	224	49	33	
554	0	T 134	207	40	40	
555	0	T 132	206	40	40	
556	0	T 130	205	40	40	
557	0	T 128	204	40	40	
558	4	T 126	203	40	40	P 16	272	49	49	P 176	304	33	33	P 240	224	33	49	P 352	32	49	49	
559	1	T 124	202	40	40	P 352	400	33	33	
560	1	T 122	201	40	40	P 240	144	33	33	
561	0	T 120	200	40	40	
562	2	T 118	199	40	40	P 208	352	49	49	P 528	176	49	49	
563	1	T 116	198	40	40	P 176	176	49	49	
564	0	T 114	197	40	40	
565	1	T 112	196	40	40	P 80	128	49	65	
566	0	T 110	195	40	40	
567	2	T 108	194	40	40	P 240	64	49	49	P 352	256	33	33	
568	1	T 106	193	40	40	P 160	224	49	33	
569	3	T 104	192	40	40	P 512	352	49	49	P 560	48	33	49	P 608	320	49	49	
570	1	T 102	191	40	40	P 400	192	33	49	
571	2	T 100	190	40	40	P 112	256	33	33	P 560	224	49	33	
572	0	T 98	189	40	40	
573	3	T 96	188	40	40	P 192	432	33	33	P 320	256	33	33	P 528	336	33	49	
574	1	T 94	187	40	40	P 208	0	49	33	
575	1	T 92	186	40	40	P 416	64	49	49	
576	0	T 90	185	40	40	
577	2	T 88	184	40	40	P 0	16	33	33	P 544	416	49	49	
578	4	T 86	183	40	40	P 48	384	33	49	P 112	96	49	49	P 144	432	49	33	P 448	128	49	49	
579	2	T 84	182	40	40	P 256	192	33	33	P 672	48	33	49	
580	2	T 82	181	40	40	P 320	16	49	49	P 544	416	49	49	
581	0	T 80	180	40	40	
582	0	T 78	179	40	40	
583	0	T 76	178	40	40	
584	3	T 74	177	40	40	P 272	16	49	49	P 464	160	33	33	P 544	112	33	33	
585	2	T 72	176	40	40	P 304	0	49	33	P 416	304	49	49	
586	2	T 70	175	40	40	P 96	80	33	49	P 208	80	33	49	
587	3	T 68	174	40	40	P 176	368	33	33	P 336	16	33	49	P 576	224	49	49	
588	1	T 66	173	40	40	P 368	368	33	33	
589	2	T 64	172	40	40	P 400	400	33	49	P 576	112	49	49	
590	1	T 62	171	40	40	P 112	384	33	33	
591	2	T 60	170	40	40	P 112	48	33	33	P 304	16	33	49	
592	2	T 58	169	40	40	P 336	0	49	49	P 560	416	33	33	
593	3	T 56	168	40	40	P 16	176	49	49	P 80	16	49	49	P 576	368	33	49	
594	1	T 54	167	40	40	P 432	288	33	49	
595	1	T 52	166	40	40	P 272	192	33	33	
596	1	T 50	165	40	40	P 400	32	49	49	
597	0	T 48	164	40	40	
598	4	T 46	163	40	40	P 64	272	49	33	P 96	96	49	33	P 480	384	49	33	P 672	384	33	49	
599	2	T 44	162	40	40	P 128	224	33	49	P 544	288	33	33	
600	1	T 42	161	40	40	P 464	192	33	33	
601	0	T 40	160	40	40	
602	0	T 38	159	40	40	
603	1	T 36	158	40	40	P 96	112	49	33	
604	2	T 34	157	40	40	P 48	96	33	33	P 96	272	49	33	
605	0	T 32	156	40	40	
606	1	T 30	155	40	40	P 256	48	33	33	
607	0	T 28	154	40	40	
608	1	T 26	153	40	40	P 480	224	33	33	
609	1	T 24	152	40	40	P 368	0	49	33	
610	2	T 22	151	40	40	P 176	32	49	49	P 576	368	33	33	
611	2	T 20	150	40	40	P 400	272	49	49	P 528	0	49	49	
612	2	T 22	149	40	40	P 64	176	33	33	P 592	416	49	49	
613	1	T 24	148	40	40	P 80	96	33	49	
614	1	T 26	147	40	40	P 256	304	49	33	
615	1	T 28	146	40	40	P 192	320	33	49	
616	4	T 30	145	40	40	P 48	208	33	49	P 192	352	49	49	P 352	352	33	33	P 560	368	33	33	
617	1	T 32	144	40	40	P 528	176	49	49	
618	1	T 34	143	40	40	P 352	288	33	33	
619	1	T 36	142	40	40	P 624	208	49	49	
620	1	T 38	141	40	40	P 304	32	33	33	
621	1	T 40	140	40	40	P 528	0	49	33	
622	2	T 42	139	40	40	P 144	240	49	49	P 352	160	49	49	
623	0	T 44	138	40	40	
624	3	T 46	137	40	40	P 112	320	49	49	P 368	368	49	33	P 416	192	49	49	
625	2	T 48	136	40	40	P 96	16	33	33	P 320	96	33	33	
626	2	T 50	135	40	40	P 192	320	49	49	P 400	80	49	49	
627	0	T 52	134	40	40	
628	1	T 54	133	40	40	P 448	368	49	49	
629	1	T 56	132	40	40	P 224	160	49	33	
630	1	T 58	131	40	40	P 0	272	33	49	
631	2	T 60	130	40	40	P 160	256	33	49	P 224	240	49	49	
632	2	T 62	129	40	40	P 384	208	49	49	P 496	32	49	49	
633	0	T 64	128	40	40	
634	1	T 66	127	40	40	P 528	272	49	49	
635	0	T 68	126	40	40	
636	1	T 70	125	40	40	P 528	336	33	49	
637	3	T 72	124	40	40	P 224	96	49	33	P 528	96	49	49	P 608	160	33	33	
638	5	T 74	123	40	40	P 128	416	49	49	P 256	144	33	33	P 272	224	49	49	P 448	112	33	49	P 496	208	33	33	
639	1	T 76	122	40	40	P 288	48	49	49	
640	3	T 78	121	40	40	P 128	208	33	33	P 128	336	33	33	P 512	304	49	33	
641	1	T 80	120	40	40	P 208	192	33	33	
642	1	T 82	119	40	40	P 256	288	49	49	
643	4	T 84	118	40	40	P 80	416	33	33	P 256	256	33	49	P 400	288	33	33	P 656	384	33	33	
644	0	T 86	117	40	40	
645	2	T 88	116	40	40	P 32	368	49	33	P 352	128	33	49	
646	0	T 90	115	40	40	
647	0	T 92	114	40	40	
648	1	T 94	113	40	40	P 48	0	33	33	
649	2	T 96	112	40	40	P 208	0	49	49	P 352	96	49	49	
650	0	T 98	111	40	40	
651	2	T 100	110	40	40	P 64	256	33	33	P 288	400	49	49	
652	3	T 102	109	40	40	P 96	384	33	33	P 512	272	33	49	P 560	416	49	33	
653	1	T 104	108	40	40	P 640	128	49	49	
654	3	T 106	107	40	40	P 304	192	49	49	P 416	224	49	49	P 624	384	33	49	
655	0	T 108	106	40	40	
656	1	T 110	105	40	40	P 432	304	49	49	
657	2	T 112	104	40	40	P 272	176	49	33	P 672	368	33	49	
658	4	T 114	103	40	40	P 0	304	49	49	P 144	384	49	49	P 320	336	49	49	P 448	0	33	33	
659	3	T 116	102	40	40	P 0	48	33	33	P 336	256	33	49	P 496	64	81	49	
660	3	T 118	101	40	40	P 96	432	49	33	P 256	96	33	33	P 448	272	33	49	
661	1	T 120	100	40	40	P 656	0	49	49	
662	3	T 122	99	40	40	P 48	160	49	49	P 240	416	33	33	P 544	208	49	49	
663	2	T 124	98	40	40	P 144	320	33	33	P 192	224	33	33	
664	1	T 126	97	40	40	P 384	272	49	49	
665	3	T 128	96	40	40	P 320	0	33	33	P 544	240	49	49	P 640	16	33	33	
666	2	T 130	95	40	40	P 0	336	33	33	P 320	128	33	33	
667	0	T 132	94	40	40	
668	0	T 134	93	40	40	
669	0	T 136	92	40	40	
670	2	T 138	91	40	40	P 544	80	33	33	P 624	432	33	33	
671	1	T 140	90	40	40	P 240	352	33	49	
672	3	T 142	89	40	40	P 416	208	49	33	P 560	256	33	33	P 608	336	49	49	
673	0	T 144	88	40	40	
674	0	T 146	87	40	40	
675	3	T 148	86	40	40	P 16	384	65	81	P 352	336	49	49	P 640	256	33	49	
676	1	T 150	85	40	40	P 0	128	33	49	
677	0	T 152	84	40	40	
678	1	T 154	83	40	40	P 368	0	49	33	
679	3	T 156	82	40	40	P 48	256	33	33	P 416	0	33	33	P 480	224	33	33	
680	2	T 158	81	40	40	P 32	80	49	49	P 240	112	49	49	
681	1	T 160	80	40	40	P 128	304	49	49	
682	0	T 162	79	40	40	
683	3	T 164	78	40	40	P 80	368	49	49	P 576	80	33	33	P 624	368	33	33	
684	1	T 166	77	40	40	P 160	400	49	49	
685	3	T 168	76	40	40	P 0	48	33	49	P 304	144	49	33	P 400	256	33	33	
686	2	T 170	75	40	40	P 336	304	33	49	P 512	16	33	33	
687	4	T 172	74	40	40	P 128	224	33	33	P 272	144	49	49	P 320	224	33	33	P 352	352	33	49	
688	1	T 174	73	40	40	P 608	400	49	49	
689	2	T 176	72	40	40	P 144	176	49	49	P 240	432	49	33	
690	2	T 178	71	40	40	P 112	128	33	33	P 672	112	33	49	
691	0	T 180	70	40	40	
692	1	T 182	69	40	40	P 368	208	49	49	
693	2	T 184	68	40	40	P 272	128	33	65	P 512	240	65	81	
694	2	T 186	67	40	40	P 304	288	33	33	P 512	368	49	49	
695	1	T 188	66	40	40	P 80	192	33	33	
696	2	T 190	65	40	40	P 64	48	49	49	P 304	160	33	33	
697	1	T 192	64	40	40	P 64	96	49	49	
698	2	T 194	63	40	40	P 112	112	33	49	P 144	224	49	49	
699	0	T 196	62	40	40	
700	2	T 198	61	40	40	P 384	208	33	33	P 528	0	49	49	
701	2	T 200	60	40	40	P 496	208	33	49	P 528	16	33	49	
702	1	T 202	59	40	40	P 160	0	33	33	
703	0	T 204	58	40	40	
704	2	T 206	57	40	40	P 0	352	65	65	P 448	432	33	33	
705	1	T 208	56	40	40	P 496	0	33	33	
706	2	T 210	55	40	40	P 80	0	65	49	P 592	240	49	49	
707	1	T 212	54	40	40	P 640	112	49	49	
708	3	T 214	53	40	40	P 176	80	49	49	P 304	352	33	33	P 512	160	49	49	
709	2	T 216	52	40	40	P 96	352	49	49	P 672	64	33	49	
710	2	T 218	51	40	40	P 288	176	49	49	P 656	240	33	49	
711	1	T 220	50	40	40	P 16	96	33	33	
712	1	T 222	49	40	40	P 304	80	49	49	
713	0	T 224	48	40	40	
714	1	T 226	47	40	40	P 400	144	49	49	
715	4	T 228	46	40	40	P 464	240	33	33	P 480	336	49	33	P 656	240	49	49	P 672	336	33	49	
716	3	T 230	45	40	40	P 16	96	33	49	P 272	160	33	49	P 576	144	33	33	
717	0	T 232	44	40	40	
718	0	T 234	43	40	40	
719	2	T 236	42	40	40	P 0	80	33	33	P 144	16	33	33	
720	1	T 238	41	40	40	P 448	0	33	33	
721	2	T 240	40	40	40	P 128	160	49	49	P 160	240	49	33	
722	1	T 242	39	40	40	P 288	224	33	33	
723	0	T 244	38	40	40	
724	3	T 246	37	40	40	P 128	96	49	49	P 240	320	33	33	P 592	288	49	33	
725	2	T 248	36	40	40	P 80	256	49	33	P 656	192	49	33	
726	1	T 250	35	40	40	P 640	176	33	49	
727	1	T 252	34	40	40	P 176	320	33	49	
728	0	T 254	33	40	40	
729	1	T 256	32	40	40	P 272	368	49	33	
730	4	T 258	31	40	40	P 496	48	33	49	P 592	128	33	33	P 624	192	49	49	P 656	368	49	49	
731	1	T 260	30	40	40	P 176	144	49	49	
732	1	T 262	29	40	40	P 432	64	33	33	
733	1	T 264	28	40	40	P 544	176	49	33	
734	3	T 266	27	40	40	P 192	208	49	49	P 288	304	33	33	P 640	64	33	33	
735	3	T 268	26	40	40	P 32	0	33	33	P 176	272	33	49	P 672	112	33	49	
736	1	T 270	25	40	40	P 576	224	33	33	
737	3	T 272	24	40	40	P 0	432	33	33	P 32	112	49	33	P 128	304	49	49	
738	1	T 274	23	40	40	P 256	288	49	49	
739	1	T 276	22	40	40	P 544	208	49	49	
740	0	T 278	21	40	40	
741	2	T 280	20	40	40	P 176	288	49	33	P 304	176	49	49	
742	1	T 282	21	40	40	P 480	96	49	33	
743	1	T 284	22	40	40	P 544	304	49	33	
744	2	T 286	23	40	40	P 288	272	49	49	P 432	48	33	33	
745	0	T 288	24	40	40	
746	2	T 290	25	40	40	P 336	0	33	33	P 480	144	49	33	
747	1	T 292	26	40	40	P 224	320	49	49	
748	0	T 294	27	40	40	
749	2	T 296	28	40	40	P 32	368	33	33	P 240	112	33	33	
750	0	T 298	29	40	40	
751	3	T 300	30	40	40	P 64	384	33	49	P 80	288	33	33	P 464	64	49	33	
752	1	T 302	31	40	40	P 112	96	49	49	
753	2	T 304	32	40	40	P 96	144	33	33	P 416	80	33	49	
754	0	T 306	33	40	40	
755	2	T 308	34	40	40	P 80	128	49	49	P 400	336	49	49	
756	1	T 310	35	40	40	P 288	160	49	49	
757	3	T 312	36	40	40	P 160	64	49	49	P 320	288	49	33	P 416	96	49	49	
758	4	T 314	37	40	40	P 320	144	33	49	P 464	96	49	33	P 496	384	49	49	P 608	64	49	33	
759	2	T 316	38	40	40	P 144	272	49	49	P 160	432	49	33	
760	0	T 318	39	40	40	
761	3	T 320	40	40	40	P 384	32	49	33	P 384	416	49	49	P 528	400	49	33	
762	2	T 322	41	40	40	P 48	384	49	49	P 480	320	49	49	
763	3	T 324	42	40	40	P 16	272	49	49	P 656	256	33	49	P 656	368	33	49	
764	1	T 326	43	40	40	P 432	240	33	33	
765	3	T 328	44	40	40	P 192	368	49	49	P 336	288	33	49	P 384	0	49	33	
766	0	T 330	45	40	40	
767	5	T 332	46	40	40	P 48	368	33	33	P 48	416	49	33	P 240	176	49	49	P 384	176	49	33	P 656	368	49	49	
768	0	T 334	47	40	40	
769	0	T 336	48	40	40	
770	2	T 338	49	40	40	P 112	32	49	49	P 208	144	33	33	
771	1	T 340	50	40	40	P 304	288	33	33	
772	0	T 342	51	40	40	
773	1	T 344	52	40	40	P 592	256	33	33	
774	1	T 346	53	40	40	P 528	64	49	33	
775	2	T 348	54	40	40	P 128	288	33	33	P 464	224	33	33	
776	3	T 350	55	40	40	P 512	288	49	49	P 656	48	49	49	P 656	400	33	33	
777	4	T 352	56	40	40	P 0	64	49	65	P 0	416	33	33	P 80	336	49	49	P 288	352	49	33	
778	0	T 354	57	40	40	
779	1	T 356	58	40	40	P 80	128	33	49	
780	1	T 358	59	40	40	P 16	64	49	49	
781	1	T 360	60	40	40	P 384	128	49	49	
782	2	T 362	61	40	40	P 48	160	49	49	P 496	352	33	49	
783	3	T 364	62	40	40	P 48	192	81	49	P 352	352	49	33	P 480	48	33	33	
784	0	T 366	63	40	40	
785	0	T 368	64	40	40	
786	0	T 370	65	40	40	
787	0	T 372	66	40	40	
788	1	T 374	67	40	40	P 240	32	33	33	
789	0	T 376	68	40	40	
790	4	T 378	69	40	40	P 32	368	49	49	P 272	48	49	33	P 288	208	33	33	P 640	400	33	33	
791	5	T 380	70	40	40	P 192	160	49	49	P 272	64	49	49	P 384	352	33	49	P 416	96	49	49	P 640	288	33	33	
792	2	T 382	71	40	40	P 224	432	33	33	P 656	416	33	49	
793	0	T 384	72	40	40	
794	4	T 386	73	40	40	P 256	80	33	33	P 336	0	33	33	P 512	288	33	33	P 640	48	49	49	
795	0	T 388	74	40	40	
796	1	T 390	75	40	40	P 48	416	49	49	
797	1	T 392	76	40	40	P 560	48	33	49	
798	2	T 394	77	40	40	P 368	224	49	49	P 592	144	33	33	
799	2	T 396	78	40	40	P 352	64	33	33	P 480	304	49	49	
800	2	T 398	79	40	40	P 352	224	49	33	P 400	16	33	49	
801	1	T 400	80	40	40	P 560	320	49	49	
802	2	T 402	81	40	40	P 128	320	49	33	P 560	432	33	33	
803	2	T 404	82	40	40	P 144	416	33	33	P 608	192	33	33	
804	0	T 406	83	40	40	
805	2	T 408	84	40	40	P 192	16	33	33	P 432	368	49	33	
806	2	T 410	85	40	40	P 0	112	49	33	P 128	240	49	33	
807	1	T 412	86	40	40	P 528	64	81	49	
808	0	T 414	87	40	40	
809	0	T 416	88	40	40	
810	1	T 418	89	40	40	P 336	336	33	33	
811	3	T 420	90	40	40	P 48	384	49	33	P 336	432	33	33	P 512	400	49	49	
812	2	T 422	91	40	40	P 208	112	33	33	P 352	320	33	33	
813	0	T 424	92	40	40	
814	3	T 426	93	40	40	P 48	272	33	33	P 128	144	49	49	P 656	112	33	33	
815	3	T 428	94	40	40	P 48	368	33	33	P 496	304	49	49	P 624	96	49	49	
816	2	T 430	95	40	40	P 32	128	49	49	P 352	128	33	33	
817	3	T 432	96	40	40	P 160	384	33	33	P 304	16	33	33	P 640	80	33	33	
818	1	T 434	97	40	40	P 464	416	33	33	
819	3	T 436	98	40	40	P 448	304	33	33	P 464	128	33	49	P 592	320	33	33	
820	1	T 438	99	40	40	P 464	416	49	33	
821	1	T 440	100	40	40	P 304	224	33	49	
822	2	T 442	101	40	40	P 240	304	33	49	P 640	192	49	33	
823	1	T 444	102	40	40	P 80	256	33	33	
824	3	T 446	103	40	40	P 0	144	33	49	P 400	144	49	33	P 512	32	49	33	
825	1	T 448	104	40	40	P 352	320	49	49	
826	2	T 450	105	40	40	P 448	80	33	33	P 528	368	49	33	
827	2	T 452	106	40	40	P 0	224	33	49	P 160	96	49	65	
828	2	T 454	107	40	40	P 48	80	33	33	P 448	288	33	33	
829	0	T 456	108	40	40	
830	0	T 458	109	40	40	
831	4	T 460	110	40	40	P 32	32	49	33	P 32	384	33	33	P 368	16	65	49	P 512	368	33	33	
832	1	T 462	111	40	40	P 528	0	49	33	
833	1	T 464	112	40	40	P 496	400	49	49	
834	4	T 466	113	40	40	P 128	256	33	33	P 160	32	33	33	P 416	384	33	33	P 656	16	49	49	
835	2	T 468	114	40	40	P 96	272	49	33	P 368	400	49	49	
836	2	T 470	115	40	40	P 0	304	33	49	P 432	16	33	33	
837	1	T 472	116	40	40	P 160	208	33	33	
838	2	T 474	117	40	40	P 208	240	33	33	P 288	352	49	49	
839	2	T 476	118	40	40	P 96	416	49	49	P 224	64	49	33	
840	4	T 478	119	40	40	P 64	416	33	33	P 272	176	49	49	P 304	416	49	49	P 432	64	49	49	
841	2	T 480	120	40	40	P 432	400	33	33	P 448	224	49	33	
842	0	T 482	121	40	40	
843	4	T 484	122	40	40	P 16	64	49	33	P 64	320	49	33	P 208	64	33	33	P 400	336	33	49	
844	1	T 486	123	40	40	P 304	128	49	49	
845	2	T 488	124	40	40	P 48	336	49	33	P 96	32	33	33	
846	2	T 490	125	40	40	P 288	384	33	33	P 640	400	49	49	
847	2	T 492	126	40	40	P 240	80	33	33	P 560	304	33	33	
848	3	T 494	127	40	40	P 48	352	49	33	P 496	96	33	33	P 512	176	33	33	
849	2	T 496	128	40	40	P 368	128	49	49	P 528	64	33	33	
850	2	T 498	129	40	40	P 32	416	33	33	P 400	224	49	33	
851	0	T 500	130	40	40	
852	1	T 502	131	40	40	P 576	112	33	33	
853	2	T 504	132	40	40	P 496	224	33	49	P 496	384	49	49	
854	2	T 506	133	40	40	P 0	192	49	49	P 80	432	33	33	
855	3	T 508	134	40	40	P 144	304	33	49	P 464	288	33	33	P 672	112	33	49	
856	3	T 510	135	40	40	P 0	112	33	33	P 304	48	33	33	P 400	288	49	49	
857	3	T 512	136	40	40	P 16	304	33	33	P 368	64	49	49	P 544	80	33	33	
858	0	T 514	137	40	40	
859	0	T 516	138	40	40	
860	1	T 518	139	40	40	P 480	112	49	49	
861	1	T 520	140	40	40	P 608	352	49	49	
862	0	T 522	141	40	40	
863	3	T 524	142	40	40	P 48	32	49	49	P 320	432	49	33	P 544	0	49	33	
864	3	T 526	143	40	40	P 256	288	33	49	P 512	192	33	49	P 672	80	33	49	
865	1	T 528	144	40	40	P 96	0	33	33	
866	4	T 530	145	40	40	P 128	240	33	33	P 192	208	49	49	P 368	320	33	33	P 576	320	49	49	
867	1	T 532	146	40	40	P 352	144	33	49	
868	2	T 534	147	40	40	P 272	176	49	49	P 432	432	33	33	
869	2	T 536	148	40	40	P 272	64	33	49	P 512	96	49	49	
870	2	T 538	149	40	40	P 176	112	33	49	P 560	80	33	49	
871	0	T 540	150	40	40	
872	1	T 542	151	40	40	P 336	128	33	49	
873	2	T 544	152	40	40	P 320	224	49	49	P 352	0	49	33	
874	0	T 546	153	40	40	
875	0	T 548	154	40	40	
876	2	T 550	155	40	40	P 0	256	33	33	P 400	400	49	49	
877	1	T 552	156	40	40	P 128	0	33	33	
878	3	T 554	157	40	40	P 240	208	49	33	P 288	16	49	49	P 480	336	33	49	
879	0	T 556	158	40	40	
880	1	T 558	159	40	40	P 112	112	49	49	
881	6	T 560	160	40	40	P 0	368	33	81	P 48	32	33	33	P 48	80	49	49	P 304	80	33	49	P 464	304	33	33	P 672	0	33	33	
882	3	T 562	161	40	40	P 64	64	49	49	P 384	32	33	49	P 384	352	33	49	
883	2	T 564	162	40	40	P 288	64	33	33	P 448	224	49	49	
884	4	T 566	163	40	40	P 208	272	33	33	P 512	400	33	49	P 576	400	33	49	P 608	304	49	33	
885	1	T 568	164	40	40	P 496	112	33	33	
886	4	T 570	165	40	40	P 48	64	33	49	P 176	192	33	33	P 272	320	49	33	P 288	256	49	33	
887	2	T 572	166	40	40	P 368	0	49	33	P 416	272	33	33	
888	1	T 574	167	40	40	P 608	320	49	65	
889	3	T 576	168	40	40	P 384	256	49	49	P 480	80	33	33	P 592	0	33	49	
890	0	T 578	169	40	40	
891	3	T 580	170	40	40	P 32	400	33	33	P 352	80	49	49	P 640	0	49	33	
892	1	T 582	171	40	40	P 144	416	33	49	
893	0	T 584	172	40	40	
894	5	T 586	173	40	40	P 16	320	49	49	P 512	256	49	49	P 592	80	33	33	P 624	192	49	33	P 672	16	33	49	
895	2	T 588	174	40	40	P 80	32	49	49	P 592	304	49	49	
896	1	T 590	175	40	40	P 208	320	49	33	
897	4	T 592	176	40	40	P 0	384	49	33	P 112	48	49	33	P 256	96	49	49	P 640	320	65	49	
898	5	T 594	177	40	40	P 80	144	49	49	P 352	144	49	33	P 432	320	33	33	P 448	128	33	33	P 640	208	49	49	
899	2	T 596	178	40	40	P 192	336	49	49	P 208	0	49	33	
900	1	T 598	179	40	40	P 448	384	33	49	
901	3	T 600	180	40	40	P 272	304	33	49	P 352	384	49	33	P 432	352	33	33	
902	3	T 602	181	40	40	P 64	64	49	49	P 512	208	49	65	P 672	304	33	49	
903	3	T 604	182	40	40	P 400	240	49	33	P 480	160	33	33	P 576	0	33	33	
904	2	T 606	183	40	40	P 480	160	33	49	P 544	432	49	33	
905	4	T 608	184	40	40	P 144	368	49	49	P 272	336	33	49	P 288	128	33	49	P 528	400	49	49	
906	2	T 610	185	40	40	P 80	128	49	33	P 544	224	33	49	
907	2	T 612	186	40	40	P 320	256	33	49	P 544	224	49	33	
908	0	T 614	187	40	40	
909	1	T 616	188	40	40	P 0	16	49	49	
910	1	T 618	189	40	40	P 112	160	49	49	
911	1	T 620	190	40	40	P 528	240	49	49	
912	2	T 622	191	40	40	P 32	176	33	33	P 272	320	33	33	
913	2	T 624	192	40	40	P 208	288	33	33	P 304	128	33	49	
914	1	T 626	193	40	40	P 448	352	49	33	
915	0	T 628	194	40	40	
916	2	T 630	195	40	40	P 224	208	33	49	P 416	336	49	49	
917	1	T 632	196	40	40	P 240	320	33	49	
918	4	T 634	197	40	40	P 192	304	49	49	P 256	320	33	33	P 448	240	49	49	P 512	160	33	49	
919	3	T 636	198	40	40	P 368	192	33	49	P 432	0	49	33	P 448	176	33	33	
920	1	T 638	199	40	40	P 640	16	33	33	
921	2	T 640	200	40	40	P 144	352	81	49	P 400	224	33	49	
922	2	T 642	201	40	40	P 400	144	49	33	P 560	336	33	33	
923	1	T 644	202	40	40	P 208	256	33	49	
924	2	T 646	203	40	40	P 48	192	49	33	P 288	208	33	49	
925	1	T 648	204	40	40	P 512	192	33	49	
926	2	T 650	205	40	40	P 496	16	49	49	P 624	384	33	49	
927	0	T 652	206	40	40	
928	1	T 654	207	40	40	P 240	144	49	33	
929	1	T 656	208	40	40	P 576	384	33	33	
930	2	T 658	209	40	40	P 160	176	33	49	P 176	16	65	33	
931	3	T 660	210	40	40	P 128	192	49	49	P 192	288	33	33	P 656	432	33	33	
932	1	T 658	211	40	40	P 0	128	49	49	
933	0	T 656	212	40	40	
934	1	T 654	213	40	40	P 480	368	49	49	
935	3	T 652	214	40	40	P 32	128	33	33	P 464	144	49	33	P 496	80	49	33	
936	1	T 650	215	40	40	P 592	400	33	33	
937	1	T 648	216	40	40	P 512	368	33	49	
938	1	T 646	217	40	40	P 144	64	49	33	
939	1	T 644	218	40	40	P 608	256	49	33	
940	2	T 642	219	40	40	P 464	304	33	33	P 560	288	33	33	
941	4	T 640	220	40	40	P 192	176	33	33	P 240	272	33	33	P 464	160	33	33	P 544	304	49	33	
942	2	T 638	221	40	40	P 96	224	33	49	P 576	0	49	33	
943	0	T 636	222	40	40	
944	3	T 634	223	40	40	P 288	160	49	49	P 400	368	49	33	P 608	0	49	49	
945	0	T 632	224	40	40	
946	1	T 630	225	40	40	P 384	80	49	33	
947	1	T 628	226	40	40	P 448	256	33	33	
948	0	T 626	227	40	40	
949	3	T 624	228	40	40	P 16	320	49	49	P 32	384	33	49	P 352	416	33	49	
950	6	T 622	229	40	40	P 0	240	33	33	P 64	256	33	33	P 128	272	49	49	P 224	400	81	49	P 384	352	33	33	P 432	0	33	49	
951	4	T 620	230	40	40	P 128	304	49	33	P 208	96	33	33	P 304	336	49	49	P 400	240	33	33	
952	0	T 618	231	40	40	
953	3	T 616	232	40	40	P 176	112	33	33	P 176	192	49	49	P 304	128	33	49	
954	4	T 614	233	40	40	P 32	240	49	49	P 48	160	33	33	P 160	112	49	49	P 336	96	49	33	
955	3	T 612	234	40	40	P 192	272	33	49	P 368	240	49	49	P 512	240	33	33	
956	2	T 610	235	40	40	P 544	64	49	33	P 624	320	65	49	
957	3	T 608	236	40	40	P 544	160	49	49	P 624	16	49	49	P 640	336	49	49	
958	1	T 606	237	40	40	P 144	16	65	49	
959	0	T 604	238	40	40	
960	2	T 602	239	40	40	P 64	112	81	49	P 416	32	49	49	
961	1	T 600	240	40	40	P 544	80	33	49	
962	1	T 598	241	40	40	P 640	416	49	33	
963	3	T 596	242	40	40	P 192	192	49	33	P 432	128	81	33	P 608	208	33	49	
964	2	T 594	243	40	40	P 64	208	33	33	P 416	0	33	33	
965	1	T 592	244	40	40	P 80	112	33	33	
966	2	T 590	245	40	40	P 288	400	49	49	P 592	128	49	49	
967	2	T 588	246	40	40	P 176	64	33	33	P 368	80	33	33	
968	4	T 586	247	40	40	P 176	400	81	49	P 208	128	49	49	P 464	272	33	49	P 560	304	33	49	
969	1	T 584	248	40	40	P 592	384	49	49	
970	1	T 582	249	40	40	P 112	336	33	33	
971	4	T 580	250	40	40	P 272	432	49	33	P 400	32	33	33	P 416	240	49	33	P 544	160	33	49	
972	1	T 578	251	40	40	P 192	240	33	33	
973	1	T 576	252	40	40	P 496	96	49	33	
974	0	T 574	253	40	40	
975	2	T 572	254	40	40	P 224	240	33	33	P 480	64	33	33	
976	4	T 570	255	40	40	P 352	272	49	49	P 384	144	49	49	P 480	128	33	33	P 656	96	33	49	
977	2	T 568	256	40	40	P 224	432	33	33	P 624	304	49	33	
978	3	T 566	257	40	40	P 352	144	33	49	P 352	384	49	33	P 608	272	49	49	
979	3	T 564	258	40	40	P 80	288	49	33	P 336	144	49	49	P 592	368	33	33	
980	2	T 562	259	40	40	P 80	160	49	33	P 112	416	49	49	
981	1	T 560	260	40	40	P 480	64	33	33	
982	3	T 558	261	40	40	P 64	0	49	49	P 80	432	33	33	P 272	160	49	49	
983	4	T 556	262	40	40	P 224	128	49	33	P 304	0	49	33	P 544	128	33	49	P 608	240	49	33	
984	0	T 554	263	40	40	
985	3	T 552	264	40	40	P 592	96	49	33	P 608	368	49	49	P 624	288	49	49	
986	3	T 550	265	40	40	P 352	64	33	33	P 400	176	33	33	P 576	80	49	49	
987	3	T 548	266	40	40	P 48	336	33	33	P 256	224	33	33	P 448	288	49	49	
988	2	T 546	267	40	40	P 432	432	33	33	P 480	176	49	49	
989	1	T 544	268	40	40	P 400	48	49	49	
990	1	T 542	269	40	40	P 64	128	49	49	
991	3	T 540	270	40	40	P 288	272	33	33	P 480	64	49	49	P 576	304	33	33	
992	0	T 538	271	40	40	
993	3	T 536	272	40	40	P 192	80	49	49	P 480	416	49	49	P 640	432	49	33	
994	1	T 534	273	40	40	P 272	112	33	49	
995	3	T 532	274	40	40	P 240	416	33	33	P 528	352	49	33	P 640	192	33	33	
996	2	T 530	275	40	40	P 400	144	33	33	P 464	256	49	49	
997	1	T 528	276	40	40	P 592	208	49	49	
998	1	T 526	277	40	40	P 672	144	33	33	
999	1	T 524	278	40	40	P 176	48	33	33	
1000	2	T 522	279	40	40	P 448	96	33	49	P 528	400	49	49	
1001	1	T 520	280	40	40	P 592	368	49	49	
1002	3	T 518	281	40	40	P 96	16	33	33	P 224	368	49	33	P 544	112	33	33	
1003	0	T 516	282	40	40	
1004	1	T 514	283	40	40	P 208	208	33	49	
1005	2	T 512	284	40	40	P 144	64	33	49	P 496	32	49	49	
1006	0	T 510	285	40	40	
1007	2	T 508	286	40	40	P 112	240	33	49	P 368	240	33	33	
1008	1	T 506	287	40	40	P 80	192	33	49	
1009	2	T 504	288	40	40	P 432	288	33	49	P 480	48	33	33	
1010	0	T 502	289	40	40	
1011	0	T 500	290	40	40	
1012	3	T 498	291	40	40	P 128	192	49	49	P 144	128	33	33	P 304	48	49	49	
1013	1	T 496	292	40	40	P 320	384	49	33	
1014	5	T 494	293	40	40	P 48	48	49	49	P 160	160	49	49	P 192	288	49	49	P 208	240	33	33	P 368	144	33	49	
1015	2	T 492	294	40	40	P 0	0	49	49	P 256	128	49	49	
1016	6	T 490	295	40	40	P 112	368	49	49	P 176	64	49	49	P 304	256	33	33	P 432	32	49	33	P 560	224	49	33	P 608	352	33	33	
1017	1	T 488	296	40	40	P 592	256	49	49	
1018	1	T 486	297	40	40	P 32	176	97	49	
1019	3	T 484	298	40	40	P 320	384	33	33	P 544	352	49	49	P 656	304	49	33	
1020	3	T 482	299	40	40	P 0	160	33	49	P 240	112	49	49	P 272	32	49	33	
1021	2	T 480	300	40	40	P 528	272	33	33	P 624	432	33	33	
1022	2	T 478	301	40	40	P 592	128	97	113	P 656	352	33	33	
1023	1	T 476	302	40	40	P 448	64	33	49	
1024	3	T 474	303	40	40	P 384	96	49	49	P 432	256	33	33	P 656	64	33	49	
1025	5	T 472	304	40	40	P 240	224	33	49	P 304	368	49	49	P 448	400	33	33	P 512	48	81	49	P 544	176	49	49	
1026	1	T 470	305	40	40	P 224	176	33	33	
1027	0	T 468	306	40	40	
1028	3	T 466	307	40	40	P 368	192	33	33	P 400	256	33	33	P 432	0	33	33	
1029	1	T 464	308	40	40	P 80	48	33	33	
1030	2	T 462	309	40	40	P 0	160	49	33	P 416	128	33	33	
1031	3	T 460	310	40	40	P 64	384	49	49	P 464	0	49	33	P 560	256	33	33	
1032	2	T 458	311	40	40	P 544	240	49	49	P 560	0	49	33	
1033	2	T 456	312	40	40	P 0	432	33	33	P 336	16	33	49	
1034	1	T 454	313	40	40	P 0	80	33	49	
1035	2	T 452	314	40	40	P 0	288	49	33	P 528	160	33	49	
1036	2	T 450	315	40	40	P 368	368	49	33	P 656	0	33	33	
1037	3	T 448	316	40	40	P 256	384	49	49	P 496	368	49	33	P 576	208	33	49	
1038	1	T 446	317	40	40	P 288	432	49	33	
1039	2	T 444	318	40	40	P 192	352	33	49	P 240	288	49	49	
1040	1	T 442	319	40	40	P 96	208	49	49	
1041	0	T 440	320	40	40	
1042	4	T 438	321	40	40	P 96	112	49	49	P 208	64	49	49	P 256	256	49	33	P 288	432	33	33	
1043	1	T 436	322	40	40	P 336	48	49	49	
1044	0	T 434	323	40	40	
1045	2	T 432	324	40	40	P 256	64	81	49	P 352	160	33	49	
1046	2	T 430	325	40	40	P 352	320	33	33	P 368	96	33	33	
1047	3	T 428	326	40	40	P 80	432	33	33	P 336	48	33	33	P 496	80	49	49	
1048	3	T 426	327	40	40	P 144	160	49	49	P 272	160	33	33	P 544	48	49	49	
1049	0	T 424	328	40	40	
1050	0	T 422	329	40	40	
1051	2	T 420	330	40	40	P 448	80	49	65	P 496	16	49	33	
1052	3	T 418	331	40	40	P 208	416	49	33	P 464	192	33	33	P 608	64	49	49	
1053	2	T 416	332	40	40	P 112	336	49	33	P 640	192	33	49	
1054	4	T 414	333	40	40	P 96	400	33	49	P 208	288	33	49	P 288	304	49	49	P 496	144	33	33	
1055	3	T 412	334	40	40	P 0	80	33	49	P 80	288	49	49	P 240	256	33	33	
1056	0	T 410	335	40	40	
1057	2	T 408	336	40	40	P 0	0	33	33	P 256	64	49	49	
1058	1	T 406	337	40	40	P 304	224	33	33	
1059	2	T 404	338	40	40	P 96	352	33	49	P 128	432	49	33	
1060	0	T 402	339	40	40	
1061	0	T 400	340	40	40	
1062	0	T 398	341	40	40	
1063	3	T 396	342	40	40	P 96	176	33	33	P 240	80	33	49	P 288	432	33	33	
1064	1	T 394	343	40	40	P 208	0	33	49	
1065	0	T 392	344	40	40	
1066	2	T 390	345	40	40	P 224	352	49	49	P 384	128	49	33	
1067	3	T 388	346	40	40	P 96	240	49	33	P 384	288	33	49	P 464	352	33	49	
1068	3	T 386	347	40	40	P 16	272	33	49	P 64	400	33	33	P 384	160	33	33	
1069	2	T 384	348	40	40	P 80	256	33	49	P 592	416	33	33	
1070	1	T 382	349	40	40	P 576	416	33	33	
1071	2	T 380	350	40	40	P 160	304	49	49	P 656	112	49	49	
1072	2	T 378	351	40	40	P 48	272	33	33	P 144	384	49	49	
1073	2	T 376	352	40	40	P 128	208	33	33	P 512	144	33	49	
1074	2	T 374	353	40	40	P 0	288	33	49	P 368	192	33	33	
1075	2	T 372	354	40	40	P 144	208	33	33	P 240	352	33	49	
1076	1	T 370	355	40	40	P 624	272	33	33	
1077	2	T 368	356	40	40	P 224	112	49	49	P 432	96	33	33	
1078	2	T 366	357	40	40	P 208	272	49	49	P 464	64	33	49	
1079	1	T 364	358	40	40	P 144	224	33	33	
1080	2	T 362	359	40	40	P 48	240	49	33	P 656	240	49	49	
1081	1	T 360	360	40	40	P 192	240	33	49	
1082	0	T 358	361	40	40	
1083	3	T 356	362	40	40	P 208	432	33	33	P 288	320	49	33	P 336	96	49	33	
1084	1	T 354	363	40	40	P 560	288	33	49	
1085	4	T 352	364	40	40	P 16	368	33	49	P 288	64	49	81	P 432	432	33	33	P 624	96	49	49	
1086	2	T 350	365	40	40	P 128	224	33	49	P 256	240	33	33	
1087	2	T 348	366	40	40	P 160	64	33	49	P 624	320	49	49	
1088	2	T 346	367	40	40	P 304	272	33	33	P 368	16	49	49	
1089	1	T 344	368	40	40	P 576	48	49	49	
1090	1	T 342	369	40	40	P 416	432	49	33	
1091	1	T 340	370	40	40	P 560	352	33	33	
1092	1	T 338	371	40	40	P 528	144	49	49	
1093	0	T 336	372	40	40	
1094	2	T 334	373	40	40	P 368	176	33	33	P 432	336	33	33	
1095	3	T 332	374	40	40	P 80	0	49	49	P 176	416	33	33	P 416	368	33	49	
1096	0	T 330	375	40	40	
1097	1	T 328	376	40	40	P 528	288	49	33	
1098	2	T 326	377	40	40	P 368	240	49	49	P 640	352	33	33	
1099	0	T 324	378	40	40	
1100	2	T 322	379	40	40	P 480	192	49	49	P 672	256	33	33	
1101	1	T 320	380	40	40	P 528	112	33	33	
1102	2	T 318	381	40	40	P 288	192	33	33	P 384	176	33	33	
1103	1	T 316	382	40	40	P 0	368	33	33	
1104	0	T 314	383	40	40	
1105	2	T 312	384	40	40	P 64	160	33	49	P 160	240	33	33	
1106	0	T 310	385	40	40	
1107	1	T 308	386	40	40	P 48	144	81	81	
1108	2	T 306	387	40	40	P 384	416	49	33	P 448	112	33	33	
1109	1	T 304	388	40	40	P 64	48	33	33	
1110	1	T 302	389	40	40	P 304	304	33	33	
1111	3	T 300	390	40	40	P 0	0	33	33	P 160	304	33	49	P 576	16	49	33	
1112	2	T 298	391	40	40	P 48	80	49	33	P 656	128	49	49	
1113	1	T 296	392	40	40	P 576	0	49	49	
1114	3	T 294	393	40	40	P 16	400	49	33	P 528	336	49	49	P 544	256	33	49	
1115	2	T 292	394	40	40	P 112	64	33	33	P 368	336	49	49	
1116	0	T 290	395	40	40	
1117	3	T 288	396	40	40	P 48	128	49	49	P 208	256	81	81	P 448	96	49	65	
1118	0	T 286	397	40	40	
1119	1	T 284	398	40	40	P 560	304	49	49	
1120	1	T 282	399	40	40	P 272	160	49	33	
1121	2	T 280	400	40	40	P 304	48	49	33	P 400	368	49	49	
1122	1	T 278	401	40	40	P 416	48	33	33	
1123	1	T 276	402	40	40	P 640	272	33	33	
1124	5	T 274	403	40	40	P 0	320	33	33	P 368	208	33	33	P 432	48	33	49	P 560	224	49	49	P 672	352	33	33	
1125	3	T 272	404	40	40	P 112	16	33	49	P 192	416	33	33	P 576	48	49	33	
1126	2	T 270	405	40	40	P 0	176	33	33	P 16	272	49	33	
1127	1	T 268	406	40	40	P 448	224	33	33	
1128	5	T 266	407	40	40	P 48	160	49	49	P 192	256	33	33	P 400	208	33	49	P 432	0	33	33	P 576	240	49	49	
1129	2	T 264	408	40	40	P 48	384	49	33	P 336	368	49	49	
1130	1	T 262	409	40	40	P 624	224	49	33	
1131	1	T 260	410	40	40	P 320	400	49	33	
1132	3	T 258	411	40	40	P 272	48	49	49	P 320	224	33	49	P 368	160	49	33	
1133	2	T 256	412	40	40	P 400	144	33	33	P 448	144	33	33	
1134	2	T 254	413	40	40	P 16	160	81	97	P 224	384	33	33	
1135	2	T 252	414	40	40	P 176	400	33	33	P 320	352	33	33	
1136	1	T 250	415	40	40	P 448	48	33	33	
1137	0	T 248	416	40	40	
1138	1	T 246	417	40	40	P 352	16	49	33	
1139	2	T 244	418	40	40	P 544	0	33	33	P 608	224	33	33	
1140	0	T 242	419	40	40	
1141	1	T 240	420	40	40	P 96	64	49	49	
1142	2	T 238	419	40	40	P 272	320	49	33	P 336	112	49	49	
1143	3	T 236	418	40	40	P 128	240	33	33	P 496	224	49	49	P 672	384	33	33	
1144	0	T 234	417	40	40	
1145	1	T 232	416	40	40	P 384	384	49	33	
1146	2	T 230	415	40	40	P 464	208	33	49	P 672	240	33	33	
1147	2	T 228	414	40	40	P 0	432	49	33	P 272	0	49	33	
1148	2	T 226	413	40	40	P 304	224	33	33	P 592	256	49	49	
1149	1	T 224	412	40	40	P 224	320	49	33	
1150	4	T 222	411	40	40	P 32	96	33	33	P 160	304	33	33	P 192	224	49	33	P 256	96	33	49	
1151	1	T 220	410	40	40	P 368	0	33	33	
1152	1	T 218	409	40	40	P 320	240	49	33	
1153	3	T 216	408	40	40	P 16	256	49	49	P 240	0	33	49	P 576	320	49	49	
1154	2	T 214	407	40	40	P 400	256	81	65	P 528	128	49	49	
1155	2	T 212	406	40	40	P 320	400	33	33	P 528	240	33	33	
1156	3	T 210	405	40	40	P 240	208	33	33	P 272	384	33	33	P 336	368	33	33	
1157	1	T 208	404	40	40	P 464	240	49	33	
1158	3	T 206	403	40	40	P 80	384	33	33	P 464	240	33	33	P 592	144	33	33	
1159	3	T 204	402	40	40	P 80	160	49	49	P 368	208	49	33	P 656	416	49	49	
1160	2	T 202	401	40	40	P 64	304	49	33	P 144	272	49	49	
1161	2	T 200	400	40	40	P 272	336	33	49	P 640	368	33	33	
1162	2	T 198	399	40	40	P 464	368	49	33	P 624	304	33	33	
1163	2	T 196	398	40	40	P 304	16	33	33	P 592	416	33	49	
1164	2	T 194	397	40	40	P 320	304	33	33	P 448	304	65	49	
1165	2	T 192	396	40	40	P 432	304	49	33	P 624	304	49	49	
1166	1	T 190	395	40	40	P 672	368	33	49	
1167	1	T 188	394	40	40	P 464	320	33	33	
1168	1	T 186	393	40	40	P 80	128	33	49	
1169	1	T 184	392	40	40	P 256	176	65	65	
1170	1	T 182	391	40	40	P 160	368	33	33	
1171	1	T 180	390	40	40	P 576	336	33	49	
1172	1	T 178	389	40	40	P 352	192	33	33	
1173	5	T 176	388	40	40	P 80	336	49	33	P 128	112	49	49	P 384	352	49	49	P 400	208	33	33	P 672	144	33	33	
1174	5	T 174	387	40	40	P 16	80	33	49	P 16	368	49	49	P 208	240	49	49	P 272	0	49	33	P 288	352	49	49	
1175	4	T 172	386	40	40	P 48	160	33	33	P 64	320	33	33	P 336	64	49	49	P 416	0	49	49	
1176	2	T 170	385	40	40	P 0	80	49	49	P 256	176	49	33	
1177	4	T 168	384	40	40	P 176	96	49	49	P 208	432	33	33	P 496	208	33	33	P 496	304	49	33	
1178	4	T 166	383	40	40	P 16	304	33	49	P 176	208	33	33	P 400	352	33	33	P 464	16	33	33	
1179	2	T 164	382	40	40	P 80	112	49	49	P 208	32	49	49	
1180	4	T 162	381	40	40	P 160	224	49	81	P 176	160	49	33	P 448	400	33	33	P 672	352	33	33	
1181	3	T 160	380	40	40	P 0	320	49	49	P 144	224	49	49	P 384	112	33	33	
1182	1	T 158	379	40	40	P 368	288	49	49	
1183	3	T 156	378	40	40	P 64	304	49	49	P 432	400	33	49	P 592	416	49	49	
1184	4	T 154	377	40	40	P 0	80	33	33	P 48	288	33	33	P 128	128	33	49	P 672	144	33	33	
1185	1	T 152	376	40	40	P 576	160	33	49	
1186	0	T 150	375	40	40	
1187	3	T 148	374	40	40	P 240	176	33	33	P 256	240	49	49	P 512	64	65	49	
1188	2	T 146	373	40	40	P 32	0	49	33	P 400	160	33	33	
1189	2	T 144	372	40	40	P 160	16	49	49	P 544	160	33	33	
1190	1	T 142	371	40	40	P 160	224	49	49	
1191	2	T 140	370	40	40	P 48	80	33	33	P 416	192	33	49	
1192	5	T 138	369	40	40	P 0	48	33	33	P 144	144	49	33	P 304	208	49	33	P 432	272	49	33	P 672	32	33	33	
1193	3	T 136	368	40	40	P 176	224	33	33	P 240	224	33	49	P 320	208	33	33	
1194	1	T 134	367	40	40	P 384	320	49	49	
1195	1	T 132	366	40	40	P 144	208	49	33	
1196	1	T 130	365	40	40	P 448	144	49	33	
1197	3	T 128	364	40	40	P 0	320	49	49	P 64	208	49	49	P 592	224	49	33	
1198	2	T 126	363	40	40	P 336	256	33	33	P 432	288	49	33	
1199	3	T 124	362	40	40	P 256	32	49	49	P 256	352	33	49	P 320	320	49	33	
1200	2	T 122	361	40	40	P 208	288	49	33	P 336	80	33	33	
1201	2	T 120	360	40	40	P 416	288	33	49	P 560	416	49	49	
1202	3	T 118	359	40	40	P 256	256	49	49	P 400	336	49	33	P 464	320	49	33	
1203	0	T 116	358	40	40	
1204	3	T 114	357	40	40	P 32	48	33	33	P 144	320	33	33	P 320	256	49	49	
1205	2	T 112	356	40	40	P 160	304	33	49	P 384	0	33	33	
1206	3	T 110	355	40	40	P 160	16	49	49	P 592	176	33	49	P 624	80	33	49	
1207	3	T 108	354	40	40	P 208	352	49	33	P 336	288	33	33	P 656	144	49	49	
1208	2	T 106	353	40	40	P 560	16	33	33	P 640	240	33	49	
1209	1	T 104	352	40	40	P 368	336	33	33	
1210	0	T 102	351	40	40	
1211	3	T 100	350	40	40	P 48	224	33	33	P 112	256	49	49	P 480	368	49	49	
1212	0	T 98	349	40	40	
1213	1	T 96	348	40	40	P 544	64	33	33	
1214	1	T 94	347	40	40	P 544	368	33	33	
1215	4	T 92	346	40	40	P 0	0	33	33	P 64	48	49	49	P 224	432	33	33	P 560	0	33	33	
1216	0	T 90	345	40	40	
1217	2	T 88	344	40	40	P 288	352	33	49	P 640	304	33	33	
1218	2	T 86	343	40	40	P 32	176	49	49	P 608	80	33	49	
1219	3	T 84	342	40	40	P 80	176	49	49	P 272	0	33	49	P 368	256	33	33	
1220	3	T 82	341	40	40	P 272	112	49	33	P 384	400	33	33	P 560	32	33	33	
1221	1	T 80	340	40	40	P 16	224	49	49	
1222	1	T 78	339	40	40	P 320	368	49	33	
1223	0	T 76	338	40	40	
1224	1	T 74	337	40	40	P 560	0	33	33	
1225	4	T 72	336	40	40	P 256	112	33	33	P 256	384	33	33	P 368	400	49	33	P 544	16	49	49	
1226	5	T 70	335	40	40	P 112	208	49	49	P 128	64	65	49	P 256	272	33	33	P 304	48	33	49	P 560	192	49	49	
1227	1	T 68	334	40	40	P 496	208	33	33	
1228	2	T 66	333	40	40	P 0	288	33	33	P 208	432	33	33	
1229	1	T 64	332	40	40	P 432	240	49	49	
1230	1	T 62	331	40	40	P 208	224	33	33	
1231	1	T 60	330	40	40	P 96	32	49	49	
1232	2	T 58	329	40	40	P 144	304	33	49	P 576	176	33	33	
1233	0	T 56	328	40	40	
1234	5	T 54	327	40	40	P 144	32	65	49	P 144	304	33	33	P 240	368	49	49	P 288	96	33	33	P 640	176	49	49	
1235	3	T 52	326	40	40	P 160	352	33	33	P 384	80	33	33	P 576	64	49	49	
1236	0	T 50	325	40	40	
1237	3	T 48	324	40	40	P 544	32	33	33	P 544	208	49	33	P 608	336	33	33	
1238	1	T 46	323	40	40	P 304	176	33	33	
1239	2	T 44	322	40	40	P 0	320	49	49	P 96	192	33	49	
1240	0	T 42	321	40	40	
1241	3	T 40	320	40	40	P 112	288	33	49	P 160	240	33	33	P 336	416	49	49	
1242	4	T 38	319	40	40	P 16	224	49	49	P 80	384	33	49	P 224	16	33	33	P 336	432	33	33	
1243	4	T 36	318	40	40	P 32	256	33	33	P 256	336	33	33	P 352	400	33	49	P 384	320	33	33	
1244	2	T 34	317	40	40	P 208	304	49	33	P 480	128	33	49	
1245	1	T 32	316	40	40	P 176	352	65	49	
1246	2	T 30	315	40	40	P 512	240	49	33	P 576	96	33	33	
1247	3	T 28	314	40	40	P 528	240	49	49	P 608	112	33	33	P 656	176	49	33	
1248	4	T 26	313	40	40	P 48	368	33	49	P 272	144	33	33	P 320	176	33	33	P 544	224	33	49	
1249	1	T 24	312	40	40	P 544	80	33	49	
1250	3	T 22	311	40	40	P 240	208	33	33	P 256	272	33	33	P 304	288	33	49	
1251	1	T 20	310	40	40	P 640	112	33	33	
1252	2	T 22	309	40	40	P 432	112	49	33	P 640	288	33	49	
1253	1	T 24	308	40	40	P 512	416	49	33	
1254	2	T 26	307	40	40	P 96	0	49	49	P 112	144	33	33	
1255	2	T 28	306	40	40	P 128	96	33	33	P 368	400	49	49	
1256	2	T 30	305	40	40	P 112	0	97	65	P 128	208	33	33	
1257	2	T 32	304	40	40	P 320	416	33	33	P 592	240	33	33	
1258	0	T 34	303	40	40	
1259	4	T 36	302	40	40	P 16	192	49	49	P 64	80	33	33	P 192	288	33	33	P 208	128	49	49	
1260	4	T 38	301	40	40	P 0	272	49	33	P 176	192	33	49	P 432	304	33	49	P 464	112	33	49	
1261	1	T 40	300	40	40	P 256	400	33	33	
1262	2	T 42	299	40	40	P 0	368	49	33	P 176	400	33	49	
1263	3	T 44	298	40	40	P 272	112	33	33	P 496	272	33	49	P 544	112	33	49	
1264	4	T 46	297	40	40	P 144	0	33	33	P 224	224	49	49	P 400	256	49	33	P 576	32	49	49	
1265	2	T 48	296	40	40	P 176	272	33	49	P 256	416	33	49	
1266	4	T 50	295	40	40	P 176	416	33	33	P 320	64	49	33	P 336	208	33	33	P 448	16	49	33	
1267	2	T 52	294	40	40	P 0	208	33	33	P 480	384	65	49	
1268	1	T 54	293	40	40	P 560	48	33	49	
1269	0	T 56	292	40	40	
1270	2	T 58	291	40	40	P 384	80	49	49	P 512	336	33	33	
1271	3	T 60	290	40	40	P 96	400	33	33	P 192	176	49	33	P 608	0	33	33	
1272	2	T 62	289	40	40	P 0	352	49	49	P 16	208	33	33	
1273	1	T 64	288	40	40	P 224	224	33	49	
1274	5	T 66	287	40	40	P 64	320	33	33	P 128	112	49	49	P 144	320	49	49	P 544	208	81	49	P 608	336	33	33	
1275	3	T 68	286	40	40	P 64	160	49	49	P 224	288	49	33	P 384	112	33	33	
1276	1	T 70	285	40	40	P 288	416	33	33	
1277	1	T 72	284	40	40	P 240	64	33	33	
1278	4	T 74	283	40	40	P 96	48	33	33	P 320	320	33	33	P 352	16	49	49	P 480	416	33	33	
1279	1	T 76	282	40	40	P 288	80	33	33	
1280	4	T 78	281	40	40	P 144	336	33	49	P 432	64	49	49	P 496	96	33	49	P 608	256	33	33	
1281	6	T 80	280	40	40	P 16	304	33	33	P 192	432	49	33	P 288	64	33	33	P 480	16	49	33	P 528	144	33	33	P 560	320	33	33	
1282	2	T 82	279	40	40	P 144	96	33	33	P 240	368	33	33	
1283	2	T 84	278	40	40	P 464	416	49	33	P 672	160	33	33	
1284	2	T 86	277	40	40	P 48	288	49	33	P 416	176	33	33	
1285	1	T 88	276	40	40	P 320	304	33	49	
1286	3	T 90	275	40	40	P 144	144	33	33	P 400	0	49	33	P 496	272	33	49	
1287	1	T 92	274	40	40	P 464	432	33	33	
1288	2	T 94	273	40	40	P 400	416	49	33	P 576	176	33	49	
1289	3	T 96	272	40	40	P 112	32	49	33	P 576	240	49	49	P 672	400	33	33	
1290	0	T 98	271	40	40	
1291	0	T 100	270	40	40	
1292	1	T 102	269	40	40	P 384	192	33	49	
1293	0	T 104	268	40	40	
1294	4	T 106	267	40	40	P 400	0	49	33	P 416	288	33	33	P 560	112	33	33	P 640	320	33	33	
1295	0	T 108	266	40	40	
1296	2	T 110	265	40	40	P 96	64	33	49	P 624	144	49	49	
1297	4	T 112	264	40	40	P 32	112	49	49	P 224	16	49	49	P 544	224	49	49	P 672	288	33	33	
1298	1	T 114	263	40	40	P 64	368	49	33	
1299	6	T 116	262	40	40	P 240	320	33	33	P 304	192	65	49	P 336	96	49	49	P 368	432	49	33	P 384	192	33	33	P 480	336	33	49	
1300	4	T 118	261	40	40	P 16	160	49	49	P 240	144	49	49	P 304	128	49	33	P 384	400	33	49	
1301	4	T 120	260	40	40	P 128	176	33	33	P 224	384	33	49	P 304	0	49	33	P 368	224	33	33	
1302	1	T 122	259	40	40	P 560	336	49	49	
1303	5	T 124	258	40	40	P 0	64	49	49	P 32	144	49	49	P 48	304	49	49	P 176	304	65	49	P 240	48	49	49	
1304	3	T 126	257	40	40	P 112	128	49	49	P 192	304	49	33	P 576	128	49	33	
1305	3	T 128	256	40	40	P 96	304	49	49	P 224	144	33	33	P 528	112	49	33	
1306	1	T 130	255	40	40	P 192	240	49	49	
1307	4	T 132	254	40	40	P 400	0	49	33	P 512	16	33	33	P 512	304	33	49	P 672	144	33	49	
1308	2	T 134	253	40	40	P 144	208	33	33	P 496	400	49	49	
1309	1	T 136	252	40	40	P 112	224	49	49	
1310	3	T 138	251	40	40	P 512	0	49	33	P 560	288	49	33	P 656	400	33	33	
1311	0	T 140	250	40	40	
1312	2	T 142	249	40	40	P 0	336	33	49	P 512	16	33	33	
1313	3	T 144	248	40	40	P 240	144	49	49	P 304	32	33	49	P 432	80	49	33	
1314	1	T 146	247	40	40	P 32	400	33	33	
1315	5	T 148	246	40	40	P 128	320	33	33	P 144	64	49	33	P 192	0	33	33	P 240	112	49	49	P 352	384	49	65	
1316	3	T 150	245	40	40	P 144	352	33	33	P 256	48	33	33	P 256	352	49	49	
1317	5	T 152	244	40	40	P 16	224	49	49	P 64	288	49	33	P 256	128	33	49	P 384	160	49	49	P 656	16	49	33	
1318	3	T 154	243	40	40	P 144	192	49	33	P 480	192	49	49	P 672	128	33	49	
1319	2	T 156	242	40	40	P 208	320	65	49	P 464	336	33	33	
1320	3	T 158	241	40	40	P 32	144	49	49	P 560	48	33	33	P 608	320	49	49	
1321	1	T 160	240	40	40	P 464	304	33	49	
1322	2	T 162	239	40	40	P 208	192	49	33	P 416	96	33	33	
1323	1	T 164	238	40	40	P 512	368	49	33	
1324	1	T 166	237	40	40	P 80	336	49	33	
1325	3	T 168	236	40	40	P 32	160	33	49	P 496	416	49	49	P 576	320	33	33	
1326	4	T 170	235	40	40	P 272	320	49	49	P 336	32	33	33	P 496	432	49	33	P 624	432	33	33	
1327	1	T 172	234	40	40	P 16	0	65	33	
1328	4	T 174	233	40	40	P 64	96	33	33	P 288	128	33	33	P 320	224	49	33	P 512	192	49	49	
1329	0	T 176	232	40	40	
1330	3	T 178	231	40	40	P 112	128	49	49	P 160	64	33	49	P 416	160	33	49	
1331	0	T 180	230	40	40	
1332	2	T 182	229	40	40	P 368	224	49	33	P 480	64	33	33	
1333	2	T 184	228	40	40	P 112	192	49	49	P 368	0	33	33	
1334	4	T 186	227	40	40	P 128	0	33	33	P 128	368	49	49	P 192	96	49	49	P 272	256	33	33	
1335	4	T 188	226	40	40	P 176	368	49	49	P 480	368	49	49	P 528	32	33	33	P 640	256	33	33	
1336	4	T 190	225	40	40	P 64	384	33	49	P 272	256	49	33	P 368	16	49	49	P 448	32	33	49	
1337	1	T 192	224	40	40	P 128	160	33	49	
1338	2	T 194	223	40	40	P 448	128	33	33	P 608	48	33	33	
1339	2	T 196	222	40	40	P 272	432	49	33	P 304	144	49	33	
1340	0	T 198	221	40	40	
1341	2	T 200	220	40	40	P 0	16	33	33	P 576	48	49	49	
1342	1	T 202	219	40	40	P 144	208	49	49	
1343	3	T 204	218	40	40	P 176	192	49	33	P 400	144	49	49	P 656	320	49	33	
1344	5	T 206	217	40	40	P 272	16	33	33	P 448	384	33	49	P 464	176	65	33	P 480	320	33	49	P 560	112	33	49	
1345	3	T 208	216	40	40	P 96	64	49	49	P 320	144	33	33	P 672	368	33	33	
1346	3	T 210	215	40	40	P 48	48	49	49	P 144	416	49	49	P 384	240	33	49	
1347	2	T 212	214	40	40	P 64	288	49	33	P 384	432	49	33	
1348	0	T 214	213	40	40	
1349	4	T 216	212	40	40	P 160	0	49	49	P 208	64	49	33	P 208	384	33	33	P 400	96	33	33	
1350	0	T 218	211	40	40	
1351	2	T 220	210	40	40	P 0	32	49	65	P 576	208	33	33	
1352	0	T 222	209	40	40	
1353	1	T 224	208	40	40	P 608	384	65	33	
1354	2	T 226	207	40	40	P 128	224	33	33	P 608	48	49	49	
1355	3	T 228	206	40	40	P 128	416	49	49	P 320	272	33	33	P 336	160	49	33	
1356	1	T 230	205	40	40	P 176	160	33	33	
1357	2	T 232	204	40	40	P 352	352	33	33	P 416	352	33	49	
1358	3	T 234	203	40	40	P 64	432	49	33	P 416	272	33	33	P 480	304	49	49	
1359	0	T 236	202	40	40	
1360	2	T 238	201	40	40	P 80	256	33	33	P 352	224	33	33	
1361	1	T 240	200	40	40	P 96	384	49	49	
1362	5	T 242	199	40	40	P 16	384	33	49	P 192	224	33	33	P 416	432	49	33	P 592	384	33	33	P 624	32	33	49	
1363	1	T 244	198	40	40	P 256	16	49	49	
1364	5	T 246	197	40	40	P 32	144	49	49	P 32	416	49	49	P 144	336	33	33	P 240	400	33	33	P 384	304	49	49	
1365	2	T 248	196	40	40	P 256	352	33	33	P 544	144	33	49	
1366	2	T 250	195	40	40	P 32	208	33	49	P 640	384	49	49	
1367	2	T 252	194	40	40	P 480	128	49	49	P 640	320	33	49	
1368	2	T 254	193	40	40	P 16	144	33	33	P 320	16	49	49	
1369	0	T 256	192	40	40	
1370	2	T 258	191	40	40	P 320	208	33	33	P 512	176	33	33	
1371	1	T 260	190	40	40	P 608	96	33	33	
1372	3	T 262	189	40	40	P 144	272	33	33	P 240	336	49	49	P 624	240	49	33	
1373	0	T 264	188	40	40	
1374	1	T 266	187	40	40	P 80	96	33	33	
1375	1	T 268	186	40	40	P 672	128	33	81	
1376	3	T 270	185	40	40	P 80	432	33	33	P 224	368	49	49	P 304	416	33	33	
1377	4	T 272	184	40	40	P 16	304	33	33	P 128	272	81	49	P 160	368	33	33	P 384	192	33	33	
1378	5	T 274	183	40	40	P 80	416	33	33	P 112	80	49	49	P 208	144	49	49	P 464	288	49	49	P 528	336	49	49	
1379	2	T 276	182	40	40	P 208	0	33	33	P 608	112	33	49	
1380	4	T 278	181	40	40	P 16	240	81	49	P 96	368	81	49	P 208	336	33	49	P 272	144	33	33	
1381	1	T 280	180	40	40	P 512	368	49	81	
1382	1	T 282	179	40	40	P 544	176	33	33	
1383	3	T 284	178	40	40	P 128	224	33	33	P 336	96	49	49	P 624	384	49	49	
1384	2	T 286	177	40	40	P 464	0	49	33	P 496	432	33	33	
1385	3	T 288	176	40	40	P 112	128	33	33	P 192	144	33	33	P 240	224	33	33	
1386	1	T 290	175	40	40	P 528	48	49	49	
1387	2	T 292	174	40	40	P 128	80	49	49	P 528	0	33	33	
1388	2	T 294	173	40	40	P 112	432	33	33	P 304	0	49	33	
1389	1	T 296	172	40	40	P 448	32	33	49	
1390	2	T 298	171	40	40	P 144	224	33	49	P 320	0	49	49	
1391	0	T 300	170	40	40	
1392	3	T 302	169	40	40	P 0	256	33	33	P 160	272	33	33	P 608	128	49	33	
1393	3	T 304	168	40	40	P 144	176	33	33	P 432	96	33	49	P 560	256	33	33	
1394	3	T 306	167	40	40	P 80	288	33	33	P 208	144	49	49	P 464	400	49	49	
1395	1	T 308	166	40	40	P 320	400	33	49	
1396	1	T 310	165	40	40	P 512	288	33	49	
1397	5	T 312	164	40	40	P 64	384	49	49	P 128	176	33	49	P 368	256	33	33	P 592	176	33	33	P 592	256	33	33	
1398	2	T 314	163	40	40	P 0	160	49	33	P 32	240	33	33	
1399	2	T 316	162	40	40	P 528	0	65	81	P 544	272	33	33	
1400	1	T 318	161	40	40	P 576	352	49	33	
1401	3	T 320	160	40	40	P 128	320	49	33	P 464	304	49	49	P 544	320	49	49	
1402	1	T 322	159	40	40	P 368	96	49	49	
1403	1	T 324	158	40	40	P 544	288	33	33	
1404	4	T 326	157	40	40	P 240	144	49	49	P 336	320	49	33	P 608	224	33	49	P 672	352	33	33	
1405	2	T 328	156	40	40	P 400	224	33	33	P 496	368	33	33	
1406	3	T 330	155	40	40	P 224	208	49	49	P 432	240	33	33	P 640	336	49	49	
1407	0	T 332	154	40	40	
1408	0	T 334	153	40	40	
1409	2	T 336	152	40	40	P 272	48	49	33	P 416	16	33	49	
1410	1	T 338	151	40	40	P 576	128	33	49	
1411	3	T 340	150	40	40	P 464	336	33	33	P 544	96	65	49	P 624	288	49	49	
1412	1	T 342	149	40	40	P 624	208	33	49	
1413	3	T 344	148	40	40	P 400	304	33	33	P 496	160	33	33	P 624	176	49	33	
1414	5	T 346	147	40	40	P 0	272	33	33	P 16	320	49	33	P 320	336	33	33	P 464	416	49	49	P 480	112	49	49	
1415	0	T 348	146	40	40	
1416	3	T 350	145	40	40	P 48	240	49	49	P 176	144	49	33	P 400	0	49	49	
1417	4	T 352	144	40	40	P 80	336	49	49	P 288	432	49	33	P 512	208	49	49	P 560	64	49	49	
1418	1	T 354	143	40	40	P 144	368	33	33	
1419	1	T 356	142	40	40	P 144	288	49	33	
1420	2	T 358	141	40	40	P 112	32	49	49	P 544	80	49	49	
1421	0	T 360	140	40	40	
1422	3	T 362	139	40	40	P 16	400	33	33	P 240	400	49	49	P 368	208	33	33	
1423	1	T 364	138	40	40	P 0	96	49	33	
1424	1	T 366	137	40	40	P 352	256	49	49	
1425	1	T 368	136	40	40	P 0	416	33	33	
1426	1	T 370	135	40	40	P 608	288	33	49	
1427	1	T 372	134	40	40	P 608	320	33	33	
1428	2	T 374	133	40	40	P 256	240	49	49	P 496	32	49	49	
1429	2	T 376	132	40	40	P 272	48	49	49	P 464	224	33	33	
1430	2	T 378	131	40	40	P 128	144	49	33	P 560	320	33	49	
1431	2	T 380	130	40	40	P 384	96	33	33	P 544	416	33	33	
1432	2	T 382	129	40	40	P 144	144	49	49	P 656	288	49	33	
1433	3	T 384	128	40	40	P 64	192	33	49	P 80	16	33	33	P 448	0	49	33	
1434	1	T 386	127	40	40	P 576	368	33	33	
1435	2	T 388	126	40	40	P 240	416	49	49	P 672	32	33	33	
1436	0	T 390	125	40	40	
1437	4	T 392	124	40	40	P 352	400	49	33	P 576	16	33	33	P 576	272	33	49	P 672	64	33	49	
1438	1	T 394	123	40	40	P 320	240	49	33	
1439	0	T 396	122	40	40	
1440	5	T 398	121	40	40	P 48	352	33	33	P 208	320	33	33	P 448	112	49	49	P 544	304	49	33	P 560	176	49	49	
1441	1	T 400	120	40	40	P 256	416	49	33	
1442	4	T 402	119	40	40	P 16	176	33	33	P 80	288	49	49	P 144	320	33	33	P 656	336	33	49	
1443	1	T 404	118	40	40	P 144	160	49	49	
1444	0	T 406	117	40	40	
1445	2	T 408	116	40	40	P 320	160	33	33	P 496	112	49	49	
1446	4	T 410	115	40	40	P 208	288	49	49	P 240	176	49	49	P 304	32	33	49	P 640	240	33	33	
1447	0	T 412	114	40	40	
1448	2	T 414	113	40	40	P 48	416	49	33	P 112	304	33	49	
1449	4	T 416	112	40	40	P 224	384	33	49	P 256	176	49	49	P 304	0	49	33	P 480	80	49	49	
1450	3	T 418	111	40	40	P 32	368	49	33	P 272	0	49	33	P 576	0	49	49	
1451	1	T 420	110	40	40	P 144	208	49	49	
1452	5	T 422	109	40	40	P 144	16	33	33	P 160	272	33	49	P 160	384	49	49	P 208	208	49	49	P 288	336	49	49	
1453	1	T 424	108	40	40	P 672	192	33	33	
1454	2	T 426	107	40	40	P 144	128	49	33	P 464	128	49	49	
1455	2	T 428	106	40	40	P 0	352	49	49	P 176	336	33	49	
1456	1	T 430	105	40	40	P 416	224	33	33	
1457	2	T 432	104	40	40	P 0	0	33	33	P 336	224	49	49	
1458	1	T 434	103	40	40	P 640	384	33	33	
1459	2	T 436	102	40	40	P 480	32	49	33	P 576	160	49	33	
1460	3	T 438	101	40	40	P 112	256	33	33	P 224	240	49	33	P 640	48	33	33	
1461	1	T 440	100	40	40	P 608	80	33	49	
1462	0	T 442	99	40	40	
1463	1	T 444	98	40	40	P 384	288	33	49	
1464	3	T 446	97	40	40	P 416	32	49	49	P 512	304	49	49	P 640	16	33	33	
1465	1	T 448	96	40	40	P 544	176	33	33	
1466	0	T 450	95	40	40	
1467	0	T 452	94	40	40	
1468	3	T 454	93	40	40	P 160	80	49	49	P 192	224	49	49	P 608	272	49	49	
1469	1	T 456	92	40	40	P 128	352	33	33	
1470	1	T 458	91	40	40	P 192	112	49	33	
1471	3	T 460	90	40	40	P 144	96	33	33	P 192	0	49	33	P 352	160	33	33	
1472	1	T 462	89	40	40	P 576	160	49	33	
1473	4	T 464	88	40	40	P 0	224	33	49	P 160	32	49	49	P 240	416	49	49	P 256	256	49	49	
1474	3	T 466	87	40	40	P 96	320	33	49	P 432	304	33	49	P 624	272	33	33	
1475	3	T 468	86	40	40	P 208	32	81	49	P 288	384	33	33	P 432	48	33	33	
1476	1	T 470	85	40	40	P 432	0	33	33	
1477	1	T 472	84	40	40	P 256	368	49	33	
1478	5	T 474	83	40	40	P 144	144	33	33	P 336	96	49	33	P 528	48	49	49	P 624	192	49	33	P 640	336	33	33	
1479	1	T 476	82	40	40	P 384	0	49	49	
1480	1	T 478	81	40	40	P 672	272	33	33	
1481	5	T 480	80	40	40	P 96	336	33	33	P 160	48	33	33	P 576	208	33	49	P 576	320	49	49	P 592	80	33	49	
1482	1	T 482	79	40	40	P 128	16	33	33	
1483	3	T 484	78	40	40	P 272	304	33	49	P 544	400	33	33	P 608	240	33	33	
1484	1	T 486	77	40	40	P 592	208	49	49	
1485	2	T 488	76	40	40	P 176	144	33	49	P 576	256	49	49	
1486	2	T 490	75	40	40	P 96	128	49	49	P 96	400	49	49	
1487	0	T 492	74	40	40	
1488	1	T 494	73	40	40	P 256	192	33	49	
1489	1	T 496	72	40	40	P 608	416	33	33	
1490	2	T 498	71	40	40	P 144	160	49	49	P 592	80	49	49	
1491	3	T 500	70	40	40	P 176	384	33	33	P 240	160	49	49	P 672	144	33	49	
1492	2	T 502	69	40	40	P 352	176	49	49	P 432	80	33	33	
1493	2	T 504	68	40	40	P 96	80	33	33	P 160	128	33	33	
1494	2	T 506	67	40	40	P 320	96	33	49	P 480	176	33	33	
1495	2	T 508	66	40	40	P 304	352	49	33	P 592	64	33	49	
1496	1	T 510	65	40	40	P 64	80	33	33	
1497	0	T 512	64	40	40	
1498	2	T 514	63	40	40	P 160	272	49	49	P 656	400	33	49	
1499	3	T 516	62	40	40	P 160	384	49	49	P 528	176	33	33	P 672	288	33	49	
1500	0	T 518	61	40	40	
1501	2	T 520	60	40	40	P 176	288	49	33	P 384	64	33	33	
1502	2	T 522	59	40	40	P 160	96	33	33	P 560	224	33	33	
1503	2	T 524	58	40	40	P 176	80	49	49	P 176	272	33	33	
1504	1	T 526	57	40	40	P 608	288	33	49	
1505	2	T 528	56	40	40	P 304	96	33	33	P 528	416	33	49	
1506	5	T 530	55	40	40	P 160	32	49	33	P 272	336	49	33	P 464	80	49	33	P 512	0	49	49	P 608	400	33	33	
1507	1	T 532	54	40	40	P 288	64	33	33	
1508	2	T 534	53	40	40	P 416	336	33	33	P 640	384	33	33	
1509	1	T 536	52	40	40	P 512	16	49	49	
1510	4	T 538	51	40	40	P 304	400	33	33	P 400	160	65	33	P 512	400	33	49	P 544	176	81	49	
1511	3	T 540	50	40	40	P 160	336	49	49	P 576	112	49	49	P 592	256	81	65	
1512	3	T 542	49	40	40	P 0	288	49	49	P 368	432	49	33	P 416	320	49	49	
1513	3	T 544	48	40	40	P 0	224	33	33	P 528	224	33	49	P 656	288	49	49	
1514	2	T 546	47	40	40	P 0	96	49	49	P 64	288	49	49	
1515	2	T 548	46	40	40	P 256	432	33	33	P 336	272	33	49	
1516	2	T 550	45	40	40	P 256	0	33	33	P 400	64	49	49	
1517	1	T 552	44	40	40	P 144	336	33	49	
1518	2	T 554	43	40	40	P 288	256	49	49	P 400	16	33	49	
1519	3	T 556	42	40	40	P 256	96	49	49	P 400	144	81	49	P 624	320	33	33	
1520	1	T 558	41	40	40	P 192	96	33	49	
1521	2	T 560	40	40	40	P 128	64	49	49	P 464	208	49	65	
1522	3	T 562	39	40	40	P 96	160	33	49	P 160	32	49	49	P 224	112	33	33	
1523	2	T 564	38	40	40	P 352	0	49	33	P 576	352	49	33	
1524	2	T 566	37	40	40	P 320	400	49	49	P 672	128	33	49	
1525	1	T 568	36	40	40	P 16	160	33	33	
1526	2	T 570	35	40	40	P 176	400	49	33	P 544	0	49	49	
1527	3	T 572	34	40	40	P 64	432	49	33	P 192	208	33	33	P 512	16	49	33	
1528	1	T 574	33	40	40	P 48	16	49	49	
1529	2	T 576	32	40	40	P 16	304	33	33	P 208	16	49	49	
1530	2	T 578	31	40	40	P 224	272	33	33	P 272	160	49	33	
1531	1	T 580	30	40	40	P 592	352	33	33	
1532	1	T 582	29	40	40	P 512	416	49	49	
1533	3	T 584	28	40	40	P 80	304	33	33	P 288	368	33	33	P 576	176	33	33	
1534	2	T 586	27	40	40	P 160	416	33	33	P 480	96	49	49	
1535	3	T 588	26	40	40	P 32	416	33	33	P 304	64	49	49	P 640	288	49	33	
1536	2	T 590	25	40	40	P 80	96	65	49	P 656	176	49	49	
1537	1	T 592	24	40	40	P 560	112	49	49	
1538	3	T 594	23	40	40	P 256	304	33	33	P 352	304	49	49	P 432	352	33	49	
1539	2	T 596	22	40	40	P 112	32	49	49	P 448	256	81	81	
1540	3	T 598	21	40	40	P 272	32	49	33	P 368	32	33	33	P 560	352	33	49	
1541	2	T 600	20	40	40	P 48	112	33	49	P 256	208	33	49	
1542	2	T 602	21	40	40	P 592	256	33	33	P 608	160	49	33	
1543	3	T 604	22	40	40	P 304	368	33	49	P 416	0	33	33	P 432	80	49	49	
1544	1	T 606	23	40	40	P 96	224	33	33	
1545	2	T 608	24	40	40	P 416	320	49	33	P 592	160	33	33	
1546	2	T 610	25	40	40	P 48	112	33	33	P 480	304	49	33	
1547	2	T 612	26	40	40	P 416	416	49	33	P 464	0	33	33	
1548	1	T 614	27	40	40	P 240	384	33	33	
1549	1	T 616	28	40	40	P 272	0	33	33	
1550	0	T 618	29	40	40	
1551	2	T 620	30	40	40	P 16	256	33	33	P 528	64	49	49	
1552	2	T 622	31	40	40	P 16	48	49	49	P 208	432	33	33	
1553	2	T 624	32	40	40	P 544	192	49	33	P 672	272	33	33	
1554	1	T 626	33	40	40	P 160	288	49	49	
1555	0	T 628	34	40	40	
1556	1	T 630	35	40	40	P 224	64	49	49	
1557	1	T 632	36	40	40	P 656	224	49	49	
1558	3	T 634	37	40	40	P 320	0	33	33	P 336	160	33	33	P 592	0	49	49	
1559	3	T 636	38	40	40	P 144	160	33	33	P 240	416	49	33	P 352	80	33	33	
1560	1	T 638	39	40	40	P 640	192	33	33	
1561	1	T 640	40	40	40	P 608	288	49	49	
1562	5	T 642	41	40	40	P 32	192	49	49	P 32	400	49	49	P 272	224	33	33	P 576	160	33	33	P 576	288	49	33	
1563	3	T 644	42	40	40	P 224	112	49	49	P 288	224	49	49	P 480	32	49	33	
1564	2	T 646	43	40	40	P 48	416	49	49	P 448	144	33	49	
1565	1	T 648	44	40	40	P 304	0	49	33	
1566	2	T 650	45	40	40	P 496	160	33	33	P 512	32	33	49	
1567	5	T 652	46	40	40	P 0	16	33	33	P 128	320	49	49	P 224	128	49	33	P 304	112	33	33	P 592	240	65	65	
1568	2	T 654	47	40	40	P 416	64	49	33	P 528	160	33	33	
1569	2	T 656	48	40	40	P 64	192	33	33	P 464	16	33	33	
1570	4	T 658	49	40	40	P 32	256	49	49	P 80	176	49	49	P 432	240	33	33	P 592	144	49	33	
1571	4	T 660	50	40	40	P 208	224	49	49	P 256	0	49	49	P 352	288	49	49	P 608	336	49	49	
1572	2	T 658	51	40	40	P 224	32	49	49	P 368	256	33	33	
1573	2	T 656	52	40	40	P 16	368	49	49	P 640	208	33	49	
1574	0	T 654	53	40	40	
1575	2	T 652	54	40	40	P 384	208	49	49	P 464	320	49	33	
1576	5	T 650	55	40	40	P 0	144	49	49	P 336	240	49	49	P 384	80	33	49	P 448	368	49	49	P 496	256	33	33	
1577	5	T 648	56	40	40	P 16	144	33	33	P 48	208	33	33	P 176	32	49	49	P 384	96	49	49	P 672	384	33	49	
1578	1	T 646	57	40	40	P 592	0	33	33	
1579	1	T 644	58	40	40	P 208	240	49	49	
1580	1	T 642	59	40	40	P 256	128	65	49	
1581	2	T 640	60	40	40	P 496	32	33	49	P 672	400	33	49	
1582	2	T 638	61	40	40	P 544	384	49	49	P 672	368	33	33	
1583	3	T 636	62	40	40	P 16	160	49	33	P 272	240	33	49	P 544	288	49	49	
1584	2	T 634	63	40	40	P 160	208	49	49	P 256	48	49	49	
1585	1	T 632	64	40	40	P 288	16	49	49	
1586	2	T 630	65	40	40	P 128	144	49	33	P 208	400	33	49	
1587	2	T 628	66	40	40	P 80	256	49	49	P 400	240	33	49	
1588	1	T 626	67	40	40	P 480	112	33	33	
1589	1	T 624	68	40	40	P 400	320	33	33	
1590	0	T 622	69	40	40	
1591	1	T 620	70	40	40	P 336	0	49	49	
1592	2	T 618	71	40	40	P 496	304	49	49	P 640	320	49	49	
1593	1	T 616	72	40	40	P 80	304	49	49	
1594	2	T 614	73	40	40	P 208	48	49	33	P 224	384	49	33	
1595	5	T 612	74	40	40	P 144	304	33	33	P 240	416	33	33	P 336	192	33	33	P 480	368	49	49	P 544	80	33	49	
1596	1	T 610	75	40	40	P 144	64	33	33	
1597	0	T 608	76	40	40	
1598	0	T 606	77	40	40	
1599	2	T 604	78	40	40	P 32	0	49	49	P 368	256	49	33	
1600	3	T 602	79	40	40	P 256	80	49	65	P 384	368	33	33	P 560	224	33	33	
1601	1	T 600	80	40	40	P 592	16	33	33	
1602	2	T 598	81	40	40	P 608	320	33	33	P 640	0	33	33	
1603	2	T 596	82	40	40	P 336	240	49	49	P 656	256	33	33	
1604	2	T 594	83	40	40	P 144	80	49	49	P 464	96	33	33	
1605	2	T 592	84	40	40	P 80	16	33	33	P 256	96	49	33	
1606	0	T 590	85	40	40	
1607	2	T 588	86	40	40	P 592	272	33	33	P 624	320	49	49	
1608	3	T 586	87	40	40	P 80	160	33	33	P 176	176	33	33	P 192	256	33	33	
1609	2	T 584	88	40	40	P 208	64	33	49	P 256	400	49	49	
1610	3	T 582	89	40	40	P 96	112	49	33	P 368	336	33	49	P 640	368	33	49	
1611	3	T 580	90	40	40	P 16	336	65	81	P 112	16	65	49	P 512	240	81	81	
1612	3	T 578	91	40	40	P 224	384	49	49	P 528	160	33	33	P 592	224	49	49	
1613	1	T 576	92	40	40	P 432	0	49	33	
1614	3	T 574	93	40	40	P 304	80	49	49	P 400	96	33	49	P 544	336	33	33	
1615	3	T 572	94	40	40	P 144	160	49	49	P 320	288	65	49	P 544	336	49	49	
1616	4	T 570	95	40	40	P 0	128	33	49	P 32	288	33	33	P 208	208	49	49	P 560	224	49	49	
1617	2	T 568	96	40	40	P 272	32	49	33	P 368	352	33	33	
1618	4	T 566	97	40	40	P 80	96	49	33	P 112	224	33	33	P 368	368	49	65	P 560	416	33	33	
1619	0	T 564	98	40	40	
1620	1	T 562	99	40	40	P 560	384	33	49	
1621	2	T 560	100	40	40	P 608	432	33	33	P 640	256	33	49	
1622	1	T 558	101	40	40	P 32	320	33	49	
1623	2	T 556	102	40	40	P 64	272	33	33	P 656	176	33	33	
1624	2	T 554	103	40	40	P 80	16	49	49	P 144	0	33	33	
1625	2	T 552	104	40	40	P 240	352	49	33	P 512	160	49	33	
1626	2	T 550	105	40	40	P 288	176	49	49	P 416	16	49	49	
1627	1	T 548	106	40	40	P 656	352	49	33	
1628	2	T 546	107	40	40	P 176	144	49	33	P 272	176	33	33	
1629	2	T 544	108	40	40	P 0	128	33	49	P 96	144	49	49	
1630	1	T 542	109	40	40	P 576	64	49	49	
1631	3	T 540	110	40	40	P 0	240	49	49	P 448	144	33	49	P 544	224	33	33	
1632	3	T 538	111	40	40	P 0	320	33	33	P 128	224	49	49	P 144	16	49	49	
1633	2	T 536	112	40	40	P 128	432	33	33	P 608	224	49	49	
1634	3	T 534	113	40	40	P 208	320	33	33	P 464	0	49	33	P 480	272	33	33	
1635	1	T 532	114	40	40	P 240	192	49	49	
1636	2	T 530	115	40	40	P 64	0	33	33	P 400	192	49	49	
1637	3	T 528	116	40	40	P 240	240	33	33	P 320	336	33	33	P 624	288	33	33	
1638	2	T 526	117	40	40	P 112	128	33	49	P 240	336	49	49	
1639	2	T 524	118	40	40	P 144	272	33	33	P 608	208	49	49	
1640	1	T 522	119	40	40	P 384	176	33	33	
1641	5	T 520	120	40	40	P 96	176	49	49	P 160	0	33	33	P 320	112	33	49	P 320	224	49	49	P 656	384	33	49	
1642	2	T 518	121	40	40	P 128	48	49	49	P 512	0	33	49	
1643	1	T 516	122	40	40	P 224	192	49	49	
1644	7	T 514	123	40	40	P 0	368	33	49	P 192	0	33	33	P 304	80	33	33	P 304	176	33	49	P 352	336	33	33	P 400	176	33	33	P 560	80	49	33	
1645	1	T 512	124	40	40	P 160	80	33	33	
1646	1	T 510	125	40	40	P 128	32	33	33	
1647	1	T 508	126	40	40	P 528	160	33	49	
1648	2	T 506	127	40	40	P 544	432	49	33	P 624	16	33	33	
1649	2	T 504	128	40	40	P 16	352	33	49	P 288	240	49	49	
1650	3	T 502	129	40	40	P 32	416	49	49	P 112	32	33	33	P 512	336	65	65	
1651	4	T 500	130	40	40	P 160	336	33	49	P 208	288	33	33	P 448	112	33	33	P 544	0	33	33	
1652	2	T 498	131	40	40	P 224	288	33	33	P 672	128	33	49	
1653	1	T 496	132	40	40	P 80	176	33	33	
1654	3	T 494	133	40	40	P 400	64	49	33	P 400	240	49	49	P 480	192	33	33	
1655	5	T 492	134	40	40	P 0	368	33	49	P 256	144	49	33	P 304	0	33	49	P 336	384	33	33	P 560	256	33	33	
1656	3	T 490	135	40	40	P 176	80	81	81	P 288	432	49	33	P 352	64	49	49	
1657	2	T 488	136	40	40	P 400	256	49	49	P 432	192	65	49	
1658	4	T 486	137	40	40	P 48	304	33	33	P 48	352	33	33	P 128	48	49	49	P 320	336	49	49	
1659	3	T 484	138	40	40	P 224	48	49	49	P 400	256	33	49	P 432	0	33	33	
1660	2	T 482	139	40	40	P 32	80	49	49	P 416	256	33	49	
1661	3	T 480	140	40	40	P 0	176	33	33	P 48	160	33	49	P 592	176	49	49	
1662	4	T 478	141	40	40	P 528	64	81	49	P 544	192	33	33	P 576	0	49	33	P 672	128	33	33	
1663	0	T 476	142	40	40	
1664	4	T 474	143	40	40	P 64	224	33	49	P 160	96	33	33	P 192	272	33	33	P 432	240	49	33	
1665	2	T 472	144	40	40	P 432	368	49	33	P 448	0	33	33	
1666	1	T 470	145	40	40	P 400	256	33	33	
1667	3	T 468	146	40	40	P 64	304	49	49	P 320	48	33	33	P 400	336	33	49	
1668	2	T 466	147	40	40	P 256	304	33	33	P 592	384	33	33	
1669	2	T 464	148	40	40	P 64	272	33	33	P 240	400	33	49	
1670	3	T 462	149	40	40	P 64	144	49	49	P 224	320	49	33	P 368	32	49	33	
1671	5	T 460	150	40	40	P 224	128	33	33	P 224	432	33	33	P 320	112	33	49	P 480	352	33	49	P 576	112	33	33	
1672	2	T 458	151	40	40	P 32	224	33	49	P 368	368	33	33	
1673	3	T 456	152	40	40	P 112	80	97	65	P 640	400	49	33	P 656	128	33	33	
1674	2	T 454	153	40	40	P 336	224	33	49	P 528	96	49	49	
1675	4	T 452	154	40	40	P 48	384	33	49	P 144	304	33	33	P 384	320	33	49	P 544	256	33	33	
1676	1	T 450	155	40	40	P 224	416	33	33	
1677	3	T 448	156	40	40	P 240	112	33	33	P 448	320	49	49	P 560	368	33	49	
1678	2	T 446	157	40	40	P 240	224	33	33	P 496	288	65	49	
1679	3	T 444	158	40	40	P 288	144	49	49	P 464	432	33	33	P 656	400	33	49	
1680	1	T 442	159	40	40	P 64	32	49	49	
1681	2	T 440	160	40	40	P 480	48	81	33	P 496	304	49	33	
1682	3	T 438	161	40	40	P 384	176	33	33	P 384	336	65	49	P 576	96	33	33	
1683	0	T 436	162	40	40	
1684	0	T 434	163	40	40	
1685	1	T 432	164	40	40	P 288	80	49	49	
1686	0	T 430	165	40	40	
1687	1	T 428	166	40	40	P 512	400	33	33	
1688	2	T 426	167	40	40	P 240	384	49	49	P 656	416	33	33	
1689	0	T 424	168	40	40	
1690	0	T 422	169	40	40	
1691	1	T 420	170	40	40	P 0	16	49	49	
1692	2	T 418	171	40	40	P 0	320	33	49	P 320	0	49	33	
1693	0	T 416	172	40	40	
1694	1	T 414	173	40	40	P 432	368	49	33	
1695	3	T 412	174	40	40	P 448	320	49	33	P 576	272	49	33	P 592	64	65	49	
1696	4	T 410	175	40	40	P 128	256	33	33	P 304	304	49	33	P 400	16	33	33	P 592	288	49	49	
1697	2	T 408	176	40	40	P 192	384	33	49	P 640	320	33	33	
1698	1	T 406	177	40	40	P 640	384	49	49	
1699	3	T 404	178	40	40	P 16	96	33	33	P 80	144	49	33	P 224	144	33	49	
1700	1	T 402	179	40	40	P 480	384	33	33	
1701	2	T 400	180	40	40	P 176	400	33	33	P 256	48	81	49	
1702	1	T 398	181	40	40	P 496	64	49	33	
1703	4	T 396	182	40	40	P 112	304	49	49	P 144	384	33	33	P 208	64	33	33	P 400	64	33	33	
1704	1	T 394	183	40	40	P 64	272	49	33	
1705	4	T 392	184	40	40	P 112	256	33	49	P 240	160	49	49	P 240	384	33	33	P 288	48	33	49	
1706	3	T 390	185	40	40	P 32	352	49	49	P 448	416	49	49	P 576	160	33	49	
1707	3	T 388	186	40	40	P 16	0	49	49	P 320	240	49	33	P 544	176	49	49	
1708	2	T 386	187	40	40	P 384	0	49	33	P 576	320	49	49	
1709	1	T 384	188	40	40	P 192	432	33	33	
1710	3	T 382	189	40	40	P 48	160	49	49	P 368	256	49	33	P 592	176	49	49	
1711	3	T 380	190	40	40	P 0	48	49	33	P 144	416	33	49	P 560	400	49	49	
1712	1	T 378	191	40	40	P 0	192	33	33	
1713	6	T 376	192	40	40	P 128	144	49	33	P 144	16	33	33	P 208	0	49	33	P 304	160	33	49	P 560	0	49	33	P 656	272	33	33	
1714	1	T 374	193	40	40	P 272	192	49	49	
1715	1	T 372	194	40	40	P 128	160	49	49	
1716	1	T 370	195	40	40	P 480	416	49	49	
1717	2	T 368	196	40	40	P 0	256	33	33	P 48	240	81	65	
1718	1	T 366	197	40	40	P 256	0	49	33	
1719	5	T 364	198	40	40	P 208	240	33	33	P 384	0	33	33	P 480	256	33	49	P 656	80	33	33	P 672	144	33	33	
1720	3	T 362	199	40	40	P 176	0	33	49	P 336	144	33	33	P 592	32	33	33	
1721	3	T 360	200	40	40	P 464	208	49	33	P 480	352	33	33	P 592	16	49	33	
1722	6	T 358	201	40	40	P 96	0	49	33	P 160	144	49	49	P 448	128	33	33	P 608	48	49	33	P 640	304	49	33	P 640	384	49	49	
1723	1	T 356	202	40	40	P 0	352	33	49	
1724	4	T 354	203	40	40	P 192	256	33	33	P 272	272	33	33	P 352	272	49	49	P 464	208	33	33	
1725	7	T 352	204	40	40	P 48	0	49	33	P 112	224	49	49	P 144	416	49	33	P 384	80	33	33	P 416	224	49	33	P 496	256	33	33	P 544	400	49	49	
1726	4	T 350	205	40	40	P 240	416	49	33	P 272	192	33	33	P 384	304	33	33	P 416	0	49	33	
1727	0	T 348	206	40	40	
1728	2	T 346	207	40	40	P 64	144	33	33	P 512	224	49	33	
1729	2	T 344	208	40	40	P 48	416	33	33	P 256	240	33	49	
1730	1	T 342	209	40	40	P 112	32	49	49	
1731	2	T 340	210	40	40	P 48	176	33	33	P 320	128	49	49	
1732	1	T 338	211	40	40	P 544	16	49	33	
1733	2	T 336	212	40	40	P 128	352	49	33	P 432	32	49	33	
1734	2	T 334	213	40	40	P 256	240	33	33	P 416	48	49	33	
1735	3	T 332	214	40	40	P 272	128	33	33	P 288	352	33	33	P 624	384	49	49	
1736	1	T 330	215	40	40	P 496	272	49	49	
1737	1	T 328	216	40	40	P 320	144	33	33	
1738	3	T 326	217	40	40	P 128	176	49	49	P 224	336	33	33	P 672	144	33	49	
1739	4	T 324	218	40	40	P 48	288	33	33	P 240	416	33	33	P 384	48	33	33	P 448	48	49	33	
1740	3	T 322	219	40	40	P 128	416	49	33	P 192	128	49	49	P 640	240	33	49	
1741	6	T 320	220	40	40	P 0	0	33	33	P 48	80	33	33	P 144	208	49	49	P 240	0	33	49	P 272	272	49	49	P 432	176	49	33	
1742	4	T 318	221	40	40	P 336	48	49	49	P 512	208	33	33	P 528	96	49	49	P 672	144	33	33	
1743	1	T 316	222	40	40	P 0	272	49	49	
1744	2	T 314	223	40	40	P 64	112	33	33	P 368	128	49	33	
1745	2	T 312	224	40	40	P 256	16	33	33	P 560	176	33	33	
1746	0	T 310	225	40	40	
1747	3	T 308	226	40	40	P 256	416	33	49	P 304	32	33	33	P 640	176	33	33	
1748	3	T 306	227	40	40	P 336	272	33	33	P 432	0	33	49	P 640	128	33	33	
1749	0	T 304	228	40	40	
1750	1	T 302	229	40	40	P 656	208	33	49	
1751	4	T 300	230	40	40	P 144	192	33	33	P 160	400	49	49	P 176	272	49	49	P 368	272	49	49	
1752	2	T 298	231	40	40	P 16	112	33	33	P 272	304	33	33	
1753	1	T 296	232	40	40	P 32	432	33	33	
1754	2	T 294	233	40	40	P 144	160	49	65	P 304	128	33	49	
1755	1	T 292	234	40	40	P 224	224	33	33	
1756	3	T 290	235	40	40	P 144	240	33	33	P 208	272	49	33	P 512	272	49	49	
1757	2	T 288	236	40	40	P 336	96	33	33	P 640	192	33	33	
1758	0	T 286	237	40	40	
1759	6	T 284	238	40	40	P 80	416	49	33	P 304	208	49	49	P 400	128	33	33	P 496	0	49	33	P 512	320	49	33	P 640	384	33	49	
1760	0	T 282	239	40	40	
1761	0	T 280	240	40	40	
1762	4	T 278	241	40	40	P 224	80	49	33	P 320	272	33	49	P 480	368	33	33	P 624	432	33	33	
1763	1	T 276	242	40	40	P 176	208	33	33	
1764	3	T 274	243	40	40	P 48	256	33	33	P 160	176	33	33	P 496	176	49	49	
1765	2	T 272	244	40	40	P 0	96	49	49	P 176	176	81	33	
1766	4	T 270	245	40	40	P 368	352	33	33	P 416	352	49	33	P 464	224	49	49	P 624	400	49	49	
1767	4	T 268	246	40	40	P 144	304	49	49	P 192	416	33	33	P 336	224	33	33	P 336	288	33	33	
1768	1	T 266	247	40	40	P 192	176	33	33	
1769	1	T 264	248	40	40	P 256	208	49	49	
1770	2	T 262	249	40	40	P 160	16	49	49	P 608	192	49	49	
1771	2	T 260	250	40	40	P 16	336	33	33	P 464	272	49	49	
1772	1	T 258	251	40	40	P 368	32	49	49	
1773	1	T 256	252	40	40	P 96	288	33	33	
1774	0	T 254	253	40	40	
1775	0	T 252	254	40	40	
1776	3	T 250	255	40	40	P 128	352	33	49	P 192	272	49	49	P 496	48	49	49	
1777	0	T 248	256	40	40	
1778	0	T 246	257	40	40	
1779	2	T 244	258	40	40	P 144	96	33	33	P 624	112	33	49	
1780	0	T 242	259	40	40	
1781	4	T 240	260	40	40	P 304	160	49	33	P 544	16	49	49	P 544	144	33	33	P 560	304	33	33	
1782	3	T 238	261	40	40	P 128	0	49	33	P 208	176	49	33	P 512	256	33	33	
1783	1	T 236	262	40	40	P 672	336	33	33	
1784	2	T 234	263	40	40	P 112	0	33	33	P 544	160	49	49	
1785	2	T 232	264	40	40	P 352	0	33	33	P 416	432	49	33	
1786	6	T 230	265	40	40	P 0	432	49	33	P 272	320	49	49	P 304	112	49	49	P 400	240	49	49	P 432	48	33	49	P 464	0	49	33	
1787	4	T 228	266	40	40	P 304	304	49	49	P 400	336	33	33	P 480	0	33	49	P 528	160	33	33	
1788	1	T 226	267	40	40	P 560	176	33	33	
1789	1	T 224	268	40	40	P 656	368	49	33	
1790	4	T 222	269	40	40	P 256	64	33	33	P 304	352	33	33	P 528	384	33	33	P 624	160	49	33	
1791	1	T 220	270	40	40	P 0	320	33	33	
1792	3	T 218	271	40	40	P 256	240	33	49	P 368	16	49	33	P 448	64	49	49	
1793	1	T 216	272	40	40	P 320	288	33	33	
1794	2	T 214	273	40	40	P 0	432	49	33	P 256	288	33	49	
1795	1	T 212	274	40	40	P 528	240	49	33	
1796	2	T 210	275	40	40	P 400	240	49	33	P 512	352	81	49	
1797	1	T 208	276	40	40	P 512	96	33	49	
1798	2	T 206	277	40	40	P 272	0	33	49	P 416	96	33	33	
1799	1	T 204	278	40	40	P 400	160	33	33	
1800	3	T 202	279	40	40	P 272	288	49	49	P 336	176	33	33	P 496	32	49	49	
1801	3	T 200	280	40	40	P 16	128	49	49	P 464	112	49	49	P 608	304	49	65	
1802	3	T 198	281	40	40	P 128	144	33	33	P 144	272	33	33	P 272	16	49	49	
1803	2	T 196	282	40	40	P 96	16	49	49	P 608	192	49	49	
1804	2	T 194	283	40	40	P 224	128	33	49	P 384	144	49	33	
1805	1	T 192	284	40	40	P 128	320	49	49	
1806	7	T 190	285	40	40	P 96	96	33	49	P 128	384	33	33	P 256	224	33	33	P 320	320	65	33	P 432	128	33	33	P 464	192	33	49	P 608	432	49	33	
1807	0	T 188	286	40	40	
1808	2	T 186	287	40	40	P 384	432	33	33	P 432	368	65	49	
1809	4	T 184	288	40	40	P 0	48	33	33	P 16	176	49	49	P 352	336	33	33	P 672	208	33	33	
1810	4	T 182	289	40	40	P 160	48	33	49	P 432	48	81	81	P 448	160	33	33	P 656	256	49	49	
1811	0	T 180	290	40	40	
1812	6	T 178	291	40	40	P 224	384	49	33	P 288	144	49	49	P 288	384	33	33	P 400	16	49	33	P 416	224	33	33	P 480	0	33	49	
1813	2	T 176	292	40	40	P 272	320	49	49	P 576	80	33	33	
1814	4	T 174	293	40	40	P 48	128	49	65	P 288	256	33	33	P 336	400	81	49	P 384	224	33	33	
1815	2	T 172	294	40	40	P 304	336	33	33	P 528	112	33	33	
1816	3	T 170	295	40	40	P 496	272	97	97	P 624	32	49	33	P 672	256	33	49	
1817	4	T 168	296	40	40	P 304	272	33	49	P 512	320	33	33	P 544	160	49	65	P 624	384	33	33	
1818	1	T 166	297	40	40	P 320	208	33	33	
1819	3	T 164	298	40	40	P 416	304	33	33	P 576	32	49	33	P 672	0	33	33	
1820	3	T 162	299	40	40	P 128	400	33	49	P 192	432	33	33	P 224	80	33	33	
1821	0	T 160	300	40	40	
1822	3	T 158	301	40	40	P 352	32	33	33	P 544	0	49	33	P 624	336	65	81	
1823	2	T 156	302	40	40	P 0	16	49	33	P 480	240	33	33	
1824	2	T 154	303	40	40	P 208	96	33	33	P 432	48	49	33	
1825	5	T 152	304	40	40	P 64	128	33	33	P 368	64	33	33	P 448	96	33	33	P 448	176	49	33	P 528	432	33	33	
1826	4	T 150	305	40	40	P 176	432	49	33	P 400	320	33	49	P 576	112	49	49	P 640	432	33	33	
1827	0	T 148	306	40	40	
1828	2	T 146	307	40	40	P 64	304	49	49	P 544	192	33	33	
1829	1	T 144	308	40	40	P 80	336	49	49	
1830	1	T 142	309	40	40	P 256	112	33	49	
1831	0	T 140	310	40	40	
1832	1	T 138	311	40	40	P 368	144	33	33	
1833	3	T 136	312	40	40	P 112	352	49	49	P 368	336	49	33	P 480	64	49	49	
1834	1	T 134	313	40	40	P 400	256	81	49	
1835	0	T 132	314	40	40	
1836	1	T 130	315	40	40	P 256	112	33	33	
1837	0	T 128	316	40	40	
1838	1	T 126	317	40	40	P 48	48	33	33	
1839	2	T 124	318	40	40	P 432	32	33	49	P 528	176	49	49	
1840	2	T 122	319	40	40	P 16	64	49	49	P 448	208	33	49	
1841	4	T 120	320	40	40	P 32	80	49	49	P 48	368	33	33	P 240	144	49	49	P 640	16	33	49	
1842	2	T 118	321	40	40	P 576	352	33	33	P 624	144	33	49	
1843	3	T 116	322	40	40	P 144	64	33	33	P 256	288	33	33	P 512	368	33	33	
1844	1	T 114	323	40	40	P 592	80	49	49	
1845	3	T 112	324	40	40	P 32	224	33	33	P 208	336	33	49	P 384	48	49	33	
1846	0	T 110	325	40	40	
1847	2	T 108	326	40	40	P 80	432	49	33	P 432	384	49	49	
1848	5	T 106	327	40	40	P 48	160	49	49	P 400	240	33	33	P 480	304	49	49	P 576	160	33	49	P 640	336	33	49	
1849	1	T 104	328	40	40	P 368	416	33	49	
1850	4	T 102	329	40	40	P 64	32	33	49	P 96	400	33	49	P 336	256	49	81	P 560	320	33	33	
1851	2	T 100	330	40	40	P 512	192	49	49	P 560	16	81	49	
1852	2	T 98	331	40	40	P 192	224	33	49	P 672	64	33	33	
1853	3	T 96	332	40	40	P 320	80	49	33	P 496	192	49	49	P 592	336	33	49	
1854	3	T 94	333	40	40	P 336	176	33	49	P 400	432	33	33	P 592	304	49	49	
1855	1	T 92	334	40	40	P 240	112	33	33	
1856	6	T 90	335	40	40	P 16	96	33	49	P 128	0	33	49	P 160	112	49	49	P 240	96	33	49	P 352	384	33	49	P 512	0	49	49	
1857	2	T 88	336	40	40	P 192	304	33	33	P 512	80	33	33	
1858	1	T 86	337	40	40	P 352	64	33	49	
1859	3	T 84	338	40	40	P 96	272	49	49	P 336	0	49	33	P 432	208	49	33	
1860	1	T 82	339	40	40	P 416	112	49	49	
1861	1	T 80	340	40	40	P 576	112	33	33	
1862	2	T 78	341	40	40	P 160	240	49	49	P 656	176	33	49	
1863	3	T 76	342	40	40	P 16	32	49	49	P 304	0	33	33	P 544	304	33	33	
1864	2	T 74	343	40	40	P 416	128	49	49	P 480	128	49	49	
1865	5	T 72	344	40	40	P 64	304	33	33	P 96	112	49	49	P 160	0	33	33	P 464	304	49	49	P 480	400	33	49	
1866	2	T 70	345	40	40	P 288	384	97	33	P 432	240	49	49	
1867	2	T 68	346	40	40	P 256	336	33	33	P 672	192	33	33	
1868	3	T 66	347	40	40	P 0	32	33	49	P 64	192	49	49	P 608	32	33	49	
1869	1	T 64	348	40	40	P 32	112	33	33	
1870	1	T 62	349	40	40	P 368	192	33	33	
1871	0	T 60	350	40	40	
1872	3	T 58	351	40	40	P 240	224	49	49	P 464	336	33	33	P 656	352	49	49	
1873	0	T 56	352	40	40	
1874	2	T 54	353	40	40	P 16	256	33	33	P 176	384	33	49	
1875	3	T 52	354	40	40	P 112	96	49	49	P 304	240	49	49	P 432	288	49	49	
1876	3	T 50	355	40	40	P 96	272	49	49	P 336	160	33	49	P 624	400	49	33	
1877	3	T 48	356	40	40	P 128	240	49	49	P 528	48	49	33	P 576	128	33	49	
1878	1	T 46	357	40	40	P 192	288	33	33	
1879	7	T 44	358	40	40	P 0	208	49	33	P 144	160	33	33	P 160	48	33	49	P 288	368	33	33	P 352	304	49	49	P 432	272	33	33	P 448	0	33	33	
1880	2	T 42	359	40	40	P 144	384	33	33	P 560	32	33	33	
1881	2	T 40	360	40	40	P 80	176	49	49	P 480	160	33	49	
1882	3	T 38	361	40	40	P 480	384	49	33	P 528	64	49	49	P 640	64	33	33	
1883	5	T 36	362	40	40	P 16	304	33	33	P 32	400	33	33	P 320	288	33	33	P 496	288	49	49	P 624	208	33	49	
1884	1	T 34	363	40	40	P 304	0	33	33	
1885	4	T 32	364	40	40	P 16	192	33	33	P 256	368	33	33	P 448	80	49	33	P 608	144	49	33	
1886	1	T 30	365	40	40	P 416	272	33	33	
1887	0	T 28	366	40	40	
1888	3	T 26	367	40	40	P 128	432	49	33	P 496	336	33	33	P 672	160	33	33	
1889	5	T 24	368	40	40	P 0	112	49	49	P 96	32	33	33	P 192	208	33	33	P 224	160	33	33	P 608	48	33	33	
1890	2	T 22	369	40	40	P 160	96	49	33	P 560	96	33	49	
1891	2	T 20	370	40	40	P 80	144	33	49	P 640	384	49	49	
1892	2	T 22	371	40	40	P 256	336	49	49	P 320	176	49	33	
1893	0	T 24	372	40	40	
1894	4	T 26	373	40	40	P 0	160	49	33	P 48	352	33	33	P 496	416	49	49	P 528	224	49	49	
1895	4	T 28	374	40	40	P 0	208	49	81	P 320	176	49	49	P 464	240	49	49	P 640	96	33	49	
1896	0	T 30	375	40	40	
1897	1	T 32	376	40	40	P 496	0	49	33	
1898	2	T 34	377	40	40	P 224	304	49	49	P 656	144	33	33	
1899	1	T 36	378	40	40	P 128	16	49	49	
1900	1	T 38	379	40	40	P 672	384	33	33	
1901	2	T 40	380	40	40	P 160	96	33	33	P 336	0	49	49	
1902	4	T 42	381	40	40	P 16	256	33	33	P 48	0	33	49	P 48	400	49	49	P 304	272	33	33	
1903	1	T 44	382	40	40	P 256	64	49	49	
1904	0	T 46	383	40	40	
1905	2	T 48	384	40	40	P 16	160	33	33	P 80	320	33	33	
1906	0	T 50	385	40	40	
1907	1	T 52	386	40	40	P 224	416	49	33	
1908	3	T 54	387	40	40	P 176	144	33	33	P 240	416	49	49	P 416	0	33	33	
1909	2	T 56	388	40	40	P 0	0	49	33	P 512	80	33	33	
1910	3	T 58	389	40	40	P 176	288	33	33	P 256	208	113	97	P 272	368	33	33	
1911	2	T 60	390	40	40	P 80	160	49	33	P 352	48	33	49	
1912	5	T 62	391	40	40	P 64	352	33	33	P 208	304	33	33	P 368	96	49	49	P 400	192	49	33	P 592	272	49	49	
1913	3	T 64	392	40	40	P 352	32	33	49	P 576	304	49	49	P 656	192	49	33	
1914	2	T 66	393	40	40	P 464	240	49	49	P 640	400	49	49	
1915	1	T 68	394	40	40	P 464	368	33	33	
1916	3	T 70	395	40	40	P 160	64	33	49	P 240	208	33	33	P 272	320	33	33	
1917	1	T 72	396	40	40	P 352	384	33	33	
1918	4	T 74	397	40	40	P 320	224	33	49	P 560	160	33	33	P 624	208	33	33	P 672	144	33	33	
1919	1	T 76	398	40	40	P 496	160	49	33	
1920	1	T 78	399	40	40	P 240	416	49	49	
1921	1	T 80	400	40	40	P 256	48	49	33	
1922	7	T 82	401	40	40	P 160	80	49	49	P 272	240	33	33	P 320	192	33	33	P 416	208	33	33	P 416	432	49	33	P 496	32	33	49	P 640	160	33	33	
1923	1	T 84	402	40	40	P 640	160	33	33	
1924	2	T 86	403	40	40	P 112	160	49	33	P 176	368	33	33	
1925	2	T 88	404	40	40	P 80	112	33	33	P 592	192	49	49	
1926	2	T 90	405	40	40	P 224	32	49	49	P 336	0	49	33	
1927	2	T 92	406	40	40	P 240	80	33	33	P 256	400	33	33	
1928	1	T 94	407	40	40	P 320	144	33	49	
1929	0	T 96	408	40	40	
1930	4	T 98	409	40	40	P 64	224	33	33	P 224	384	33	49	P 320	400	49	49	P 512	144	49	33	
1931	1	T 100	410	40	40	P 48	432	49	33	
1932	1	T 102	411	40	40	P 432	432	49	33	
1933	0	T 104	412	40	40	
1934	0	T 106	413	40	40	
1935	1	T 108	414	40	40	P 160	240	49	49	
1936	2	T 110	415	40	40	P 208	48	33	33	P 496	144	33	33	
1937	3	T 112	416	40	40	P 160	240	49	49	P 192	112	33	33	P 656	416	49	33	
1938	2	T 114	417	40	40	P 0	416	33	49	P 160	304	33	33	
1939	1	T 116	418	40	40	P 528	320	33	49	
1940	2	T 118	419	40	40	P 160	336	33	49	P 480	352	65	49	
1941	2	T 120	420	40	40	P 80	208	33	49	P 624	160	33	33	
1942	1	T 122	419	40	40	P 288	432	33	33	
1943	1	T 124	418	40	40	P 80	384	33	49	
1944	0	T 126	417	40	40	
1945	1	T 128	416	40	40	P 592	272	49	33	
1946	2	T 130	415	40	40	P 96	112	33	33	P 480	16	33	49	
1947	3	T 132	414	40	40	P 0	224	49	33	P 352	352	33	33	P 416	176	49	33	
1948	2	T 134	413	40	40	P 160	352	33	49	P 368	400	49	49	
1949	2	T 136	412	40	40	P 0	432	33	33	P 256	384	49	33	
1950	4	T 138	411	40	40	P 48	176	33	33	P 208	0	49	33	P 496	192	49	33	P 656	48	49	33	
1951	4	T 140	410	40	40	P 48	144	33	33	P 128	96	49	49	P 224	32	49	33	P 384	0	49	33	
1952	3	T 142	409	40	40	P 16	432	49	33	P 48	240	81	49	P 560	304	33	49	
1953	1	T 144	408	40	40	P 464	432	33	33	
1954	0	T 146	407	40	40	
1955	3	T 148	406	40	40	P 48	400	33	33	P 96	240	33	33	P 192	32	49	49	
1956	4	T 150	405	40	40	P 368	336	33	33	P 496	352	49	49	P 624	384	33	33	P 640	112	33	49	
1957	1	T 152	404	40	40	P 320	16	33	33	
1958	2	T 154	403	40	40	P 304	128	33	33	P 608	224	33	49	
1959	2	T 156	402	40	40	P 336	48	33	33	P 336	400	33	33	
1960	2	T 158	401	40	40	P 192	96	49	33	P 544	368	33	33	
1961	2	T 160	400	40	40	P 208	336	49	49	P 400	368	33	33	
1962	1	T 162	399	40	40	P 48	160	49	49	
1963	3	T 164	398	40	40	P 16	240	49	33	P 176	320	49	49	P 592	288	33	33	
1964	1	T 166	397	40	40	P 672	416	33	33	
1965	0	T 168	396	40	40	
1966	2	T 170	395	40	40	P 64	128	49	49	P 384	272	33	49	
1967	4	T 172	394	40	40	P 80	256	49	49	P 96	64	33	49	P 432	240	49	49	P 576	96	33	49	
1968	3	T 174	393	40	40	P 352	192	49	33	P 624	320	49	49	P 672	432	33	33	
1969	5	T 176	392	40	40	P 112	96	33	33	P 224	400	33	33	P 464	64	33	33	P 544	112	33	33	P 624	400	33	49	
1970	2	T 178	391	40	40	P 32	0	33	33	P 224	432	33	33	
1971	1	T 180	390	40	40	P 416	64	33	33	
1972	2	T 182	389	40	40	P 304	160	49	33	P 608	112	33	33	
1973	2	T 184	388	40	40	P 224	176	33	33	P 432	256	33	33	
1974	2	T 186	387	40	40	P 192	16	33	49	P 320	432	49	33	
1975	1	T 188	386	40	40	P 128	144	33	33	
1976	2	T 190	385	40	40	P 0	416	33	33	P 112	144	49	49	
1977	2	T 192	384	40	40	P 464	64	33	49	P 608	160	33	49	
1978	1	T 194	383	40	40	P 192	0	33	33	
1979	1	T 196	382	40	40	P 0	256	33	49	
1980	2	T 198	381	40	40	P 384	160	49	49	P 496	400	49	49	
1981	1	T 200	380	40	40	P 672	112	33	33	
1982	3	T 202	379	40	40	P 32	32	49	33	P 448	368	49	33	P 528	368	33	33	
1983	2	T 204	378	40	40	P 112	432	33	33	P 432	272	49	33	
1984	0	T 206	377	40	40	
1985	1	T 208	376	40	40	P 592	160	33	33	
1986	3	T 210	375	40	40	P 48	352	49	49	P 304	32	33	33	P 432	192	33	33	
1987	1	T 212	374	40	40	P 256	0	33	33	
1988	1	T 214	373	40	40	P 96	176	33	33	
1989	3	T 216	372	40	40	P 368	144	33	33	P 512	112	33	49	P 560	432	49	33	
1990	1	T 218	371	40	40	P 320	128	33	49	
1991	3	T 220	370	40	40	P 256	96	33	49	P 416	272	49	49	P 480	240	33	33	
1992	1	T 222	369	40	40	P 112	48	49	49	
1993	3	T 224	368	40	40	P 352	224	33	49	P 592	176	33	33	P 672	128	33	49	
1994	0	T 226	367	40	40	
1995	3	T 228	366	40	40	P 0	208	49	49	P 576	416	81	49	P 640	112	33	33	
1996	2	T 230	365	40	40	P 416	240	33	33	P 528	320	33	33	
1997	4	T 232	364	40	40	P 0	336	33	33	P 112	96	33	49	P 192	48	33	49	P 384	320	33	33	
1998	2	T 234	363	40	40	P 80	336	33	33	P 80	384	49	49	
1999	0	T 236	362	40	40	
2000	5	T 238	361	40	40	P 176	0	33	33	P 272	336	33	33	P 416	192	33	33	P 544	272	33	33	P 672	336	33	33	
