frame	IoU
1	0.0372024
8	0.0520833
13	0.0473485
14	0.0578704
18	0.0694444
19	0.0260417
23	0.0694444
29	0.0694444
31	0.130208
34	0.0516529
36	0.0367647
39	0.0299043
43	0.0631313
53	0.0694444
56	0.0694444
63	0.0446429
68	0.0771605
73	0.0625
85	0.0568182
88	0.0347222
93	0.0694444
98	0.0143021
107	0.0568182
113	0.0771605
114	0.0771605
115	0.0771605
126	0.0625
132	0.0694444
134	0.00744048
135	0.0694444
137	0.0771605
138	0.0694444
142	0.0631313
156	0.0771605
157	0.0694444
158	0.0771605
166	0.0625
172	0.0771605
177	0.0123518
182	0.0480769
184	0.0108507
186	0.0173611
189	0.0578704
190	0.0625
193	0.0992064
195	0.0771605
198	0.0710227
198	0.0631313
200	0.0694444
207	0.0694444
210	0.0694444
212	0.0568182
213	0.0771605
215	0.0625
216	0.0372024
225	0.0694444
227	0.0631313
234	0.0694444
240	0.0496032
243	0.0300481
244	0.0631313
249	0.0694444
250	0.0694444
253	0.0625
256	0.0516529
258	0.0694444
259	0.0625
260	0.0355114
263	0.0694444
264	0.0631313
266	0.0520833
269	0.0694444
270	0.0625
271	0.0437063
273	0.0771605
275	0.0631313
277	0.0694444
278	0.0771605
281	0.0710227
283	0.0868056
285	0.078125
288	0.0992064
292	0.0992064
295	0.0868056
300	0.0651042
301	0.078125
304	0.0771605
305	0.0771605
308	0.0694444
310	0.0694444
311	0.0771605
312	0.0694444
313	0.0578704
314	0.0771605
315	0.0578704
318	0.078125
321	0.0534188
323	0.0868056
327	0.0868056
328	0.0868056
334	0.0892857
336	0.078125
338	0.0892857
339	0.0992064
346	0.0992064
349	0.0892857
350	0.078125
359	0.0651042
361	0.0520833
363	0.0771605
367	0.0694444
373	0.0694444
376	0.0694444
378	0.0434028
379	0.0771605
385	0.0516529
392	0.0480769
398	0.0694444
403	0.0868056
405	0.0992064
408	0.0771605
411	0.0520833
413	0.0320513
418	0.0694444
424	0.0771605
433	0.0771605
435	0.0328947
436	0.0771605
437	0.0378788
441	0.0694444
442	0.0631313
445	0.0694444
451	0.0446429
454	0.0771605
462	0.0385802
469	0.0771605
473	0.0568182
474	0.0408497
475	0.0208333
485	0.0631313
497	0.0771605
501	0.0892857
502	0.0694444
503	0.0694444
506	0.0771605
510	0.0694444
517	0.0631313
520	0.0334225
527	0.0694444
529	0.0694444
530	0.0771605
537	0.0771605
539	0.0133547
541	0.0694444
542	0.0694444
548	0.00992064
552	0.0128601
558	0.0694444
560	0.0694444
562	0.0625
563	0.0694444
568	0.0694444
569	0.0694444
572	0.0437063
573	0.0473485
579	0.0694444
581	0.0771605
588	0.0694444
589	0.0771605
590	0.0578704
593	0.0771605
597	0.0771605
599	0.0625
601	0.14881
602	0.0868056
607	0.0558036
608	0.0744048
612	0.0992064
620	0.0578704
622	0.0694444
624	0.0771605
628	0.0771605
631	0.0694444
635	0.0578704
636	0.0496032
637	0.0578704
638	0.0694444
643	0.0516529
647	0.0625
653	0.0245098
657	0.0771605
659	0.0369822
662	0.0694444
666	0.0279018
667	0.0282805
669	0.0462963
670	0.0625
671	0.0473485
674	0.0631313
675	0.0631313
676	0.0516529
680	0.0694444
685	0.0568182
686	0.0369822
690	0.0694444
692	0.0694444
706	0.0771605
715	0.0771605
716	0.0771605
719	0.0868056
720	0.0868056
721	0.0771605
724	0.0771605
725	0.0710227
726	0.0868056
731	0.0558036
732	0.0868056
734	0.0868056
736	0.0892857
738	0.0811688
742	0.0744048
745	0.0992064
748	0.0992064
749	0.195313
750	0.0651042
758	0.0868056
765	0.0868056
767	0.0631313
769	0.0771605
772	0.0416667
775	0.0568182
779	0.0694444
781	0.0771605
783	0.0694444
789	0.0694444
790	0.0625
791	0.0771605
796	0.0631313
797	0.0631313
798	0.0771605
801	0.0771605
804	0.0516529
806	0.0568182
808	0.0771605
809	0.0631313
813	0.0694444
817	0.0771605
818	0.0771605
820	0.0625
822	0.0462963
825	0.0343407
829	0.0578704
838	0.0568182
842	0.0520833
844	0.0694444
846	0.0892857
849	0.0267094
850	0.0625
861	0.0694444
863	0.0520833
864	0.0631313
867	0.0378788
870	0.017507
878	0.0868056
880	0.0694444
882	0.0378788
888	0.03125
889	0.0578704
900	0.0367647
908	0.0496032
916	0.0771605
919	0.0631313
922	0.0868056
923	0.0868056
924	0.078125
925	0.078125
926	0.078125
928	0.0651042
937	0.0868056
938	0.0868056
944	0.0771605
946	0.0631313
951	0.0694444
962	0.0631313
964	0.0631313
975	0.0367647
984	0.111607
985	0.0147059
988	0.0568182
989	0.0416667
994	0.0568182
996	0.0405844
998	0.0405844
1002	0.0694444
1008	0.0416667
1009	0.0771605
1012	0.0771605
1013	0.0694444
1014	0.0771605
1024	0.0300481
1029	0.0771605
1032	0.0568182
1041	0.0637755
1042	0.0771605
1045	0.0367647
1046	0.0297619
1054	0.0367647
1057	0.0405844
1059	0.0279018
1062	0.0267094
1064	0.0771605
1066	0.0473485
1068	0.0578704
1071	0.0400641
1073	0.0771605
1077	0.0625
1080	0.0771605
1082	0.0631313
1086	0.0694444
1088	0.0771605
1089	0.0694444
1090	0.0496032
1091	0.0400641
1093	0.0631313
1094	0.0694444
1097	0.0694444
1098	0.0568182
1099	0.0771605
1101	0.0625
1105	0.0578704
1106	0.0771605
1113	0.0771605
1116	0.0771605
1120	0.0558036
1121	0.0710227
1122	0.0868056
1126	0.078125
1127	0.0496032
1131	0.0651042
1134	0.078125
1148	0.0868056
1149	0.0868056
1152	0.078125
1158	0.0868056
1163	0.0710227
1164	0.0771605
1169	0.0771605
1173	0.0473485
1183	0.0568182
1188	0.0625
1189	0.0625
1194	0.0625
1196	0.0578704
1198	0.0771605
1203	0.0347222
1204	0.0516529
1205	0.0771605
1206	0.0631313
1210	0.0631313
1213	0.0694444
1218	0.0480769
1219	0.0694444
1221	0.0516529
1223	0.0568182
1224	0.0578704
1227	0.0434028
1228	0.0625
1231	0.0367647
1237	0.0694444
1239	0.0771605
1240	0.0631313
1241	0.0868056
1243	0.0868056
1244	0.0771605
1247	0.0651042
1248	0.0868056
1255	0.0710227
1256	0.0868056
1259	0.0631313
1262	0.0568182
1269	0.0771605
1270	0.0473485
1273	0.0534188
1274	0.0372024
1280	0.0355114
1281	0.0771605
1282	0.0437063
1283	0.0771605
1284	0.0320513
1285	0.0694444
1289	0.0771605
1293	0.0631313
1298	0.0534188
1301	0.0520833
1303	0.0694444
1311	0.0868056
1314	0.0516529
1316	0.0496032
1320	0.0343407
1324	0.0568182
1326	0.0405844
1327	0.0400641
1329	0.0150966
1330	0.0771605
1335	0.0568182
1336	0.0771605
1343	0.0568182
1352	0.0405844
1353	0.130208
1356	0.0771605
1358	0.0625
1361	0.0771605
1371	0.0355114
1377	0.0631313
1378	0.0631313
1379	0.0631313
1387	0.0480769
1392	0.0631313
1394	0.0771605
1395	0.0631313
1397	0.0771605
1399	0.0516529
1401	0.0631313
1404	0.0631313
1410	0.0516529
1428	0.0811688
1432	0.0771605
1433	0.104167
1435	0.0378788
1446	0.0625
1450	0.0771605
1451	0.0631313
1454	0.0446429
1462	0.0771605
1467	0.0568182
1472	0.0480769
1479	0.0631313
1482	0.0771605
1485	0.0694444
1488	0.0320513
1491	0.0578704
1494	0.0625
1502	0.0578704
1505	0.0694444
1506	0.0694444
1507	0.0771605
1513	0.0771605
1521	0.0534188
1523	0.0868056
1525	0.0868056
1526	0.0868056
1528	0.0578704
1532	0.0868056
1539	0.0892857
1540	0.0892857
1542	0.0892857
1546	0.0868056
1547	0.078125
1548	0.0992064
1553	0.0868056
1559	0.078125
1561	0.0976563
1565	0.130208
1567	0.0868056
1572	0.0811688
1579	0.0868056
1582	0.0868056
1585	0.0771605
1586	0.0771605
1588	0.0694444
1591	0.0694444
1592	0.0771605
1593	0.0771605
1595	0.0568182
1603	0.0568182
1604	0.0446429
1608	0.0578704
1609	0.0631313
1611	0.0631313
1613	0.0578704
1617	0.0462963
1619	0.0694444
1624	0.0631313
1626	0.0520833
1635	0.0694444
1637	0.0771605
1638	0.0694444
1641	0.0771605
1642	0.03125
1649	0.130208
1656	0.0473485
1658	0.0694444
1661	0.0473485
1664	0.0520833
1667	0.0771605
1668	0.0437063
1686	0.0279018
1692	0.0297619
1699	0.0480769
1703	0.0625
1706	0.0694444
1709	0.0625
1721	0.0631313
1726	0.0771605
1729	0.0771605
1734	0.0771605
1736	0.0771605
1738	0.0694444
1745	0.0771605
1746	0.0320513
1748	0.0771605
1750	0.0568182
1752	0.0771605
1755	0.0416667
1760	0.0578704
1763	0.0480769
1764	0.0694444
1772	0.0284091
1774	0.0694444
1777	0.0771605
1782	0.0694444
1787	0.0462963
1788	0.0568182
1790	0.0771605
1796	0.0400641
1797	0.0631313
1800	0.0771605
1803	0.0137061
1804	0.0462963
1806	0.0625
1808	0.0694444
1816	0.0378788
1817	0.0390625
1819	0.0771605
1823	0.0578704
1826	0.0631313
1828	0.0347222
1830	0.0771605
1854	0.0385802
1855	0.0434028
1858	0.0631313
1861	0.0516529
1863	0.0694444
1865	0.0694444
1866	0.0578704
1867	0.0694444
1868	0.0578704
1871	0.0578704
1872	0.0568182
1873	0.0771605
1878	0.0771605
1881	0.0868056
1882	0.0710227
1885	0.0868056
1887	0.078125
1888	0.0992064
1891	0.0892857
1893	0.0992064
1894	0.078125
1898	0.078125
1900	0.0651042
1902	0.0868056
1904	0.0631313
1908	0.0694444
1910	0.0473485
1912	0.0892857
1917	0.0694444
1919	0.078125
1920	0.0868056
1931	0.0710227
1936	0.0710227
1942	0.0892857
1947	0.0992064
1949	0.0868056
1951	0.078125
1954	0.0868056
1955	0.0868056
1957	0.0771605
1960	0.0976563
1967	0.0694444
1970	0.0568182
1971	0.0625
1974	0.0694444
1975	0.0694444
1976	0.0694444
1981	0.0378788
1982	0.0520833
1982	0.0868056
1983	0.0578704
1984	0.0771605
1986	0.0631313
1988	0.0694444
1989	0.0631313
1991	0.0516529
1992	0.0694444
1993	0.0771605
1996	0.0568182
1997	0.0355114
2000	0.0520833
