frame	RelOb	DetObj	TrueDet	FalseDet	NotDet
1	1	11	1	10	0
2	1	15	0	15	1
3	1	10	0	10	1
4	1	9	0	9	1
5	1	12	0	12	1
6	1	9	0	9	1
7	1	11	0	11	1
8	1	15	1	14	0
9	1	10	0	10	1
10	1	13	0	13	1
11	1	12	0	12	1
12	1	15	0	15	1
13	1	12	1	11	0
14	1	12	1	11	0
15	1	9	0	9	1
16	1	13	0	13	1
17	1	16	0	16	1
18	1	10	1	9	0
19	1	9	1	8	0
20	1	14	0	14	1
21	1	14	0	14	1
22	1	7	0	7	1
23	1	12	1	11	0
24	1	10	0	10	1
25	1	14	0	14	1
26	1	14	0	14	1
27	1	12	0	12	1
28	1	12	0	12	1
29	1	11	1	10	0
30	1	9	0	9	1
31	1	9	1	8	0
32	1	14	0	14	1
33	1	9	0	9	1
34	1	9	1	8	0
35	1	13	0	13	1
36	1	7	1	6	0
37	1	12	0	12	1
38	1	14	0	14	1
39	1	12	1	11	0
40	1	20	0	20	1
41	1	14	0	14	1
42	1	10	0	10	1
43	1	16	1	15	0
44	1	12	0	12	1
45	1	12	0	12	1
46	1	11	0	11	1
47	1	10	0	10	1
48	1	12	0	12	1
49	1	11	0	11	1
50	1	6	0	6	1
51	1	14	0	14	1
52	1	12	0	12	1
53	1	15	1	14	0
54	1	13	0	13	1
55	1	13	0	13	1
56	1	15	1	14	0
57	1	11	0	11	1
58	1	12	0	12	1
59	1	11	0	11	1
60	1	17	0	17	1
61	1	12	0	12	1
62	1	12	0	12	1
63	1	11	1	10	0
64	1	15	0	15	1
65	1	13	0	13	1
66	1	13	0	13	1
67	1	11	0	11	1
68	1	11	1	10	0
69	1	8	0	8	1
70	1	10	0	10	1
71	1	11	0	11	1
72	1	8	0	8	1
73	1	11	1	10	0
74	1	8	0	8	1
75	1	13	0	13	1
76	1	13	0	13	1
77	1	9	0	9	1
78	1	11	0	11	1
79	1	12	0	12	1
80	1	13	0	13	1
81	1	9	0	9	1
82	1	8	0	8	1
83	1	9	0	9	1
84	1	11	0	11	1
85	1	11	1	10	0
86	1	12	0	12	1
87	1	11	0	11	1
88	1	13	1	12	0
89	1	11	0	11	1
90	1	9	0	9	1
91	1	8	0	8	1
92	1	11	0	11	1
93	1	17	1	16	0
94	1	12	0	12	1
95	1	17	0	17	1
96	1	13	0	13	1
97	1	5	0	5	1
98	1	6	1	5	0
99	1	15	0	15	1
100	1	17	0	17	1
101	1	9	0	9	1
102	1	13	0	13	1
103	1	10	0	10	1
104	1	11	0	11	1
105	1	11	0	11	1
106	1	12	0	12	1
107	1	12	1	11	0
108	1	9	0	9	1
109	1	12	0	12	1
110	1	11	0	11	1
111	1	9	0	9	1
112	1	12	0	12	1
113	1	11	1	10	0
114	1	14	1	13	0
115	1	12	1	11	0
116	1	10	0	10	1
117	1	9	0	9	1
118	1	11	0	11	1
119	1	11	0	11	1
120	1	13	0	13	1
121	1	12	0	12	1
122	1	15	0	15	1
123	1	10	0	10	1
124	1	15	0	15	1
125	1	9	0	9	1
126	1	11	1	10	0
127	1	7	0	7	1
128	1	7	0	7	1
129	1	9	0	9	1
130	1	18	0	18	1
131	1	16	0	16	1
132	1	13	1	12	0
133	1	14	0	14	1
134	1	10	1	9	0
135	1	13	1	12	0
136	1	11	0	11	1
137	1	14	1	13	0
138	1	13	1	12	0
139	1	15	0	15	1
140	1	13	0	13	1
141	1	11	0	11	1
142	1	15	1	14	0
143	1	13	0	13	1
144	1	9	0	9	1
145	1	17	0	17	1
146	1	8	0	8	1
147	1	15	0	15	1
148	1	8	0	8	1
149	1	10	0	10	1
150	1	10	0	10	1
151	1	17	0	17	1
152	1	13	0	13	1
153	1	12	0	12	1
154	1	14	0	14	1
155	1	13	0	13	1
156	1	16	1	15	0
157	1	16	1	15	0
158	1	13	1	12	0
159	1	10	0	10	1
160	1	15	0	15	1
161	1	13	0	13	1
162	1	14	0	14	1
163	1	11	0	11	1
164	1	13	0	13	1
165	1	13	0	13	1
166	1	14	1	13	0
167	1	17	0	17	1
168	1	13	0	13	1
169	1	17	0	17	1
170	1	14	0	14	1
171	1	13	0	13	1
172	1	12	1	11	0
173	1	12	0	12	1
174	1	9	0	9	1
175	1	11	0	11	1
176	1	14	0	14	1
177	1	10	1	9	0
178	1	13	0	13	1
179	1	12	0	12	1
180	1	17	0	17	1
181	1	13	0	13	1
182	1	10	1	9	0
183	1	17	0	17	1
184	1	10	1	9	0
185	1	13	0	13	1
186	1	10	1	9	0
187	1	12	0	12	1
188	1	9	0	9	1
189	1	16	1	15	0
190	1	12	1	11	0
191	1	17	0	17	1
192	1	11	0	11	1
193	1	11	1	10	0
194	1	11	0	11	1
195	1	16	1	15	0
196	1	9	0	9	1
197	1	13	0	13	1
198	1	14	2	12	0
199	1	13	0	13	1
200	1	10	1	9	0
201	1	8	0	8	1
202	1	8	0	8	1
203	1	12	0	12	1
204	1	11	0	11	1
205	1	12	0	12	1
206	1	12	0	12	1
207	1	10	1	9	0
208	1	8	0	8	1
209	1	14	0	14	1
210	1	17	1	16	0
211	1	12	0	12	1
212	1	14	1	13	0
213	1	13	1	12	0
214	1	10	0	10	1
215	1	10	1	9	0
216	1	10	1	9	0
217	1	7	0	7	1
218	1	16	0	16	1
219	1	6	0	6	1
220	1	17	0	17	1
221	1	12	0	12	1
222	1	15	0	15	1
223	1	9	0	9	1
224	1	13	0	13	1
225	1	8	1	7	0
226	1	11	0	11	1
227	1	15	1	14	0
228	1	12	0	12	1
229	1	11	0	11	1
230	1	12	0	12	1
231	1	9	0	9	1
232	1	14	0	14	1
233	1	13	0	13	1
234	1	16	1	15	0
235	1	15	0	15	1
236	1	12	0	12	1
237	1	12	0	12	1
238	1	12	0	12	1
239	1	11	0	11	1
240	1	13	1	12	0
241	1	14	0	14	1
242	1	11	0	11	1
243	1	14	1	13	0
244	1	9	1	8	0
245	1	12	0	12	1
246	1	13	0	13	1
247	1	12	0	12	1
248	1	9	0	9	1
249	1	10	1	9	0
250	1	12	1	11	0
251	1	10	0	10	1
252	1	12	0	12	1
253	1	9	1	8	0
254	1	8	0	8	1
255	1	9	0	9	1
256	1	9	1	8	0
257	1	18	0	18	1
258	1	16	1	15	0
259	1	15	1	14	0
260	1	15	1	14	0
261	1	12	0	12	1
262	1	11	0	11	1
263	1	13	1	12	0
264	1	14	1	13	0
265	1	8	0	8	1
266	1	15	1	14	0
267	1	10	0	10	1
268	1	14	0	14	1
269	1	13	1	12	0
270	1	12	1	11	0
271	1	11	1	10	0
272	1	12	0	12	1
273	1	13	1	12	0
274	1	11	0	11	1
275	1	6	1	5	0
276	1	15	0	15	1
277	1	14	1	13	0
278	1	11	1	10	0
279	1	14	0	14	1
280	1	12	0	12	1
281	1	11	1	10	0
282	1	12	0	12	1
283	1	13	1	12	0
284	1	15	0	15	1
285	1	13	1	12	0
286	1	12	0	12	1
287	1	10	0	10	1
288	1	15	1	14	0
289	1	11	0	11	1
290	1	14	0	14	1
291	1	13	0	13	1
292	1	13	1	12	0
293	1	12	0	12	1
294	1	12	0	12	1
295	1	7	1	6	0
296	1	14	0	14	1
297	1	9	0	9	1
298	1	12	0	12	1
299	1	12	0	12	1
300	1	14	1	13	0
301	1	10	1	9	0
302	1	12	0	12	1
303	1	15	0	15	1
304	1	15	1	14	0
305	1	14	1	13	0
306	1	12	0	12	1
307	1	12	0	12	1
308	1	16	1	15	0
309	1	18	0	18	1
310	1	13	1	12	0
311	1	11	1	10	0
312	1	11	1	10	0
313	1	13	1	12	0
314	1	15	1	14	0
315	1	14	1	13	0
316	1	16	0	16	1
317	1	8	0	8	1
318	1	11	1	10	0
319	1	16	0	16	1
320	1	13	0	13	1
321	1	16	1	15	0
322	1	14	0	14	1
323	1	16	1	15	0
324	1	12	0	12	1
325	1	13	0	13	1
326	1	17	0	17	1
327	1	10	1	9	0
328	1	14	1	13	0
329	1	10	0	10	1
330	1	13	0	13	1
331	1	11	0	11	1
332	1	9	0	9	1
333	1	12	0	12	1
334	1	10	1	9	0
335	1	16	0	16	1
336	1	12	1	11	0
337	1	19	0	19	1
338	1	12	1	11	0
339	1	15	1	14	0
340	1	10	0	10	1
341	1	13	0	13	1
342	1	16	0	16	1
343	1	14	0	14	1
344	1	7	0	7	1
345	1	10	0	10	1
346	1	9	1	8	0
347	1	14	0	14	1
348	1	12	0	12	1
349	1	9	1	8	0
350	1	11	1	10	0
351	1	12	0	12	1
352	1	10	0	10	1
353	1	13	0	13	1
354	1	16	0	16	1
355	1	19	0	19	1
356	1	11	0	11	1
357	1	17	0	17	1
358	1	13	0	13	1
359	1	14	1	13	0
360	1	17	0	17	1
361	1	15	1	14	0
362	1	9	0	9	1
363	1	13	1	12	0
364	1	14	0	14	1
365	1	18	0	18	1
366	1	13	0	13	1
367	1	18	1	17	0
368	1	11	0	11	1
369	1	15	0	15	1
370	1	11	0	11	1
371	1	15	0	15	1
372	1	11	0	11	1
373	1	11	1	10	0
374	1	12	0	12	1
375	1	10	0	10	1
376	1	12	1	11	0
377	1	10	0	10	1
378	1	15	1	14	0
379	1	12	1	11	0
380	1	12	0	12	1
381	1	15	0	15	1
382	1	10	0	10	1
383	1	16	0	16	1
384	1	15	0	15	1
385	1	13	1	12	0
386	1	13	0	13	1
387	1	10	0	10	1
388	1	14	0	14	1
389	1	16	0	16	1
390	1	10	0	10	1
391	1	9	0	9	1
392	1	10	1	9	0
393	1	13	0	13	1
394	1	15	0	15	1
395	1	10	0	10	1
396	1	10	0	10	1
397	1	12	0	12	1
398	1	13	1	12	0
399	1	11	0	11	1
400	1	7	0	7	1
401	1	15	0	15	1
402	1	11	0	11	1
403	1	16	1	15	0
404	1	12	0	12	1
405	1	10	1	9	0
406	1	11	0	11	1
407	1	16	0	16	1
408	1	11	1	10	0
409	1	11	0	11	1
410	1	12	0	12	1
411	1	18	1	17	0
412	1	15	0	15	1
413	1	13	1	12	0
414	1	10	0	10	1
415	1	8	0	8	1
416	1	11	0	11	1
417	1	14	0	14	1
418	1	14	1	13	0
419	1	12	0	12	1
420	1	17	0	17	1
421	1	10	0	10	1
422	1	11	0	11	1
423	1	13	0	13	1
424	1	9	1	8	0
425	1	13	0	13	1
426	1	18	0	18	1
427	1	11	0	11	1
428	1	9	0	9	1
429	1	14	0	14	1
430	1	11	0	11	1
431	1	15	0	15	1
432	1	16	0	16	1
433	1	15	1	14	0
434	1	13	0	13	1
435	1	12	1	11	0
436	1	13	1	12	0
437	1	14	1	13	0
438	1	12	0	12	1
439	1	9	0	9	1
440	1	13	0	13	1
441	1	12	1	11	0
442	1	17	1	16	0
443	1	10	0	10	1
444	1	14	0	14	1
445	1	10	1	9	0
446	1	13	0	13	1
447	1	12	0	12	1
448	1	14	0	14	1
449	1	16	0	16	1
450	1	8	0	8	1
451	1	12	1	11	0
452	1	8	0	8	1
453	1	13	0	13	1
454	1	7	1	6	0
455	1	15	0	15	1
456	1	11	0	11	1
457	1	10	0	10	1
458	1	14	0	14	1
459	1	15	0	15	1
460	1	13	0	13	1
461	1	10	0	10	1
462	1	12	1	11	0
463	1	12	0	12	1
464	1	6	0	6	1
465	1	11	0	11	1
466	1	12	0	12	1
467	1	12	0	12	1
468	1	9	0	9	1
469	1	12	1	11	0
470	1	13	0	13	1
471	1	7	0	7	1
472	1	11	0	11	1
473	1	11	1	10	0
474	1	12	1	11	0
475	1	10	1	9	0
476	1	11	0	11	1
477	1	13	0	13	1
478	1	13	0	13	1
479	1	15	0	15	1
480	1	10	0	10	1
481	1	9	0	9	1
482	1	11	0	11	1
483	1	7	0	7	1
484	1	15	0	15	1
485	1	14	1	13	0
486	1	11	0	11	1
487	1	11	0	11	1
488	1	15	0	15	1
489	1	11	0	11	1
490	1	12	0	12	1
491	1	12	0	12	1
492	1	9	0	9	1
493	1	9	0	9	1
494	1	14	0	14	1
495	1	12	0	12	1
496	1	12	0	12	1
497	1	16	1	15	0
498	1	8	0	8	1
499	1	12	0	12	1
500	1	16	0	16	1
501	1	11	1	10	0
502	1	12	1	11	0
503	1	12	1	11	0
504	1	13	0	13	1
505	1	11	0	11	1
506	1	13	1	12	0
507	1	13	0	13	1
508	1	11	0	11	1
509	1	14	0	14	1
510	1	15	1	14	0
511	1	13	0	13	1
512	1	12	0	12	1
513	1	11	0	11	1
514	1	14	0	14	1
515	1	12	0	12	1
516	1	14	0	14	1
517	1	14	1	13	0
518	1	10	0	10	1
519	1	11	0	11	1
520	1	13	1	12	0
521	1	14	0	14	1
522	1	11	0	11	1
523	1	16	0	16	1
524	1	13	0	13	1
525	1	13	0	13	1
526	1	16	0	16	1
527	1	10	1	9	0
528	1	9	0	9	1
529	1	12	1	11	0
530	1	10	1	9	0
531	1	10	0	10	1
532	1	11	0	11	1
533	1	14	0	14	1
534	1	10	0	10	1
535	1	12	0	12	1
536	1	8	0	8	1
537	1	12	1	11	0
538	1	9	0	9	1
539	1	12	1	11	0
540	1	11	0	11	1
541	1	13	1	12	0
542	1	12	1	11	0
543	1	11	0	11	1
544	1	11	0	11	1
545	1	13	0	13	1
546	1	15	0	15	1
547	1	11	0	11	1
548	1	8	1	7	0
549	1	14	0	14	1
550	1	13	0	13	1
551	1	12	0	12	1
552	1	10	1	9	0
553	1	13	0	13	1
554	1	12	0	12	1
555	1	12	0	12	1
556	1	9	0	9	1
557	1	8	0	8	1
558	1	10	1	9	0
559	1	16	0	16	1
560	1	11	1	10	0
561	1	11	0	11	1
562	1	8	1	7	0
563	1	11	1	10	0
564	1	11	0	11	1
565	1	15	0	15	1
566	1	13	0	13	1
567	1	10	0	10	1
568	1	12	1	11	0
569	1	12	1	11	0
570	1	11	0	11	1
571	1	10	0	10	1
572	1	9	1	8	0
573	1	9	1	8	0
574	1	8	0	8	1
575	1	12	0	12	1
576	1	8	0	8	1
577	1	13	0	13	1
578	1	12	0	12	1
579	1	14	1	13	0
580	1	9	0	9	1
581	1	8	1	7	0
582	1	9	0	9	1
583	1	10	0	10	1
584	1	11	0	11	1
585	1	13	0	13	1
586	1	12	0	12	1
587	1	8	0	8	1
588	1	14	1	13	0
589	1	14	1	13	0
590	1	14	1	13	0
591	1	10	0	10	1
592	1	10	0	10	1
593	1	14	1	13	0
594	1	15	0	15	1
595	1	12	0	12	1
596	1	11	0	11	1
597	1	11	1	10	0
598	1	13	0	13	1
599	1	14	1	13	0
600	1	13	0	13	1
601	1	10	1	9	0
602	1	14	1	13	0
603	1	11	0	11	1
604	1	15	0	15	1
605	1	11	0	11	1
606	1	13	0	13	1
607	1	13	1	12	0
608	1	12	1	11	0
609	1	13	0	13	1
610	1	17	0	17	1
611	1	8	0	8	1
612	1	12	1	11	0
613	1	12	0	12	1
614	1	11	0	11	1
615	1	11	0	11	1
616	1	14	0	14	1
617	1	8	0	8	1
618	1	13	0	13	1
619	1	11	0	11	1
620	1	11	1	10	0
621	1	12	0	12	1
622	1	11	1	10	0
623	1	10	0	10	1
624	1	18	1	17	0
625	1	10	0	10	1
626	1	11	0	11	1
627	1	15	0	15	1
628	1	12	1	11	0
629	1	13	0	13	1
630	1	9	0	9	1
631	1	10	1	9	0
632	1	11	0	11	1
633	1	8	0	8	1
634	1	10	0	10	1
635	1	13	1	12	0
636	1	13	1	12	0
637	1	12	1	11	0
638	1	13	1	12	0
639	1	9	0	9	1
640	1	14	0	14	1
641	1	11	0	11	1
642	1	9	0	9	1
643	1	10	1	9	0
644	1	8	0	8	1
645	1	13	0	13	1
646	1	7	0	7	1
647	1	17	1	16	0
648	1	12	0	12	1
649	1	16	0	16	1
650	1	9	0	9	1
651	1	11	0	11	1
652	1	17	0	17	1
653	1	15	1	14	0
654	1	14	0	14	1
655	1	6	0	6	1
656	1	13	0	13	1
657	1	10	1	9	0
658	1	9	0	9	1
659	1	12	1	11	0
660	1	14	0	14	1
661	1	11	0	11	1
662	1	12	1	11	0
663	1	11	0	11	1
664	1	8	0	8	1
665	1	9	0	9	1
666	1	15	1	14	0
667	1	14	1	13	0
668	1	16	0	16	1
669	1	10	1	9	0
670	1	13	1	12	0
671	1	10	1	9	0
672	1	9	0	9	1
673	1	15	0	15	1
674	1	9	1	8	0
675	1	16	1	15	0
676	1	15	1	14	0
677	1	16	0	16	1
678	1	14	0	14	1
679	1	11	0	11	1
680	1	12	1	11	0
681	1	11	0	11	1
682	1	12	0	12	1
683	1	14	0	14	1
684	1	17	0	17	1
685	1	13	1	12	0
686	1	13	1	12	0
687	1	13	0	13	1
688	1	17	0	17	1
689	1	14	0	14	1
690	1	9	1	8	0
691	1	13	0	13	1
692	1	13	1	12	0
693	1	7	0	7	1
694	1	10	0	10	1
695	1	8	0	8	1
696	1	14	0	14	1
697	1	14	0	14	1
698	1	17	0	17	1
699	1	13	0	13	1
700	1	12	0	12	1
701	1	13	0	13	1
702	1	13	0	13	1
703	1	16	0	16	1
704	1	12	0	12	1
705	1	13	0	13	1
706	1	16	1	15	0
707	1	11	0	11	1
708	1	14	0	14	1
709	1	17	0	17	1
710	1	13	0	13	1
711	1	9	0	9	1
712	1	14	0	14	1
713	1	13	0	13	1
714	1	12	0	12	1
715	1	13	1	12	0
716	1	11	1	10	0
717	1	11	0	11	1
718	1	9	0	9	1
719	1	11	1	10	0
720	1	10	1	9	0
721	1	12	1	11	0
722	1	10	0	10	1
723	1	8	0	8	1
724	1	11	1	10	0
725	1	14	1	13	0
726	1	14	1	13	0
727	1	11	0	11	1
728	1	17	0	17	1
729	1	10	0	10	1
730	1	13	0	13	1
731	1	11	1	10	0
732	1	15	1	14	0
733	1	8	0	8	1
734	1	12	1	11	0
735	1	14	0	14	1
736	1	17	1	16	0
737	1	12	0	12	1
738	1	10	1	9	0
739	1	12	0	12	1
740	1	13	0	13	1
741	1	12	0	12	1
742	1	11	1	10	0
743	1	12	0	12	1
744	1	15	0	15	1
745	1	13	1	12	0
746	1	12	0	12	1
747	1	16	0	16	1
748	1	11	1	10	0
749	1	15	1	14	0
750	1	11	1	10	0
751	1	16	0	16	1
752	1	14	0	14	1
753	1	10	0	10	1
754	1	10	0	10	1
755	1	11	0	11	1
756	1	14	0	14	1
757	1	10	0	10	1
758	1	9	1	8	0
759	1	11	0	11	1
760	1	12	0	12	1
761	1	12	0	12	1
762	1	11	0	11	1
763	1	12	0	12	1
764	1	9	0	9	1
765	1	15	1	14	0
766	1	13	0	13	1
767	1	8	1	7	0
768	1	10	0	10	1
769	1	11	1	10	0
770	1	11	0	11	1
771	1	10	0	10	1
772	1	13	1	12	0
773	1	12	0	12	1
774	1	10	0	10	1
775	1	12	1	11	0
776	1	11	0	11	1
777	1	10	0	10	1
778	1	12	0	12	1
779	1	12	1	11	0
780	1	13	0	13	1
781	1	14	1	13	0
782	1	12	0	12	1
783	1	13	1	12	0
784	1	13	0	13	1
785	1	7	0	7	1
786	1	10	0	10	1
787	1	10	0	10	1
788	1	12	0	12	1
789	1	16	1	15	0
790	1	10	1	9	0
791	1	10	1	9	0
792	1	10	0	10	1
793	1	12	0	12	1
794	1	14	0	14	1
795	1	13	0	13	1
796	1	15	1	14	0
797	1	11	1	10	0
798	1	11	1	10	0
799	1	8	0	8	1
800	1	10	0	10	1
801	1	9	1	8	0
802	1	8	0	8	1
803	1	17	0	17	1
804	1	15	1	14	0
805	1	14	0	14	1
806	1	11	1	10	0
807	1	12	0	12	1
808	1	13	1	12	0
809	1	14	1	13	0
810	1	14	0	14	1
811	1	8	0	8	1
812	1	10	0	10	1
813	1	13	1	12	0
814	1	14	0	14	1
815	1	9	0	9	1
816	1	12	0	12	1
817	1	11	1	10	0
818	1	12	1	11	0
819	1	12	0	12	1
820	1	12	1	11	0
821	1	11	0	11	1
822	1	10	1	9	0
823	1	9	0	9	1
824	1	10	0	10	1
825	1	13	1	12	0
826	1	12	0	12	1
827	1	12	0	12	1
828	1	10	0	10	1
829	1	15	1	14	0
830	1	12	0	12	1
831	1	16	0	16	1
832	1	12	0	12	1
833	1	9	0	9	1
834	1	9	0	9	1
835	1	14	0	14	1
836	1	13	0	13	1
837	1	13	0	13	1
838	1	12	1	11	0
839	1	10	0	10	1
840	1	12	0	12	1
841	1	10	0	10	1
842	1	11	1	10	0
843	1	13	0	13	1
844	1	8	1	7	0
845	1	8	0	8	1
846	1	10	1	9	0
847	1	13	0	13	1
848	1	15	0	15	1
849	1	11	1	10	0
850	1	12	1	11	0
851	1	14	0	14	1
852	1	11	0	11	1
853	1	17	0	17	1
854	1	14	0	14	1
855	1	9	0	9	1
856	1	12	0	12	1
857	1	8	0	8	1
858	1	10	0	10	1
859	1	9	0	9	1
860	1	12	0	12	1
861	1	14	1	13	0
862	1	13	0	13	1
863	1	13	1	12	0
864	1	12	1	11	0
865	1	11	0	11	1
866	1	11	0	11	1
867	1	13	1	12	0
868	1	12	0	12	1
869	1	15	0	15	1
870	1	11	1	10	0
871	1	13	0	13	1
872	1	14	0	14	1
873	1	15	0	15	1
874	1	9	0	9	1
875	1	11	0	11	1
876	1	14	0	14	1
877	1	11	0	11	1
878	1	13	1	12	0
879	1	9	0	9	1
880	1	12	1	11	0
881	1	12	0	12	1
882	1	15	1	14	0
883	1	8	0	8	1
884	1	7	0	7	1
885	1	10	0	10	1
886	1	9	0	9	1
887	1	9	0	9	1
888	1	12	1	11	0
889	1	9	1	8	0
890	1	10	0	10	1
891	1	17	0	17	1
892	1	15	0	15	1
893	1	10	0	10	1
894	1	17	0	17	1
895	1	16	0	16	1
896	1	9	0	9	1
897	1	9	0	9	1
898	1	8	0	8	1
899	1	15	0	15	1
900	1	10	1	9	0
901	1	12	0	12	1
902	1	11	0	11	1
903	1	8	0	8	1
904	1	13	0	13	1
905	1	15	0	15	1
906	1	12	0	12	1
907	1	10	0	10	1
908	1	9	1	8	0
909	1	15	0	15	1
910	1	11	0	11	1
911	1	9	0	9	1
912	1	12	0	12	1
913	1	13	0	13	1
914	1	14	0	14	1
915	1	12	0	12	1
916	1	16	1	15	0
917	1	12	0	12	1
918	1	12	0	12	1
919	1	11	1	10	0
920	1	12	0	12	1
921	1	14	0	14	1
922	1	15	1	14	0
923	1	14	1	13	0
924	1	10	1	9	0
925	1	7	1	6	0
926	1	14	1	13	0
927	1	8	0	8	1
928	1	15	1	14	0
929	1	13	0	13	1
930	1	15	0	15	1
931	1	13	0	13	1
932	1	8	0	8	1
933	1	15	0	15	1
934	1	14	0	14	1
935	1	12	0	12	1
936	1	15	0	15	1
937	1	14	1	13	0
938	1	9	1	8	0
939	1	10	0	10	1
940	1	12	0	12	1
941	1	14	0	14	1
942	1	10	0	10	1
943	1	12	0	12	1
944	1	12	1	11	0
945	1	11	0	11	1
946	1	13	1	12	0
947	1	12	0	12	1
948	1	11	0	11	1
949	1	11	0	11	1
950	1	10	0	10	1
951	1	11	1	10	0
952	1	12	0	12	1
953	1	9	0	9	1
954	1	14	0	14	1
955	1	11	0	11	1
956	1	13	0	13	1
957	1	13	0	13	1
958	1	10	0	10	1
959	1	9	0	9	1
960	1	12	0	12	1
961	1	15	0	15	1
962	1	14	1	13	0
963	1	13	0	13	1
964	1	12	1	11	0
965	1	14	0	14	1
966	1	13	0	13	1
967	1	9	0	9	1
968	1	14	0	14	1
969	1	12	0	12	1
970	1	10	0	10	1
971	1	11	0	11	1
972	1	12	0	12	1
973	1	13	0	13	1
974	1	14	0	14	1
975	1	11	1	10	0
976	1	8	0	8	1
977	1	10	0	10	1
978	1	13	0	13	1
979	1	9	0	9	1
980	1	13	0	13	1
981	1	11	0	11	1
982	1	12	0	12	1
983	1	16	0	16	1
984	1	16	1	15	0
985	1	10	1	9	0
986	1	7	0	7	1
987	1	13	0	13	1
988	1	16	1	15	0
989	1	13	1	12	0
990	1	15	0	15	1
991	1	9	0	9	1
992	1	12	0	12	1
993	1	11	0	11	1
994	1	13	1	12	0
995	1	13	0	13	1
996	1	13	1	12	0
997	1	12	0	12	1
998	1	10	1	9	0
999	1	14	0	14	1
1000	1	11	0	11	1
1001	1	12	0	12	1
1002	1	12	1	11	0
1003	1	11	0	11	1
1004	1	8	0	8	1
1005	1	12	0	12	1
1006	1	12	0	12	1
1007	1	12	0	12	1
1008	1	12	1	11	0
1009	1	14	1	13	0
1010	1	13	0	13	1
1011	1	13	0	13	1
1012	1	15	1	14	0
1013	1	13	1	12	0
1014	1	19	1	18	0
1015	1	10	0	10	1
1016	1	14	0	14	1
1017	1	14	0	14	1
1018	1	13	0	13	1
1019	1	10	0	10	1
1020	1	13	0	13	1
1021	1	15	0	15	1
1022	1	13	0	13	1
1023	1	12	0	12	1
1024	1	12	1	11	0
1025	1	11	0	11	1
1026	1	16	0	16	1
1027	1	11	0	11	1
1028	1	12	0	12	1
1029	1	12	1	11	0
1030	1	13	0	13	1
1031	1	14	0	14	1
1032	1	17	1	16	0
1033	1	13	0	13	1
1034	1	15	0	15	1
1035	1	14	0	14	1
1036	1	14	0	14	1
1037	1	7	0	7	1
1038	1	8	0	8	1
1039	1	12	0	12	1
1040	1	15	0	15	1
1041	1	15	1	14	0
1042	1	16	1	15	0
1043	1	16	0	16	1
1044	1	11	0	11	1
1045	1	12	1	11	0
1046	1	15	1	14	0
1047	1	15	0	15	1
1048	1	13	0	13	1
1049	1	11	0	11	1
1050	1	15	0	15	1
1051	1	11	0	11	1
1052	1	9	0	9	1
1053	1	14	0	14	1
1054	1	10	1	9	0
1055	1	14	0	14	1
1056	1	10	0	10	1
1057	1	13	1	12	0
1058	1	6	0	6	1
1059	1	12	1	11	0
1060	1	11	0	11	1
1061	1	15	0	15	1
1062	1	14	1	13	0
1063	1	7	0	7	1
1064	1	8	1	7	0
1065	1	13	0	13	1
1066	1	15	1	14	0
1067	1	12	0	12	1
1068	1	20	1	19	0
1069	1	12	0	12	1
1070	1	11	0	11	1
1071	1	10	1	9	0
1072	1	12	0	12	1
1073	1	12	1	11	0
1074	1	6	0	6	1
1075	1	13	0	13	1
1076	1	12	0	12	1
1077	1	16	1	15	0
1078	1	17	0	17	1
1079	1	14	0	14	1
1080	1	9	1	8	0
1081	1	12	0	12	1
1082	1	13	1	12	0
1083	1	11	0	11	1
1084	1	11	0	11	1
1085	1	15	0	15	1
1086	1	14	1	13	0
1087	1	12	0	12	1
1088	1	12	1	11	0
1089	1	11	1	10	0
1090	1	11	1	10	0
1091	1	13	1	12	0
1092	1	11	0	11	1
1093	1	11	1	10	0
1094	1	14	1	13	0
1095	1	12	0	12	1
1096	1	10	0	10	1
1097	1	13	1	12	0
1098	1	10	1	9	0
1099	1	15	1	14	0
1100	1	10	0	10	1
1101	1	14	1	13	0
1102	1	11	0	11	1
1103	1	12	0	12	1
1104	1	13	0	13	1
1105	1	12	1	11	0
1106	1	11	1	10	0
1107	1	12	0	12	1
1108	1	9	0	9	1
1109	1	16	0	16	1
1110	1	9	0	9	1
1111	1	14	0	14	1
1112	1	12	0	12	1
1113	1	14	1	13	0
1114	1	12	0	12	1
1115	1	10	0	10	1
1116	1	10	1	9	0
1117	1	15	0	15	1
1118	1	12	0	12	1
1119	1	13	0	13	1
1120	1	13	1	12	0
1121	1	9	1	8	0
1122	1	10	1	9	0
1123	1	12	0	12	1
1124	1	11	0	11	1
1125	1	12	0	12	1
1126	1	12	1	11	0
1127	1	13	1	12	0
1128	1	14	0	14	1
1129	1	15	0	15	1
1130	1	14	0	14	1
1131	1	9	1	8	0
1132	1	13	0	13	1
1133	1	10	0	10	1
1134	1	15	1	14	0
1135	1	12	0	12	1
1136	1	16	0	16	1
1137	1	15	0	15	1
1138	1	14	0	14	1
1139	1	12	0	12	1
1140	1	17	0	17	1
1141	1	12	0	12	1
1142	1	13	0	13	1
1143	1	10	0	10	1
1144	1	12	0	12	1
1145	1	11	0	11	1
1146	1	14	0	14	1
1147	1	13	0	13	1
1148	1	10	1	9	0
1149	1	7	1	6	0
1150	1	15	0	15	1
1151	1	16	0	16	1
1152	1	13	1	12	0
1153	1	9	0	9	1
1154	1	10	0	10	1
1155	1	17	0	17	1
1156	1	12	0	12	1
1157	1	11	0	11	1
1158	1	13	1	12	0
1159	1	13	0	13	1
1160	1	16	0	16	1
1161	1	12	0	12	1
1162	1	16	0	16	1
1163	1	10	1	9	0
1164	1	7	1	6	0
1165	1	9	0	9	1
1166	1	16	0	16	1
1167	1	13	0	13	1
1168	1	10	0	10	1
1169	1	13	1	12	0
1170	1	9	0	9	1
1171	1	16	0	16	1
1172	1	9	0	9	1
1173	1	10	1	9	0
1174	1	12	0	12	1
1175	1	13	0	13	1
1176	1	13	0	13	1
1177	1	14	0	14	1
1178	1	11	0	11	1
1179	1	10	0	10	1
1180	1	12	0	12	1
1181	1	15	0	15	1
1182	1	9	0	9	1
1183	1	15	1	14	0
1184	1	12	0	12	1
1185	1	11	0	11	1
1186	1	10	0	10	1
1187	1	10	0	10	1
1188	1	15	1	14	0
1189	1	12	1	11	0
1190	1	11	0	11	1
1191	1	12	0	12	1
1192	1	15	0	15	1
1193	1	13	0	13	1
1194	1	12	1	11	0
1195	1	12	0	12	1
1196	1	19	1	18	0
1197	1	13	0	13	1
1198	1	11	1	10	0
1199	1	12	0	12	1
1200	1	9	0	9	1
1201	1	9	0	9	1
1202	1	11	0	11	1
1203	1	13	1	12	0
1204	1	14	1	13	0
1205	1	8	1	7	0
1206	1	9	1	8	0
1207	1	11	0	11	1
1208	1	14	0	14	1
1209	1	12	0	12	1
1210	1	11	1	10	0
1211	1	10	0	10	1
1212	1	11	0	11	1
1213	1	13	1	12	0
1214	1	11	0	11	1
1215	1	10	0	10	1
1216	1	18	0	18	1
1217	1	13	0	13	1
1218	1	14	1	13	0
1219	1	13	1	12	0
1220	1	11	0	11	1
1221	1	10	1	9	0
1222	1	11	0	11	1
1223	1	15	1	14	0
1224	1	18	1	17	0
1225	1	10	0	10	1
1226	1	12	0	12	1
1227	1	10	1	9	0
1228	1	13	1	12	0
1229	1	14	0	14	1
1230	1	14	0	14	1
1231	1	13	1	12	0
1232	1	14	0	14	1
1233	1	12	0	12	1
1234	1	9	0	9	1
1235	1	11	0	11	1
1236	1	14	0	14	1
1237	1	10	1	9	0
1238	1	12	0	12	1
1239	1	15	1	14	0
1240	1	9	1	8	0
1241	1	13	1	12	0
1242	1	12	0	12	1
1243	1	12	1	11	0
1244	1	11	1	10	0
1245	1	7	0	7	1
1246	1	13	0	13	1
1247	1	12	1	11	0
1248	1	14	1	13	0
1249	1	13	0	13	1
1250	1	14	0	14	1
1251	1	14	0	14	1
1252	1	12	0	12	1
1253	1	15	0	15	1
1254	1	16	0	16	1
1255	1	12	1	11	0
1256	1	11	1	10	0
1257	1	11	0	11	1
1258	1	12	0	12	1
1259	1	13	1	12	0
1260	1	13	0	13	1
1261	1	10	0	10	1
1262	1	15	1	14	0
1263	1	10	0	10	1
1264	1	16	0	16	1
1265	1	12	0	12	1
1266	1	17	0	17	1
1267	1	9	0	9	1
1268	1	10	0	10	1
1269	1	16	1	15	0
1270	1	16	1	15	0
1271	1	11	0	11	1
1272	1	16	0	16	1
1273	1	14	1	13	0
1274	1	11	1	10	0
1275	1	12	0	12	1
1276	1	13	0	13	1
1277	1	8	0	8	1
1278	1	10	0	10	1
1279	1	9	0	9	1
1280	1	13	1	12	0
1281	1	13	1	12	0
1282	1	14	1	13	0
1283	1	9	1	8	0
1284	1	12	1	11	0
1285	1	14	1	13	0
1286	1	12	0	12	1
1287	1	5	0	5	1
1288	1	13	0	13	1
1289	1	8	1	7	0
1290	1	11	0	11	1
1291	1	10	0	10	1
1292	1	11	0	11	1
1293	1	11	1	10	0
1294	1	12	0	12	1
1295	1	8	0	8	1
1296	1	19	0	19	1
1297	1	14	0	14	1
1298	1	12	1	11	0
1299	1	11	0	11	1
1300	1	14	0	14	1
1301	1	15	1	14	0
1302	1	16	0	16	1
1303	1	10	1	9	0
1304	1	13	0	13	1
1305	1	9	0	9	1
1306	1	13	0	13	1
1307	1	9	0	9	1
1308	1	13	0	13	1
1309	1	13	0	13	1
1310	1	13	0	13	1
1311	1	11	1	10	0
1312	1	12	0	12	1
1313	1	11	0	11	1
1314	1	9	1	8	0
1315	1	12	0	12	1
1316	1	16	1	15	0
1317	1	17	0	17	1
1318	1	14	0	14	1
1319	1	9	0	9	1
1320	1	13	1	12	0
1321	1	9	0	9	1
1322	1	13	0	13	1
1323	1	10	0	10	1
1324	1	8	1	7	0
1325	1	7	0	7	1
1326	1	12	1	11	0
1327	1	8	1	7	0
1328	1	11	0	11	1
1329	1	12	1	11	0
1330	1	9	1	8	0
1331	1	14	0	14	1
1332	1	9	0	9	1
1333	1	12	0	12	1
1334	1	15	0	15	1
1335	1	19	1	18	0
1336	1	14	1	13	0
1337	1	13	0	13	1
1338	1	9	0	9	1
1339	1	13	0	13	1
1340	1	14	0	14	1
1341	1	13	0	13	1
1342	1	11	0	11	1
1343	1	11	1	10	0
1344	1	15	0	15	1
1345	1	12	0	12	1
1346	1	8	0	8	1
1347	1	14	0	14	1
1348	1	13	0	13	1
1349	1	12	0	12	1
1350	1	15	0	15	1
1351	1	15	0	15	1
1352	1	15	1	14	0
1353	1	10	1	9	0
1354	1	13	0	13	1
1355	1	10	0	10	1
1356	1	11	1	10	0
1357	1	11	0	11	1
1358	1	11	1	10	0
1359	1	11	0	11	1
1360	1	9	0	9	1
1361	1	13	1	12	0
1362	1	12	0	12	1
1363	1	11	0	11	1
1364	1	8	0	8	1
1365	1	15	0	15	1
1366	1	11	0	11	1
1367	1	12	0	12	1
1368	1	11	0	11	1
1369	1	11	0	11	1
1370	1	14	0	14	1
1371	1	10	1	9	0
1372	1	10	0	10	1
1373	1	10	0	10	1
1374	1	12	0	12	1
1375	1	13	0	13	1
1376	1	15	0	15	1
1377	1	14	1	13	0
1378	1	14	1	13	0
1379	1	11	1	10	0
1380	1	5	0	5	1
1381	1	11	0	11	1
1382	1	10	0	10	1
1383	1	10	0	10	1
1384	1	13	0	13	1
1385	1	7	0	7	1
1386	1	15	0	15	1
1387	1	14	1	13	0
1388	1	16	0	16	1
1389	1	12	0	12	1
1390	1	12	0	12	1
1391	1	10	0	10	1
1392	1	12	1	11	0
1393	1	12	0	12	1
1394	1	12	1	11	0
1395	1	11	1	10	0
1396	1	12	0	12	1
1397	1	12	1	11	0
1398	1	10	0	10	1
1399	1	18	1	17	0
1400	1	8	0	8	1
1401	1	11	1	10	0
1402	1	10	0	10	1
1403	1	13	0	13	1
1404	1	10	1	9	0
1405	1	15	0	15	1
1406	1	8	0	8	1
1407	1	8	0	8	1
1408	1	10	0	10	1
1409	1	12	0	12	1
1410	1	13	1	12	0
1411	1	7	0	7	1
1412	1	10	0	10	1
1413	1	14	0	14	1
1414	1	5	0	5	1
1415	1	11	0	11	1
1416	1	10	0	10	1
1417	1	9	0	9	1
1418	1	9	0	9	1
1419	1	13	0	13	1
1420	1	12	0	12	1
1421	1	14	0	14	1
1422	1	16	0	16	1
1423	1	13	0	13	1
1424	1	9	0	9	1
1425	1	11	0	11	1
1426	1	11	0	11	1
1427	1	12	0	12	1
1428	1	13	1	12	0
1429	1	13	0	13	1
1430	1	10	0	10	1
1431	1	12	0	12	1
1432	1	14	1	13	0
1433	1	14	1	13	0
1434	1	15	0	15	1
1435	1	16	1	15	0
1436	1	12	0	12	1
1437	1	11	0	11	1
1438	1	11	0	11	1
1439	1	12	0	12	1
1440	1	11	0	11	1
1441	1	13	0	13	1
1442	1	11	0	11	1
1443	1	17	0	17	1
1444	1	10	0	10	1
1445	1	10	0	10	1
1446	1	10	1	9	0
1447	1	12	0	12	1
1448	1	6	0	6	1
1449	1	8	0	8	1
1450	1	18	1	17	0
1451	1	11	1	10	0
1452	1	12	0	12	1
1453	1	12	0	12	1
1454	1	16	1	15	0
1455	1	10	0	10	1
1456	1	11	0	11	1
1457	1	10	0	10	1
1458	1	11	0	11	1
1459	1	12	0	12	1
1460	1	7	0	7	1
1461	1	9	0	9	1
1462	1	12	1	11	0
1463	1	13	0	13	1
1464	1	16	0	16	1
1465	1	15	0	15	1
1466	1	11	0	11	1
1467	1	14	1	13	0
1468	1	13	0	13	1
1469	1	12	0	12	1
1470	1	10	0	10	1
1471	1	13	0	13	1
1472	1	14	1	13	0
1473	1	7	0	7	1
1474	1	5	0	5	1
1475	1	13	0	13	1
1476	1	6	0	6	1
1477	1	16	0	16	1
1478	1	17	0	17	1
1479	1	11	1	10	0
1480	1	8	0	8	1
1481	1	7	0	7	1
1482	1	11	1	10	0
1483	1	13	0	13	1
1484	1	9	0	9	1
1485	1	13	1	12	0
1486	1	11	0	11	1
1487	1	9	0	9	1
1488	1	13	1	12	0
1489	1	11	0	11	1
1490	1	8	0	8	1
1491	1	11	1	10	0
1492	1	15	0	15	1
1493	1	15	0	15	1
1494	1	10	1	9	0
1495	1	14	0	14	1
1496	1	10	0	10	1
1497	1	13	0	13	1
1498	1	15	0	15	1
1499	1	12	0	12	1
1500	1	10	0	10	1
1501	1	12	0	12	1
1502	1	10	1	9	0
1503	1	11	0	11	1
1504	1	10	0	10	1
1505	1	6	1	5	0
1506	1	12	1	11	0
1507	1	10	1	9	0
1508	1	9	0	9	1
1509	1	14	0	14	1
1510	1	8	0	8	1
1511	1	5	0	5	1
1512	1	14	0	14	1
1513	1	13	1	12	0
1514	1	11	0	11	1
1515	1	10	0	10	1
1516	1	12	0	12	1
1517	1	15	0	15	1
1518	1	14	0	14	1
1519	1	11	0	11	1
1520	1	10	0	10	1
1521	1	14	1	13	0
1522	1	9	0	9	1
1523	1	10	1	9	0
1524	1	10	0	10	1
1525	1	9	1	8	0
1526	1	15	1	14	0
1527	1	17	0	17	1
1528	1	12	1	11	0
1529	1	11	0	11	1
1530	1	11	0	11	1
1531	1	11	0	11	1
1532	1	13	1	12	0
1533	1	14	0	14	1
1534	1	12	0	12	1
1535	1	9	0	9	1
1536	1	10	0	10	1
1537	1	9	0	9	1
1538	1	10	0	10	1
1539	1	13	1	12	0
1540	1	13	1	12	0
1541	1	13	0	13	1
1542	1	12	1	11	0
1543	1	5	0	5	1
1544	1	9	0	9	1
1545	1	13	0	13	1
1546	1	10	1	9	0
1547	1	12	1	11	0
1548	1	14	1	13	0
1549	1	16	0	16	1
1550	1	15	0	15	1
1551	1	10	0	10	1
1552	1	13	0	13	1
1553	1	13	1	12	0
1554	1	13	0	13	1
1555	1	16	0	16	1
1556	1	15	0	15	1
1557	1	15	0	15	1
1558	1	19	0	19	1
1559	1	15	1	14	0
1560	1	12	0	12	1
1561	1	12	1	11	0
1562	1	17	0	17	1
1563	1	14	0	14	1
1564	1	9	0	9	1
1565	1	14	1	13	0
1566	1	13	0	13	1
1567	1	12	1	11	0
1568	1	12	0	12	1
1569	1	11	0	11	1
1570	1	12	0	12	1
1571	1	15	0	15	1
1572	1	16	1	15	0
1573	1	13	0	13	1
1574	1	11	0	11	1
1575	1	11	0	11	1
1576	1	12	0	12	1
1577	1	11	0	11	1
1578	1	16	0	16	1
1579	1	11	1	10	0
1580	1	9	0	9	1
1581	1	15	0	15	1
1582	1	13	1	12	0
1583	1	10	0	10	1
1584	1	9	0	9	1
1585	1	14	1	13	0
1586	1	15	1	14	0
1587	1	15	0	15	1
1588	1	16	1	15	0
1589	1	13	0	13	1
1590	1	11	0	11	1
1591	1	11	1	10	0
1592	1	13	1	12	0
1593	1	11	1	10	0
1594	1	13	0	13	1
1595	1	13	1	12	0
1596	1	10	0	10	1
1597	1	15	0	15	1
1598	1	13	0	13	1
1599	1	9	0	9	1
1600	1	13	0	13	1
1601	1	12	0	12	1
1602	1	11	0	11	1
1603	1	15	1	14	0
1604	1	7	1	6	0
1605	1	11	0	11	1
1606	1	13	0	13	1
1607	1	9	0	9	1
1608	1	11	1	10	0
1609	1	11	1	10	0
1610	1	14	0	14	1
1611	1	11	1	10	0
1612	1	7	0	7	1
1613	1	8	1	7	0
1614	1	9	0	9	1
1615	1	13	0	13	1
1616	1	9	0	9	1
1617	1	12	1	11	0
1618	1	11	0	11	1
1619	1	10	1	9	0
1620	1	9	0	9	1
1621	1	10	0	10	1
1622	1	9	0	9	1
1623	1	17	0	17	1
1624	1	10	1	9	0
1625	1	13	0	13	1
1626	1	18	1	17	0
1627	1	9	0	9	1
1628	1	9	0	9	1
1629	1	16	0	16	1
1630	1	10	0	10	1
1631	1	10	0	10	1
1632	1	11	0	11	1
1633	1	14	0	14	1
1634	1	8	0	8	1
1635	1	14	1	13	0
1636	1	10	0	10	1
1637	1	12	1	11	0
1638	1	10	1	9	0
1639	1	13	0	13	1
1640	1	11	0	11	1
1641	1	15	1	14	0
1642	1	9	1	8	0
1643	1	11	0	11	1
1644	1	10	0	10	1
1645	1	11	0	11	1
1646	1	14	0	14	1
1647	1	12	0	12	1
1648	1	14	0	14	1
1649	1	13	1	12	0
1650	1	10	0	10	1
1651	1	12	0	12	1
1652	1	10	0	10	1
1653	1	12	0	12	1
1654	1	14	0	14	1
1655	1	13	0	13	1
1656	1	13	1	12	0
1657	1	12	0	12	1
1658	1	14	1	13	0
1659	1	13	0	13	1
1660	1	9	0	9	1
1661	1	12	1	11	0
1662	1	14	0	14	1
1663	1	9	0	9	1
1664	1	7	1	6	0
1665	1	12	0	12	1
1666	1	11	0	11	1
1667	1	12	1	11	0
1668	1	10	1	9	0
1669	1	15	0	15	1
1670	1	10	0	10	1
1671	1	13	0	13	1
1672	1	15	0	15	1
1673	1	15	0	15	1
1674	1	12	0	12	1
1675	1	8	0	8	1
1676	1	14	0	14	1
1677	1	9	0	9	1
1678	1	12	0	12	1
1679	1	14	0	14	1
1680	1	11	0	11	1
1681	1	14	0	14	1
1682	1	15	0	15	1
1683	1	16	0	16	1
1684	1	12	0	12	1
1685	1	13	0	13	1
1686	1	8	1	7	0
1687	1	10	0	10	1
1688	1	9	0	9	1
1689	1	8	0	8	1
1690	1	12	0	12	1
1691	1	11	0	11	1
1692	1	12	1	11	0
1693	1	14	0	14	1
1694	1	11	0	11	1
1695	1	13	0	13	1
1696	1	9	0	9	1
1697	1	14	0	14	1
1698	1	10	0	10	1
1699	1	13	1	12	0
1700	1	14	0	14	1
1701	1	17	0	17	1
1702	1	14	0	14	1
1703	1	11	1	10	0
1704	1	15	0	15	1
1705	1	8	0	8	1
1706	1	9	1	8	0
1707	1	12	0	12	1
1708	1	17	0	17	1
1709	1	11	1	10	0
1710	1	11	0	11	1
1711	1	12	0	12	1
1712	1	14	0	14	1
1713	1	10	0	10	1
1714	1	13	0	13	1
1715	1	12	0	12	1
1716	1	10	0	10	1
1717	1	11	0	11	1
1718	1	12	0	12	1
1719	1	11	0	11	1
1720	1	12	0	12	1
1721	1	11	1	10	0
1722	1	8	0	8	1
1723	1	16	0	16	1
1724	1	14	0	14	1
1725	1	9	0	9	1
1726	1	10	1	9	0
1727	1	11	0	11	1
1728	1	8	0	8	1
1729	1	16	1	15	0
1730	1	10	0	10	1
1731	1	13	0	13	1
1732	1	11	0	11	1
1733	1	12	0	12	1
1734	1	12	1	11	0
1735	1	18	0	18	1
1736	1	19	1	18	0
1737	1	10	0	10	1
1738	1	12	1	11	0
1739	1	13	0	13	1
1740	1	9	0	9	1
1741	1	13	0	13	1
1742	1	9	0	9	1
1743	1	12	0	12	1
1744	1	7	0	7	1
1745	1	10	1	9	0
1746	1	9	1	8	0
1747	1	8	0	8	1
1748	1	10	1	9	0
1749	1	12	0	12	1
1750	1	12	1	11	0
1751	1	13	0	13	1
1752	1	12	1	11	0
1753	1	13	0	13	1
1754	1	7	0	7	1
1755	1	12	1	11	0
1756	1	13	0	13	1
1757	1	11	0	11	1
1758	1	13	0	13	1
1759	1	13	0	13	1
1760	1	10	1	9	0
1761	1	11	0	11	1
1762	1	14	0	14	1
1763	1	12	1	11	0
1764	1	14	1	13	0
1765	1	14	0	14	1
1766	1	11	0	11	1
1767	1	10	0	10	1
1768	1	10	0	10	1
1769	1	9	0	9	1
1770	1	10	0	10	1
1771	1	10	0	10	1
1772	1	11	1	10	0
1773	1	8	0	8	1
1774	1	15	1	14	0
1775	1	14	0	14	1
1776	1	15	0	15	1
1777	1	14	1	13	0
1778	1	16	0	16	1
1779	1	9	0	9	1
1780	1	8	0	8	1
1781	1	6	0	6	1
1782	1	10	1	9	0
1783	1	8	0	8	1
1784	1	14	0	14	1
1785	1	17	0	17	1
1786	1	13	0	13	1
1787	1	12	1	11	0
1788	1	10	1	9	0
1789	1	12	0	12	1
1790	1	15	1	14	0
1791	1	13	0	13	1
1792	1	9	0	9	1
1793	1	12	0	12	1
1794	1	13	0	13	1
1795	1	11	0	11	1
1796	1	10	1	9	0
1797	1	15	1	14	0
1798	1	14	0	14	1
1799	1	13	0	13	1
1800	1	13	1	12	0
1801	1	12	0	12	1
1802	1	15	0	15	1
1803	1	12	1	11	0
1804	1	12	1	11	0
1805	1	14	0	14	1
1806	1	9	1	8	0
1807	1	13	0	13	1
1808	1	14	1	13	0
1809	1	11	0	11	1
1810	1	15	0	15	1
1811	1	9	0	9	1
1812	1	11	0	11	1
1813	1	9	0	9	1
1814	1	13	0	13	1
1815	1	15	0	15	1
1816	1	10	1	9	0
1817	1	13	1	12	0
1818	1	10	0	10	1
1819	1	16	1	15	0
1820	1	11	0	11	1
1821	1	11	0	11	1
1822	1	13	0	13	1
1823	1	14	1	13	0
1824	1	11	0	11	1
1825	1	12	0	12	1
1826	1	10	1	9	0
1827	1	17	0	17	1
1828	1	10	1	9	0
1829	1	11	0	11	1
1830	1	12	1	11	0
1831	1	17	0	17	1
1832	1	15	0	15	1
1833	1	15	0	15	1
1834	1	14	0	14	1
1835	1	11	0	11	1
1836	1	13	0	13	1
1837	1	11	0	11	1
1838	1	11	0	11	1
1839	1	13	0	13	1
1840	1	11	0	11	1
1841	1	15	0	15	1
1842	1	13	0	13	1
1843	1	13	0	13	1
1844	1	12	0	12	1
1845	1	13	0	13	1
1846	1	13	0	13	1
1847	1	11	0	11	1
1848	1	7	0	7	1
1849	1	14	0	14	1
1850	1	11	0	11	1
1851	1	12	0	12	1
1852	1	13	0	13	1
1853	1	14	0	14	1
1854	1	14	1	13	0
1855	1	11	1	10	0
1856	1	12	0	12	1
1857	1	14	0	14	1
1858	1	13	1	12	0
1859	1	12	0	12	1
1860	1	9	0	9	1
1861	1	15	1	14	0
1862	1	13	0	13	1
1863	1	14	1	13	0
1864	1	14	0	14	1
1865	1	11	1	10	0
1866	1	14	1	13	0
1867	1	16	1	15	0
1868	1	12	1	11	0
1869	1	13	0	13	1
1870	1	12	0	12	1
1871	1	7	1	6	0
1872	1	12	1	11	0
1873	1	14	1	13	0
1874	1	10	0	10	1
1875	1	8	0	8	1
1876	1	13	0	13	1
1877	1	10	0	10	1
1878	1	13	1	12	0
1879	1	16	0	16	1
1880	1	16	0	16	1
1881	1	15	1	14	0
1882	1	15	1	14	0
1883	1	13	0	13	1
1884	1	12	0	12	1
1885	1	7	1	6	0
1886	1	19	0	19	1
1887	1	13	1	12	0
1888	1	13	1	12	0
1889	1	13	0	13	1
1890	1	13	0	13	1
1891	1	12	1	11	0
1892	1	14	0	14	1
1893	1	12	1	11	0
1894	1	14	1	13	0
1895	1	13	0	13	1
1896	1	11	0	11	1
1897	1	13	0	13	1
1898	1	13	1	12	0
1899	1	14	0	14	1
1900	1	11	1	10	0
1901	1	6	0	6	1
1902	1	8	1	7	0
1903	1	16	0	16	1
1904	1	13	1	12	0
1905	1	17	0	17	1
1906	1	11	0	11	1
1907	1	16	0	16	1
1908	1	15	1	14	0
1909	1	12	0	12	1
1910	1	14	1	13	0
1911	1	18	0	18	1
1912	1	16	1	15	0
1913	1	13	0	13	1
1914	1	8	0	8	1
1915	1	9	0	9	1
1916	1	13	0	13	1
1917	1	12	1	11	0
1918	1	16	0	16	1
1919	1	12	1	11	0
1920	1	10	1	9	0
1921	1	14	0	14	1
1922	1	13	0	13	1
1923	1	11	0	11	1
1924	1	13	0	13	1
1925	1	15	0	15	1
1926	1	16	0	16	1
1927	1	11	0	11	1
1928	1	14	0	14	1
1929	1	12	0	12	1
1930	1	16	0	16	1
1931	1	11	1	10	0
1932	1	11	0	11	1
1933	1	16	0	16	1
1934	1	14	0	14	1
1935	1	10	0	10	1
1936	1	15	1	14	0
1937	1	9	0	9	1
1938	1	15	0	15	1
1939	1	14	0	14	1
1940	1	14	0	14	1
1941	1	10	0	10	1
1942	1	13	1	12	0
1943	1	11	0	11	1
1944	1	13	0	13	1
1945	1	10	0	10	1
1946	1	9	0	9	1
1947	1	14	1	13	0
1948	1	9	0	9	1
1949	1	10	1	9	0
1950	1	11	0	11	1
1951	1	11	1	10	0
1952	1	13	0	13	1
1953	1	17	0	17	1
1954	1	12	1	11	0
1955	1	17	1	16	0
1956	1	11	0	11	1
1957	1	12	1	11	0
1958	1	15	0	15	1
1959	1	13	0	13	1
1960	1	14	1	13	0
1961	1	16	0	16	1
1962	1	10	0	10	1
1963	1	10	0	10	1
1964	1	13	0	13	1
1965	1	12	0	12	1
1966	1	8	0	8	1
1967	1	13	1	12	0
1968	1	8	0	8	1
1969	1	9	0	9	1
1970	1	12	1	11	0
1971	1	20	1	19	0
1972	1	9	0	9	1
1973	1	13	0	13	1
1974	1	14	1	13	0
1975	1	15	1	14	0
1976	1	12	1	11	0
1977	1	10	0	10	1
1978	1	11	0	11	1
1979	1	11	0	11	1
1980	1	12	0	12	1
1981	1	14	1	13	0
1982	1	13	2	11	0
1983	1	15	1	14	0
1984	1	13	1	12	0
1985	1	12	0	12	1
1986	1	12	1	11	0
1987	1	11	0	11	1
1988	1	13	1	12	0
1989	1	9	1	8	0
1990	1	12	0	12	1
1991	1	10	1	9	0
1992	1	10	1	9	0
1993	1	9	1	8	0
1994	1	14	0	14	1
1995	1	13	0	13	1
1996	1	15	1	14	0
1997	1	12	1	11	0
1998	1	14	0	14	1
1999	1	14	0	14	1
2000	1	15	1	14	0
