1	1	T 80	80	40	40	P 0	0	720	480	
2	1	T 82	81	40	40	P 0	0	720	480	
3	1	T 84	82	40	40	P 0	0	720	480	
4	1	T 86	83	40	40	P 0	0	720	480	
5	1	T 88	84	40	40	P 0	0	720	480	
6	1	T 90	85	40	40	P 0	0	720	480	
7	1	T 92	86	40	40	P 0	0	720	480	
8	1	T 94	87	40	40	P 0	0	720	480	
9	1	T 96	88	40	40	P 0	0	720	480	
10	1	T 98	89	40	40	P 0	0	720	480	
11	1	T 100	90	40	40	P 0	0	720	480	
12	1	T 102	91	40	40	P 0	0	720	480	
13	1	T 104	92	40	40	P 0	0	720	480	
14	1	T 106	93	40	40	P 0	0	720	480	
15	1	T 108	94	40	40	P 0	0	720	480	
16	1	T 110	95	40	40	P 0	0	720	480	
17	1	T 112	96	40	40	P 0	0	720	480	
18	1	T 114	97	40	40	P 0	0	720	480	
19	1	T 116	98	40	40	P 0	0	720	480	
20	1	T 118	99	40	40	P 0	0	720	480	
21	1	T 120	100	40	40	P 0	0	720	480	
22	1	T 122	101	40	40	P 0	0	720	480	
23	1	T 124	102	40	40	P 0	0	720	480	
24	1	T 126	103	40	40	P 0	0	720	480	
25	1	T 128	104	40	40	P 0	0	720	480	
26	1	T 130	105	40	40	P 0	0	720	480	
27	1	T 132	106	40	40	P 0	0	720	480	
28	1	T 134	107	40	40	P 0	0	720	480	
29	1	T 136	108	40	40	P 0	0	720	480	
30	1	T 138	109	40	40	P 0	0	720	480	
31	1	T 140	110	40	40	P 0	0	720	480	
32	1	T 142	111	40	40	P 0	0	720	480	
33	1	T 144	112	40	40	P 0	0	720	480	
34	1	T 146	113	40	40	P 0	0	720	480	
35	1	T 148	114	40	40	P 0	0	720	480	
36	1	T 150	115	40	40	P 0	0	720	480	
37	1	T 152	116	40	40	P 0	0	720	480	
38	1	T 154	117	40	40	P 0	0	720	480	
39	1	T 156	118	40	40	P 0	0	720	480	
40	1	T 158	119	40	40	P 0	0	720	480	
41	1	T 160	120	40	40	P 0	0	720	480	
42	1	T 162	121	40	40	P 0	0	720	480	
43	1	T 164	122	40	40	P 0	0	720	480	
44	1	T 166	123	40	40	P 0	0	720	480	
45	1	T 168	124	40	40	P 0	0	720	480	
46	1	T 170	125	40	40	P 0	0	720	480	
47	1	T 172	126	40	40	P 0	0	720	480	
48	1	T 174	127	40	40	P 0	0	720	480	
49	1	T 176	128	40	40	P 0	0	720	480	
50	1	T 178	129	40	40	P 0	0	720	480	
51	1	T 180	130	40	40	P 0	0	720	480	
52	1	T 182	131	40	40	P 0	0	720	480	
53	1	T 184	132	40	40	P 0	0	720	480	
54	1	T 186	133	40	40	P 0	0	720	480	
55	1	T 188	134	40	40	P 0	0	720	480	
56	1	T 190	135	40	40	P 0	0	720	480	
57	1	T 192	136	40	40	P 0	0	720	480	
58	1	T 194	137	40	40	P 0	0	720	480	
59	1	T 196	138	40	40	P 0	0	720	480	
60	1	T 198	139	40	40	P 0	0	720	480	
61	1	T 200	140	40	40	P 0	0	720	480	
62	1	T 202	141	40	40	P 0	0	720	480	
63	1	T 204	142	40	40	P 0	0	720	480	
64	1	T 206	143	40	40	P 0	0	720	480	
65	1	T 208	144	40	40	P 0	0	720	480	
66	1	T 210	145	40	40	P 0	0	720	480	
67	1	T 212	146	40	40	P 0	0	720	480	
68	1	T 214	147	40	40	P 0	0	720	480	
69	1	T 216	148	40	40	P 0	0	720	480	
70	1	T 218	149	40	40	P 0	0	720	480	
71	1	T 220	150	40	40	P 0	0	720	480	
72	1	T 222	151	40	40	P 0	0	720	480	
73	1	T 224	152	40	40	P 0	0	720	480	
74	1	T 226	153	40	40	P 0	0	720	480	
75	1	T 228	154	40	40	P 0	0	720	480	
76	1	T 230	155	40	40	P 0	0	720	480	
77	1	T 232	156	40	40	P 0	0	720	480	
78	1	T 234	157	40	40	P 0	0	720	480	
79	1	T 236	158	40	40	P 0	0	720	480	
80	1	T 238	159	40	40	P 0	0	720	480	
81	1	T 240	160	40	40	P 0	0	720	480	
82	1	T 242	161	40	40	P 0	0	720	480	
83	1	T 244	162	40	40	P 0	0	720	480	
84	1	T 246	163	40	40	P 0	0	720	480	
85	1	T 248	164	40	40	P 0	0	720	480	
86	1	T 250	165	40	40	P 0	0	720	480	
87	1	T 252	166	40	40	P 0	0	720	480	
88	1	T 254	167	40	40	P 0	0	720	480	
89	1	T 256	168	40	40	P 0	0	720	480	
90	1	T 258	169	40	40	P 0	0	720	480	
91	1	T 260	170	40	40	P 0	0	720	480	
92	1	T 262	171	40	40	P 0	0	720	480	
93	1	T 264	172	40	40	P 0	0	720	480	
94	1	T 266	173	40	40	P 0	0	720	480	
95	1	T 268	174	40	40	P 0	0	720	480	
96	1	T 270	175	40	40	P 0	0	720	480	
97	1	T 272	176	40	40	P 0	0	720	480	
98	1	T 274	177	40	40	P 0	0	720	480	
99	1	T 276	178	40	40	P 0	0	720	480	
100	1	T 278	179	40	40	P 0	0	720	480	
101	1	T 280	180	40	40	P 0	0	720	480	
102	1	T 282	181	40	40	P 0	0	720	480	
103	1	T 284	182	40	40	P 0	0	720	480	
104	1	T 286	183	40	40	P 0	0	720	480	
105	1	T 288	184	40	40	P 0	0	720	480	
106	1	T 290	185	40	40	P 0	0	720	480	
107	1	T 292	186	40	40	P 0	0	720	480	
108	1	T 294	187	40	40	P 0	0	720	480	
109	1	T 296	188	40	40	P 0	0	720	480	
110	1	T 298	189	40	40	P 0	0	720	480	
111	1	T 300	190	40	40	P 0	0	720	480	
112	1	T 302	191	40	40	P 0	0	720	480	
113	1	T 304	192	40	40	P 0	0	720	480	
114	1	T 306	193	40	40	P 0	0	720	480	
115	1	T 308	194	40	40	P 0	0	720	480	
116	1	T 310	195	40	40	P 0	0	720	480	
117	1	T 312	196	40	40	P 0	0	720	480	
118	1	T 314	197	40	40	P 0	0	720	480	
119	1	T 316	198	40	40	P 0	0	720	480	
120	1	T 318	199	40	40	P 0	0	720	480	
121	1	T 320	200	40	40	P 0	0	720	480	
122	1	T 322	201	40	40	P 0	0	720	480	
123	1	T 324	202	40	40	P 0	0	720	480	
124	1	T 326	203	40	40	P 0	0	720	480	
125	1	T 328	204	40	40	P 0	0	720	480	
126	1	T 330	205	40	40	P 0	0	720	480	
127	1	T 332	206	40	40	P 0	0	720	480	
128	1	T 334	207	40	40	P 0	0	720	480	
129	1	T 336	208	40	40	P 0	0	720	480	
130	1	T 338	209	40	40	P 0	0	720	480	
131	1	T 340	210	40	40	P 0	0	720	480	
132	1	T 342	211	40	40	P 0	0	720	480	
133	1	T 344	212	40	40	P 0	0	720	480	
134	1	T 346	213	40	40	P 0	0	720	480	
135	1	T 348	214	40	40	P 0	0	720	480	
136	1	T 350	215	40	40	P 0	0	720	480	
137	1	T 352	216	40	40	P 0	0	720	480	
138	1	T 354	217	40	40	P 0	0	720	480	
139	1	T 356	218	40	40	P 0	0	720	480	
140	1	T 358	219	40	40	P 0	0	720	480	
141	1	T 360	220	40	40	P 0	0	720	480	
142	1	T 362	221	40	40	P 0	0	720	480	
143	1	T 364	222	40	40	P 0	0	720	480	
144	1	T 366	223	40	40	P 0	0	720	480	
145	1	T 368	224	40	40	P 0	0	720	480	
146	1	T 370	225	40	40	P 0	0	720	480	
147	1	T 372	226	40	40	P 0	0	720	480	
148	1	T 374	227	40	40	P 0	0	720	480	
149	1	T 376	228	40	40	P 0	0	720	480	
150	1	T 378	229	40	40	P 0	0	720	480	
151	1	T 380	230	40	40	P 0	0	720	480	
152	1	T 382	231	40	40	P 0	0	720	480	
153	1	T 384	232	40	40	P 0	0	720	480	
154	1	T 386	233	40	40	P 0	0	720	480	
155	1	T 388	234	40	40	P 0	0	720	480	
156	1	T 390	235	40	40	P 0	0	720	480	
157	1	T 392	236	40	40	P 0	0	720	480	
158	1	T 394	237	40	40	P 0	0	720	480	
159	1	T 396	238	40	40	P 0	0	720	480	
160	1	T 398	239	40	40	P 0	0	720	480	
161	1	T 400	240	40	40	P 0	0	720	480	
162	1	T 402	241	40	40	P 0	0	720	480	
163	1	T 404	242	40	40	P 0	0	720	480	
164	1	T 406	243	40	40	P 0	0	720	480	
165	1	T 408	244	40	40	P 0	0	720	480	
166	1	T 410	245	40	40	P 0	0	720	480	
167	1	T 412	246	40	40	P 0	0	720	480	
168	1	T 414	247	40	40	P 0	0	720	480	
169	1	T 416	248	40	40	P 0	0	720	480	
170	1	T 418	249	40	40	P 0	0	720	480	
171	1	T 420	250	40	40	P 0	0	720	480	
172	1	T 422	251	40	40	P 0	0	720	480	
173	1	T 424	252	40	40	P 0	0	720	480	
174	1	T 426	253	40	40	P 0	0	720	480	
175	1	T 428	254	40	40	P 0	0	720	480	
176	1	T 430	255	40	40	P 0	0	720	480	
177	1	T 432	256	40	40	P 0	0	720	480	
178	1	T 434	257	40	40	P 0	0	720	480	
179	1	T 436	258	40	40	P 0	0	720	480	
180	1	T 438	259	40	40	P 0	0	720	480	
181	1	T 440	260	40	40	P 0	0	720	480	
182	1	T 442	261	40	40	P 0	0	720	480	
183	1	T 444	262	40	40	P 0	0	720	480	
184	1	T 446	263	40	40	P 0	0	720	480	
185	1	T 448	264	40	40	P 0	0	720	480	
186	1	T 450	265	40	40	P 0	0	720	480	
187	1	T 452	266	40	40	P 0	0	720	480	
188	1	T 454	267	40	40	P 0	0	720	480	
189	1	T 456	268	40	40	P 0	0	720	480	
190	1	T 458	269	40	40	P 0	0	720	480	
191	1	T 460	270	40	40	P 0	0	720	480	
192	1	T 462	271	40	40	P 0	0	720	480	
193	1	T 464	272	40	40	P 0	0	720	480	
194	1	T 466	273	40	40	P 0	0	720	480	
195	1	T 468	274	40	40	P 0	0	720	480	
196	1	T 470	275	40	40	P 0	0	720	480	
197	1	T 472	276	40	40	P 0	0	720	480	
198	1	T 474	277	40	40	P 0	0	720	480	
199	1	T 476	278	40	40	P 0	0	720	480	
200	1	T 478	279	40	40	P 0	0	720	480	
201	1	T 480	280	40	40	P 0	0	720	480	
202	1	T 482	281	40	40	P 0	0	720	480	
203	1	T 484	282	40	40	P 0	0	720	480	
204	1	T 486	283	40	40	P 0	0	720	480	
205	1	T 488	284	40	40	P 0	0	720	480	
206	1	T 490	285	40	40	P 0	0	720	480	
207	1	T 492	286	40	40	P 0	0	720	480	
208	1	T 494	287	40	40	P 0	0	720	480	
209	1	T 496	288	40	40	P 0	0	720	480	
210	1	T 498	289	40	40	P 0	0	720	480	
211	1	T 500	290	40	40	P 0	0	720	480	
212	1	T 502	291	40	40	P 0	0	720	480	
213	1	T 504	292	40	40	P 0	0	720	480	
214	1	T 506	293	40	40	P 0	0	720	480	
215	1	T 508	294	40	40	P 0	0	720	480	
216	1	T 510	295	40	40	P 0	0	720	480	
217	1	T 512	296	40	40	P 0	0	720	480	
218	1	T 514	297	40	40	P 0	0	720	480	
219	1	T 516	298	40	40	P 0	0	720	480	
220	1	T 518	299	40	40	P 0	0	720	480	
221	1	T 520	300	40	40	P 0	0	720	480	
222	1	T 522	301	40	40	P 0	0	720	480	
223	1	T 524	302	40	40	P 0	0	720	480	
224	1	T 526	303	40	40	P 0	0	720	480	
225	1	T 528	304	40	40	P 0	0	720	480	
226	1	T 530	305	40	40	P 0	0	720	480	
227	1	T 532	306	40	40	P 0	0	720	480	
228	1	T 534	307	40	40	P 0	0	720	480	
229	1	T 536	308	40	40	P 0	0	720	480	
230	1	T 538	309	40	40	P 0	0	720	480	
231	1	T 540	310	40	40	P 0	0	720	480	
232	1	T 542	311	40	40	P 0	0	720	480	
233	1	T 544	312	40	40	P 0	0	720	480	
234	1	T 546	313	40	40	P 0	0	720	480	
235	1	T 548	314	40	40	P 0	0	720	480	
236	1	T 550	315	40	40	P 0	0	720	480	
237	1	T 552	316	40	40	P 0	0	720	480	
238	1	T 554	317	40	40	P 0	0	720	480	
239	1	T 556	318	40	40	P 0	0	720	480	
240	1	T 558	319	40	40	P 0	0	720	480	
241	1	T 560	320	40	40	P 0	0	720	480	
242	1	T 562	321	40	40	P 0	0	720	480	
243	1	T 564	322	40	40	P 0	0	720	480	
244	1	T 566	323	40	40	P 0	0	720	480	
245	1	T 568	324	40	40	P 0	0	720	480	
246	1	T 570	325	40	40	P 0	0	720	480	
247	1	T 572	326	40	40	P 0	0	720	480	
248	1	T 574	327	40	40	P 0	0	720	480	
249	1	T 576	328	40	40	P 0	0	720	480	
250	1	T 578	329	40	40	P 0	0	720	480	
251	1	T 580	330	40	40	P 0	0	720	480	
252	1	T 582	331	40	40	P 0	0	720	480	
253	1	T 584	332	40	40	P 0	0	720	480	
254	1	T 586	333	40	40	P 0	0	720	480	
255	1	T 588	334	40	40	P 0	0	720	480	
256	1	T 590	335	40	40	P 0	0	720	480	
257	1	T 592	336	40	40	P 0	0	720	480	
258	1	T 594	337	40	40	P 0	0	720	480	
259	1	T 596	338	40	40	P 0	0	720	480	
260	1	T 598	339	40	40	P 0	0	720	480	
261	1	T 600	340	40	40	P 0	0	720	480	
262	1	T 602	341	40	40	P 0	0	720	480	
263	1	T 604	342	40	40	P 0	0	720	480	
264	1	T 606	343	40	40	P 0	0	720	480	
265	1	T 608	344	40	40	P 0	0	720	480	
266	1	T 610	345	40	40	P 0	0	720	480	
267	1	T 612	346	40	40	P 0	0	720	480	
268	1	T 614	347	40	40	P 0	0	720	480	
269	1	T 616	348	40	40	P 0	0	720	480	
270	1	T 618	349	40	40	P 0	0	720	480	
271	1	T 620	350	40	40	P 0	0	720	480	
272	1	T 622	351	40	40	P 0	0	720	480	
273	1	T 624	352	40	40	P 0	0	720	480	
274	1	T 626	353	40	40	P 0	0	720	480	
275	1	T 628	354	40	40	P 0	0	720	480	
276	1	T 630	355	40	40	P 0	0	720	480	
277	1	T 632	356	40	40	P 0	0	720	480	
278	1	T 634	357	40	40	P 0	0	720	480	
279	1	T 636	358	40	40	P 0	0	720	480	
280	1	T 638	359	40	40	P 0	0	720	480	
281	1	T 640	360	40	40	P 0	0	720	480	
282	1	T 642	361	40	40	P 0	0	720	480	
283	1	T 644	362	40	40	P 0	0	720	480	
284	1	T 646	363	40	40	P 0	0	720	480	
285	1	T 648	364	40	40	P 0	0	720	480	
286	1	T 650	365	40	40	P 0	0	720	480	
287	1	T 652	366	40	40	P 0	0	720	480	
288	1	T 654	367	40	40	P 0	0	720	480	
289	1	T 656	368	40	40	P 0	0	720	480	
290	1	T 658	369	40	40	P 0	0	720	480	
291	1	T 660	370	40	40	P 0	0	720	480	
292	1	T 658	371	40	40	P 0	0	720	480	
293	1	T 656	372	40	40	P 0	0	720	480	
294	1	T 654	373	40	40	P 0	0	720	480	
295	1	T 652	374	40	40	P 0	0	720	480	
296	1	T 650	375	40	40	P 0	0	720	480	
297	1	T 648	376	40	40	P 0	0	720	480	
298	1	T 646	377	40	40	P 0	0	720	480	
299	1	T 644	378	40	40	P 0	0	720	480	
300	1	T 642	379	40	40	P 0	0	720	480	
301	1	T 640	380	40	40	P 0	0	720	480	
302	1	T 638	381	40	40	P 0	0	720	480	
303	1	T 636	382	40	40	P 0	0	720	480	
304	1	T 634	383	40	40	P 0	0	720	480	
305	1	T 632	384	40	40	P 0	0	720	480	
306	1	T 630	385	40	40	P 0	0	720	480	
307	1	T 628	386	40	40	P 0	0	720	480	
308	1	T 626	387	40	40	P 0	0	720	480	
309	1	T 624	388	40	40	P 0	0	720	480	
310	1	T 622	389	40	40	P 0	0	720	480	
311	1	T 620	390	40	40	P 0	0	720	480	
312	1	T 618	391	40	40	P 0	0	720	480	
313	1	T 616	392	40	40	P 0	0	720	480	
314	1	T 614	393	40	40	P 0	0	720	480	
315	1	T 612	394	40	40	P 0	0	720	480	
316	1	T 610	395	40	40	P 0	0	720	480	
317	1	T 608	396	40	40	P 0	0	720	480	
318	1	T 606	397	40	40	P 0	0	720	480	
319	1	T 604	398	40	40	P 0	0	720	480	
320	1	T 602	399	40	40	P 0	0	720	480	
321	1	T 600	400	40	40	P 0	0	720	480	
322	1	T 598	401	40	40	P 0	0	720	480	
323	1	T 596	402	40	40	P 0	0	720	480	
324	1	T 594	403	40	40	P 0	0	720	480	
325	1	T 592	404	40	40	P 0	0	720	480	
326	1	T 590	405	40	40	P 0	0	720	480	
327	1	T 588	406	40	40	P 0	0	720	480	
328	1	T 586	407	40	40	P 0	0	720	480	
329	1	T 584	408	40	40	P 0	0	720	480	
330	1	T 582	409	40	40	P 0	0	720	480	
331	1	T 580	410	40	40	P 0	0	720	480	
332	1	T 578	411	40	40	P 0	0	720	480	
333	1	T 576	412	40	40	P 0	0	720	480	
334	1	T 574	413	40	40	P 0	0	720	480	
335	1	T 572	414	40	40	P 0	0	720	480	
336	1	T 570	415	40	40	P 0	0	720	480	
337	1	T 568	416	40	40	P 0	0	720	480	
338	1	T 566	417	40	40	P 0	0	720	480	
339	1	T 564	418	40	40	P 0	0	720	480	
340	1	T 562	419	40	40	P 0	0	720	480	
341	1	T 560	420	40	40	P 0	0	720	480	
342	1	T 558	419	40	40	P 0	0	720	480	
343	1	T 556	418	40	40	P 0	0	720	480	
344	1	T 554	417	40	40	P 0	0	720	480	
345	1	T 552	416	40	40	P 0	0	720	480	
346	1	T 550	415	40	40	P 0	0	720	480	
347	1	T 548	414	40	40	P 0	0	720	480	
348	1	T 546	413	40	40	P 0	0	720	480	
349	1	T 544	412	40	40	P 0	0	720	480	
350	1	T 542	411	40	40	P 0	0	720	480	
351	1	T 540	410	40	40	P 0	0	720	480	
352	1	T 538	409	40	40	P 0	0	720	480	
353	1	T 536	408	40	40	P 0	0	720	480	
354	1	T 534	407	40	40	P 0	0	720	480	
355	1	T 532	406	40	40	P 0	0	720	480	
356	1	T 530	405	40	40	P 0	0	720	480	
357	1	T 528	404	40	40	P 0	0	720	480	
358	1	T 526	403	40	40	P 0	0	720	480	
359	1	T 524	402	40	40	P 0	0	720	480	
360	1	T 522	401	40	40	P 0	0	720	480	
361	1	T 520	400	40	40	P 0	0	720	480	
362	1	T 518	399	40	40	P 0	0	720	480	
363	1	T 516	398	40	40	P 0	0	720	480	
364	1	T 514	397	40	40	P 0	0	720	480	
365	1	T 512	396	40	40	P 0	0	720	480	
366	1	T 510	395	40	40	P 0	0	720	480	
367	1	T 508	394	40	40	P 0	0	720	480	
368	1	T 506	393	40	40	P 0	0	720	480	
369	1	T 504	392	40	40	P 0	0	720	480	
370	1	T 502	391	40	40	P 0	0	720	480	
371	1	T 500	390	40	40	P 0	0	720	480	
372	1	T 498	389	40	40	P 0	0	720	480	
373	1	T 496	388	40	40	P 0	0	720	480	
374	1	T 494	387	40	40	P 0	0	720	480	
375	1	T 492	386	40	40	P 0	0	720	480	
376	1	T 490	385	40	40	P 0	0	720	480	
377	1	T 488	384	40	40	P 0	0	720	480	
378	1	T 486	383	40	40	P 0	0	720	480	
379	1	T 484	382	40	40	P 0	0	720	480	
380	1	T 482	381	40	40	P 0	0	720	480	
381	1	T 480	380	40	40	P 0	0	720	480	
382	1	T 478	379	40	40	P 0	0	720	480	
383	1	T 476	378	40	40	P 0	0	720	480	
384	1	T 474	377	40	40	P 0	0	720	480	
385	1	T 472	376	40	40	P 0	0	720	480	
386	1	T 470	375	40	40	P 0	0	720	480	
387	1	T 468	374	40	40	P 0	0	720	480	
388	1	T 466	373	40	40	P 0	0	720	480	
389	1	T 464	372	40	40	P 0	0	720	480	
390	1	T 462	371	40	40	P 0	0	720	480	
391	1	T 460	370	40	40	P 0	0	720	480	
392	1	T 458	369	40	40	P 0	0	720	480	
393	1	T 456	368	40	40	P 0	0	720	480	
394	1	T 454	367	40	40	P 0	0	720	480	
395	1	T 452	366	40	40	P 0	0	720	480	
396	1	T 450	365	40	40	P 0	0	720	480	
397	1	T 448	364	40	40	P 0	0	720	480	
398	1	T 446	363	40	40	P 0	0	720	480	
399	1	T 444	362	40	40	P 0	0	720	480	
400	1	T 442	361	40	40	P 0	0	720	480	
401	1	T 440	360	40	40	P 0	0	720	480	
402	1	T 438	359	40	40	P 0	0	720	480	
403	1	T 436	358	40	40	P 0	0	720	480	
404	1	T 434	357	40	40	P 0	0	720	480	
405	1	T 432	356	40	40	P 0	0	720	480	
406	1	T 430	355	40	40	P 0	0	720	480	
407	1	T 428	354	40	40	P 0	0	720	480	
408	1	T 426	353	40	40	P 0	0	720	480	
409	1	T 424	352	40	40	P 0	0	720	480	
410	1	T 422	351	40	40	P 0	0	720	480	
411	1	T 420	350	40	40	P 0	0	720	480	
412	1	T 418	349	40	40	P 0	0	720	480	
413	1	T 416	348	40	40	P 0	0	720	480	
414	1	T 414	347	40	40	P 0	0	720	480	
415	1	T 412	346	40	40	P 0	0	720	480	
416	1	T 410	345	40	40	P 0	0	720	480	
417	1	T 408	344	40	40	P 0	0	720	480	
418	1	T 406	343	40	40	P 0	0	720	480	
419	1	T 404	342	40	40	P 0	0	720	480	
420	1	T 402	341	40	40	P 0	0	720	480	
421	1	T 400	340	40	40	P 0	0	720	480	
422	1	T 398	339	40	40	P 0	0	720	480	
423	1	T 396	338	40	40	P 0	0	720	480	
424	1	T 394	337	40	40	P 0	0	720	480	
425	1	T 392	336	40	40	P 0	0	720	480	
426	1	T 390	335	40	40	P 0	0	720	480	
427	1	T 388	334	40	40	P 0	0	720	480	
428	1	T 386	333	40	40	P 0	0	720	480	
429	1	T 384	332	40	40	P 0	0	720	480	
430	1	T 382	331	40	40	P 0	0	720	480	
431	1	T 380	330	40	40	P 0	0	720	480	
432	1	T 378	329	40	40	P 0	0	720	480	
433	1	T 376	328	40	40	P 0	0	720	480	
434	1	T 374	327	40	40	P 0	0	720	480	
435	1	T 372	326	40	40	P 0	0	720	480	
436	1	T 370	325	40	40	P 0	0	720	480	
437	1	T 368	324	40	40	P 0	0	720	480	
438	1	T 366	323	40	40	P 0	0	720	480	
439	1	T 364	322	40	40	P 0	0	720	480	
440	1	T 362	321	40	40	P 0	0	720	480	
441	1	T 360	320	40	40	P 0	0	720	480	
442	1	T 358	319	40	40	P 0	0	720	480	
443	1	T 356	318	40	40	P 0	0	720	480	
444	1	T 354	317	40	40	P 0	0	720	480	
445	1	T 352	316	40	40	P 0	0	720	480	
446	1	T 350	315	40	40	P 0	0	720	480	
447	1	T 348	314	40	40	P 0	0	720	480	
448	1	T 346	313	40	40	P 0	0	720	480	
449	1	T 344	312	40	40	P 0	0	720	480	
450	1	T 342	311	40	40	P 0	0	720	480	
451	1	T 340	310	40	40	P 0	0	720	480	
452	1	T 338	309	40	40	P 0	0	720	480	
453	1	T 336	308	40	40	P 0	0	720	480	
454	1	T 334	307	40	40	P 0	0	720	480	
455	1	T 332	306	40	40	P 0	0	720	480	
456	1	T 330	305	40	40	P 0	0	720	480	
457	1	T 328	304	40	40	P 0	0	720	480	
458	1	T 326	303	40	40	P 0	0	720	480	
459	1	T 324	302	40	40	P 0	0	720	480	
460	1	T 322	301	40	40	P 0	0	720	480	
461	1	T 320	300	40	40	P 0	0	720	480	
462	1	T 318	299	40	40	P 0	0	720	480	
463	1	T 316	298	40	40	P 0	0	720	480	
464	1	T 314	297	40	40	P 0	0	720	480	
465	1	T 312	296	40	40	P 0	0	720	480	
466	1	T 310	295	40	40	P 0	0	720	480	
467	1	T 308	294	40	40	P 0	0	720	480	
468	1	T 306	293	40	40	P 0	0	720	480	
469	1	T 304	292	40	40	P 0	0	720	480	
470	1	T 302	291	40	40	P 0	0	720	480	
471	1	T 300	290	40	40	P 0	0	720	480	
472	1	T 298	289	40	40	P 0	0	720	480	
473	1	T 296	288	40	40	P 0	0	720	480	
474	1	T 294	287	40	40	P 0	0	720	480	
475	1	T 292	286	40	40	P 0	0	720	480	
476	1	T 290	285	40	40	P 0	0	720	480	
477	1	T 288	284	40	40	P 0	0	720	480	
478	1	T 286	283	40	40	P 0	0	720	480	
479	1	T 284	282	40	40	P 0	0	720	480	
480	1	T 282	281	40	40	P 0	0	720	480	
481	1	T 280	280	40	40	P 0	0	720	480	
482	1	T 278	279	40	40	P 0	0	720	480	
483	1	T 276	278	40	40	P 0	0	720	480	
484	1	T 274	277	40	40	P 0	0	720	480	
485	1	T 272	276	40	40	P 0	0	720	480	
486	1	T 270	275	40	40	P 0	0	720	480	
487	1	T 268	274	40	40	P 0	0	720	480	
488	1	T 266	273	40	40	P 0	0	720	480	
489	1	T 264	272	40	40	P 0	0	720	480	
490	1	T 262	271	40	40	P 0	0	720	480	
491	1	T 260	270	40	40	P 0	0	720	480	
492	1	T 258	269	40	40	P 0	0	720	480	
493	1	T 256	268	40	40	P 0	0	720	480	
494	1	T 254	267	40	40	P 0	0	720	480	
495	1	T 252	266	40	40	P 0	0	720	480	
496	1	T 250	265	40	40	P 0	0	720	480	
497	1	T 248	264	40	40	P 0	0	720	480	
498	1	T 246	263	40	40	P 0	0	720	480	
499	1	T 244	262	40	40	P 0	0	720	480	
500	1	T 242	261	40	40	P 0	0	720	480	
501	1	T 240	260	40	40	P 0	0	720	480	
502	1	T 238	259	40	40	P 0	0	720	480	
503	1	T 236	258	40	40	P 0	0	720	480	
504	1	T 234	257	40	40	P 0	0	720	480	
505	1	T 232	256	40	40	P 0	0	720	480	
506	1	T 230	255	40	40	P 0	0	720	480	
507	1	T 228	254	40	40	P 0	0	720	480	
508	1	T 226	253	40	40	P 0	0	720	480	
509	1	T 224	252	40	40	P 0	0	720	480	
510	1	T 222	251	40	40	P 0	0	720	480	
511	1	T 220	250	40	40	P 0	0	720	480	
512	1	T 218	249	40	40	P 0	0	720	480	
513	1	T 216	248	40	40	P 0	0	720	480	
514	1	T 214	247	40	40	P 0	0	720	480	
515	1	T 212	246	40	40	P 0	0	720	480	
516	1	T 210	245	40	40	P 0	0	720	480	
517	1	T 208	244	40	40	P 0	0	720	480	
518	1	T 206	243	40	40	P 0	0	720	480	
519	1	T 204	242	40	40	P 0	0	720	480	
520	1	T 202	241	40	40	P 0	0	720	480	
521	1	T 200	240	40	40	P 0	0	720	480	
522	1	T 198	239	40	40	P 0	0	720	480	
523	1	T 196	238	40	40	P 0	0	720	480	
524	1	T 194	237	40	40	P 0	0	720	480	
525	1	T 192	236	40	40	P 0	0	720	480	
526	1	T 190	235	40	40	P 0	0	720	480	
527	1	T 188	234	40	40	P 0	0	720	480	
528	1	T 186	233	40	40	P 0	0	720	480	
529	1	T 184	232	40	40	P 0	0	720	480	
530	1	T 182	231	40	40	P 0	0	720	480	
531	1	T 180	230	40	40	P 0	0	720	480	
532	1	T 178	229	40	40	P 0	0	720	480	
533	1	T 176	228	40	40	P 0	0	720	480	
534	1	T 174	227	40	40	P 0	0	720	480	
535	1	T 172	226	40	40	P 0	0	720	480	
536	1	T 170	225	40	40	P 0	0	720	480	
537	1	T 168	224	40	40	P 0	0	720	480	
538	1	T 166	223	40	40	P 0	0	720	480	
539	1	T 164	222	40	40	P 0	0	720	480	
540	1	T 162	221	40	40	P 0	0	720	480	
541	1	T 160	220	40	40	P 0	0	720	480	
542	1	T 158	219	40	40	P 0	0	720	480	
543	1	T 156	218	40	40	P 0	0	720	480	
544	1	T 154	217	40	40	P 0	0	720	480	
545	1	T 152	216	40	40	P 0	0	720	480	
546	1	T 150	215	40	40	P 0	0	720	480	
547	1	T 148	214	40	40	P 0	0	720	480	
548	1	T 146	213	40	40	P 0	0	720	480	
549	1	T 144	212	40	40	P 0	0	720	480	
550	1	T 142	211	40	40	P 0	0	720	480	
551	1	T 140	210	40	40	P 0	0	720	480	
552	1	T 138	209	40	40	P 0	0	720	480	
553	1	T 136	208	40	40	P 0	0	720	480	
554	1	T 134	207	40	40	P 0	0	720	480	
555	1	T 132	206	40	40	P 0	0	720	480	
556	1	T 130	205	40	40	P 0	0	720	480	
557	1	T 128	204	40	40	P 0	0	720	480	
558	1	T 126	203	40	40	P 0	0	720	480	
559	1	T 124	202	40	40	P 0	0	720	480	
560	1	T 122	201	40	40	P 0	0	720	480	
561	1	T 120	200	40	40	P 0	0	720	480	
562	1	T 118	199	40	40	P 0	0	720	480	
563	1	T 116	198	40	40	P 0	0	720	480	
564	1	T 114	197	40	40	P 0	0	720	480	
565	1	T 112	196	40	40	P 0	0	720	480	
566	1	T 110	195	40	40	P 0	0	720	480	
567	1	T 108	194	40	40	P 0	0	720	480	
568	1	T 106	193	40	40	P 0	0	720	480	
569	1	T 104	192	40	40	P 0	0	720	480	
570	1	T 102	191	40	40	P 0	0	720	480	
571	1	T 100	190	40	40	P 0	0	720	480	
572	1	T 98	189	40	40	P 0	0	720	480	
573	1	T 96	188	40	40	P 0	0	720	480	
574	1	T 94	187	40	40	P 0	0	720	480	
575	1	T 92	186	40	40	P 0	0	720	480	
576	1	T 90	185	40	40	P 0	0	720	480	
577	1	T 88	184	40	40	P 0	0	720	480	
578	1	T 86	183	40	40	P 0	0	720	480	
579	1	T 84	182	40	40	P 0	0	720	480	
580	1	T 82	181	40	40	P 0	0	720	480	
581	1	T 80	180	40	40	P 0	0	720	480	
582	1	T 78	179	40	40	P 0	0	720	480	
583	1	T 76	178	40	40	P 0	0	720	480	
584	1	T 74	177	40	40	P 0	0	720	480	
585	1	T 72	176	40	40	P 0	0	720	480	
586	1	T 70	175	40	40	P 0	0	720	480	
587	1	T 68	174	40	40	P 0	0	720	480	
588	1	T 66	173	40	40	P 0	0	720	480	
589	1	T 64	172	40	40	P 0	0	720	480	
590	1	T 62	171	40	40	P 0	0	720	480	
591	1	T 60	170	40	40	P 0	0	720	480	
592	1	T 58	169	40	40	P 0	0	720	480	
593	1	T 56	168	40	40	P 0	0	720	480	
594	1	T 54	167	40	40	P 0	0	720	480	
595	1	T 52	166	40	40	P 0	0	720	480	
596	1	T 50	165	40	40	P 0	0	720	480	
597	1	T 48	164	40	40	P 0	0	720	480	
598	1	T 46	163	40	40	P 0	0	720	480	
599	1	T 44	162	40	40	P 0	0	720	480	
600	1	T 42	161	40	40	P 0	0	720	480	
601	1	T 40	160	40	40	P 0	0	720	480	
602	1	T 38	159	40	40	P 0	0	720	480	
603	1	T 36	158	40	40	P 0	0	720	480	
604	1	T 34	157	40	40	P 0	0	720	480	
605	1	T 32	156	40	40	P 0	0	720	480	
606	1	T 30	155	40	40	P 0	0	720	480	
607	1	T 28	154	40	40	P 0	0	720	480	
608	1	T 26	153	40	40	P 0	0	720	480	
609	1	T 24	152	40	40	P 0	0	720	480	
610	1	T 22	151	40	40	P 0	0	720	480	
611	1	T 20	150	40	40	P 0	0	720	480	
612	1	T 22	149	40	40	P 0	0	720	480	
613	1	T 24	148	40	40	P 0	0	720	480	
614	1	T 26	147	40	40	P 0	0	720	480	
615	1	T 28	146	40	40	P 0	0	720	480	
616	1	T 30	145	40	40	P 0	0	720	480	
617	1	T 32	144	40	40	P 0	0	720	480	
618	1	T 34	143	40	40	P 0	0	720	480	
619	1	T 36	142	40	40	P 0	0	720	480	
620	1	T 38	141	40	40	P 0	0	720	480	
621	1	T 40	140	40	40	P 0	0	720	480	
622	1	T 42	139	40	40	P 0	0	720	480	
623	1	T 44	138	40	40	P 0	0	720	480	
624	1	T 46	137	40	40	P 0	0	720	480	
625	1	T 48	136	40	40	P 0	0	720	480	
626	1	T 50	135	40	40	P 0	0	720	480	
627	1	T 52	134	40	40	P 0	0	720	480	
628	1	T 54	133	40	40	P 0	0	720	480	
629	1	T 56	132	40	40	P 0	0	720	480	
630	1	T 58	131	40	40	P 0	0	720	480	
631	1	T 60	130	40	40	P 0	0	720	480	
632	1	T 62	129	40	40	P 0	0	720	480	
633	1	T 64	128	40	40	P 0	0	720	480	
634	1	T 66	127	40	40	P 0	0	720	480	
635	1	T 68	126	40	40	P 0	0	720	480	
636	1	T 70	125	40	40	P 0	0	720	480	
637	1	T 72	124	40	40	P 0	0	720	480	
638	1	T 74	123	40	40	P 0	0	720	480	
639	1	T 76	122	40	40	P 0	0	720	480	
640	1	T 78	121	40	40	P 0	0	720	480	
641	1	T 80	120	40	40	P 0	0	720	480	
642	1	T 82	119	40	40	P 0	0	720	480	
643	1	T 84	118	40	40	P 0	0	720	480	
644	1	T 86	117	40	40	P 0	0	720	480	
645	1	T 88	116	40	40	P 0	0	720	480	
646	1	T 90	115	40	40	P 0	0	720	480	
647	1	T 92	114	40	40	P 0	0	720	480	
648	1	T 94	113	40	40	P 0	0	720	480	
649	1	T 96	112	40	40	P 0	0	720	480	
650	1	T 98	111	40	40	P 0	0	720	480	
651	1	T 100	110	40	40	P 0	0	720	480	
652	1	T 102	109	40	40	P 0	0	720	480	
653	1	T 104	108	40	40	P 0	0	720	480	
654	1	T 106	107	40	40	P 0	0	720	480	
655	1	T 108	106	40	40	P 0	0	720	480	
656	1	T 110	105	40	40	P 0	0	720	480	
657	1	T 112	104	40	40	P 0	0	720	480	
658	1	T 114	103	40	40	P 0	0	720	480	
659	1	T 116	102	40	40	P 0	0	720	480	
660	1	T 118	101	40	40	P 0	0	720	480	
661	1	T 120	100	40	40	P 0	0	720	480	
662	1	T 122	99	40	40	P 0	0	720	480	
663	1	T 124	98	40	40	P 0	0	720	480	
664	1	T 126	97	40	40	P 0	0	720	480	
665	1	T 128	96	40	40	P 0	0	720	480	
666	1	T 130	95	40	40	P 0	0	720	480	
667	1	T 132	94	40	40	P 0	0	720	480	
668	1	T 134	93	40	40	P 0	0	720	480	
669	1	T 136	92	40	40	P 0	0	720	480	
670	1	T 138	91	40	40	P 0	0	720	480	
671	1	T 140	90	40	40	P 0	0	720	480	
672	1	T 142	89	40	40	P 0	0	720	480	
673	1	T 144	88	40	40	P 0	0	720	480	
674	1	T 146	87	40	40	P 0	0	720	480	
675	1	T 148	86	40	40	P 0	0	720	480	
676	1	T 150	85	40	40	P 0	0	720	480	
677	1	T 152	84	40	40	P 0	0	720	480	
678	1	T 154	83	40	40	P 0	0	720	480	
679	1	T 156	82	40	40	P 0	0	720	480	
680	1	T 158	81	40	40	P 0	0	720	480	
681	1	T 160	80	40	40	P 0	0	720	480	
682	1	T 162	79	40	40	P 0	0	720	480	
683	1	T 164	78	40	40	P 0	0	720	480	
684	1	T 166	77	40	40	P 0	0	720	480	
685	1	T 168	76	40	40	P 0	0	720	480	
686	1	T 170	75	40	40	P 0	0	720	480	
687	1	T 172	74	40	40	P 0	0	720	480	
688	1	T 174	73	40	40	P 0	0	720	480	
689	1	T 176	72	40	40	P 0	0	720	480	
690	1	T 178	71	40	40	P 0	0	720	480	
691	1	T 180	70	40	40	P 0	0	720	480	
692	1	T 182	69	40	40	P 0	0	720	480	
693	1	T 184	68	40	40	P 0	0	720	480	
694	1	T 186	67	40	40	P 0	0	720	480	
695	1	T 188	66	40	40	P 0	0	720	480	
696	1	T 190	65	40	40	P 0	0	720	480	
697	1	T 192	64	40	40	P 0	0	720	480	
698	1	T 194	63	40	40	P 0	0	720	480	
699	1	T 196	62	40	40	P 0	0	720	480	
700	1	T 198	61	40	40	P 0	0	720	480	
701	1	T 200	60	40	40	P 0	0	720	480	
702	1	T 202	59	40	40	P 0	0	720	480	
703	1	T 204	58	40	40	P 0	0	720	480	
704	1	T 206	57	40	40	P 0	0	720	480	
705	1	T 208	56	40	40	P 0	0	720	480	
706	1	T 210	55	40	40	P 0	0	720	480	
707	1	T 212	54	40	40	P 0	0	720	480	
708	1	T 214	53	40	40	P 0	0	720	480	
709	1	T 216	52	40	40	P 0	0	720	480	
710	1	T 218	51	40	40	P 0	0	720	480	
711	1	T 220	50	40	40	P 0	0	720	480	
712	1	T 222	49	40	40	P 0	0	720	480	
713	1	T 224	48	40	40	P 0	0	720	480	
714	1	T 226	47	40	40	P 0	0	720	480	
715	1	T 228	46	40	40	P 0	0	720	480	
716	1	T 230	45	40	40	P 0	0	720	480	
717	1	T 232	44	40	40	P 0	0	720	480	
718	1	T 234	43	40	40	P 0	0	720	480	
719	1	T 236	42	40	40	P 0	0	720	480	
720	1	T 238	41	40	40	P 0	0	720	480	
721	1	T 240	40	40	40	P 0	0	720	480	
722	1	T 242	39	40	40	P 0	0	720	480	
723	1	T 244	38	40	40	P 0	0	720	480	
724	1	T 246	37	40	40	P 0	0	720	480	
725	1	T 248	36	40	40	P 0	0	720	480	
726	1	T 250	35	40	40	P 0	0	720	480	
727	1	T 252	34	40	40	P 0	0	720	480	
728	1	T 254	33	40	40	P 0	0	720	480	
729	1	T 256	32	40	40	P 0	0	720	480	
730	1	T 258	31	40	40	P 0	0	720	480	
731	1	T 260	30	40	40	P 0	0	720	480	
732	1	T 262	29	40	40	P 0	0	720	480	
733	1	T 264	28	40	40	P 0	0	720	480	
734	1	T 266	27	40	40	P 0	0	720	480	
735	1	T 268	26	40	40	P 0	0	720	480	
736	1	T 270	25	40	40	P 0	0	720	480	
737	1	T 272	24	40	40	P 0	0	720	480	
738	1	T 274	23	40	40	P 0	0	720	480	
739	1	T 276	22	40	40	P 0	0	720	480	
740	1	T 278	21	40	40	P 0	0	720	480	
741	1	T 280	20	40	40	P 0	0	720	480	
742	1	T 282	21	40	40	P 0	0	720	480	
743	1	T 284	22	40	40	P 0	0	720	480	
744	1	T 286	23	40	40	P 0	0	720	480	
745	1	T 288	24	40	40	P 0	0	720	480	
746	1	T 290	25	40	40	P 0	0	720	480	
747	1	T 292	26	40	40	P 0	0	720	480	
748	1	T 294	27	40	40	P 0	0	720	480	
749	1	T 296	28	40	40	P 0	0	720	480	
750	1	T 298	29	40	40	P 0	0	720	480	
751	1	T 300	30	40	40	P 0	0	720	480	
752	1	T 302	31	40	40	P 0	0	720	480	
753	1	T 304	32	40	40	P 0	0	720	480	
754	1	T 306	33	40	40	P 0	0	720	480	
755	1	T 308	34	40	40	P 0	0	720	480	
756	1	T 310	35	40	40	P 0	0	720	480	
757	1	T 312	36	40	40	P 0	0	720	480	
758	1	T 314	37	40	40	P 0	0	720	480	
759	1	T 316	38	40	40	P 0	0	720	480	
760	1	T 318	39	40	40	P 0	0	720	480	
761	1	T 320	40	40	40	P 0	0	720	480	
762	1	T 322	41	40	40	P 0	0	720	480	
763	1	T 324	42	40	40	P 0	0	720	480	
764	1	T 326	43	40	40	P 0	0	720	480	
765	1	T 328	44	40	40	P 0	0	720	480	
766	1	T 330	45	40	40	P 0	0	720	480	
767	1	T 332	46	40	40	P 0	0	720	480	
768	1	T 334	47	40	40	P 0	0	720	480	
769	1	T 336	48	40	40	P 0	0	720	480	
770	1	T 338	49	40	40	P 0	0	720	480	
771	1	T 340	50	40	40	P 0	0	720	480	
772	1	T 342	51	40	40	P 0	0	720	480	
773	1	T 344	52	40	40	P 0	0	720	480	
774	1	T 346	53	40	40	P 0	0	720	480	
775	1	T 348	54	40	40	P 0	0	720	480	
776	1	T 350	55	40	40	P 0	0	720	480	
777	1	T 352	56	40	40	P 0	0	720	480	
778	1	T 354	57	40	40	P 0	0	720	480	
779	1	T 356	58	40	40	P 0	0	720	480	
780	1	T 358	59	40	40	P 0	0	720	480	
781	1	T 360	60	40	40	P 0	0	720	480	
782	1	T 362	61	40	40	P 0	0	720	480	
783	1	T 364	62	40	40	P 0	0	720	480	
784	1	T 366	63	40	40	P 0	0	720	480	
785	1	T 368	64	40	40	P 0	0	720	480	
786	1	T 370	65	40	40	P 0	0	720	480	
787	1	T 372	66	40	40	P 0	0	720	480	
788	1	T 374	67	40	40	P 0	0	720	480	
789	1	T 376	68	40	40	P 0	0	720	480	
790	1	T 378	69	40	40	P 0	0	720	480	
791	1	T 380	70	40	40	P 0	0	720	480	
792	1	T 382	71	40	40	P 0	0	720	480	
793	1	T 384	72	40	40	P 0	0	720	480	
794	1	T 386	73	40	40	P 0	0	720	480	
795	1	T 388	74	40	40	P 0	0	720	480	
796	1	T 390	75	40	40	P 0	0	720	480	
797	1	T 392	76	40	40	P 0	0	720	480	
798	1	T 394	77	40	40	P 0	0	720	480	
799	1	T 396	78	40	40	P 0	0	720	480	
800	1	T 398	79	40	40	P 0	0	720	480	
801	1	T 400	80	40	40	P 0	0	720	480	
802	1	T 402	81	40	40	P 0	0	720	480	
803	1	T 404	82	40	40	P 0	0	720	480	
804	1	T 406	83	40	40	P 0	0	720	480	
805	1	T 408	84	40	40	P 0	0	720	480	
806	1	T 410	85	40	40	P 0	0	720	480	
807	1	T 412	86	40	40	P 0	0	720	480	
808	1	T 414	87	40	40	P 0	0	720	480	
809	1	T 416	88	40	40	P 0	0	720	480	
810	1	T 418	89	40	40	P 0	0	720	480	
811	1	T 420	90	40	40	P 0	0	720	480	
812	1	T 422	91	40	40	P 0	0	720	480	
813	1	T 424	92	40	40	P 0	0	720	480	
814	1	T 426	93	40	40	P 0	0	720	480	
815	1	T 428	94	40	40	P 0	0	720	480	
816	1	T 430	95	40	40	P 0	0	720	480	
817	1	T 432	96	40	40	P 0	0	720	480	
818	1	T 434	97	40	40	P 0	0	720	480	
819	1	T 436	98	40	40	P 0	0	720	480	
820	1	T 438	99	40	40	P 0	0	720	480	
821	1	T 440	100	40	40	P 0	0	720	480	
822	1	T 442	101	40	40	P 0	0	720	480	
823	1	T 444	102	40	40	P 0	0	720	480	
824	1	T 446	103	40	40	P 0	0	720	480	
825	1	T 448	104	40	40	P 0	0	720	480	
826	1	T 450	105	40	40	P 0	0	720	480	
827	1	T 452	106	40	40	P 0	0	720	480	
828	1	T 454	107	40	40	P 0	0	720	480	
829	1	T 456	108	40	40	P 0	0	720	480	
830	1	T 458	109	40	40	P 0	0	720	480	
831	1	T 460	110	40	40	P 0	0	720	480	
832	1	T 462	111	40	40	P 0	0	720	480	
833	1	T 464	112	40	40	P 0	0	720	480	
834	1	T 466	113	40	40	P 0	0	720	480	
835	1	T 468	114	40	40	P 0	0	720	480	
836	1	T 470	115	40	40	P 0	0	720	480	
837	1	T 472	116	40	40	P 0	0	720	480	
838	1	T 474	117	40	40	P 0	0	720	480	
839	1	T 476	118	40	40	P 0	0	720	480	
840	1	T 478	119	40	40	P 0	0	720	480	
841	1	T 480	120	40	40	P 0	0	720	480	
842	1	T 482	121	40	40	P 0	0	720	480	
843	1	T 484	122	40	40	P 0	0	720	480	
844	1	T 486	123	40	40	P 0	0	720	480	
845	1	T 488	124	40	40	P 0	0	720	480	
846	1	T 490	125	40	40	P 0	0	720	480	
847	1	T 492	126	40	40	P 0	0	720	480	
848	1	T 494	127	40	40	P 0	0	720	480	
849	1	T 496	128	40	40	P 0	0	720	480	
850	1	T 498	129	40	40	P 0	0	720	480	
851	1	T 500	130	40	40	P 0	0	720	480	
852	1	T 502	131	40	40	P 0	0	720	480	
853	1	T 504	132	40	40	P 0	0	720	480	
854	1	T 506	133	40	40	P 0	0	720	480	
855	1	T 508	134	40	40	P 0	0	720	480	
856	1	T 510	135	40	40	P 0	0	720	480	
857	1	T 512	136	40	40	P 0	0	720	480	
858	1	T 514	137	40	40	P 0	0	720	480	
859	1	T 516	138	40	40	P 0	0	720	480	
860	1	T 518	139	40	40	P 0	0	720	480	
861	1	T 520	140	40	40	P 0	0	720	480	
862	1	T 522	141	40	40	P 0	0	720	480	
863	1	T 524	142	40	40	P 0	0	720	480	
864	1	T 526	143	40	40	P 0	0	720	480	
865	1	T 528	144	40	40	P 0	0	720	480	
866	1	T 530	145	40	40	P 0	0	720	480	
867	1	T 532	146	40	40	P 0	0	720	480	
868	1	T 534	147	40	40	P 0	0	720	480	
869	1	T 536	148	40	40	P 0	0	720	480	
870	1	T 538	149	40	40	P 0	0	720	480	
871	1	T 540	150	40	40	P 0	0	720	480	
872	1	T 542	151	40	40	P 0	0	720	480	
873	1	T 544	152	40	40	P 0	0	720	480	
874	1	T 546	153	40	40	P 0	0	720	480	
875	1	T 548	154	40	40	P 0	0	720	480	
876	1	T 550	155	40	40	P 0	0	720	480	
877	1	T 552	156	40	40	P 0	0	720	480	
878	1	T 554	157	40	40	P 0	0	720	480	
879	1	T 556	158	40	40	P 0	0	720	480	
880	1	T 558	159	40	40	P 0	0	720	480	
881	1	T 560	160	40	40	P 0	0	720	480	
882	1	T 562	161	40	40	P 0	0	720	480	
883	1	T 564	162	40	40	P 0	0	720	480	
884	1	T 566	163	40	40	P 0	0	720	480	
885	1	T 568	164	40	40	P 0	0	720	480	
886	1	T 570	165	40	40	P 0	0	720	480	
887	1	T 572	166	40	40	P 0	0	720	480	
888	1	T 574	167	40	40	P 0	0	720	480	
889	1	T 576	168	40	40	P 0	0	720	480	
890	1	T 578	169	40	40	P 0	0	720	480	
891	1	T 580	170	40	40	P 0	0	720	480	
892	1	T 582	171	40	40	P 0	0	720	480	
893	1	T 584	172	40	40	P 0	0	720	480	
894	1	T 586	173	40	40	P 0	0	720	480	
895	1	T 588	174	40	40	P 0	0	720	480	
896	1	T 590	175	40	40	P 0	0	720	480	
897	1	T 592	176	40	40	P 0	0	720	480	
898	1	T 594	177	40	40	P 0	0	720	480	
899	1	T 596	178	40	40	P 0	0	720	480	
900	1	T 598	179	40	40	P 0	0	720	480	
901	1	T 600	180	40	40	P 0	0	720	480	
902	1	T 602	181	40	40	P 0	0	720	480	
903	1	T 604	182	40	40	P 0	0	720	480	
904	1	T 606	183	40	40	P 0	0	720	480	
905	1	T 608	184	40	40	P 0	0	720	480	
906	1	T 610	185	40	40	P 0	0	720	480	
907	1	T 612	186	40	40	P 0	0	720	480	
908	1	T 614	187	40	40	P 0	0	720	480	
909	1	T 616	188	40	40	P 0	0	720	480	
910	1	T 618	189	40	40	P 0	0	720	480	
911	1	T 620	190	40	40	P 0	0	720	480	
912	1	T 622	191	40	40	P 0	0	720	480	
913	1	T 624	192	40	40	P 0	0	720	480	
914	1	T 626	193	40	40	P 0	0	720	480	
915	1	T 628	194	40	40	P 0	0	720	480	
916	1	T 630	195	40	40	P 0	0	720	480	
917	1	T 632	196	40	40	P 0	0	720	480	
918	1	T 634	197	40	40	P 0	0	720	480	
919	1	T 636	198	40	40	P 0	0	720	480	
920	1	T 638	199	40	40	P 0	0	720	480	
921	1	T 640	200	40	40	P 0	0	720	480	
922	1	T 642	201	40	40	P 0	0	720	480	
923	1	T 644	202	40	40	P 0	0	720	480	
924	1	T 646	203	40	40	P 0	0	720	480	
925	1	T 648	204	40	40	P 0	0	720	480	
926	1	T 650	205	40	40	P 0	0	720	480	
927	1	T 652	206	40	40	P 0	0	720	480	
928	1	T 654	207	40	40	P 0	0	720	480	
929	1	T 656	208	40	40	P 0	0	720	480	
930	1	T 658	209	40	40	P 0	0	720	480	
931	1	T 660	210	40	40	P 0	0	720	480	
932	1	T 658	211	40	40	P 0	0	720	480	
933	1	T 656	212	40	40	P 0	0	720	480	
934	1	T 654	213	40	40	P 0	0	720	480	
935	1	T 652	214	40	40	P 0	0	720	480	
936	1	T 650	215	40	40	P 0	0	720	480	
937	1	T 648	216	40	40	P 0	0	720	480	
938	1	T 646	217	40	40	P 0	0	720	480	
939	1	T 644	218	40	40	P 0	0	720	480	
940	1	T 642	219	40	40	P 0	0	720	480	
941	1	T 640	220	40	40	P 0	0	720	480	
942	1	T 638	221	40	40	P 0	0	720	480	
943	1	T 636	222	40	40	P 0	0	720	480	
944	1	T 634	223	40	40	P 0	0	720	480	
945	1	T 632	224	40	40	P 0	0	720	480	
946	1	T 630	225	40	40	P 0	0	720	480	
947	1	T 628	226	40	40	P 0	0	720	480	
948	1	T 626	227	40	40	P 0	0	720	480	
949	1	T 624	228	40	40	P 0	0	720	480	
950	1	T 622	229	40	40	P 0	0	720	480	
951	1	T 620	230	40	40	P 0	0	720	480	
952	1	T 618	231	40	40	P 0	0	720	480	
953	1	T 616	232	40	40	P 0	0	720	480	
954	1	T 614	233	40	40	P 0	0	720	480	
955	1	T 612	234	40	40	P 0	0	720	480	
956	1	T 610	235	40	40	P 0	0	720	480	
957	1	T 608	236	40	40	P 0	0	720	480	
958	1	T 606	237	40	40	P 0	0	720	480	
959	1	T 604	238	40	40	P 0	0	720	480	
960	1	T 602	239	40	40	P 0	0	720	480	
961	1	T 600	240	40	40	P 0	0	720	480	
962	1	T 598	241	40	40	P 0	0	720	480	
963	1	T 596	242	40	40	P 0	0	720	480	
964	1	T 594	243	40	40	P 0	0	720	480	
965	1	T 592	244	40	40	P 0	0	720	480	
966	1	T 590	245	40	40	P 0	0	720	480	
967	1	T 588	246	40	40	P 0	0	720	480	
968	1	T 586	247	40	40	P 0	0	720	480	
969	1	T 584	248	40	40	P 0	0	720	480	
970	1	T 582	249	40	40	P 0	0	720	480	
971	1	T 580	250	40	40	P 0	0	720	480	
972	1	T 578	251	40	40	P 0	0	720	480	
973	1	T 576	252	40	40	P 0	0	720	480	
974	1	T 574	253	40	40	P 0	0	720	480	
975	1	T 572	254	40	40	P 0	0	720	480	
976	1	T 570	255	40	40	P 0	0	720	480	
977	1	T 568	256	40	40	P 0	0	720	480	
978	1	T 566	257	40	40	P 0	0	720	480	
979	1	T 564	258	40	40	P 0	0	720	480	
980	1	T 562	259	40	40	P 0	0	720	480	
981	1	T 560	260	40	40	P 0	0	720	480	
982	1	T 558	261	40	40	P 0	0	720	480	
983	1	T 556	262	40	40	P 0	0	720	480	
984	1	T 554	263	40	40	P 0	0	720	480	
985	1	T 552	264	40	40	P 0	0	720	480	
986	1	T 550	265	40	40	P 0	0	720	480	
987	1	T 548	266	40	40	P 0	0	720	480	
988	1	T 546	267	40	40	P 0	0	720	480	
989	1	T 544	268	40	40	P 0	0	720	480	
990	1	T 542	269	40	40	P 0	0	720	480	
991	1	T 540	270	40	40	P 0	0	720	480	
992	1	T 538	271	40	40	P 0	0	720	480	
993	1	T 536	272	40	40	P 0	0	720	480	
994	1	T 534	273	40	40	P 0	0	720	480	
995	1	T 532	274	40	40	P 0	0	720	480	
996	1	T 530	275	40	40	P 0	0	720	480	
997	1	T 528	276	40	40	P 0	0	720	480	
998	1	T 526	277	40	40	P 0	0	720	480	
999	1	T 524	278	40	40	P 0	0	720	480	
1000	1	T 522	279	40	40	P 0	0	720	480	
1001	1	T 520	280	40	40	P 0	0	720	480	
1002	1	T 518	281	40	40	P 0	0	720	480	
1003	1	T 516	282	40	40	P 0	0	720	480	
1004	1	T 514	283	40	40	P 0	0	720	480	
1005	1	T 512	284	40	40	P 0	0	720	480	
1006	1	T 510	285	40	40	P 0	0	720	480	
1007	1	T 508	286	40	40	P 0	0	720	480	
1008	1	T 506	287	40	40	P 0	0	720	480	
1009	1	T 504	288	40	40	P 0	0	720	480	
1010	1	T 502	289	40	40	P 0	0	720	480	
1011	1	T 500	290	40	40	P 0	0	720	480	
1012	1	T 498	291	40	40	P 0	0	720	480	
1013	1	T 496	292	40	40	P 0	0	720	480	
1014	1	T 494	293	40	40	P 0	0	720	480	
1015	1	T 492	294	40	40	P 0	0	720	480	
1016	1	T 490	295	40	40	P 0	0	720	480	
1017	1	T 488	296	40	40	P 0	0	720	480	
1018	1	T 486	297	40	40	P 0	0	720	480	
1019	1	T 484	298	40	40	P 0	0	720	480	
1020	1	T 482	299	40	40	P 0	0	720	480	
1021	1	T 480	300	40	40	P 0	0	720	480	
1022	1	T 478	301	40	40	P 0	0	720	480	
1023	1	T 476	302	40	40	P 0	0	720	480	
1024	1	T 474	303	40	40	P 0	0	720	480	
1025	1	T 472	304	40	40	P 0	0	720	480	
1026	1	T 470	305	40	40	P 0	0	720	480	
1027	1	T 468	306	40	40	P 0	0	720	480	
1028	1	T 466	307	40	40	P 0	0	720	480	
1029	1	T 464	308	40	40	P 0	0	720	480	
1030	1	T 462	309	40	40	P 0	0	720	480	
1031	1	T 460	310	40	40	P 0	0	720	480	
1032	1	T 458	311	40	40	P 0	0	720	480	
1033	1	T 456	312	40	40	P 0	0	720	480	
1034	1	T 454	313	40	40	P 0	0	720	480	
1035	1	T 452	314	40	40	P 0	0	720	480	
1036	1	T 450	315	40	40	P 0	0	720	480	
1037	1	T 448	316	40	40	P 0	0	720	480	
1038	1	T 446	317	40	40	P 0	0	720	480	
1039	1	T 444	318	40	40	P 0	0	720	480	
1040	1	T 442	319	40	40	P 0	0	720	480	
1041	1	T 440	320	40	40	P 0	0	720	480	
1042	1	T 438	321	40	40	P 0	0	720	480	
1043	1	T 436	322	40	40	P 0	0	720	480	
1044	1	T 434	323	40	40	P 0	0	720	480	
1045	1	T 432	324	40	40	P 0	0	720	480	
1046	1	T 430	325	40	40	P 0	0	720	480	
1047	1	T 428	326	40	40	P 0	0	720	480	
1048	1	T 426	327	40	40	P 0	0	720	480	
1049	1	T 424	328	40	40	P 0	0	720	480	
1050	1	T 422	329	40	40	P 0	0	720	480	
1051	1	T 420	330	40	40	P 0	0	720	480	
1052	1	T 418	331	40	40	P 0	0	720	480	
1053	1	T 416	332	40	40	P 0	0	720	480	
1054	1	T 414	333	40	40	P 0	0	720	480	
1055	1	T 412	334	40	40	P 0	0	720	480	
1056	1	T 410	335	40	40	P 0	0	720	480	
1057	1	T 408	336	40	40	P 0	0	720	480	
1058	1	T 406	337	40	40	P 0	0	720	480	
1059	1	T 404	338	40	40	P 0	0	720	480	
1060	1	T 402	339	40	40	P 0	0	720	480	
1061	1	T 400	340	40	40	P 0	0	720	480	
1062	1	T 398	341	40	40	P 0	0	720	480	
1063	1	T 396	342	40	40	P 0	0	720	480	
1064	1	T 394	343	40	40	P 0	0	720	480	
1065	1	T 392	344	40	40	P 0	0	720	480	
1066	1	T 390	345	40	40	P 0	0	720	480	
1067	1	T 388	346	40	40	P 0	0	720	480	
1068	1	T 386	347	40	40	P 0	0	720	480	
1069	1	T 384	348	40	40	P 0	0	720	480	
1070	1	T 382	349	40	40	P 0	0	720	480	
1071	1	T 380	350	40	40	P 0	0	720	480	
1072	1	T 378	351	40	40	P 0	0	720	480	
1073	1	T 376	352	40	40	P 0	0	720	480	
1074	1	T 374	353	40	40	P 0	0	720	480	
1075	1	T 372	354	40	40	P 0	0	720	480	
1076	1	T 370	355	40	40	P 0	0	720	480	
1077	1	T 368	356	40	40	P 0	0	720	480	
1078	1	T 366	357	40	40	P 0	0	720	480	
1079	1	T 364	358	40	40	P 0	0	720	480	
1080	1	T 362	359	40	40	P 0	0	720	480	
1081	1	T 360	360	40	40	P 0	0	720	480	
1082	1	T 358	361	40	40	P 0	0	720	480	
1083	1	T 356	362	40	40	P 0	0	720	480	
1084	1	T 354	363	40	40	P 0	0	720	480	
1085	1	T 352	364	40	40	P 0	0	720	480	
1086	1	T 350	365	40	40	P 0	0	720	480	
1087	1	T 348	366	40	40	P 0	0	720	480	
1088	1	T 346	367	40	40	P 0	0	720	480	
1089	1	T 344	368	40	40	P 0	0	720	480	
1090	1	T 342	369	40	40	P 0	0	720	480	
1091	1	T 340	370	40	40	P 0	0	720	480	
1092	1	T 338	371	40	40	P 0	0	720	480	
1093	1	T 336	372	40	40	P 0	0	720	480	
1094	1	T 334	373	40	40	P 0	0	720	480	
1095	1	T 332	374	40	40	P 0	0	720	480	
1096	1	T 330	375	40	40	P 0	0	720	480	
1097	1	T 328	376	40	40	P 0	0	720	480	
1098	1	T 326	377	40	40	P 0	0	720	480	
1099	1	T 324	378	40	40	P 0	0	720	480	
1100	1	T 322	379	40	40	P 0	0	720	480	
1101	1	T 320	380	40	40	P 0	0	720	480	
1102	1	T 318	381	40	40	P 0	0	720	480	
1103	1	T 316	382	40	40	P 0	0	720	480	
1104	1	T 314	383	40	40	P 0	0	720	480	
1105	1	T 312	384	40	40	P 0	0	720	480	
1106	1	T 310	385	40	40	P 0	0	720	480	
1107	1	T 308	386	40	40	P 0	0	720	480	
1108	1	T 306	387	40	40	P 0	0	720	480	
1109	1	T 304	388	40	40	P 0	0	720	480	
1110	1	T 302	389	40	40	P 0	0	720	480	
1111	1	T 300	390	40	40	P 0	0	720	480	
1112	1	T 298	391	40	40	P 0	0	720	480	
1113	1	T 296	392	40	40	P 0	0	720	480	
1114	1	T 294	393	40	40	P 0	0	720	480	
1115	1	T 292	394	40	40	P 0	0	720	480	
1116	1	T 290	395	40	40	P 0	0	720	480	
1117	1	T 288	396	40	40	P 0	0	720	480	
1118	1	T 286	397	40	40	P 0	0	720	480	
1119	1	T 284	398	40	40	P 0	0	720	480	
1120	1	T 282	399	40	40	P 0	0	720	480	
1121	1	T 280	400	40	40	P 0	0	720	480	
1122	1	T 278	401	40	40	P 0	0	720	480	
1123	1	T 276	402	40	40	P 0	0	720	480	
1124	1	T 274	403	40	40	P 0	0	720	480	
1125	1	T 272	404	40	40	P 0	0	720	480	
1126	1	T 270	405	40	40	P 0	0	720	480	
1127	1	T 268	406	40	40	P 0	0	720	480	
1128	1	T 266	407	40	40	P 0	0	720	480	
1129	1	T 264	408	40	40	P 0	0	720	480	
1130	1	T 262	409	40	40	P 0	0	720	480	
1131	1	T 260	410	40	40	P 0	0	720	480	
1132	1	T 258	411	40	40	P 0	0	720	480	
1133	1	T 256	412	40	40	P 0	0	720	480	
1134	1	T 254	413	40	40	P 0	0	720	480	
1135	1	T 252	414	40	40	P 0	0	720	480	
1136	1	T 250	415	40	40	P 0	0	720	480	
1137	1	T 248	416	40	40	P 0	0	720	480	
1138	1	T 246	417	40	40	P 0	0	720	480	
1139	1	T 244	418	40	40	P 0	0	720	480	
1140	1	T 242	419	40	40	P 0	0	720	480	
1141	1	T 240	420	40	40	P 0	0	720	480	
1142	1	T 238	419	40	40	P 0	0	720	480	
1143	1	T 236	418	40	40	P 0	0	720	480	
