frame	IoU
1	0.127551
2	0.127551
3	0.127551
4	0.127551
5	0.127551
6	0.127551
7	0.111607
8	0.127551
9	0.127551
10	0.127551
11	0.127551
12	0.111607
13	0.111607
14	0.111607
15	0.111607
16	0.127551
17	0.127551
18	0.127551
19	0.127551
20	0.127551
21	0.127551
22	0.127551
23	0.111607
24	0.127551
25	0.127551
26	0.127551
27	0.127551
28	0.111607
29	0.111607
30	0.111607
31	0.111607
32	0.127551
33	0.127551
34	0.127551
35	0.127551
36	0.127551
37	0.127551
38	0.127551
39	0.111607
40	0.127551
41	0.127551
42	0.127551
43	0.127551
44	0.127551
45	0.111607
46	0.111607
47	0.111607
48	0.127551
49	0.127551
50	0.127551
51	0.127551
52	0.127551
53	0.127551
54	0.127551
55	0.111607
56	0.127551
57	0.127551
58	0.127551
59	0.127551
60	0.111607
61	0.111607
62	0.111607
63	0.111607
64	0.127551
65	0.127551
66	0.127551
67	0.127551
68	0.127551
69	0.127551
70	0.127551
71	0.111607
72	0.127551
73	0.127551
74	0.127551
75	0.127551
76	0.127551
77	0.111607
78	0.127551
79	0.111607
80	0.127551
81	0.127551
82	0.127551
83	0.127551
84	0.127551
85	0.127551
86	0.127551
87	0.111607
88	0.127551
89	0.127551
90	0.127551
91	0.127551
92	0.127551
93	0.111607
94	0.111607
95	0.111607
96	0.127551
97	0.127551
98	0.127551
99	0.127551
100	0.127551
101	0.127551
102	0.127551
103	0.111607
104	0.127551
105	0.127551
106	0.127551
107	0.127551
108	0.111607
109	0.111607
110	0.111607
111	0.111607
112	0.127551
113	0.127551
114	0.127551
115	0.127551
116	0.127551
117	0.127551
118	0.127551
119	0.111607
120	0.127551
121	0.127551
122	0.127551
123	0.127551
124	0.127551
125	0.111607
126	0.111607
127	0.111607
128	0.127551
129	0.127551
130	0.127551
131	0.127551
132	0.127551
133	0.127551
134	0.127551
135	0.111607
136	0.127551
137	0.127551
138	0.127551
139	0.127551
140	0.111607
141	0.111607
142	0.111607
143	0.111607
144	0.111607
145	0.127551
146	0.127551
147	0.127551
148	0.127551
149	0.127551
150	0.127551
151	0.111607
152	0.127551
153	0.127551
154	0.127551
155	0.127551
156	0.127551
157	0.111607
158	0.111607
159	0.111607
160	0.127551
161	0.127551
162	0.127551
163	0.127551
164	0.127551
165	0.127551
166	0.127551
167	0.111607
168	0.127551
169	0.127551
170	0.127551
171	0.127551
172	0.127551
173	0.111607
174	0.127551
175	0.111607
176	0.127551
177	0.127551
178	0.127551
179	0.127551
180	0.127551
181	0.127551
182	0.127551
183	0.111607
184	0.127551
185	0.127551
186	0.127551
187	0.127551
188	0.127551
189	0.111607
190	0.127551
191	0.111607
192	0.127551
193	0.127551
194	0.127551
195	0.127551
196	0.127551
197	0.127551
198	0.127551
199	0.111607
200	0.127551
201	0.127551
202	0.127551
203	0.127551
204	0.127551
205	0.111607
206	0.111607
207	0.0976563
208	0.111607
209	0.127551
210	0.127551
211	0.127551
212	0.127551
213	0.127551
214	0.127551
215	0.111607
216	0.127551
217	0.127551
218	0.127551
219	0.127551
220	0.127551
221	0.111607
222	0.127551
223	0.111607
224	0.127551
225	0.127551
226	0.127551
227	0.127551
228	0.127551
229	0.127551
230	0.127551
231	0.111607
232	0.127551
233	0.127551
234	0.127551
235	0.127551
236	0.111607
237	0.111607
238	0.111607
239	0.0976563
240	0.127551
241	0.127551
242	0.127551
243	0.127551
244	0.127551
245	0.127551
246	0.127551
247	0.111607
248	0.127551
249	0.127551
250	0.127551
251	0.127551
252	0.111607
253	0.111607
254	0.127551
255	0.111607
256	0.127551
257	0.127551
258	0.127551
259	0.127551
260	0.127551
261	0.127551
262	0.127551
263	0.111607
264	0.127551
265	0.127551
266	0.127551
267	0.111607
268	0.127551
269	0.111607
270	0.111607
271	0.0976563
272	0.127551
273	0.127551
274	0.127551
275	0.127551
276	0.127551
277	0.127551
278	0.127551
279	0.111607
280	0.127551
281	0.127551
282	0.127551
283	0.127551
284	0.111607
285	0.111607
286	0.111607
287	0.127551
288	0.14881
289	0.14881
290	0.14881
291	0.14881
292	0.14881
293	0.14881
294	0.14881
295	0.127551
296	0.127551
297	0.127551
298	0.127551
299	0.127551
300	0.111607
301	0.111607
302	0.127551
303	0.0976563
304	0.127551
305	0.127551
306	0.127551
307	0.127551
308	0.127551
309	0.127551
310	0.127551
311	0.111607
312	0.127551
313	0.127551
314	0.127551
315	0.127551
316	0.111607
317	0.111607
318	0.127551
319	0.0976563
320	0.127551
321	0.127551
322	0.127551
323	0.127551
324	0.127551
325	0.127551
326	0.127551
327	0.111607
328	0.127551
329	0.127551
330	0.127551
331	0.127551
332	0.127551
333	0.127551
334	0.127551
335	0.130208
336	0.14881
337	0.14881
338	0.14881
339	0.14881
340	0.14881
341	0.14881
342	0.14881
343	0.130208
344	0.14881
345	0.14881
346	0.14881
347	0.14881
348	0.127551
349	0.127551
350	0.127551
351	0.111607
352	0.127551
353	0.127551
354	0.127551
355	0.127551
356	0.127551
357	0.127551
358	0.127551
359	0.111607
360	0.127551
361	0.127551
362	0.127551
363	0.127551
364	0.111607
365	0.111607
366	0.111607
367	0.111607
368	0.127551
369	0.127551
370	0.127551
371	0.127551
372	0.127551
373	0.127551
374	0.127551
375	0.111607
376	0.127551
377	0.127551
378	0.127551
379	0.127551
380	0.127551
381	0.111607
382	0.111607
383	0.111607
384	0.127551
385	0.127551
386	0.127551
387	0.127551
388	0.127551
389	0.127551
390	0.127551
391	0.111607
392	0.127551
393	0.127551
394	0.127551
395	0.127551
396	0.111607
397	0.111607
398	0.111607
399	0.111607
400	0.127551
401	0.127551
402	0.127551
403	0.127551
404	0.127551
405	0.127551
406	0.127551
407	0.111607
408	0.127551
409	0.127551
410	0.127551
411	0.127551
412	0.111607
413	0.111607
414	0.111607
415	0.111607
416	0.127551
417	0.127551
418	0.127551
419	0.127551
420	0.127551
421	0.127551
422	0.127551
423	0.111607
424	0.127551
425	0.127551
426	0.127551
427	0.127551
428	0.127551
429	0.111607
430	0.111607
431	0.111607
432	0.127551
433	0.127551
434	0.127551
435	0.127551
436	0.127551
437	0.127551
438	0.127551
439	0.111607
440	0.127551
441	0.127551
442	0.127551
443	0.127551
444	0.111607
445	0.111607
446	0.111607
447	0.111607
448	0.127551
449	0.127551
450	0.127551
451	0.127551
452	0.127551
453	0.127551
454	0.127551
455	0.111607
456	0.127551
457	0.127551
458	0.127551
459	0.127551
460	0.111607
461	0.111607
462	0.111607
463	0.111607
464	0.127551
465	0.127551
466	0.127551
467	0.127551
468	0.127551
469	0.127551
470	0.127551
471	0.111607
472	0.127551
473	0.127551
474	0.127551
475	0.127551
476	0.127551
477	0.111607
478	0.111607
479	0.111607
480	0.127551
481	0.127551
482	0.127551
483	0.127551
484	0.127551
485	0.127551
486	0.127551
487	0.111607
488	0.127551
489	0.127551
490	0.127551
491	0.127551
492	0.111607
493	0.111607
494	0.111607
495	0.111607
496	0.127551
497	0.127551
498	0.127551
499	0.127551
500	0.127551
501	0.127551
502	0.127551
503	0.111607
504	0.127551
505	0.127551
506	0.127551
507	0.127551
508	0.111607
509	0.111607
510	0.111607
511	0.111607
512	0.127551
513	0.127551
514	0.127551
515	0.127551
516	0.127551
517	0.127551
518	0.127551
519	0.111607
520	0.127551
521	0.127551
522	0.127551
523	0.127551
524	0.127551
525	0.111607
526	0.111607
527	0.111607
528	0.127551
529	0.127551
530	0.127551
531	0.127551
532	0.127551
533	0.127551
534	0.127551
535	0.111607
536	0.127551
537	0.127551
538	0.127551
539	0.127551
540	0.127551
541	0.111607
542	0.111607
543	0.111607
544	0.127551
545	0.127551
546	0.127551
547	0.127551
548	0.127551
549	0.127551
550	0.127551
551	0.111607
552	0.127551
553	0.127551
554	0.127551
555	0.127551
556	0.111607
557	0.111607
558	0.111607
559	0.111607
560	0.127551
561	0.127551
562	0.127551
563	0.127551
564	0.127551
565	0.127551
566	0.127551
567	0.111607
568	0.127551
569	0.127551
570	0.127551
571	0.127551
572	0.127551
573	0.111607
574	0.111607
575	0.111607
576	0.127551
577	0.127551
578	0.127551
579	0.127551
580	0.127551
581	0.127551
582	0.127551
583	0.111607
584	0.127551
585	0.127551
586	0.127551
587	0.127551
588	0.127551
589	0.111607
590	0.111607
591	0.111607
592	0.127551
593	0.127551
594	0.127551
595	0.127551
596	0.127551
597	0.127551
598	0.127551
599	0.111607
600	0.127551
601	0.127551
602	0.127551
603	0.127551
604	0.111607
605	0.111607
606	0.111607
607	0.127551
608	0.14881
609	0.14881
610	0.14881
611	0.14881
612	0.14881
613	0.14881
614	0.14881
615	0.127551
616	0.127551
617	0.127551
618	0.127551
619	0.127551
620	0.111607
621	0.111607
622	0.0976563
623	0.0976563
624	0.127551
625	0.127551
626	0.127551
627	0.127551
628	0.127551
629	0.127551
630	0.127551
631	0.111607
632	0.127551
633	0.127551
634	0.127551
635	0.127551
636	0.127551
637	0.111607
638	0.111607
639	0.111607
640	0.127551
641	0.127551
642	0.127551
643	0.127551
644	0.127551
645	0.127551
646	0.127551
647	0.111607
648	0.127551
649	0.127551
650	0.127551
651	0.127551
652	0.127551
653	0.111607
654	0.127551
655	0.0976563
656	0.127551
657	0.127551
658	0.127551
659	0.127551
660	0.127551
661	0.127551
662	0.127551
663	0.111607
664	0.127551
665	0.127551
666	0.127551
667	0.127551
668	0.111607
669	0.111607
670	0.111607
671	0.111607
672	0.127551
673	0.127551
674	0.127551
675	0.127551
676	0.127551
677	0.127551
678	0.127551
679	0.111607
680	0.127551
681	0.127551
682	0.127551
683	0.127551
684	0.127551
685	0.111607
686	0.111607
687	0.0976563
688	0.127551
689	0.127551
690	0.127551
691	0.127551
692	0.127551
693	0.127551
694	0.127551
695	0.111607
696	0.127551
697	0.127551
698	0.127551
699	0.127551
700	0.127551
701	0.111607
702	0.111607
703	0.111607
704	0.127551
705	0.127551
706	0.127551
707	0.127551
708	0.127551
709	0.127551
710	0.127551
711	0.111607
712	0.127551
713	0.127551
714	0.127551
715	0.127551
716	0.127551
717	0.111607
718	0.111607
719	0.111607
720	0.127551
721	0.127551
722	0.127551
723	0.127551
724	0.127551
725	0.127551
726	0.127551
727	0.111607
728	0.127551
729	0.127551
730	0.127551
731	0.127551
732	0.127551
733	0.127551
734	0.127551
735	0.130208
736	0.14881
737	0.14881
738	0.14881
739	0.14881
740	0.14881
741	0.14881
742	0.14881
743	0.130208
744	0.14881
745	0.14881
746	0.14881
747	0.14881
748	0.14881
749	0.127551
750	0.127551
751	0.111607
752	0.127551
753	0.127551
754	0.127551
755	0.127551
756	0.127551
757	0.127551
758	0.127551
759	0.111607
760	0.127551
761	0.127551
762	0.127551
763	0.127551
764	0.127551
765	0.111607
766	0.127551
767	0.111607
768	0.127551
769	0.127551
770	0.127551
771	0.127551
772	0.127551
773	0.127551
774	0.127551
775	0.111607
776	0.111607
777	0.127551
778	0.127551
779	0.127551
780	0.111607
781	0.111607
782	0.111607
783	0.111607
784	0.127551
785	0.127551
786	0.127551
787	0.127551
788	0.127551
789	0.127551
790	0.127551
791	0.111607
792	0.127551
793	0.127551
794	0.127551
795	0.127551
796	0.127551
797	0.111607
798	0.127551
799	0.111607
800	0.127551
801	0.127551
802	0.127551
803	0.127551
804	0.127551
805	0.127551
806	0.127551
807	0.111607
808	0.127551
809	0.127551
810	0.127551
811	0.127551
812	0.111607
813	0.111607
814	0.127551
815	0.111607
816	0.127551
817	0.127551
818	0.127551
819	0.127551
820	0.127551
821	0.127551
822	0.127551
823	0.111607
824	0.127551
825	0.127551
826	0.127551
827	0.127551
828	0.111607
829	0.111607
830	0.111607
831	0.111607
832	0.111607
833	0.127551
834	0.127551
835	0.127551
836	0.127551
837	0.127551
838	0.127551
839	0.111607
840	0.127551
841	0.127551
842	0.127551
843	0.127551
844	0.111607
845	0.111607
846	0.111607
847	0.111607
848	0.127551
849	0.127551
850	0.127551
851	0.127551
852	0.127551
853	0.127551
854	0.127551
855	0.111607
856	0.127551
857	0.127551
858	0.127551
859	0.127551
860	0.111607
861	0.111607
862	0.111607
863	0.111607
864	0.127551
865	0.127551
866	0.127551
867	0.127551
868	0.127551
869	0.127551
870	0.127551
871	0.111607
872	0.127551
873	0.127551
874	0.127551
875	0.127551
876	0.111607
877	0.111607
878	0.111607
879	0.111607
880	0.127551
881	0.127551
882	0.127551
883	0.127551
884	0.127551
885	0.127551
886	0.127551
887	0.111607
888	0.127551
889	0.127551
890	0.127551
891	0.127551
892	0.111607
893	0.111607
894	0.111607
895	0.111607
896	0.127551
897	0.127551
898	0.127551
899	0.127551
900	0.127551
901	0.127551
902	0.127551
903	0.111607
904	0.127551
905	0.127551
906	0.127551
907	0.127551
908	0.111607
909	0.111607
910	0.111607
911	0.111607
912	0.127551
913	0.127551
914	0.127551
915	0.127551
916	0.127551
917	0.127551
918	0.127551
919	0.111607
920	0.127551
921	0.127551
922	0.127551
923	0.127551
924	0.111607
925	0.111607
926	0.111607
927	0.127551
928	0.14881
929	0.14881
930	0.14881
931	0.14881
932	0.14881
933	0.14881
934	0.14881
935	0.127551
936	0.127551
937	0.127551
938	0.127551
939	0.127551
940	0.127551
941	0.111607
942	0.127551
943	0.111607
944	0.127551
945	0.127551
946	0.127551
947	0.127551
948	0.127551
949	0.127551
950	0.127551
951	0.111607
952	0.127551
953	0.127551
954	0.127551
955	0.127551
956	0.111607
957	0.111607
958	0.111607
959	0.0976563
960	0.127551
961	0.127551
962	0.127551
963	0.127551
964	0.127551
965	0.127551
966	0.127551
967	0.111607
968	0.127551
969	0.127551
970	0.127551
971	0.127551
972	0.111607
973	0.111607
974	0.111607
975	0.0976563
976	0.127551
977	0.127551
978	0.127551
979	0.127551
980	0.127551
981	0.127551
982	0.127551
983	0.111607
984	0.127551
985	0.127551
986	0.127551
987	0.127551
988	0.127551
989	0.111607
990	0.127551
991	0.0976563
992	0.111607
993	0.127551
994	0.127551
995	0.127551
996	0.127551
997	0.127551
998	0.127551
999	0.111607
1000	0.127551
1001	0.127551
1002	0.127551
1003	0.127551
1004	0.111607
1005	0.111607
1006	0.127551
1007	0.0976563
1008	0.111607
1009	0.127551
1010	0.127551
1011	0.127551
1012	0.127551
1013	0.127551
1014	0.127551
1015	0.111607
1016	0.127551
1017	0.127551
1018	0.127551
1019	0.127551
1020	0.111607
1021	0.111607
1022	0.127551
1023	0.111607
1024	0.127551
1025	0.127551
1026	0.127551
1027	0.127551
1028	0.127551
1029	0.127551
1030	0.127551
1031	0.111607
1032	0.127551
1033	0.127551
1034	0.127551
1035	0.127551
1036	0.127551
1037	0.111607
1038	0.111607
1039	0.111607
1040	0.127551
1041	0.127551
1042	0.127551
1043	0.127551
1044	0.127551
1045	0.127551
1046	0.127551
1047	0.111607
1048	0.127551
1049	0.127551
1050	0.127551
1051	0.127551
1052	0.127551
1053	0.111607
1054	0.111607
1055	0.111607
1056	0.127551
1057	0.127551
1058	0.127551
1059	0.127551
1060	0.127551
1061	0.127551
1062	0.127551
1063	0.111607
1064	0.127551
1065	0.127551
1066	0.127551
1067	0.127551
1068	0.111607
1069	0.111607
1070	0.127551
1071	0.111607
1072	0.127551
1073	0.127551
1074	0.127551
1075	0.127551
1076	0.127551
1077	0.127551
1078	0.127551
1079	0.111607
1080	0.127551
1081	0.127551
1082	0.127551
1083	0.127551
1084	0.111607
1085	0.111607
1086	0.111607
1087	0.111607
1088	0.127551
1089	0.127551
1090	0.127551
1091	0.127551
1092	0.127551
1093	0.127551
1094	0.127551
1095	0.111607
1096	0.127551
1097	0.127551
1098	0.127551
1099	0.127551
1100	0.111607
1101	0.111607
1102	0.111607
1103	0.111607
1104	0.127551
1105	0.127551
1106	0.127551
1107	0.127551
1108	0.127551
1109	0.127551
1110	0.127551
1111	0.111607
1112	0.127551
1113	0.127551
1114	0.127551
1115	0.127551
1116	0.111607
1117	0.111607
1118	0.111607
1119	0.111607
1120	0.127551
1121	0.127551
1122	0.127551
1123	0.127551
1124	0.127551
1125	0.127551
1126	0.127551
1127	0.111607
1128	0.127551
1129	0.127551
1130	0.127551
1131	0.127551
1132	0.127551
1133	0.127551
1134	0.127551
1135	0.130208
1136	0.14881
1137	0.14881
1138	0.14881
1139	0.14881
1140	0.14881
1141	0.14881
1142	0.14881
1143	0.130208
1144	0.14881
1145	0.14881
1146	0.14881
1147	0.14881
1148	0.127551
1149	0.127551
1150	0.127551
1151	0.111607
1152	0.127551
1153	0.127551
1154	0.127551
1155	0.127551
1156	0.127551
1157	0.127551
1158	0.127551
1159	0.111607
1160	0.127551
1161	0.127551
1162	0.127551
1163	0.127551
1164	0.111607
1165	0.111607
1166	0.111607
1167	0.111607
1168	0.127551
1169	0.127551
1170	0.127551
1171	0.127551
1172	0.127551
1173	0.127551
1174	0.127551
1175	0.111607
1176	0.127551
1177	0.127551
1178	0.127551
1179	0.127551
1180	0.127551
1181	0.111607
1182	0.111607
1183	0.111607
1184	0.127551
1185	0.127551
1186	0.127551
1187	0.127551
1188	0.127551
1189	0.127551
1190	0.127551
1191	0.111607
1192	0.127551
1193	0.127551
1194	0.127551
1195	0.127551
1196	0.111607
1197	0.111607
1198	0.111607
1199	0.111607
1200	0.127551
1201	0.127551
1202	0.127551
1203	0.127551
1204	0.127551
1205	0.127551
1206	0.127551
1207	0.111607
1208	0.127551
1209	0.127551
1210	0.127551
1211	0.127551
1212	0.111607
1213	0.111607
1214	0.111607
1215	0.111607
1216	0.127551
1217	0.127551
1218	0.127551
1219	0.127551
1220	0.127551
1221	0.127551
1222	0.127551
1223	0.111607
1224	0.127551
1225	0.127551
1226	0.127551
1227	0.127551
1228	0.111607
1229	0.111607
1230	0.111607
1231	0.111607
1232	0.127551
1233	0.127551
1234	0.127551
1235	0.127551
1236	0.127551
1237	0.127551
1238	0.127551
1239	0.111607
1240	0.127551
1241	0.127551
1242	0.127551
1243	0.127551
1244	0.127551
1245	0.111607
1246	0.111607
1247	0.127551
1248	0.127551
1249	0.14881
1250	0.14881
1251	0.14881
1252	0.14881
1253	0.14881
1254	0.14881
1255	0.127551
1256	0.127551
1257	0.127551
1258	0.127551
1259	0.127551
1260	0.111607
1261	0.111607
1262	0.111607
1263	0.111607
1264	0.127551
1265	0.127551
1266	0.127551
1267	0.127551
1268	0.127551
1269	0.127551
1270	0.127551
1271	0.111607
1272	0.127551
1273	0.127551
1274	0.127551
1275	0.111607
1276	0.111607
1277	0.111607
1278	0.111607
1279	0.111607
1280	0.127551
1281	0.127551
1282	0.127551
1283	0.127551
1284	0.127551
1285	0.127551
1286	0.127551
1287	0.111607
1288	0.127551
1289	0.127551
1290	0.127551
1291	0.127551
1292	0.127551
1293	0.111607
1294	0.111607
1295	0.111607
1296	0.127551
1297	0.127551
1298	0.127551
1299	0.127551
1300	0.127551
1301	0.127551
1302	0.127551
1303	0.111607
1304	0.127551
1305	0.127551
1306	0.127551
1307	0.127551
1308	0.127551
1309	0.111607
1310	0.111607
1311	0.111607
1312	0.127551
1313	0.127551
1314	0.127551
1315	0.127551
1316	0.127551
1317	0.127551
1318	0.127551
1319	0.111607
1320	0.127551
1321	0.127551
1322	0.127551
1323	0.127551
1324	0.127551
1325	0.111607
1326	0.0976563
1327	0.111607
1328	0.127551
1329	0.127551
1330	0.127551
1331	0.127551
1332	0.127551
1333	0.127551
1334	0.127551
1335	0.111607
1336	0.127551
1337	0.127551
1338	0.127551
1339	0.111607
1340	0.127551
1341	0.111607
1342	0.111607
1343	0.111607
1344	0.127551
1345	0.127551
1346	0.127551
1347	0.127551
1348	0.127551
1349	0.127551
1350	0.127551
1351	0.111607
1352	0.127551
1353	0.127551
1354	0.127551
1355	0.127551
1356	0.111607
1357	0.111607
1358	0.111607
1359	0.111607
1360	0.127551
1361	0.127551
1362	0.127551
1363	0.127551
1364	0.127551
1365	0.127551
1366	0.127551
1367	0.111607
1368	0.127551
1369	0.127551
1370	0.127551
1371	0.127551
1372	0.111607
1373	0.111607
1374	0.111607
1375	0.111607
1376	0.127551
1377	0.127551
1378	0.127551
1379	0.127551
1380	0.127551
1381	0.127551
1382	0.127551
1383	0.111607
1384	0.127551
1385	0.127551
1386	0.127551
1387	0.127551
1388	0.127551
1389	0.111607
1390	0.111607
1391	0.111607
1392	0.127551
1393	0.127551
1394	0.127551
1395	0.127551
1396	0.127551
1397	0.127551
1398	0.127551
1399	0.111607
1400	0.127551
1401	0.127551
1402	0.127551
1403	0.127551
1404	0.127551
1405	0.111607
1406	0.111607
1407	0.111607
1408	0.127551
1409	0.127551
1410	0.127551
1411	0.127551
1412	0.127551
1413	0.127551
1414	0.127551
1415	0.111607
1416	0.127551
1417	0.127551
1418	0.127551
1419	0.127551
1420	0.127551
1421	0.111607
1422	0.111607
1423	0.111607
1424	0.127551
1425	0.127551
1426	0.127551
1427	0.127551
1428	0.127551
1429	0.127551
1430	0.127551
1431	0.111607
1432	0.127551
1433	0.127551
1434	0.127551
1435	0.127551
1436	0.111607
1437	0.111607
1438	0.111607
1439	0.111607
1440	0.127551
1441	0.127551
1442	0.127551
1443	0.127551
1444	0.127551
1445	0.127551
1446	0.127551
1447	0.111607
1448	0.127551
1449	0.127551
1450	0.127551
1451	0.127551
1452	0.127551
1453	0.111607
1454	0.111607
1455	0.0976563
1456	0.127551
1457	0.127551
1458	0.127551
1459	0.127551
1460	0.127551
1461	0.127551
1462	0.127551
1463	0.111607
1464	0.127551
1465	0.127551
1466	0.127551
1467	0.127551
1468	0.111607
1469	0.111607
1470	0.111607
1471	0.0976563
1472	0.127551
1473	0.127551
1474	0.127551
1475	0.127551
1476	0.127551
1477	0.127551
1478	0.127551
1479	0.111607
1480	0.127551
1481	0.127551
1482	0.127551
1483	0.127551
1484	0.127551
1485	0.111607
1486	0.111607
1487	0.111607
1488	0.127551
1489	0.127551
1490	0.127551
1491	0.127551
1492	0.127551
1493	0.127551
1494	0.127551
1495	0.111607
1496	0.127551
1497	0.127551
1498	0.127551
1499	0.127551
1500	0.111607
1501	0.111607
1502	0.111607
1503	0.0976563
1504	0.127551
1505	0.127551
1506	0.127551
1507	0.127551
1508	0.127551
1509	0.127551
1510	0.127551
1511	0.111607
1512	0.127551
1513	0.127551
1514	0.127551
1515	0.127551
1516	0.127551
1517	0.111607
1518	0.111607
1519	0.111607
1520	0.127551
1521	0.127551
1522	0.127551
1523	0.127551
1524	0.127551
1525	0.127551
1526	0.127551
1527	0.111607
1528	0.127551
1529	0.127551
1530	0.127551
1531	0.127551
1532	0.127551
1533	0.127551
1534	0.14881
1535	0.130208
1536	0.14881
1537	0.14881
1538	0.14881
1539	0.14881
1540	0.14881
1541	0.14881
1542	0.14881
1543	0.130208
1544	0.14881
1545	0.14881
1546	0.14881
1547	0.14881
1548	0.127551
1549	0.127551
1550	0.127551
1551	0.111607
1552	0.127551
1553	0.127551
1554	0.127551
1555	0.127551
1556	0.127551
1557	0.127551
1558	0.127551
1559	0.111607
1560	0.127551
1561	0.127551
1562	0.127551
1563	0.127551
1564	0.127551
1565	0.111607
1566	0.111607
1567	0.127551
1568	0.14881
1569	0.14881
1570	0.14881
1571	0.14881
1572	0.14881
1573	0.14881
1574	0.14881
1575	0.127551
1576	0.127551
1577	0.127551
1578	0.127551
1579	0.127551
1580	0.111607
1581	0.111607
1582	0.111607
1583	0.111607
1584	0.111607
1585	0.127551
1586	0.127551
1587	0.127551
1588	0.127551
1589	0.127551
1590	0.127551
1591	0.111607
1592	0.127551
1593	0.127551
1594	0.127551
1595	0.127551
1596	0.111607
1597	0.111607
1598	0.127551
1599	0.111607
1600	0.111607
1601	0.127551
1602	0.127551
1603	0.127551
1604	0.127551
1605	0.127551
1606	0.127551
1607	0.111607
1608	0.127551
1609	0.127551
1610	0.127551
1611	0.111607
1612	0.127551
1613	0.111607
1614	0.127551
1615	0.0976563
1616	0.127551
1617	0.127551
1618	0.127551
1619	0.127551
1620	0.127551
1621	0.127551
1622	0.127551
1623	0.111607
1624	0.127551
1625	0.127551
1626	0.127551
1627	0.111607
1628	0.111607
1629	0.111607
1630	0.111607
1631	0.111607
1632	0.127551
1633	0.127551
1634	0.127551
1635	0.127551
1636	0.127551
1637	0.127551
1638	0.127551
1639	0.111607
1640	0.127551
1641	0.127551
1642	0.127551
1643	0.127551
1644	0.111607
1645	0.111607
1646	0.111607
1647	0.0976563
1648	0.127551
1649	0.127551
1650	0.127551
1651	0.127551
1652	0.127551
1653	0.127551
1654	0.127551
1655	0.111607
1656	0.127551
1657	0.127551
1658	0.127551
1659	0.127551
1660	0.111607
1661	0.111607
1662	0.111607
1663	0.111607
1664	0.127551
1665	0.127551
1666	0.127551
1667	0.127551
1668	0.127551
1669	0.127551
1670	0.127551
1671	0.111607
1672	0.127551
1673	0.127551
1674	0.127551
1675	0.127551
1676	0.111607
1677	0.111607
1678	0.111607
1679	0.111607
1680	0.127551
1681	0.127551
1682	0.127551
1683	0.127551
1684	0.127551
1685	0.127551
1686	0.127551
1687	0.111607
1688	0.127551
1689	0.127551
1690	0.127551
1691	0.127551
1692	0.111607
1693	0.111607
1694	0.111607
1695	0.0976563
1696	0.127551
1697	0.127551
1698	0.127551
1699	0.127551
1700	0.127551
1701	0.127551
1702	0.127551
1703	0.111607
1704	0.127551
1705	0.127551
1706	0.127551
1707	0.127551
1708	0.111607
1709	0.111607
1710	0.111607
1711	0.111607
1712	0.111607
1713	0.127551
1714	0.127551
1715	0.127551
1716	0.127551
1717	0.127551
1718	0.127551
1719	0.111607
1720	0.127551
1721	0.127551
1722	0.127551
1723	0.127551
1724	0.127551
1725	0.111607
1726	0.111607
1727	0.111607
1728	0.127551
1729	0.127551
1730	0.127551
1731	0.127551
1732	0.127551
1733	0.127551
1734	0.127551
1735	0.111607
1736	0.127551
1737	0.127551
1738	0.127551
1739	0.127551
1740	0.111607
1741	0.111607
1742	0.111607
1743	0.111607
1744	0.127551
1745	0.127551
1746	0.127551
1747	0.127551
1748	0.127551
1749	0.127551
1750	0.127551
1751	0.111607
1752	0.127551
1753	0.127551
1754	0.127551
1755	0.127551
1756	0.111607
1757	0.111607
1758	0.127551
1759	0.111607
1760	0.127551
1761	0.127551
1762	0.127551
1763	0.127551
1764	0.127551
1765	0.127551
1766	0.127551
1767	0.111607
1768	0.127551
1769	0.127551
1770	0.127551
1771	0.127551
1772	0.111607
1773	0.111607
1774	0.111607
1775	0.111607
1776	0.127551
1777	0.127551
1778	0.127551
1779	0.127551
1780	0.127551
1781	0.127551
1782	0.127551
1783	0.111607
1784	0.127551
1785	0.127551
1786	0.127551
1787	0.127551
1788	0.111607
1789	0.111607
1790	0.111607
1791	0.0976563
1792	0.127551
1793	0.127551
1794	0.127551
1795	0.127551
1796	0.127551
1797	0.127551
1798	0.127551
1799	0.111607
1800	0.111607
1801	0.127551
1802	0.127551
1803	0.127551
1804	0.111607
1805	0.111607
1806	0.127551
1807	0.111607
1808	0.111607
1809	0.127551
1810	0.127551
1811	0.127551
1812	0.127551
1813	0.127551
1814	0.127551
1815	0.111607
1816	0.127551
1817	0.127551
1818	0.127551
1819	0.127551
1820	0.111607
1821	0.111607
1822	0.127551
1823	0.0976563
1824	0.127551
1825	0.127551
1826	0.127551
1827	0.127551
1828	0.127551
1829	0.127551
1830	0.127551
1831	0.111607
1832	0.127551
1833	0.127551
1834	0.127551
1835	0.127551
1836	0.111607
1837	0.111607
1838	0.127551
1839	0.111607
1840	0.127551
1841	0.127551
1842	0.127551
1843	0.127551
1844	0.127551
1845	0.127551
1846	0.127551
1847	0.111607
1848	0.127551
1849	0.127551
1850	0.127551
1851	0.127551
1852	0.127551
1853	0.111607
1854	0.111607
1855	0.111607
1856	0.127551
1857	0.127551
1858	0.127551
1859	0.127551
1860	0.127551
1861	0.127551
1862	0.127551
1863	0.111607
1864	0.127551
1865	0.127551
1866	0.127551
1867	0.127551
1868	0.111607
1869	0.111607
1870	0.111607
1871	0.111607
1872	0.127551
1873	0.127551
1874	0.127551
1875	0.127551
1876	0.127551
1877	0.127551
1878	0.127551
1879	0.111607
1880	0.127551
1881	0.127551
1882	0.127551
1883	0.127551
1884	0.111607
1885	0.111607
1886	0.127551
1887	0.111607
1888	0.14881
1889	0.14881
1890	0.14881
1891	0.14881
1892	0.14881
1893	0.14881
1894	0.14881
1895	0.127551
1896	0.127551
1897	0.127551
1898	0.127551
1899	0.127551
1900	0.111607
1901	0.111607
1902	0.111607
1903	0.111607
1904	0.127551
1905	0.127551
1906	0.127551
1907	0.127551
1908	0.127551
1909	0.127551
1910	0.127551
1911	0.111607
1912	0.127551
1913	0.127551
1914	0.127551
1915	0.127551
1916	0.111607
1917	0.111607
1918	0.111607
1919	0.0976563
1920	0.127551
1921	0.127551
1922	0.127551
1923	0.127551
1924	0.127551
1925	0.127551
1926	0.127551
1927	0.111607
1928	0.127551
1929	0.127551
1930	0.127551
1931	0.127551
1932	0.127551
1933	0.127551
1934	0.14881
1935	0.111607
1936	0.14881
1937	0.14881
1938	0.14881
1939	0.14881
1940	0.14881
1941	0.14881
1942	0.14881
1943	0.130208
1944	0.14881
1945	0.14881
1946	0.14881
1947	0.14881
1948	0.127551
1949	0.127551
1950	0.127551
1951	0.111607
1952	0.127551
1953	0.127551
1954	0.127551
1955	0.127551
1956	0.127551
1957	0.127551
1958	0.127551
1959	0.111607
1960	0.127551
1961	0.127551
1962	0.127551
1963	0.127551
1964	0.111607
1965	0.111607
1966	0.111607
1967	0.0976563
1968	0.127551
1969	0.127551
1970	0.127551
1971	0.127551
1972	0.127551
1973	0.127551
1974	0.127551
1975	0.111607
1976	0.127551
1977	0.127551
1978	0.127551
1979	0.127551
1980	0.111607
1981	0.111607
1982	0.111607
1983	0.111607
1984	0.127551
1985	0.127551
1986	0.127551
1987	0.127551
1988	0.127551
1989	0.127551
1990	0.127551
1991	0.111607
1992	0.127551
1993	0.127551
1994	0.127551
1995	0.127551
1996	0.111607
1997	0.111607
1998	0.127551
1999	0.0976563
2000	0.127551
