1	0	T 80	80	40	40	
2	0	T 82	81	40	40	
3	1	T 84	82	40	40	P 76	76	76	76	
4	1	T 86	83	40	40	P 76	76	76	76	
5	1	T 88	84	40	40	P 76	76	76	76	
6	1	T 90	85	40	40	P 76	76	76	76	
7	1	T 92	86	40	40	P 76	76	76	76	
8	0	T 94	87	40	40	
9	1	T 96	88	40	40	P 76	76	76	76	
10	1	T 98	89	40	40	P 76	76	114	76	
11	1	T 100	90	40	40	P 76	76	76	76	
12	1	T 102	91	40	40	P 76	76	76	76	
13	0	T 104	92	40	40	
14	1	T 106	93	40	40	P 76	76	76	76	
15	1	T 108	94	40	40	P 76	76	76	76	
16	0	T 110	95	40	40	
17	0	T 112	96	40	40	
18	1	T 114	97	40	40	P 76	76	76	76	
19	1	T 116	98	40	40	P 114	76	76	76	
20	1	T 118	99	40	40	P 114	76	76	76	
21	0	T 120	100	40	40	
22	1	T 122	101	40	40	P 114	76	76	114	
23	1	T 124	102	40	40	P 114	76	76	76	
24	1	T 126	103	40	40	P 114	76	76	76	
25	1	T 128	104	40	40	P 114	76	76	76	
26	0	T 130	105	40	40	
27	0	T 132	106	40	40	
28	0	T 134	107	40	40	
29	1	T 136	108	40	40	P 114	76	76	76	
30	0	T 138	109	40	40	
31	0	T 140	110	40	40	
32	0	T 142	111	40	40	
33	0	T 144	112	40	40	
34	1	T 146	113	40	40	P 114	114	76	76	
35	0	T 148	114	40	40	
36	0	T 150	115	40	40	
37	1	T 152	116	40	40	P 114	114	76	76	
38	0	T 154	117	40	40	
39	0	T 156	118	40	40	
40	1	T 158	119	40	40	P 152	114	76	76	
41	0	T 160	120	40	40	
42	1	T 162	121	40	40	P 152	114	76	76	
43	1	T 164	122	40	40	P 152	114	76	76	
44	0	T 166	123	40	40	
45	1	T 168	124	40	40	P 152	114	76	76	
46	0	T 170	125	40	40	
47	1	T 172	126	40	40	P 152	114	76	76	
48	0	T 174	127	40	40	
49	0	T 176	128	40	40	
50	1	T 178	129	40	40	P 152	114	76	76	
51	1	T 180	130	40	40	P 152	114	76	76	
52	1	T 182	131	40	40	P 152	114	114	76	
53	1	T 184	132	40	40	P 152	114	76	76	
54	0	T 186	133	40	40	
55	1	T 188	134	40	40	P 152	114	76	76	
56	1	T 190	135	40	40	P 190	114	76	114	
57	0	T 192	136	40	40	
58	1	T 194	137	40	40	P 190	114	76	76	
59	1	T 196	138	40	40	P 190	76	76	114	
60	1	T 198	139	40	40	P 190	114	76	76	
61	1	T 200	140	40	40	P 190	114	76	76	
62	1	T 202	141	40	40	P 152	114	114	76	
63	1	T 204	142	40	40	P 190	114	76	76	
64	1	T 206	143	40	40	P 190	114	76	76	
65	1	T 208	144	40	40	P 190	114	76	76	
66	1	T 210	145	40	40	P 190	114	76	76	
67	1	T 212	146	40	40	P 190	114	114	114	
68	1	T 214	147	40	40	P 190	114	76	114	
69	1	T 216	148	40	40	P 190	114	76	114	
70	1	T 218	149	40	40	P 190	114	76	114	
71	1	T 220	150	40	40	P 190	114	76	114	
72	1	T 222	151	40	40	P 190	114	114	114	
73	0	T 224	152	40	40	
74	1	T 226	153	40	40	P 190	152	114	76	
75	1	T 228	154	40	40	P 228	152	76	76	
76	0	T 230	155	40	40	
77	1	T 232	156	40	40	P 228	152	76	76	
78	1	T 234	157	40	40	P 228	152	76	76	
79	1	T 236	158	40	40	P 228	152	76	76	
80	1	T 238	159	40	40	P 228	152	114	76	
81	1	T 240	160	40	40	P 190	114	114	114	
82	1	T 242	161	40	40	P 228	114	76	114	
83	1	T 244	162	40	40	P 228	152	76	76	
84	0	T 246	163	40	40	
85	1	T 248	164	40	40	P 228	152	76	76	
86	1	T 250	165	40	40	P 190	152	114	76	
87	1	T 252	166	40	40	P 228	114	76	114	
88	1	T 254	167	40	40	P 228	152	76	76	
89	1	T 256	168	40	40	P 228	114	76	114	
90	1	T 258	169	40	40	P 228	152	114	76	
91	1	T 260	170	40	40	P 228	152	76	76	
92	1	T 262	171	40	40	P 228	152	76	76	
93	0	T 264	172	40	40	
94	1	T 266	173	40	40	P 266	152	76	76	
95	1	T 268	174	40	40	P 266	152	76	76	
96	1	T 270	175	40	40	P 266	152	76	76	
97	1	T 272	176	40	40	P 266	152	76	76	
98	1	T 274	177	40	40	P 266	152	76	76	
99	1	T 276	178	40	40	P 266	152	76	76	
100	1	T 278	179	40	40	P 266	152	76	114	
101	0	T 280	180	40	40	
102	1	T 282	181	40	40	P 266	152	76	76	
103	1	T 284	182	40	40	P 228	114	114	152	
104	1	T 286	183	40	40	P 266	152	76	114	
105	1	T 288	184	40	40	P 266	152	76	76	
106	1	T 290	185	40	40	P 266	152	76	76	
107	1	T 292	186	40	40	P 266	152	76	76	
108	1	T 294	187	40	40	P 266	152	76	76	
109	1	T 296	188	40	40	P 266	152	114	114	
110	2	T 298	189	40	40	P 266	152	76	114	P 608	114	76	76	
111	1	T 300	190	40	40	P 266	190	114	76	
112	0	T 302	191	40	40	
113	1	T 304	192	40	40	P 266	190	114	76	
114	1	T 306	193	40	40	P 266	190	114	76	
115	1	T 308	194	40	40	P 266	152	114	114	
116	1	T 310	195	40	40	P 304	190	76	76	
117	1	T 312	196	40	40	P 304	190	76	76	
118	1	T 314	197	40	40	P 304	152	76	114	
119	1	T 316	198	40	40	P 266	152	114	114	
120	1	T 318	199	40	40	P 266	190	114	76	
121	1	T 320	200	40	40	P 304	190	76	76	
122	1	T 322	201	40	40	P 304	190	76	76	
123	1	T 324	202	40	40	P 304	190	76	76	
124	1	T 326	203	40	40	P 304	190	76	76	
125	1	T 328	204	40	40	P 304	152	76	114	
126	1	T 330	205	40	40	P 304	190	76	76	
127	1	T 332	206	40	40	P 304	190	76	76	
128	1	T 334	207	40	40	P 304	190	76	76	
129	1	T 336	208	40	40	P 304	152	76	114	
130	1	T 338	209	40	40	P 304	190	76	76	
131	1	T 340	210	40	40	P 304	190	114	76	
132	0	T 342	211	40	40	
133	1	T 344	212	40	40	P 342	190	76	76	
134	1	T 346	213	40	40	P 342	190	76	76	
135	1	T 348	214	40	40	P 342	190	76	76	
136	1	T 350	215	40	40	P 342	190	76	114	
137	1	T 352	216	40	40	P 342	190	76	76	
138	1	T 354	217	40	40	P 342	190	76	76	
139	1	T 356	218	40	40	P 342	190	76	76	
140	1	T 358	219	40	40	P 342	190	76	76	
141	1	T 360	220	40	40	P 342	190	76	76	
142	1	T 362	221	40	40	P 342	190	114	114	
143	1	T 364	222	40	40	P 342	190	76	114	
144	1	T 366	223	40	40	P 342	190	76	114	
145	1	T 368	224	40	40	P 342	190	114	76	
146	1	T 370	225	40	40	P 342	190	76	114	
147	1	T 372	226	40	40	P 342	190	76	76	
148	1	T 374	227	40	40	P 342	228	114	76	
149	1	T 376	228	40	40	P 342	228	114	76	
150	1	T 378	229	40	40	P 380	228	76	76	
151	0	T 380	230	40	40	
152	1	T 382	231	40	40	P 380	190	76	114	
153	1	T 384	232	40	40	P 380	228	76	76	
154	1	T 386	233	40	40	P 342	228	114	76	
155	1	T 388	234	40	40	P 342	228	114	76	
156	1	T 390	235	40	40	P 380	228	76	76	
157	1	T 392	236	40	40	P 380	228	76	76	
158	1	T 394	237	40	40	P 380	228	76	76	
159	1	T 396	238	40	40	P 380	190	114	114	
160	1	T 398	239	40	40	P 380	228	76	76	
161	1	T 400	240	40	40	P 380	228	76	76	
162	1	T 402	241	40	40	P 380	228	76	76	
163	1	T 404	242	40	40	P 380	228	76	76	
164	1	T 406	243	40	40	P 380	228	114	76	
165	1	T 408	244	40	40	P 380	228	76	76	
166	1	T 410	245	40	40	P 380	228	76	76	
167	1	T 412	246	40	40	P 380	228	76	76	
168	1	T 414	247	40	40	P 380	228	114	76	
169	0	T 416	248	40	40	
170	0	T 418	249	40	40	
171	1	T 420	250	40	40	P 380	228	114	76	
172	1	T 422	251	40	40	P 418	228	76	76	
173	1	T 424	252	40	40	P 418	228	76	76	
174	1	T 426	253	40	40	P 418	228	76	114	
175	1	T 428	254	40	40	P 418	228	114	76	
176	1	T 430	255	40	40	P 418	228	76	76	
177	1	T 432	256	40	40	P 418	228	76	76	
178	1	T 434	257	40	40	P 418	228	76	76	
179	1	T 436	258	40	40	P 418	228	76	114	
180	1	T 438	259	40	40	P 418	228	76	76	
181	1	T 440	260	40	40	P 418	228	114	76	
182	1	T 442	261	40	40	P 418	228	76	76	
183	0	T 444	262	40	40	
184	1	T 446	263	40	40	P 418	228	76	76	
185	1	T 448	264	40	40	P 418	228	76	114	
186	1	T 450	265	40	40	P 418	228	76	114	
187	1	T 452	266	40	40	P 418	266	76	76	
188	0	T 454	267	40	40	
189	0	T 456	268	40	40	
190	1	T 458	269	40	40	P 456	266	76	76	
191	1	T 460	270	40	40	P 456	266	76	76	
192	1	T 462	271	40	40	P 456	266	76	76	
193	1	T 464	272	40	40	P 456	266	76	76	
194	1	T 466	273	40	40	P 456	266	76	76	
195	0	T 468	274	40	40	
196	1	T 470	275	40	40	P 456	266	76	76	
197	0	T 472	276	40	40	
198	1	T 474	277	40	40	P 456	266	76	76	
199	1	T 476	278	40	40	P 456	266	114	114	
200	1	T 478	279	40	40	P 456	266	76	76	
201	1	T 480	280	40	40	P 456	266	76	76	
202	1	T 482	281	40	40	P 456	266	76	76	
203	1	T 484	282	40	40	P 456	266	76	114	
204	1	T 486	283	40	40	P 456	266	76	76	
205	1	T 488	284	40	40	P 456	266	114	114	
206	1	T 490	285	40	40	P 418	228	114	114	
207	1	T 492	286	40	40	P 456	266	114	76	
208	1	T 494	287	40	40	P 494	266	76	76	
209	1	T 496	288	40	40	P 494	266	76	114	
210	1	T 498	289	40	40	P 494	266	76	114	
211	1	T 500	290	40	40	P 494	266	76	76	
212	1	T 502	291	40	40	P 494	266	76	76	
213	1	T 504	292	40	40	P 494	266	76	76	
214	1	T 506	293	40	40	P 494	266	76	76	
215	1	T 508	294	40	40	P 494	266	76	76	
216	1	T 510	295	40	40	P 494	266	76	76	
217	1	T 512	296	40	40	P 494	266	76	76	
218	1	T 514	297	40	40	P 494	266	76	114	
219	2	T 516	298	40	40	P 380	228	76	76	P 494	266	76	114	
220	1	T 518	299	40	40	P 494	266	76	76	
221	1	T 520	300	40	40	P 494	266	76	76	
222	0	T 522	301	40	40	
223	1	T 524	302	40	40	P 532	266	76	114	
224	1	T 526	303	40	40	P 494	304	76	76	
225	1	T 528	304	40	40	P 494	304	76	76	
226	1	T 530	305	40	40	P 494	266	114	114	
227	1	T 532	306	40	40	P 532	304	76	76	
228	1	T 534	307	40	40	P 532	304	76	76	
229	1	T 536	308	40	40	P 532	304	76	76	
230	1	T 538	309	40	40	P 532	266	76	114	
231	1	T 540	310	40	40	P 532	304	76	76	
232	1	T 542	311	40	40	P 494	304	114	76	
233	1	T 544	312	40	40	P 532	304	76	76	
234	1	T 546	313	40	40	P 532	304	76	114	
235	1	T 548	314	40	40	P 532	304	76	76	
236	1	T 550	315	40	40	P 532	304	76	76	
237	1	T 552	316	40	40	P 532	304	76	76	
238	1	T 554	317	40	40	P 532	304	76	76	
239	1	T 556	318	40	40	P 532	304	114	76	
240	1	T 558	319	40	40	P 532	304	76	76	
241	1	T 560	320	40	40	P 532	304	76	76	
242	1	T 562	321	40	40	P 532	304	114	76	
243	1	T 564	322	40	40	P 532	304	76	76	
244	1	T 566	323	40	40	P 532	304	76	76	
245	0	T 568	324	40	40	
246	0	T 570	325	40	40	
247	1	T 572	326	40	40	P 570	304	76	76	
248	1	T 574	327	40	40	P 570	304	76	114	
249	1	T 576	328	40	40	P 570	304	76	76	
250	1	T 578	329	40	40	P 532	304	114	76	
251	1	T 580	330	40	40	P 532	304	114	76	
252	1	T 582	331	40	40	P 570	304	114	114	
253	1	T 584	332	40	40	P 570	304	76	114	
254	1	T 586	333	40	40	P 570	304	76	76	
255	1	T 588	334	40	40	P 532	304	152	76	
256	1	T 590	335	40	40	P 570	304	114	76	
257	1	T 592	336	40	40	P 608	304	76	76	
258	1	T 594	337	40	40	P 570	304	76	114	
259	1	T 596	338	40	40	P 570	304	76	76	
260	1	T 598	339	40	40	P 570	304	76	76	
261	0	T 600	340	40	40	
262	1	T 602	341	40	40	P 570	342	76	76	
263	0	T 604	342	40	40	
264	1	T 606	343	40	40	P 608	342	76	76	
265	0	T 608	344	40	40	
266	1	T 610	345	40	40	P 570	342	114	76	
267	1	T 612	346	40	40	P 608	342	76	76	
268	1	T 614	347	40	40	P 570	342	114	76	
269	1	T 616	348	40	40	P 608	304	76	114	
270	2	T 618	349	40	40	P 456	304	76	76	P 608	304	76	114	
271	1	T 620	350	40	40	P 608	342	76	76	
272	1	T 622	351	40	40	P 608	342	76	76	
273	1	T 624	352	40	40	P 608	304	76	76	
274	1	T 626	353	40	40	P 608	304	76	114	
275	1	T 628	354	40	40	P 608	342	76	76	
276	1	T 630	355	40	40	P 608	342	76	76	
277	1	T 632	356	40	40	P 608	342	76	76	
278	1	T 634	357	40	40	P 608	342	76	76	
279	0	T 636	358	40	40	
280	1	T 638	359	40	40	P 608	342	76	76	
281	1	T 640	360	40	40	P 608	342	76	76	
282	1	T 642	361	40	40	P 608	342	76	76	
283	0	T 644	362	40	40	
284	1	T 646	363	40	40	P 608	342	76	76	
285	0	T 648	364	40	40	
286	1	T 650	365	40	40	P 608	342	76	76	
287	0	T 652	366	40	40	
288	0	T 654	367	40	40	
289	0	T 656	368	40	40	
290	0	T 658	369	40	40	
291	1	T 660	370	40	40	P 608	342	76	76	
292	0	T 658	371	40	40	
293	0	T 656	372	40	40	
294	0	T 654	373	40	40	
295	0	T 652	374	40	40	
296	1	T 650	375	40	40	P 608	380	76	76	
297	0	T 648	376	40	40	
298	0	T 646	377	40	40	
299	1	T 644	378	40	40	P 608	380	76	76	
300	1	T 642	379	40	40	P 608	380	76	76	
301	1	T 640	380	40	40	P 570	380	114	76	
302	1	T 638	381	40	40	P 608	380	76	76	
303	1	T 636	382	40	40	P 608	342	76	114	
304	1	T 634	383	40	40	P 608	380	76	76	
305	1	T 632	384	40	40	P 608	380	76	76	
306	1	T 630	385	40	40	P 608	380	76	76	
307	1	T 628	386	40	40	P 570	342	114	114	
308	1	T 626	387	40	40	P 608	380	76	76	
309	1	T 624	388	40	40	P 608	342	76	114	
310	1	T 622	389	40	40	P 570	380	114	76	
311	1	T 620	390	40	40	P 608	380	76	76	
312	1	T 618	391	40	40	P 608	380	76	76	
313	1	T 616	392	40	40	P 570	380	114	76	
314	1	T 614	393	40	40	P 570	342	114	114	
315	0	T 612	394	40	40	
316	1	T 610	395	40	40	P 570	380	114	76	
317	1	T 608	396	40	40	P 570	380	114	76	
318	1	T 606	397	40	40	P 608	380	76	76	
319	1	T 604	398	40	40	P 570	380	114	76	
320	1	T 602	399	40	40	P 570	342	76	114	
321	1	T 600	400	40	40	P 570	380	76	76	
322	1	T 598	401	40	40	P 570	380	76	76	
323	1	T 596	402	40	40	P 570	380	76	76	
324	1	T 594	403	40	40	P 570	380	114	76	
325	1	T 592	404	40	40	P 570	380	76	76	
326	1	T 590	405	40	40	P 570	380	76	76	
327	1	T 588	406	40	40	P 570	380	76	76	
328	1	T 586	407	40	40	P 570	380	76	76	
329	1	T 584	408	40	40	P 570	380	114	76	
330	1	T 582	409	40	40	P 532	380	114	76	
331	1	T 580	410	40	40	P 570	380	76	76	
332	2	T 578	411	40	40	P 418	0	76	76	P 570	380	76	76	
333	1	T 576	412	40	40	P 570	380	76	76	
334	1	T 574	413	40	40	P 570	380	76	76	
335	1	T 572	414	40	40	P 532	380	152	76	
336	1	T 570	415	40	40	P 532	380	76	76	
337	1	T 568	416	40	40	P 532	380	76	76	
338	0	T 566	417	40	40	
339	0	T 564	418	40	40	
340	0	T 562	419	40	40	
341	0	T 560	420	40	40	
342	1	T 558	419	40	40	P 152	76	76	76	
343	1	T 556	418	40	40	P 532	380	76	76	
344	1	T 554	417	40	40	P 532	380	76	76	
345	1	T 552	416	40	40	P 532	380	76	76	
346	1	T 550	415	40	40	P 532	380	76	76	
347	1	T 548	414	40	40	P 532	380	76	76	
348	1	T 546	413	40	40	P 532	380	76	76	
349	1	T 544	412	40	40	P 494	380	114	76	
350	1	T 542	411	40	40	P 532	380	76	76	
351	1	T 540	410	40	40	P 532	380	76	76	
352	1	T 538	409	40	40	P 532	380	76	76	
353	1	T 536	408	40	40	P 494	380	114	76	
354	1	T 534	407	40	40	P 494	380	114	76	
355	1	T 532	406	40	40	P 532	380	76	76	
356	1	T 530	405	40	40	P 494	380	114	76	
357	1	T 528	404	40	40	P 494	380	114	76	
358	1	T 526	403	40	40	P 494	380	76	76	
359	1	T 524	402	40	40	P 494	380	76	76	
360	1	T 522	401	40	40	P 494	380	76	76	
361	1	T 520	400	40	40	P 494	380	76	76	
362	0	T 518	399	40	40	
363	1	T 516	398	40	40	P 494	380	76	76	
364	1	T 514	397	40	40	P 494	380	76	76	
365	1	T 512	396	40	40	P 494	380	76	76	
366	1	T 510	395	40	40	P 494	380	76	76	
367	1	T 508	394	40	40	P 494	380	76	76	
368	0	T 506	393	40	40	
369	1	T 504	392	40	40	P 494	380	76	76	
370	1	T 502	391	40	40	P 456	380	114	76	
371	1	T 500	390	40	40	P 494	380	76	76	
372	1	T 498	389	40	40	P 494	380	76	76	
373	1	T 496	388	40	40	P 456	380	114	76	
374	1	T 494	387	40	40	P 456	380	76	76	
375	1	T 492	386	40	40	P 456	380	76	76	
376	0	T 490	385	40	40	
377	1	T 488	384	40	40	P 456	380	76	76	
378	1	T 486	383	40	40	P 456	380	76	76	
379	1	T 484	382	40	40	P 456	380	76	76	
380	0	T 482	381	40	40	
381	0	T 480	380	40	40	
382	0	T 478	379	40	40	
383	1	T 476	378	40	40	P 456	342	76	76	
384	1	T 474	377	40	40	P 456	342	76	76	
385	0	T 472	376	40	40	
386	1	T 470	375	40	40	P 456	342	76	114	
387	1	T 468	374	40	40	P 456	342	76	76	
388	1	T 466	373	40	40	P 456	342	76	76	
389	1	T 464	372	40	40	P 456	342	76	76	
390	0	T 462	371	40	40	
391	1	T 460	370	40	40	P 456	342	76	76	
392	1	T 458	369	40	40	P 456	342	76	76	
393	0	T 456	368	40	40	
394	0	T 454	367	40	40	
395	1	T 452	366	40	40	P 418	342	114	76	
396	0	T 450	365	40	40	
397	0	T 448	364	40	40	
398	1	T 446	363	40	40	P 418	342	76	76	
399	0	T 444	362	40	40	
400	1	T 442	361	40	40	P 418	342	76	76	
401	1	T 440	360	40	40	P 418	342	76	76	
402	1	T 438	359	40	40	P 418	342	76	76	
403	0	T 436	358	40	40	
404	1	T 434	357	40	40	P 418	342	76	76	
405	1	T 432	356	40	40	P 380	342	114	76	
406	1	T 430	355	40	40	P 418	342	76	76	
407	1	T 428	354	40	40	P 418	342	76	76	
408	1	T 426	353	40	40	P 380	342	114	76	
409	1	T 424	352	40	40	P 418	304	76	114	
410	1	T 422	351	40	40	P 418	342	76	76	
411	1	T 420	350	40	40	P 418	304	76	114	
412	0	T 418	349	40	40	
413	1	T 416	348	40	40	P 380	342	76	76	
414	0	T 414	347	40	40	
415	1	T 412	346	40	40	P 380	342	76	76	
416	0	T 410	345	40	40	
417	1	T 408	344	40	40	P 380	342	76	76	
418	0	T 406	343	40	40	
419	1	T 404	342	40	40	P 380	342	76	76	
420	1	T 402	341	40	40	P 380	304	76	76	
421	1	T 400	340	40	40	P 380	304	76	76	
422	1	T 398	339	40	40	P 380	304	76	76	
423	0	T 396	338	40	40	
424	0	T 394	337	40	40	
425	1	T 392	336	40	40	P 380	304	76	76	
426	1	T 390	335	40	40	P 380	304	76	76	
427	0	T 388	334	40	40	
428	1	T 386	333	40	40	P 380	304	76	76	
429	1	T 384	332	40	40	P 380	304	76	76	
430	1	T 382	331	40	40	P 342	304	114	76	
431	0	T 380	330	40	40	
432	0	T 378	329	40	40	
433	1	T 376	328	40	40	P 342	304	76	76	
434	1	T 374	327	40	40	P 342	304	76	76	
435	1	T 372	326	40	40	P 342	304	76	76	
436	1	T 370	325	40	40	P 342	304	76	76	
437	0	T 368	324	40	40	
438	1	T 366	323	40	40	P 342	304	76	114	
439	1	T 364	322	40	40	P 342	304	76	76	
440	1	T 362	321	40	40	P 342	304	76	76	
441	0	T 360	320	40	40	
442	0	T 358	319	40	40	
443	1	T 356	318	40	40	P 342	304	76	76	
444	1	T 354	317	40	40	P 342	304	76	76	
445	1	T 352	316	40	40	P 304	304	114	76	
446	1	T 350	315	40	40	P 342	304	76	76	
447	1	T 348	314	40	40	P 342	304	76	76	
448	1	T 346	313	40	40	P 342	304	76	76	
449	1	T 344	312	40	40	P 342	304	76	76	
450	1	T 342	311	40	40	P 342	304	76	76	
451	0	T 340	310	40	40	
452	1	T 338	309	40	40	P 304	304	76	76	
453	1	T 336	308	40	40	P 304	304	76	76	
454	0	T 334	307	40	40	
455	0	T 332	306	40	40	
456	1	T 330	305	40	40	P 304	304	76	76	
457	0	T 328	304	40	40	
458	1	T 326	303	40	40	P 304	266	76	76	
459	0	T 324	302	40	40	
460	0	T 322	301	40	40	
461	1	T 320	300	40	40	P 304	266	76	76	
462	1	T 318	299	40	40	P 304	266	76	76	
463	0	T 316	298	40	40	
464	1	T 314	297	40	40	P 304	266	76	76	
465	0	T 312	296	40	40	
466	1	T 310	295	40	40	P 304	266	76	76	
467	1	T 308	294	40	40	P 304	266	76	76	
468	0	T 306	293	40	40	
469	1	T 304	292	40	40	P 266	266	114	76	
470	1	T 302	291	40	40	P 266	266	76	76	
471	0	T 300	290	40	40	
472	0	T 298	289	40	40	
473	1	T 296	288	40	40	P 266	266	76	76	
474	1	T 294	287	40	40	P 266	266	76	76	
475	1	T 292	286	40	40	P 266	266	76	76	
476	1	T 290	285	40	40	P 266	266	76	76	
477	0	T 288	284	40	40	
478	1	T 286	283	40	40	P 228	266	114	76	
479	1	T 284	282	40	40	P 266	266	76	76	
480	1	T 282	281	40	40	P 228	228	114	114	
481	1	T 280	280	40	40	P 266	228	76	114	
482	1	T 278	279	40	40	P 266	266	76	76	
483	1	T 276	278	40	40	P 266	266	76	76	
484	1	T 274	277	40	40	P 266	266	76	76	
485	1	T 272	276	40	40	P 266	266	76	76	
486	1	T 270	275	40	40	P 266	266	76	76	
487	1	T 268	274	40	40	P 266	266	76	76	
488	0	T 266	273	40	40	
489	0	T 264	272	40	40	
490	1	T 262	271	40	40	P 228	266	76	76	
491	1	T 260	270	40	40	P 228	228	76	114	
492	1	T 258	269	40	40	P 228	266	76	76	
493	1	T 256	268	40	40	P 228	266	76	76	
494	0	T 254	267	40	40	
495	1	T 252	266	40	40	P 228	266	76	76	
496	0	T 250	265	40	40	
497	1	T 248	264	40	40	P 228	228	76	76	
498	1	T 246	263	40	40	P 228	228	76	76	
499	1	T 244	262	40	40	P 228	228	76	114	
500	1	T 242	261	40	40	P 228	228	76	76	
501	1	T 240	260	40	40	P 228	228	76	76	
502	1	T 238	259	40	40	P 228	228	76	76	
503	1	T 236	258	40	40	P 228	228	76	76	
504	1	T 234	257	40	40	P 228	190	76	152	
505	1	T 232	256	40	40	P 228	228	76	76	
506	1	T 230	255	40	40	P 190	190	114	114	
507	1	T 228	254	40	40	P 190	228	114	76	
508	1	T 226	253	40	40	P 190	228	114	76	
509	1	T 224	252	40	40	P 190	228	76	76	
510	1	T 222	251	40	40	P 190	228	114	76	
511	1	T 220	250	40	40	P 190	228	76	114	
512	2	T 218	249	40	40	P 152	342	76	76	P 190	228	114	76	
513	2	T 216	248	40	40	P 152	190	114	152	P 380	114	76	76	
514	1	T 214	247	40	40	P 190	228	76	76	
515	2	T 212	246	40	40	P 190	228	76	76	P 418	190	152	76	
516	1	T 210	245	40	40	P 190	228	76	76	
517	1	T 208	244	40	40	P 152	228	114	114	
518	1	T 206	243	40	40	P 190	190	114	114	
519	1	T 204	242	40	40	P 190	228	76	76	
520	1	T 202	241	40	40	P 190	190	76	114	
521	1	T 200	240	40	40	P 152	228	114	114	
522	1	T 198	239	40	40	P 152	228	114	76	
523	1	T 196	238	40	40	P 190	228	76	76	
524	1	T 194	237	40	40	P 152	228	114	114	
525	1	T 192	236	40	40	P 152	228	114	76	
526	1	T 190	235	40	40	P 152	190	114	114	
527	1	T 188	234	40	40	P 152	190	76	114	
528	1	T 186	233	40	40	P 152	228	76	76	
529	1	T 184	232	40	40	P 152	190	76	114	
530	1	T 182	231	40	40	P 152	228	76	114	
531	1	T 180	230	40	40	P 152	190	114	114	
532	0	T 178	229	40	40	
533	1	T 176	228	40	40	P 152	190	76	114	
534	1	T 174	227	40	40	P 114	190	114	114	
535	0	T 172	226	40	40	
536	1	T 170	225	40	40	P 114	190	114	114	
537	1	T 168	224	40	40	P 152	190	76	114	
538	1	T 166	223	40	40	P 114	190	114	114	
539	1	T 164	222	40	40	P 152	190	76	114	
540	1	T 162	221	40	40	P 114	190	114	76	
541	1	T 160	220	40	40	P 152	190	76	114	
542	1	T 158	219	40	40	P 152	190	76	76	
543	1	T 156	218	40	40	P 152	190	76	76	
544	1	T 154	217	40	40	P 114	190	114	76	
545	0	T 152	216	40	40	
546	1	T 150	215	40	40	P 114	190	114	76	
547	0	T 148	214	40	40	
548	2	T 146	213	40	40	P 38	38	76	76	P 114	190	76	76	
549	2	T 144	212	40	40	P 0	380	76	76	P 114	190	114	114	
550	1	T 142	211	40	40	P 114	190	76	76	
551	1	T 140	210	40	40	P 114	190	76	76	
552	1	T 138	209	40	40	P 114	152	76	114	
553	1	T 136	208	40	40	P 114	190	76	76	
554	1	T 134	207	40	40	P 114	190	76	76	
555	1	T 132	206	40	40	P 114	190	114	114	
556	1	T 130	205	40	40	P 114	190	76	76	
557	1	T 128	204	40	40	P 114	190	76	114	
558	1	T 126	203	40	40	P 114	190	76	76	
559	2	T 124	202	40	40	P 76	190	114	76	P 266	76	76	76	
560	1	T 122	201	40	40	P 76	152	114	114	
561	1	T 120	200	40	40	P 114	190	76	76	
562	1	T 118	199	40	40	P 114	190	76	76	
563	1	T 116	198	40	40	P 76	190	114	76	
564	0	T 114	197	40	40	
565	1	T 112	196	40	40	P 76	152	114	114	
566	1	T 110	195	40	40	P 76	190	76	76	
567	1	T 108	194	40	40	P 76	190	76	76	
568	1	T 106	193	40	40	P 76	190	76	76	
569	1	T 104	192	40	40	P 76	190	76	76	
570	0	T 102	191	40	40	
571	1	T 100	190	40	40	P 76	190	76	76	
572	1	T 98	189	40	40	P 76	190	76	76	
573	1	T 96	188	40	40	P 76	152	76	76	
574	1	T 94	187	40	40	P 76	152	76	76	
575	1	T 92	186	40	40	P 76	152	114	114	
576	1	T 90	185	40	40	P 76	152	76	76	
577	1	T 88	184	40	40	P 76	152	76	76	
578	1	T 86	183	40	40	P 76	152	76	76	
579	1	T 84	182	40	40	P 76	152	76	76	
580	1	T 82	181	40	40	P 76	152	76	76	
581	0	T 80	180	40	40	
582	1	T 78	179	40	40	P 38	152	114	76	
583	1	T 76	178	40	40	P 38	152	114	76	
584	1	T 74	177	40	40	P 76	152	76	76	
585	0	T 72	176	40	40	
586	1	T 70	175	40	40	P 38	152	76	76	
587	1	T 68	174	40	40	P 38	152	76	76	
588	1	T 66	173	40	40	P 38	152	76	76	
589	1	T 64	172	40	40	P 38	152	76	76	
590	1	T 62	171	40	40	P 38	152	76	76	
591	1	T 60	170	40	40	P 38	152	76	76	
592	1	T 58	169	40	40	P 38	152	76	76	
593	1	T 56	168	40	40	P 38	152	76	76	
594	1	T 54	167	40	40	P 38	152	76	76	
595	1	T 52	166	40	40	P 38	152	76	76	
596	1	T 50	165	40	40	P 38	152	76	76	
597	1	T 48	164	40	40	P 38	152	76	76	
598	1	T 46	163	40	40	P 38	152	76	76	
599	1	T 44	162	40	40	P 38	152	76	76	
600	1	T 42	161	40	40	P 0	152	114	76	
601	1	T 40	160	40	40	P 0	152	114	76	
602	1	T 38	159	40	40	P 0	152	114	76	
603	1	T 36	158	40	40	P 0	152	76	76	
604	1	T 34	157	40	40	P 0	152	76	76	
605	1	T 32	156	40	40	P 0	114	76	114	
606	0	T 30	155	40	40	
607	1	T 28	154	40	40	P 0	152	76	76	
608	1	T 26	153	40	40	P 0	114	76	114	
609	1	T 24	152	40	40	P 0	114	76	114	
610	1	T 22	151	40	40	P 0	114	76	114	
611	1	T 20	150	40	40	P 0	114	76	76	
612	0	T 22	149	40	40	
613	1	T 24	148	40	40	P 0	114	76	76	
614	0	T 26	147	40	40	
615	1	T 28	146	40	40	P 0	114	76	76	
616	1	T 30	145	40	40	P 0	114	76	76	
617	1	T 32	144	40	40	P 0	114	76	76	
618	1	T 34	143	40	40	P 0	114	76	76	
619	1	T 36	142	40	40	P 0	114	114	76	
620	1	T 38	141	40	40	P 0	114	114	76	
621	0	T 40	140	40	40	
622	0	T 42	139	40	40	
623	1	T 44	138	40	40	P 38	114	76	76	
624	1	T 46	137	40	40	P 0	114	114	76	
625	1	T 48	136	40	40	P 38	114	76	76	
626	1	T 50	135	40	40	P 38	114	76	76	
627	1	T 52	134	40	40	P 38	114	76	76	
628	1	T 54	133	40	40	P 0	76	114	114	
629	1	T 56	132	40	40	P 38	114	114	76	
630	1	T 58	131	40	40	P 38	114	76	76	
631	1	T 60	130	40	40	P 38	114	76	76	
632	1	T 62	129	40	40	P 38	114	76	76	
633	1	T 64	128	40	40	P 38	114	76	76	
634	1	T 66	127	40	40	P 38	114	76	76	
635	1	T 68	126	40	40	P 38	76	76	114	
636	1	T 70	125	40	40	P 76	114	76	76	
637	1	T 72	124	40	40	P 38	114	76	76	
638	0	T 74	123	40	40	
639	1	T 76	122	40	40	P 38	114	114	76	
640	1	T 78	121	40	40	P 76	114	76	76	
641	1	T 80	120	40	40	P 76	114	76	76	
642	1	T 82	119	40	40	P 76	114	76	76	
643	1	T 84	118	40	40	P 76	114	76	76	
644	1	T 86	117	40	40	P 76	114	76	76	
645	1	T 88	116	40	40	P 76	114	76	114	
646	0	T 90	115	40	40	
647	0	T 92	114	40	40	
648	1	T 94	113	40	40	P 76	76	76	114	
649	0	T 96	112	40	40	
650	1	T 98	111	40	40	P 76	76	76	76	
651	1	T 100	110	40	40	P 76	76	76	76	
652	1	T 102	109	40	40	P 76	76	76	114	
653	1	T 104	108	40	40	P 76	76	76	76	
654	1	T 106	107	40	40	P 76	76	76	76	
655	1	T 108	106	40	40	P 76	76	76	76	
656	1	T 110	105	40	40	P 76	76	76	76	
657	1	T 112	104	40	40	P 76	76	114	76	
658	1	T 114	103	40	40	P 76	76	114	76	
659	1	T 116	102	40	40	P 114	76	76	114	
660	1	T 118	101	40	40	P 114	76	76	76	
661	1	T 120	100	40	40	P 114	76	76	76	
662	1	T 122	99	40	40	P 76	76	114	76	
663	1	T 124	98	40	40	P 114	76	76	114	
664	1	T 126	97	40	40	P 114	76	76	76	
665	1	T 128	96	40	40	P 114	76	76	76	
666	1	T 130	95	40	40	P 114	76	76	76	
667	1	T 132	94	40	40	P 114	76	76	76	
668	1	T 134	93	40	40	P 76	76	114	76	
669	1	T 136	92	40	40	P 114	38	114	114	
670	1	T 138	91	40	40	P 114	76	76	76	
671	1	T 140	90	40	40	P 114	76	76	76	
672	1	T 142	89	40	40	P 114	76	76	76	
673	1	T 144	88	40	40	P 114	76	76	76	
674	1	T 146	87	40	40	P 114	76	114	76	
675	1	T 148	86	40	40	P 114	76	114	114	
676	1	T 150	85	40	40	P 152	76	76	76	
677	1	T 152	84	40	40	P 152	76	76	76	
678	1	T 154	83	40	40	P 152	38	76	114	
679	1	T 156	82	40	40	P 152	38	76	114	
680	1	T 158	81	40	40	P 152	76	76	76	
681	1	T 160	80	40	40	P 152	38	76	114	
682	1	T 162	79	40	40	P 152	76	76	76	
683	1	T 164	78	40	40	P 152	38	76	114	
684	0	T 166	77	40	40	
685	0	T 168	76	40	40	
686	0	T 170	75	40	40	
687	1	T 172	74	40	40	P 152	38	76	76	
688	1	T 174	73	40	40	P 152	38	76	76	
689	1	T 176	72	40	40	P 152	38	114	114	
690	1	T 178	71	40	40	P 152	38	76	76	
691	1	T 180	70	40	40	P 152	38	76	76	
692	1	T 182	69	40	40	P 152	38	76	114	
693	1	T 184	68	40	40	P 152	38	114	76	
694	1	T 186	67	40	40	P 152	38	76	76	
695	1	T 188	66	40	40	P 152	38	114	76	
696	1	T 190	65	40	40	P 190	38	76	76	
697	1	T 192	64	40	40	P 190	38	76	76	
698	1	T 194	63	40	40	P 190	38	76	76	
699	1	T 196	62	40	40	P 190	38	76	76	
700	1	T 198	61	40	40	P 190	38	76	76	
701	1	T 200	60	40	40	P 190	38	76	76	
702	1	T 202	59	40	40	P 190	38	76	76	
703	1	T 204	58	40	40	P 190	38	76	76	
704	1	T 206	57	40	40	P 190	38	76	76	
705	1	T 208	56	40	40	P 190	0	76	114	
706	1	T 210	55	40	40	P 190	38	76	76	
707	1	T 212	54	40	40	P 190	38	76	76	
708	1	T 214	53	40	40	P 190	38	76	76	
709	1	T 216	52	40	40	P 190	38	76	76	
710	1	T 218	51	40	40	P 190	38	76	76	
711	0	T 220	50	40	40	
712	1	T 222	49	40	40	P 190	38	76	76	
713	1	T 224	48	40	40	P 228	38	76	76	
714	0	T 226	47	40	40	
715	1	T 228	46	40	40	P 228	38	76	76	
716	1	T 230	45	40	40	P 228	38	76	76	
717	1	T 232	44	40	40	P 228	38	76	76	
718	1	T 234	43	40	40	P 228	38	76	76	
719	0	T 236	42	40	40	
720	1	T 238	41	40	40	P 228	38	76	76	
721	1	T 240	40	40	40	P 228	38	76	76	
722	1	T 242	39	40	40	P 228	0	76	114	
723	1	T 244	38	40	40	P 228	38	76	76	
724	0	T 246	37	40	40	
725	1	T 248	36	40	40	P 228	0	76	76	
726	1	T 250	35	40	40	P 228	0	76	76	
727	1	T 252	34	40	40	P 228	0	76	76	
728	1	T 254	33	40	40	P 190	0	114	114	
729	1	T 256	32	40	40	P 228	0	76	114	
730	0	T 258	31	40	40	
731	1	T 260	30	40	40	P 228	0	76	76	
732	1	T 262	29	40	40	P 228	0	114	76	
733	1	T 264	28	40	40	P 228	0	114	76	
734	1	T 266	27	40	40	P 266	0	76	76	
735	1	T 268	26	40	40	P 266	0	76	76	
736	1	T 270	25	40	40	P 266	0	76	76	
737	1	T 272	24	40	40	P 266	0	114	76	
738	1	T 274	23	40	40	P 266	0	76	76	
739	1	T 276	22	40	40	P 266	0	76	76	
740	1	T 278	21	40	40	P 266	0	76	76	
741	1	T 280	20	40	40	P 266	0	76	76	
742	0	T 282	21	40	40	
743	1	T 284	22	40	40	P 266	0	76	76	
744	1	T 286	23	40	40	P 266	0	114	76	
745	1	T 288	24	40	40	P 266	0	114	76	
746	1	T 290	25	40	40	P 266	0	76	76	
747	1	T 292	26	40	40	P 266	0	76	76	
748	1	T 294	27	40	40	P 266	0	76	76	
749	1	T 296	28	40	40	P 266	0	76	76	
750	1	T 298	29	40	40	P 266	0	114	76	
751	1	T 300	30	40	40	P 266	0	114	76	
752	1	T 302	31	40	40	P 266	0	114	76	
753	0	T 304	32	40	40	
754	1	T 306	33	40	40	P 304	0	76	76	
755	1	T 308	34	40	40	P 304	0	76	76	
756	1	T 310	35	40	40	P 304	0	76	114	
757	1	T 312	36	40	40	P 304	0	76	114	
758	0	T 314	37	40	40	
759	1	T 316	38	40	40	P 304	38	76	76	
760	1	T 318	39	40	40	P 304	0	76	114	
761	1	T 320	40	40	40	P 304	38	76	76	
762	0	T 322	41	40	40	
763	1	T 324	42	40	40	P 304	38	76	76	
764	1	T 326	43	40	40	P 304	38	76	76	
765	1	T 328	44	40	40	P 304	38	76	76	
766	1	T 330	45	40	40	P 304	38	76	76	
767	1	T 332	46	40	40	P 304	38	76	76	
768	1	T 334	47	40	40	P 304	38	76	76	
769	1	T 336	48	40	40	P 304	38	76	76	
770	1	T 338	49	40	40	P 304	38	76	76	
771	1	T 340	50	40	40	P 304	38	114	76	
772	1	T 342	51	40	40	P 342	38	76	76	
773	1	T 344	52	40	40	P 342	38	76	76	
774	1	T 346	53	40	40	P 342	38	76	76	
775	1	T 348	54	40	40	P 342	38	76	76	
776	1	T 350	55	40	40	P 342	38	76	76	
777	0	T 352	56	40	40	
778	1	T 354	57	40	40	P 342	38	76	76	
779	1	T 356	58	40	40	P 342	38	76	76	
780	1	T 358	59	40	40	P 342	38	76	76	
781	1	T 360	60	40	40	P 342	38	76	76	
782	2	T 362	61	40	40	P 342	38	76	76	P 456	76	76	76	
783	1	T 364	62	40	40	P 342	38	76	76	
784	1	T 366	63	40	40	P 342	38	76	76	
785	1	T 368	64	40	40	P 342	38	76	76	
786	0	T 370	65	40	40	
787	1	T 372	66	40	40	P 342	38	76	114	
788	1	T 374	67	40	40	P 342	38	76	76	
789	1	T 376	68	40	40	P 342	38	114	76	
790	1	T 378	69	40	40	P 342	38	114	76	
791	1	T 380	70	40	40	P 380	38	76	76	
792	0	T 382	71	40	40	
793	1	T 384	72	40	40	P 380	38	76	76	
794	1	T 386	73	40	40	P 380	38	76	114	
795	1	T 388	74	40	40	P 380	38	76	114	
796	1	T 390	75	40	40	P 380	76	76	76	
797	1	T 392	76	40	40	P 380	38	76	114	
798	1	T 394	77	40	40	P 380	76	76	76	
799	1	T 396	78	40	40	P 380	76	76	76	
800	1	T 398	79	40	40	P 380	76	76	76	
801	1	T 400	80	40	40	P 380	76	76	76	
802	1	T 402	81	40	40	P 380	76	76	76	
803	1	T 404	82	40	40	P 380	38	76	114	
804	0	T 406	83	40	40	
805	1	T 408	84	40	40	P 380	76	114	76	
806	1	T 410	85	40	40	P 380	76	76	76	
807	1	T 412	86	40	40	P 380	76	76	76	
808	1	T 414	87	40	40	P 380	76	114	76	
809	1	T 416	88	40	40	P 380	76	114	76	
810	1	T 418	89	40	40	P 380	76	114	76	
811	1	T 420	90	40	40	P 418	76	76	76	
812	1	T 422	91	40	40	P 418	76	76	76	
813	1	T 424	92	40	40	P 418	76	76	76	
814	1	T 426	93	40	40	P 418	76	76	114	
815	1	T 428	94	40	40	P 418	76	76	114	
816	1	T 430	95	40	40	P 418	76	76	76	
817	1	T 432	96	40	40	P 418	76	76	76	
818	1	T 434	97	40	40	P 418	76	76	76	
819	1	T 436	98	40	40	P 418	76	76	76	
820	1	T 438	99	40	40	P 418	76	76	76	
821	1	T 440	100	40	40	P 418	76	114	76	
822	1	T 442	101	40	40	P 418	76	76	76	
823	1	T 444	102	40	40	P 418	76	76	76	
824	1	T 446	103	40	40	P 418	76	76	114	
825	1	T 448	104	40	40	P 418	76	76	76	
826	1	T 450	105	40	40	P 418	76	76	76	
827	1	T 452	106	40	40	P 418	76	114	76	
828	0	T 454	107	40	40	
829	1	T 456	108	40	40	P 418	76	114	76	
830	1	T 458	109	40	40	P 456	76	76	76	
831	1	T 460	110	40	40	P 456	76	76	76	
832	1	T 462	111	40	40	P 456	114	76	76	
833	0	T 464	112	40	40	
834	1	T 466	113	40	40	P 456	114	76	76	
835	1	T 468	114	40	40	P 418	114	114	76	
836	1	T 470	115	40	40	P 456	114	76	76	
837	0	T 472	116	40	40	
838	1	T 474	117	40	40	P 456	76	76	114	
839	1	T 476	118	40	40	P 456	114	76	76	
840	1	T 478	119	40	40	P 456	114	76	76	
841	1	T 480	120	40	40	P 456	76	76	114	
842	1	T 482	121	40	40	P 456	114	76	76	
843	1	T 484	122	40	40	P 456	114	76	76	
844	1	T 486	123	40	40	P 456	114	76	76	
845	1	T 488	124	40	40	P 456	114	114	76	
846	1	T 490	125	40	40	P 456	114	76	76	
847	1	T 492	126	40	40	P 456	114	114	76	
848	1	T 494	127	40	40	P 456	114	114	76	
849	1	T 496	128	40	40	P 494	114	76	76	
850	1	T 498	129	40	40	P 494	114	76	76	
851	1	T 500	130	40	40	P 494	114	76	76	
852	1	T 502	131	40	40	P 494	114	76	114	
853	1	T 504	132	40	40	P 494	76	76	114	
854	1	T 506	133	40	40	P 456	114	114	76	
855	1	T 508	134	40	40	P 494	114	76	76	
856	1	T 510	135	40	40	P 494	76	76	114	
857	1	T 512	136	40	40	P 494	114	114	76	
858	1	T 514	137	40	40	P 494	114	76	76	
859	1	T 516	138	40	40	P 494	114	76	76	
860	1	T 518	139	40	40	P 494	114	76	76	
861	1	T 520	140	40	40	P 494	114	76	76	
862	1	T 522	141	40	40	P 494	114	76	76	
863	1	T 524	142	40	40	P 494	114	76	76	
864	1	T 526	143	40	40	P 494	114	76	76	
865	1	T 528	144	40	40	P 494	114	76	76	
866	1	T 530	145	40	40	P 494	114	114	76	
867	0	T 532	146	40	40	
868	1	T 534	147	40	40	P 532	114	76	76	
869	1	T 536	148	40	40	P 532	114	76	114	
870	1	T 538	149	40	40	P 494	114	152	114	
871	1	T 540	150	40	40	P 532	152	76	76	
872	1	T 542	151	40	40	P 532	114	76	114	
873	1	T 544	152	40	40	P 532	152	76	76	
874	1	T 546	153	40	40	P 532	114	76	114	
875	0	T 548	154	40	40	
876	1	T 550	155	40	40	P 532	152	76	76	
877	1	T 552	156	40	40	P 532	152	76	76	
878	1	T 554	157	40	40	P 532	152	76	76	
879	1	T 556	158	40	40	P 532	152	76	76	
880	1	T 558	159	40	40	P 532	152	76	76	
881	1	T 560	160	40	40	P 532	152	76	76	
882	1	T 562	161	40	40	P 532	152	76	76	
883	0	T 564	162	40	40	
884	0	T 566	163	40	40	
885	1	T 568	164	40	40	P 532	152	76	76	
886	1	T 570	165	40	40	P 570	152	76	76	
887	1	T 572	166	40	40	P 570	152	76	76	
888	1	T 574	167	40	40	P 570	152	76	76	
889	1	T 576	168	40	40	P 570	114	76	114	
890	1	T 578	169	40	40	P 570	152	76	76	
891	1	T 580	170	40	40	P 570	152	76	76	
892	0	T 582	171	40	40	
893	1	T 584	172	40	40	P 570	152	76	76	
894	1	T 586	173	40	40	P 570	152	76	76	
895	1	T 588	174	40	40	P 570	152	76	76	
896	1	T 590	175	40	40	P 570	152	76	76	
897	1	T 592	176	40	40	P 570	152	76	76	
898	1	T 594	177	40	40	P 570	152	76	76	
899	1	T 596	178	40	40	P 570	152	76	76	
900	1	T 598	179	40	40	P 570	152	76	76	
901	1	T 600	180	40	40	P 570	152	76	76	
902	1	T 602	181	40	40	P 570	152	114	76	
903	1	T 604	182	40	40	P 570	152	76	76	
904	1	T 606	183	40	40	P 570	152	114	76	
905	1	T 608	184	40	40	P 570	152	114	76	
906	1	T 610	185	40	40	P 608	190	76	76	
907	1	T 612	186	40	40	P 608	152	76	76	
908	1	T 614	187	40	40	P 608	152	76	114	
909	1	T 616	188	40	40	P 608	190	76	76	
910	1	T 618	189	40	40	P 608	152	76	114	
911	1	T 620	190	40	40	P 608	190	76	76	
912	0	T 622	191	40	40	
913	0	T 624	192	40	40	
914	1	T 626	193	40	40	P 608	190	76	76	
915	1	T 628	194	40	40	P 608	152	76	114	
916	1	T 630	195	40	40	P 608	190	76	76	
917	1	T 632	196	40	40	P 608	190	76	76	
918	1	T 634	197	40	40	P 608	190	76	76	
919	1	T 636	198	40	40	P 608	190	76	76	
920	1	T 638	199	40	40	P 608	190	76	76	
921	0	T 640	200	40	40	
922	1	T 642	201	40	40	P 608	190	76	76	
923	1	T 644	202	40	40	P 608	190	76	76	
924	1	T 646	203	40	40	P 608	190	76	114	
925	0	T 648	204	40	40	
926	1	T 650	205	40	40	P 608	190	76	76	
927	0	T 652	206	40	40	
928	0	T 654	207	40	40	
929	0	T 656	208	40	40	
930	0	T 658	209	40	40	
931	0	T 660	210	40	40	
932	0	T 658	211	40	40	
933	0	T 656	212	40	40	
934	0	T 654	213	40	40	
935	0	T 652	214	40	40	
936	0	T 650	215	40	40	
937	0	T 648	216	40	40	
938	0	T 646	217	40	40	
939	1	T 644	218	40	40	P 608	190	76	76	
940	0	T 642	219	40	40	
941	1	T 640	220	40	40	P 608	190	76	114	
942	1	T 638	221	40	40	P 608	190	76	76	
943	1	T 636	222	40	40	P 608	190	76	76	
944	0	T 634	223	40	40	
945	0	T 632	224	40	40	
946	1	T 630	225	40	40	P 608	190	76	76	
947	0	T 628	226	40	40	
948	1	T 626	227	40	40	P 608	228	76	76	
949	1	T 624	228	40	40	P 608	190	76	114	
950	1	T 622	229	40	40	P 608	228	76	76	
951	1	T 620	230	40	40	P 570	190	114	114	
952	1	T 618	231	40	40	P 608	228	76	76	
953	1	T 616	232	40	40	P 608	228	76	76	
954	1	T 614	233	40	40	P 570	228	114	76	
955	1	T 612	234	40	40	P 608	190	76	114	
956	1	T 610	235	40	40	P 608	228	76	76	
957	1	T 608	236	40	40	P 570	228	114	76	
958	1	T 606	237	40	40	P 570	228	76	76	
959	0	T 604	238	40	40	
960	1	T 602	239	40	40	P 570	228	76	76	
961	1	T 600	240	40	40	P 570	228	76	76	
962	1	T 598	241	40	40	P 570	228	76	76	
963	1	T 596	242	40	40	P 570	228	76	76	
964	1	T 594	243	40	40	P 570	228	76	76	
965	2	T 592	244	40	40	P 76	304	76	76	P 570	228	76	76	
966	1	T 590	245	40	40	P 570	228	76	114	
967	1	T 588	246	40	40	P 570	228	76	76	
968	1	T 586	247	40	40	P 570	228	76	76	
969	1	T 584	248	40	40	P 570	228	76	76	
970	1	T 582	249	40	40	P 570	228	76	76	
971	1	T 580	250	40	40	P 532	228	114	76	
972	1	T 578	251	40	40	P 570	228	76	76	
973	1	T 576	252	40	40	P 570	228	76	76	
974	1	T 574	253	40	40	P 570	228	76	76	
975	1	T 572	254	40	40	P 570	228	76	76	
976	0	T 570	255	40	40	
977	0	T 568	256	40	40	
978	1	T 566	257	40	40	P 532	228	76	76	
979	0	T 564	258	40	40	
980	1	T 562	259	40	40	P 532	228	76	76	
981	1	T 560	260	40	40	P 532	228	76	76	
982	1	T 558	261	40	40	P 532	228	76	76	
983	1	T 556	262	40	40	P 532	228	76	114	
984	1	T 554	263	40	40	P 532	228	76	114	
985	1	T 552	264	40	40	P 532	266	76	76	
986	1	T 550	265	40	40	P 532	266	76	76	
987	1	T 548	266	40	40	P 532	266	76	76	
988	1	T 546	267	40	40	P 532	228	76	114	
989	1	T 544	268	40	40	P 494	266	114	76	
990	1	T 542	269	40	40	P 532	266	76	76	
991	0	T 540	270	40	40	
992	1	T 538	271	40	40	P 532	266	76	76	
993	1	T 536	272	40	40	P 532	266	76	76	
994	1	T 534	273	40	40	P 532	266	76	76	
995	0	T 532	274	40	40	
996	0	T 530	275	40	40	
997	1	T 528	276	40	40	P 494	266	76	76	
998	1	T 526	277	40	40	P 494	266	114	76	
999	1	T 524	278	40	40	P 494	266	76	76	
1000	0	T 522	279	40	40	
1001	1	T 520	280	40	40	P 494	266	76	76	
1002	1	T 518	281	40	40	P 456	266	114	114	
1003	1	T 516	282	40	40	P 494	266	76	114	
1004	1	T 514	283	40	40	P 494	266	76	76	
1005	1	T 512	284	40	40	P 494	266	76	76	
1006	1	T 510	285	40	40	P 494	266	76	114	
1007	1	T 508	286	40	40	P 494	266	76	76	
1008	1	T 506	287	40	40	P 456	266	114	114	
1009	1	T 504	288	40	40	P 456	266	114	76	
1010	1	T 502	289	40	40	P 494	266	76	76	
1011	1	T 500	290	40	40	P 494	266	76	114	
1012	1	T 498	291	40	40	P 494	266	76	76	
1013	1	T 496	292	40	40	P 494	266	76	76	
1014	0	T 494	293	40	40	
1015	1	T 492	294	40	40	P 456	266	76	114	
1016	1	T 490	295	40	40	P 456	266	114	76	
1017	1	T 488	296	40	40	P 456	266	76	76	
1018	1	T 486	297	40	40	P 456	266	76	114	
1019	1	T 484	298	40	40	P 456	266	76	76	
1020	1	T 482	299	40	40	P 456	266	76	76	
1021	0	T 480	300	40	40	
1022	1	T 478	301	40	40	P 456	266	76	76	
1023	1	T 476	302	40	40	P 456	304	76	76	
1024	1	T 474	303	40	40	P 456	266	76	114	
1025	1	T 472	304	40	40	P 456	304	76	76	
1026	1	T 470	305	40	40	P 456	304	76	76	
1027	1	T 468	306	40	40	P 456	304	76	76	
1028	1	T 466	307	40	40	P 456	304	76	76	
1029	1	T 464	308	40	40	P 456	304	76	76	
1030	1	T 462	309	40	40	P 456	304	76	76	
1031	1	T 460	310	40	40	P 456	266	76	114	
1032	1	T 458	311	40	40	P 456	304	76	76	
1033	1	T 456	312	40	40	P 456	304	76	76	
1034	0	T 454	313	40	40	
1035	1	T 452	314	40	40	P 418	304	76	76	
1036	1	T 450	315	40	40	P 418	304	76	76	
1037	1	T 448	316	40	40	P 418	304	76	76	
1038	1	T 446	317	40	40	P 418	304	76	76	
1039	1	T 444	318	40	40	P 418	304	76	76	
1040	1	T 442	319	40	40	P 418	304	76	76	
1041	1	T 440	320	40	40	P 418	304	76	76	
1042	0	T 438	321	40	40	
1043	1	T 436	322	40	40	P 418	304	76	76	
1044	1	T 434	323	40	40	P 418	304	76	76	
1045	1	T 432	324	40	40	P 418	304	76	114	
1046	1	T 430	325	40	40	P 418	304	76	76	
1047	1	T 428	326	40	40	P 418	304	76	76	
1048	1	T 426	327	40	40	P 418	304	76	76	
1049	1	T 424	328	40	40	P 418	304	76	76	
1050	1	T 422	329	40	40	P 380	304	114	76	
1051	1	T 420	330	40	40	P 380	304	114	76	
1052	1	T 418	331	40	40	P 418	304	76	76	
1053	1	T 416	332	40	40	P 380	304	76	76	
1054	1	T 414	333	40	40	P 380	304	76	76	
1055	1	T 412	334	40	40	P 380	304	76	76	
1056	1	T 410	335	40	40	P 380	304	76	76	
1057	1	T 408	336	40	40	P 380	304	76	76	
1058	1	T 406	337	40	40	P 380	304	76	76	
1059	1	T 404	338	40	40	P 380	304	76	76	
1060	0	T 402	339	40	40	
1061	1	T 400	340	40	40	P 380	304	76	114	
1062	0	T 398	341	40	40	
1063	0	T 396	342	40	40	
1064	1	T 394	343	40	40	P 380	342	114	76	
1065	1	T 392	344	40	40	P 342	342	114	76	
1066	1	T 390	345	40	40	P 380	342	76	76	
1067	1	T 388	346	40	40	P 380	342	76	76	
1068	1	T 386	347	40	40	P 380	342	76	76	
1069	1	T 384	348	40	40	P 380	342	76	76	
1070	1	T 382	349	40	40	P 380	342	76	76	
1071	0	T 380	350	40	40	
1072	1	T 378	351	40	40	P 342	304	76	114	
1073	0	T 376	352	40	40	
1074	1	T 374	353	40	40	P 342	342	76	76	
1075	1	T 372	354	40	40	P 304	342	114	76	
1076	1	T 370	355	40	40	P 342	342	76	114	
1077	1	T 368	356	40	40	P 342	304	76	152	
1078	1	T 366	357	40	40	P 342	342	76	76	
1079	1	T 364	358	40	40	P 342	342	76	76	
1080	1	T 362	359	40	40	P 342	342	76	76	
1081	1	T 360	360	40	40	P 342	342	76	76	
1082	1	T 358	361	40	40	P 342	342	76	76	
1083	1	T 356	362	40	40	P 342	342	114	114	
1084	1	T 354	363	40	40	P 342	342	76	76	
1085	1	T 352	364	40	40	P 342	342	76	76	
1086	1	T 350	365	40	40	P 342	342	76	76	
1087	1	T 348	366	40	40	P 342	342	76	76	
1088	1	T 346	367	40	40	P 342	342	76	76	
1089	1	T 344	368	40	40	P 342	342	76	114	
1090	0	T 342	369	40	40	
1091	1	T 340	370	40	40	P 304	342	114	76	
1092	1	T 338	371	40	40	P 304	342	76	114	
1093	1	T 336	372	40	40	P 266	342	114	76	
1094	1	T 334	373	40	40	P 304	342	76	76	
1095	1	T 332	374	40	40	P 304	342	76	76	
1096	0	T 330	375	40	40	
1097	1	T 328	376	40	40	P 304	342	76	76	
1098	1	T 326	377	40	40	P 304	380	76	76	
1099	0	T 324	378	40	40	
1100	0	T 322	379	40	40	
1101	1	T 320	380	40	40	P 304	380	76	76	
1102	1	T 318	381	40	40	P 304	380	76	76	
1103	1	T 316	382	40	40	P 304	380	76	76	
1104	1	T 314	383	40	40	P 304	380	76	76	
1105	1	T 312	384	40	40	P 304	380	76	76	
1106	1	T 310	385	40	40	P 266	380	114	76	
1107	1	T 308	386	40	40	P 304	380	76	76	
1108	1	T 306	387	40	40	P 304	380	76	76	
1109	1	T 304	388	40	40	P 266	342	76	114	
1110	1	T 302	389	40	40	P 266	380	114	76	
1111	1	T 300	390	40	40	P 266	380	76	76	
1112	1	T 298	391	40	40	P 266	380	76	76	
1113	1	T 296	392	40	40	P 266	380	76	76	
1114	1	T 294	393	40	40	P 266	380	76	76	
1115	1	T 292	394	40	40	P 266	380	76	76	
1116	1	T 290	395	40	40	P 266	380	76	76	
1117	1	T 288	396	40	40	P 266	380	76	76	
1118	1	T 286	397	40	40	P 266	380	76	76	
1119	1	T 284	398	40	40	P 266	380	76	76	
1120	1	T 282	399	40	40	P 266	380	76	76	
1121	1	T 280	400	40	40	P 266	380	76	76	
1122	1	T 278	401	40	40	P 266	380	76	76	
1123	0	T 276	402	40	40	
1124	1	T 274	403	40	40	P 228	380	114	76	
1125	0	T 272	404	40	40	
1126	1	T 270	405	40	40	P 266	380	76	76	
1127	1	T 268	406	40	40	P 266	380	76	76	
1128	1	T 266	407	40	40	P 228	380	114	76	
1129	1	T 264	408	40	40	P 228	380	76	76	
1130	1	T 262	409	40	40	P 228	380	76	76	
1131	1	T 260	410	40	40	P 190	380	114	76	
1132	1	T 258	411	40	40	P 228	380	76	76	
1133	1	T 256	412	40	40	P 228	380	76	76	
1134	0	T 254	413	40	40	
1135	0	T 252	414	40	40	
1136	1	T 250	415	40	40	P 228	380	76	76	
1137	1	T 248	416	40	40	P 228	380	76	76	
1138	1	T 246	417	40	40	P 228	380	76	76	
1139	0	T 244	418	40	40	
1140	0	T 242	419	40	40	
1141	0	T 240	420	40	40	
1142	0	T 238	419	40	40	
1143	0	T 236	418	40	40	
1144	1	T 234	417	40	40	P 228	380	76	76	
1145	1	T 232	416	40	40	P 228	380	76	76	
1146	1	T 230	415	40	40	P 228	380	76	76	
1147	1	T 228	414	40	40	P 190	380	114	76	
1148	0	T 226	413	40	40	
1149	1	T 224	412	40	40	P 190	380	76	76	
1150	1	T 222	411	40	40	P 190	380	114	76	
1151	1	T 220	410	40	40	P 190	380	76	76	
1152	1	T 218	409	40	40	P 190	380	76	76	
1153	1	T 216	408	40	40	P 190	380	76	76	
1154	1	T 214	407	40	40	P 190	380	76	76	
1155	1	T 212	406	40	40	P 190	380	76	76	
1156	1	T 210	405	40	40	P 190	380	76	76	
1157	1	T 208	404	40	40	P 190	380	76	76	
1158	1	T 206	403	40	40	P 152	380	114	76	
1159	1	T 204	402	40	40	P 190	380	76	76	
1160	1	T 202	401	40	40	P 190	380	76	76	
1161	1	T 200	400	40	40	P 190	380	76	76	
1162	1	T 198	399	40	40	P 190	380	76	76	
1163	1	T 196	398	40	40	P 152	380	114	76	
1164	1	T 194	397	40	40	P 190	380	76	76	
1165	0	T 192	396	40	40	
1166	0	T 190	395	40	40	
1167	0	T 188	394	40	40	
1168	1	T 186	393	40	40	P 152	380	76	76	
1169	1	T 184	392	40	40	P 152	380	76	76	
1170	1	T 182	391	40	40	P 152	380	76	76	
1171	1	T 180	390	40	40	P 152	380	76	76	
1172	1	T 178	389	40	40	P 152	342	114	114	
1173	1	T 176	388	40	40	P 152	380	114	76	
1174	1	T 174	387	40	40	P 114	342	114	114	
1175	1	T 172	386	40	40	P 152	342	76	114	
1176	1	T 170	385	40	40	P 152	380	114	76	
1177	1	T 168	384	40	40	P 152	380	76	76	
1178	1	T 166	383	40	40	P 152	380	76	76	
1179	0	T 164	382	40	40	
1180	1	T 162	381	40	40	P 152	380	76	76	
1181	1	T 160	380	40	40	P 152	380	76	76	
1182	1	T 158	379	40	40	P 152	342	76	114	
1183	1	T 156	378	40	40	P 152	342	76	76	
1184	1	T 154	377	40	40	P 152	342	76	76	
1185	0	T 152	376	40	40	
1186	1	T 150	375	40	40	P 114	342	76	76	
1187	1	T 148	374	40	40	P 114	342	76	114	
1188	1	T 146	373	40	40	P 114	342	76	76	
1189	1	T 144	372	40	40	P 114	342	76	76	
1190	1	T 142	371	40	40	P 114	342	76	76	
1191	1	T 140	370	40	40	P 114	342	76	76	
1192	1	T 138	369	40	40	P 114	342	76	76	
1193	1	T 136	368	40	40	P 114	342	76	76	
1194	1	T 134	367	40	40	P 114	342	76	76	
1195	0	T 132	366	40	40	
1196	1	T 130	365	40	40	P 76	342	114	76	
1197	1	T 128	364	40	40	P 114	342	76	76	
1198	1	T 126	363	40	40	P 114	342	76	76	
1199	1	T 124	362	40	40	P 114	342	76	76	
1200	1	T 122	361	40	40	P 76	342	114	76	
1201	1	T 120	360	40	40	P 114	342	76	76	
1202	1	T 118	359	40	40	P 114	342	76	76	
1203	1	T 116	358	40	40	P 114	342	76	76	
1204	1	T 114	357	40	40	P 114	342	76	76	
1205	0	T 112	356	40	40	
1206	1	T 110	355	40	40	P 76	342	76	76	
1207	1	T 108	354	40	40	P 76	342	76	76	
1208	1	T 106	353	40	40	P 76	342	76	76	
1209	1	T 104	352	40	40	P 76	304	76	114	
1210	1	T 102	351	40	40	P 76	342	76	76	
1211	1	T 100	350	40	40	P 76	342	76	76	
1212	1	T 98	349	40	40	P 76	342	76	76	
1213	1	T 96	348	40	40	P 76	342	76	76	
1214	1	T 94	347	40	40	P 76	342	76	76	
1215	1	T 92	346	40	40	P 76	342	76	76	
1216	1	T 90	345	40	40	P 76	342	76	76	
1217	1	T 88	344	40	40	P 76	304	76	114	
1218	1	T 86	343	40	40	P 76	342	76	76	
1219	1	T 84	342	40	40	P 76	304	76	114	
1220	1	T 82	341	40	40	P 76	304	76	114	
1221	0	T 80	340	40	40	
1222	1	T 78	339	40	40	P 76	304	76	76	
1223	0	T 76	338	40	40	
1224	1	T 74	337	40	40	P 38	304	76	76	
1225	1	T 72	336	40	40	P 38	304	76	76	
1226	1	T 70	335	40	40	P 38	304	114	76	
1227	1	T 68	334	40	40	P 38	304	76	76	
1228	1	T 66	333	40	40	P 38	304	76	114	
1229	1	T 64	332	40	40	P 38	304	76	76	
1230	1	T 62	331	40	40	P 38	304	76	76	
1231	1	T 60	330	40	40	P 38	304	76	76	
1232	1	T 58	329	40	40	P 38	304	76	76	
1233	1	T 56	328	40	40	P 38	304	76	76	
1234	1	T 54	327	40	40	P 38	304	76	76	
1235	1	T 52	326	40	40	P 38	304	76	76	
1236	1	T 50	325	40	40	P 38	304	76	76	
1237	1	T 48	324	40	40	P 38	304	76	114	
1238	1	T 46	323	40	40	P 0	304	114	76	
1239	0	T 44	322	40	40	
1240	1	T 42	321	40	40	P 38	304	76	76	
1241	0	T 40	320	40	40	
1242	1	T 38	319	40	40	P 38	304	76	76	
1243	0	T 36	318	40	40	
1244	1	T 34	317	40	40	P 0	304	76	76	
1245	1	T 32	316	40	40	P 0	304	76	76	
1246	1	T 30	315	40	40	P 0	304	76	76	
1247	1	T 28	314	40	40	P 0	266	76	114	
1248	1	T 26	313	40	40	P 0	304	76	76	
1249	1	T 24	312	40	40	P 0	266	76	114	
1250	1	T 22	311	40	40	P 0	304	76	76	
1251	1	T 20	310	40	40	P 0	304	76	76	
1252	0	T 22	309	40	40	
1253	1	T 24	308	40	40	P 0	304	76	76	
1254	1	T 26	307	40	40	P 0	304	76	76	
1255	1	T 28	306	40	40	P 0	266	76	76	
1256	1	T 30	305	40	40	P 0	304	76	76	
1257	1	T 32	304	40	40	P 0	304	76	76	
1258	0	T 34	303	40	40	
1259	1	T 36	302	40	40	P 0	266	114	76	
1260	1	T 38	301	40	40	P 38	266	76	76	
1261	0	T 40	300	40	40	
1262	1	T 42	299	40	40	P 0	266	152	114	
1263	0	T 44	298	40	40	
1264	1	T 46	297	40	40	P 38	266	76	76	
1265	1	T 48	296	40	40	P 38	266	76	76	
1266	1	T 50	295	40	40	P 38	266	76	76	
1267	1	T 52	294	40	40	P 38	266	76	76	
1268	0	T 54	293	40	40	
1269	1	T 56	292	40	40	P 38	266	76	76	
1270	1	T 58	291	40	40	P 38	266	76	76	
1271	1	T 60	290	40	40	P 38	266	76	76	
1272	0	T 62	289	40	40	
1273	1	T 64	288	40	40	P 38	266	76	76	
1274	1	T 66	287	40	40	P 38	266	76	76	
1275	1	T 68	286	40	40	P 38	266	76	76	
1276	1	T 70	285	40	40	P 38	266	114	76	
1277	1	T 72	284	40	40	P 38	266	114	76	
1278	1	T 74	283	40	40	P 38	266	76	76	
1279	0	T 76	282	40	40	
1280	0	T 78	281	40	40	
1281	1	T 80	280	40	40	P 38	266	114	76	
1282	1	T 82	279	40	40	P 76	266	114	76	
1283	0	T 84	278	40	40	
1284	1	T 86	277	40	40	P 76	228	76	114	
1285	0	T 88	276	40	40	
1286	1	T 90	275	40	40	P 76	266	76	76	
1287	1	T 92	274	40	40	P 76	266	114	76	
1288	1	T 94	273	40	40	P 76	266	76	76	
1289	1	T 96	272	40	40	P 76	266	76	114	
1290	1	T 98	271	40	40	P 76	266	76	76	
1291	1	T 100	270	40	40	P 76	266	76	76	
1292	1	T 102	269	40	40	P 76	266	76	76	
1293	0	T 104	268	40	40	
1294	1	T 106	267	40	40	P 76	228	76	114	
1295	1	T 108	266	40	40	P 76	266	76	76	
1296	0	T 110	265	40	40	
1297	0	T 112	264	40	40	
1298	1	T 114	263	40	40	P 114	228	76	76	
1299	0	T 116	262	40	40	
1300	1	T 118	261	40	40	P 114	228	76	114	
1301	1	T 120	260	40	40	P 114	228	76	76	
1302	1	T 122	259	40	40	P 114	228	76	76	
1303	1	T 124	258	40	40	P 114	228	76	76	
1304	1	T 126	257	40	40	P 114	228	76	76	
1305	1	T 128	256	40	40	P 76	228	114	76	
1306	0	T 130	255	40	40	
1307	0	T 132	254	40	40	
1308	1	T 134	253	40	40	P 114	190	76	114	
1309	1	T 136	252	40	40	P 114	228	76	76	
1310	1	T 138	251	40	40	P 114	228	76	76	
1311	0	T 140	250	40	40	
1312	1	T 142	249	40	40	P 114	228	76	76	
1313	1	T 144	248	40	40	P 114	228	76	76	
1314	1	T 146	247	40	40	P 114	228	114	76	
1315	1	T 148	246	40	40	P 114	228	114	76	
1316	0	T 150	245	40	40	
1317	1	T 152	244	40	40	P 152	228	76	76	
1318	1	T 154	243	40	40	P 152	228	76	76	
1319	1	T 156	242	40	40	P 152	228	76	76	
1320	1	T 158	241	40	40	P 152	228	76	76	
1321	1	T 160	240	40	40	P 152	228	76	76	
1322	1	T 162	239	40	40	P 152	228	76	76	
1323	1	T 164	238	40	40	P 152	228	76	76	
1324	1	T 166	237	40	40	P 152	228	76	76	
1325	1	T 168	236	40	40	P 152	228	76	114	
1326	1	T 170	235	40	40	P 152	228	76	76	
1327	1	T 172	234	40	40	P 152	228	114	76	
1328	1	T 174	233	40	40	P 152	228	76	76	
1329	1	T 176	232	40	40	P 152	228	76	76	
1330	1	T 178	231	40	40	P 152	190	76	114	
1331	1	T 180	230	40	40	P 152	190	76	114	
1332	1	T 182	229	40	40	P 152	228	76	76	
1333	1	T 184	228	40	40	P 152	190	76	114	
1334	0	T 186	227	40	40	
1335	0	T 188	226	40	40	
1336	0	T 190	225	40	40	
1337	0	T 192	224	40	40	
1338	1	T 194	223	40	40	P 152	190	114	76	
1339	1	T 196	222	40	40	P 190	190	76	114	
1340	1	T 198	221	40	40	P 190	190	76	76	
1341	1	T 200	220	40	40	P 190	190	114	76	
1342	1	T 202	219	40	40	P 190	190	76	76	
1343	1	T 204	218	40	40	P 190	190	76	114	
1344	1	T 206	217	40	40	P 190	190	76	76	
1345	1	T 208	216	40	40	P 190	190	76	76	
1346	1	T 210	215	40	40	P 190	190	76	76	
1347	1	T 212	214	40	40	P 190	190	76	114	
1348	1	T 214	213	40	40	P 190	190	76	76	
1349	1	T 216	212	40	40	P 190	190	114	76	
1350	1	T 218	211	40	40	P 190	190	76	76	
1351	1	T 220	210	40	40	P 190	190	76	76	
1352	1	T 222	209	40	40	P 190	190	114	76	
1353	1	T 224	208	40	40	P 190	190	114	76	
1354	1	T 226	207	40	40	P 190	190	114	76	
1355	1	T 228	206	40	40	P 190	190	114	76	
1356	1	T 230	205	40	40	P 228	190	76	76	
1357	1	T 232	204	40	40	P 228	190	114	76	
1358	1	T 234	203	40	40	P 228	190	76	76	
1359	1	T 236	202	40	40	P 228	190	76	76	
1360	1	T 238	201	40	40	P 228	190	76	76	
1361	1	T 240	200	40	40	P 228	190	76	76	
1362	1	T 242	199	40	40	P 228	190	76	76	
1363	0	T 244	198	40	40	
1364	1	T 246	197	40	40	P 228	190	114	76	
1365	1	T 248	196	40	40	P 228	190	76	76	
1366	1	T 250	195	40	40	P 228	190	76	76	
1367	1	T 252	194	40	40	P 228	190	114	76	
1368	1	T 254	193	40	40	P 228	190	76	76	
1369	1	T 256	192	40	40	P 228	190	76	76	
1370	1	T 258	191	40	40	P 228	152	76	114	
1371	1	T 260	190	40	40	P 228	152	76	76	
1372	1	T 262	189	40	40	P 266	152	76	76	
1373	0	T 264	188	40	40	
1374	0	T 266	187	40	40	
1375	1	T 268	186	40	40	P 228	152	114	76	
1376	1	T 270	185	40	40	P 266	114	76	114	
1377	1	T 272	184	40	40	P 266	152	76	76	
1378	1	T 274	183	40	40	P 266	152	76	76	
1379	1	T 276	182	40	40	P 266	152	76	76	
1380	1	T 278	181	40	40	P 266	152	76	76	
1381	1	T 280	180	40	40	P 266	152	114	76	
1382	1	T 282	179	40	40	P 266	152	76	114	
1383	1	T 284	178	40	40	P 266	152	76	76	
1384	1	T 286	177	40	40	P 266	152	76	76	
1385	1	T 288	176	40	40	P 266	152	76	76	
1386	1	T 290	175	40	40	P 266	152	76	76	
1387	1	T 292	174	40	40	P 266	152	76	76	
1388	1	T 294	173	40	40	P 266	152	76	76	
1389	1	T 296	172	40	40	P 266	152	76	76	
1390	1	T 298	171	40	40	P 266	152	76	76	
1391	1	T 300	170	40	40	P 266	152	114	76	
1392	0	T 302	169	40	40	
1393	1	T 304	168	40	40	P 266	114	114	114	
1394	1	T 306	167	40	40	P 304	152	76	76	
1395	1	T 308	166	40	40	P 304	152	76	76	
1396	1	T 310	165	40	40	P 304	152	76	76	
1397	1	T 312	164	40	40	P 304	152	76	114	
1398	1	T 314	163	40	40	P 304	114	114	114	
1399	1	T 316	162	40	40	P 304	152	76	76	
1400	1	T 318	161	40	40	P 304	152	76	76	
1401	1	T 320	160	40	40	P 304	152	76	76	
1402	1	T 322	159	40	40	P 304	152	76	76	
1403	1	T 324	158	40	40	P 304	152	76	76	
1404	1	T 326	157	40	40	P 304	152	76	76	
1405	1	T 328	156	40	40	P 304	152	114	76	
1406	1	T 330	155	40	40	P 304	152	76	76	
1407	1	T 332	154	40	40	P 304	152	76	76	
1408	0	T 334	153	40	40	
1409	1	T 336	152	40	40	P 304	114	76	114	
1410	1	T 338	151	40	40	P 342	114	76	76	
1411	1	T 340	150	40	40	P 304	114	114	76	
1412	0	T 342	149	40	40	
1413	0	T 344	148	40	40	
1414	1	T 346	147	40	40	P 342	114	76	114	
1415	1	T 348	146	40	40	P 342	114	76	76	
1416	1	T 350	145	40	40	P 342	114	76	76	
1417	1	T 352	144	40	40	P 342	114	114	76	
1418	1	T 354	143	40	40	P 342	114	76	76	
1419	1	T 356	142	40	40	P 342	114	76	76	
1420	1	T 358	141	40	40	P 342	114	76	76	
1421	1	T 360	140	40	40	P 342	114	76	76	
1422	1	T 362	139	40	40	P 342	114	76	76	
1423	1	T 364	138	40	40	P 342	114	114	76	
1424	1	T 366	137	40	40	P 342	114	76	76	
1425	1	T 368	136	40	40	P 342	114	76	76	
1426	1	T 370	135	40	40	P 342	114	76	76	
1427	1	T 372	134	40	40	P 342	114	76	76	
1428	1	T 374	133	40	40	P 342	114	76	76	
1429	1	T 376	132	40	40	P 342	114	76	76	
1430	1	T 378	131	40	40	P 342	114	114	76	
1431	1	T 380	130	40	40	P 380	114	76	76	
1432	1	T 382	129	40	40	P 342	114	114	76	
1433	1	T 384	128	40	40	P 380	114	76	76	
1434	1	T 386	127	40	40	P 380	114	76	76	
1435	1	T 388	126	40	40	P 380	114	76	76	
1436	1	T 390	125	40	40	P 380	114	76	76	
1437	1	T 392	124	40	40	P 380	114	76	76	
1438	1	T 394	123	40	40	P 380	76	114	152	
1439	1	T 396	122	40	40	P 380	114	76	76	
1440	1	T 398	121	40	40	P 380	114	76	76	
1441	1	T 400	120	40	40	P 380	114	76	76	
1442	1	T 402	119	40	40	P 380	76	76	114	
1443	1	T 404	118	40	40	P 380	114	76	76	
1444	1	T 406	117	40	40	P 380	114	114	76	
1445	0	T 408	116	40	40	
1446	2	T 410	115	40	40	P 342	342	114	76	P 380	114	76	76	
1447	1	T 412	114	40	40	P 380	76	76	114	
1448	1	T 414	113	40	40	P 380	76	114	114	
1449	2	T 416	112	40	40	P 38	304	76	76	P 418	114	76	76	
1450	2	T 418	111	40	40	P 0	304	76	76	P 380	38	152	152	
1451	1	T 420	110	40	40	P 418	76	76	76	
1452	1	T 422	109	40	40	P 380	38	152	152	
1453	2	T 424	108	40	40	P 380	38	152	152	P 532	342	76	76	
1454	1	T 426	107	40	40	P 380	76	114	114	
1455	2	T 428	106	40	40	P 114	228	114	76	P 380	76	114	114	
1456	1	T 430	105	40	40	P 418	76	114	114	
1457	1	T 432	104	40	40	P 418	76	114	76	
1458	1	T 434	103	40	40	P 380	0	152	152	
1459	1	T 436	102	40	40	P 418	38	114	152	
1460	1	T 438	101	40	40	P 380	76	114	114	
1461	1	T 440	100	40	40	P 418	76	152	114	
1462	2	T 442	99	40	40	P 304	0	76	76	P 418	76	114	114	
1463	2	T 444	98	40	40	P 190	152	76	76	P 418	76	76	114	
1464	2	T 446	97	40	40	P 418	76	76	76	P 418	190	76	76	
1465	3	T 448	96	40	40	P 0	190	76	76	P 152	0	76	76	P 418	38	114	152	
1466	3	T 450	95	40	40	P 38	228	76	76	P 304	228	76	76	P 418	76	114	76	
1467	1	T 452	94	40	40	P 418	38	114	114	
1468	3	T 454	93	40	40	P 0	304	76	76	P 380	76	152	76	P 570	76	76	76	
1469	1	T 456	92	40	40	P 418	38	114	114	
1470	1	T 458	91	40	40	P 456	76	114	76	
1471	1	T 460	90	40	40	P 456	76	76	114	
1472	1	T 462	89	40	40	P 456	76	76	76	
1473	1	T 464	88	40	40	P 456	76	76	76	
1474	1	T 466	87	40	40	P 456	76	76	76	
1475	1	T 468	86	40	40	P 456	76	76	76	
1476	1	T 470	85	40	40	P 456	76	76	76	
1477	1	T 472	84	40	40	P 456	76	114	76	
1478	1	T 474	83	40	40	P 456	38	76	114	
1479	1	T 476	82	40	40	P 456	76	76	76	
1480	1	T 478	81	40	40	P 456	76	76	76	
1481	1	T 480	80	40	40	P 456	76	76	76	
1482	1	T 482	79	40	40	P 456	76	76	76	
1483	1	T 484	78	40	40	P 456	76	114	76	
1484	1	T 486	77	40	40	P 456	38	76	114	
1485	1	T 488	76	40	40	P 494	76	76	76	
1486	0	T 490	75	40	40	
1487	1	T 492	74	40	40	P 456	38	114	114	
1488	0	T 494	73	40	40	
1489	1	T 496	72	40	40	P 494	38	76	76	
1490	1	T 498	71	40	40	P 494	38	76	114	
1491	1	T 500	70	40	40	P 494	38	76	76	
1492	1	T 502	69	40	40	P 456	38	114	114	
1493	1	T 504	68	40	40	P 494	38	76	76	
1494	1	T 506	67	40	40	P 494	38	76	76	
1495	1	T 508	66	40	40	P 494	0	76	114	
1496	1	T 510	65	40	40	P 494	38	76	76	
1497	1	T 512	64	40	40	P 494	38	76	76	
1498	1	T 514	63	40	40	P 494	38	76	76	
1499	1	T 516	62	40	40	P 494	38	76	76	
1500	1	T 518	61	40	40	P 494	38	76	76	
1501	1	T 520	60	40	40	P 494	38	76	76	
1502	0	T 522	59	40	40	
1503	1	T 524	58	40	40	P 494	38	114	76	
1504	1	T 526	57	40	40	P 494	38	76	76	
1505	1	T 528	56	40	40	P 494	38	114	76	
1506	0	T 530	55	40	40	
1507	0	T 532	54	40	40	
1508	1	T 534	53	40	40	P 532	38	76	76	
1509	1	T 536	52	40	40	P 532	38	76	76	
1510	1	T 538	51	40	40	P 532	0	76	152	
1511	1	T 540	50	40	40	P 532	38	76	76	
1512	1	T 542	49	40	40	P 532	38	76	76	
1513	1	T 544	48	40	40	P 532	38	76	76	
1514	1	T 546	47	40	40	P 532	38	76	76	
1515	1	T 548	46	40	40	P 532	38	114	76	
1516	1	T 550	45	40	40	P 532	38	76	76	
1517	0	T 552	44	40	40	
1518	1	T 554	43	40	40	P 532	38	76	76	
1519	0	T 556	42	40	40	
1520	1	T 558	41	40	40	P 532	0	76	114	
1521	1	T 560	40	40	40	P 532	38	114	76	
1522	1	T 562	39	40	40	P 532	38	76	76	
1523	0	T 564	38	40	40	
1524	1	T 566	37	40	40	P 570	38	76	76	
1525	1	T 568	36	40	40	P 532	0	114	76	
1526	0	T 570	35	40	40	
1527	1	T 572	34	40	40	P 532	0	114	76	
1528	1	T 574	33	40	40	P 570	0	76	114	
1529	1	T 576	32	40	40	P 570	0	76	76	
1530	1	T 578	31	40	40	P 570	0	76	76	
1531	0	T 580	30	40	40	
1532	1	T 582	29	40	40	P 570	0	76	76	
1533	1	T 584	28	40	40	P 570	0	76	76	
1534	1	T 586	27	40	40	P 570	0	76	76	
1535	1	T 588	26	40	40	P 570	0	76	76	
1536	1	T 590	25	40	40	P 570	0	76	76	
1537	1	T 592	24	40	40	P 570	0	76	76	
1538	1	T 594	23	40	40	P 570	0	114	76	
1539	1	T 596	22	40	40	P 570	0	76	76	
1540	1	T 598	21	40	40	P 570	0	76	76	
1541	1	T 600	20	40	40	P 570	0	76	76	
1542	0	T 602	21	40	40	
1543	1	T 604	22	40	40	P 608	0	76	76	
1544	1	T 606	23	40	40	P 570	0	114	76	
1545	1	T 608	24	40	40	P 608	0	76	76	
1546	1	T 610	25	40	40	P 608	0	76	114	
1547	1	T 612	26	40	40	P 608	0	76	76	
1548	1	T 614	27	40	40	P 608	0	76	76	
1549	1	T 616	28	40	40	P 608	0	76	76	
1550	1	T 618	29	40	40	P 608	0	76	76	
1551	1	T 620	30	40	40	P 608	0	76	76	
1552	1	T 622	31	40	40	P 608	0	76	76	
1553	1	T 624	32	40	40	P 608	0	76	76	
1554	1	T 626	33	40	40	P 608	0	76	76	
1555	1	T 628	34	40	40	P 608	0	76	76	
1556	1	T 630	35	40	40	P 608	38	76	76	
1557	1	T 632	36	40	40	P 608	0	76	114	
1558	1	T 634	37	40	40	P 608	38	76	76	
1559	1	T 636	38	40	40	P 608	38	76	76	
1560	1	T 638	39	40	40	P 608	0	76	114	
1561	1	T 640	40	40	40	P 608	38	76	76	
1562	1	T 642	41	40	40	P 608	38	76	76	
1563	1	T 644	42	40	40	P 608	38	76	76	
1564	0	T 646	43	40	40	
1565	0	T 648	44	40	40	
1566	0	T 650	45	40	40	
1567	0	T 652	46	40	40	
1568	0	T 654	47	40	40	
1569	0	T 656	48	40	40	
1570	0	T 658	49	40	40	
1571	0	T 660	50	40	40	
1572	0	T 658	51	40	40	
1573	0	T 656	52	40	40	
1574	0	T 654	53	40	40	
1575	0	T 652	54	40	40	
1576	0	T 650	55	40	40	
1577	0	T 648	56	40	40	
1578	1	T 646	57	40	40	P 608	38	76	76	
1579	0	T 644	58	40	40	
1580	1	T 642	59	40	40	P 608	38	76	76	
1581	1	T 640	60	40	40	P 608	38	76	76	
1582	1	T 638	61	40	40	P 570	38	114	76	
1583	1	T 636	62	40	40	P 608	38	76	76	
1584	1	T 634	63	40	40	P 608	38	76	76	
1585	0	T 632	64	40	40	
1586	1	T 630	65	40	40	P 608	38	76	76	
1587	1	T 628	66	40	40	P 608	38	76	76	
1588	1	T 626	67	40	40	P 608	38	76	76	
1589	1	T 624	68	40	40	P 608	38	76	76	
1590	1	T 622	69	40	40	P 608	38	76	76	
1591	1	T 620	70	40	40	P 608	38	76	76	
1592	1	T 618	71	40	40	P 608	38	76	114	
1593	1	T 616	72	40	40	P 608	38	76	114	
1594	1	T 614	73	40	40	P 608	38	76	76	
1595	1	T 612	74	40	40	P 608	38	76	114	
1596	0	T 610	75	40	40	
1597	0	T 608	76	40	40	
1598	0	T 606	77	40	40	
1599	0	T 604	78	40	40	
1600	1	T 602	79	40	40	P 570	76	76	76	
1601	1	T 600	80	40	40	P 570	76	76	76	
1602	1	T 598	81	40	40	P 570	76	76	76	
1603	1	T 596	82	40	40	P 570	76	76	76	
1604	0	T 594	83	40	40	
1605	1	T 592	84	40	40	P 570	76	76	76	
1606	1	T 590	85	40	40	P 570	76	76	76	
1607	1	T 588	86	40	40	P 570	76	76	76	
1608	1	T 586	87	40	40	P 570	76	76	76	
1609	1	T 584	88	40	40	P 570	76	76	76	
1610	1	T 582	89	40	40	P 570	76	76	76	
1611	1	T 580	90	40	40	P 570	76	76	76	
1612	1	T 578	91	40	40	P 570	76	76	76	
1613	0	T 576	92	40	40	
1614	1	T 574	93	40	40	P 570	76	76	76	
1615	1	T 572	94	40	40	P 570	76	76	76	
1616	0	T 570	95	40	40	
1617	1	T 568	96	40	40	P 532	76	114	76	
1618	0	T 566	97	40	40	
1619	1	T 564	98	40	40	P 532	76	76	76	
1620	1	T 562	99	40	40	P 532	76	76	76	
1621	1	T 560	100	40	40	P 532	76	76	76	
1622	1	T 558	101	40	40	P 532	76	114	76	
1623	1	T 556	102	40	40	P 532	76	76	76	
1624	1	T 554	103	40	40	P 532	76	76	76	
1625	1	T 552	104	40	40	P 532	76	76	76	
1626	1	T 550	105	40	40	P 532	76	76	76	
1627	1	T 548	106	40	40	P 532	76	76	76	
1628	1	T 546	107	40	40	P 532	76	76	76	
1629	1	T 544	108	40	40	P 494	76	114	114	
1630	1	T 542	109	40	40	P 532	76	76	76	
1631	0	T 540	110	40	40	
1632	1	T 538	111	40	40	P 532	76	76	114	
1633	0	T 536	112	40	40	
1634	1	T 534	113	40	40	P 532	76	76	114	
1635	1	T 532	114	40	40	P 494	114	76	76	
1636	1	T 530	115	40	40	P 494	114	114	76	
1637	1	T 528	116	40	40	P 494	114	76	76	
1638	1	T 526	117	40	40	P 494	114	114	76	
1639	1	T 524	118	40	40	P 494	114	76	76	
1640	1	T 522	119	40	40	P 494	114	76	76	
1641	1	T 520	120	40	40	P 494	114	76	76	
1642	1	T 518	121	40	40	P 494	114	114	76	
1643	1	T 516	122	40	40	P 494	114	76	76	
1644	1	T 514	123	40	40	P 494	114	76	76	
1645	1	T 512	124	40	40	P 494	114	76	76	
1646	1	T 510	125	40	40	P 494	114	76	76	
1647	1	T 508	126	40	40	P 494	114	76	76	
1648	1	T 506	127	40	40	P 494	114	76	76	
1649	1	T 504	128	40	40	P 494	114	76	76	
1650	1	T 502	129	40	40	P 494	114	76	76	
1651	1	T 500	130	40	40	P 494	114	76	76	
1652	1	T 498	131	40	40	P 494	114	76	76	
1653	1	T 496	132	40	40	P 456	114	114	76	
1654	1	T 494	133	40	40	P 456	114	114	76	
1655	1	T 492	134	40	40	P 456	114	76	76	
1656	0	T 490	135	40	40	
1657	1	T 488	136	40	40	P 456	114	76	76	
1658	1	T 486	137	40	40	P 456	114	76	76	
1659	1	T 484	138	40	40	P 456	114	76	76	
1660	1	T 482	139	40	40	P 456	114	114	76	
1661	1	T 480	140	40	40	P 456	114	76	76	
1662	1	T 478	141	40	40	P 456	114	76	76	
1663	1	T 476	142	40	40	P 456	114	76	76	
1664	0	T 474	143	40	40	
1665	1	T 472	144	40	40	P 456	114	76	76	
1666	1	T 470	145	40	40	P 456	114	76	76	
1667	0	T 468	146	40	40	
1668	1	T 466	147	40	40	P 456	114	76	76	
1669	1	T 464	148	40	40	P 456	114	76	76	
1670	1	T 462	149	40	40	P 456	114	76	114	
1671	0	T 460	150	40	40	
1672	0	T 458	151	40	40	
1673	1	T 456	152	40	40	P 418	152	114	76	
1674	1	T 454	153	40	40	P 418	152	76	76	
1675	0	T 452	154	40	40	
1676	1	T 450	155	40	40	P 418	152	114	76	
1677	1	T 448	156	40	40	P 418	152	76	76	
1678	1	T 446	157	40	40	P 418	152	76	76	
1679	1	T 444	158	40	40	P 418	114	76	114	
1680	1	T 442	159	40	40	P 418	152	76	76	
1681	1	T 440	160	40	40	P 418	152	76	76	
1682	1	T 438	161	40	40	P 418	152	76	76	
1683	1	T 436	162	40	40	P 418	152	76	76	
1684	1	T 434	163	40	40	P 418	114	76	114	
1685	1	T 432	164	40	40	P 418	152	76	76	
1686	1	T 430	165	40	40	P 418	152	76	76	
1687	1	T 428	166	40	40	P 418	152	76	76	
1688	0	T 426	167	40	40	
1689	1	T 424	168	40	40	P 418	152	76	114	
1690	1	T 422	169	40	40	P 418	152	76	76	
1691	1	T 420	170	40	40	P 380	152	114	76	
1692	1	T 418	171	40	40	P 380	152	114	76	
1693	1	T 416	172	40	40	P 380	152	114	76	
1694	1	T 414	173	40	40	P 380	152	76	76	
1695	1	T 412	174	40	40	P 380	152	76	76	
1696	1	T 410	175	40	40	P 380	152	76	76	
1697	1	T 408	176	40	40	P 380	152	76	76	
1698	1	T 406	177	40	40	P 380	152	76	76	
1699	1	T 404	178	40	40	P 380	152	76	76	
1700	1	T 402	179	40	40	P 342	152	114	114	
1701	1	T 400	180	40	40	P 380	152	76	76	
1702	1	T 398	181	40	40	P 380	152	76	76	
1703	1	T 396	182	40	40	P 380	152	76	76	
1704	1	T 394	183	40	40	P 380	152	76	76	
1705	1	T 392	184	40	40	P 380	152	76	76	
1706	0	T 390	185	40	40	
1707	1	T 388	186	40	40	P 380	152	76	76	
1708	1	T 386	187	40	40	P 380	152	76	114	
1709	1	T 384	188	40	40	P 380	152	76	114	
1710	1	T 382	189	40	40	P 380	152	76	114	
1711	1	T 380	190	40	40	P 380	190	76	76	
1712	1	T 378	191	40	40	P 342	190	76	76	
1713	0	T 376	192	40	40	
1714	0	T 374	193	40	40	
1715	1	T 372	194	40	40	P 342	190	76	76	
1716	1	T 370	195	40	40	P 342	190	76	76	
1717	1	T 368	196	40	40	P 342	190	76	76	
1718	1	T 366	197	40	40	P 342	190	76	76	
1719	1	T 364	198	40	40	P 342	190	76	76	
1720	1	T 362	199	40	40	P 342	190	76	76	
1721	1	T 360	200	40	40	P 342	190	76	76	
1722	1	T 358	201	40	40	P 342	190	76	76	
1723	1	T 356	202	40	40	P 342	190	76	76	
1724	1	T 354	203	40	40	P 342	190	76	76	
1725	1	T 352	204	40	40	P 342	190	76	76	
1726	1	T 350	205	40	40	P 342	190	76	76	
1727	1	T 348	206	40	40	P 342	152	76	114	
1728	1	T 346	207	40	40	P 304	190	114	76	
1729	1	T 344	208	40	40	P 342	190	76	76	
1730	1	T 342	209	40	40	P 304	190	114	76	
1731	0	T 340	210	40	40	
1732	1	T 338	211	40	40	P 304	190	76	76	
1733	1	T 336	212	40	40	P 304	190	76	76	
1734	1	T 334	213	40	40	P 304	190	114	76	
1735	1	T 332	214	40	40	P 304	190	76	76	
1736	0	T 330	215	40	40	
1737	1	T 328	216	40	40	P 304	190	76	76	
1738	1	T 326	217	40	40	P 304	190	76	76	
1739	1	T 324	218	40	40	P 304	190	76	76	
1740	1	T 322	219	40	40	P 304	190	76	76	
1741	1	T 320	220	40	40	P 304	190	76	76	
1742	1	T 318	221	40	40	P 304	190	76	76	
1743	1	T 316	222	40	40	P 304	190	76	76	
1744	1	T 314	223	40	40	P 304	190	76	76	
1745	1	T 312	224	40	40	P 266	190	114	114	
1746	1	T 310	225	40	40	P 304	190	76	76	
1747	1	T 308	226	40	40	P 304	190	76	76	
1748	1	T 306	227	40	40	P 304	228	76	76	
1749	1	T 304	228	40	40	P 304	228	76	76	
1750	1	T 302	229	40	40	P 266	228	76	76	
1751	1	T 300	230	40	40	P 266	228	76	76	
1752	1	T 298	231	40	40	P 266	228	76	114	
1753	1	T 296	232	40	40	P 266	228	76	76	
1754	1	T 294	233	40	40	P 266	228	76	76	
1755	1	T 292	234	40	40	P 266	228	76	76	
1756	1	T 290	235	40	40	P 266	228	76	76	
1757	1	T 288	236	40	40	P 266	228	76	76	
1758	0	T 286	237	40	40	
1759	1	T 284	238	40	40	P 266	228	76	76	
1760	2	T 282	239	40	40	P 266	228	76	76	P 342	38	76	76	
1761	0	T 280	240	40	40	
1762	1	T 278	241	40	40	P 266	228	76	76	
1763	1	T 276	242	40	40	P 266	228	76	76	
1764	1	T 274	243	40	40	P 228	228	114	76	
1765	1	T 272	244	40	40	P 266	228	76	76	
1766	1	T 270	245	40	40	P 266	228	76	76	
1767	1	T 268	246	40	40	P 266	228	76	76	
1768	0	T 266	247	40	40	
1769	0	T 264	248	40	40	
1770	1	T 262	249	40	40	P 228	228	114	76	
1771	1	T 260	250	40	40	P 228	228	76	76	
1772	1	T 258	251	40	40	P 190	228	114	76	
1773	1	T 256	252	40	40	P 228	228	76	76	
1774	1	T 254	253	40	40	P 228	228	76	76	
1775	1	T 252	254	40	40	P 228	228	76	76	
1776	1	T 250	255	40	40	P 228	228	76	76	
1777	1	T 248	256	40	40	P 228	228	76	76	
1778	1	T 246	257	40	40	P 228	228	76	76	
1779	1	T 244	258	40	40	P 228	228	76	76	
1780	1	T 242	259	40	40	P 228	228	76	76	
1781	1	T 240	260	40	40	P 228	228	76	114	
1782	1	T 238	261	40	40	P 228	228	76	76	
1783	1	T 236	262	40	40	P 228	228	76	76	
1784	1	T 234	263	40	40	P 228	228	76	114	
1785	1	T 232	264	40	40	P 228	228	76	114	
1786	0	T 230	265	40	40	
1787	0	T 228	266	40	40	
1788	1	T 226	267	40	40	P 190	266	76	76	
1789	1	T 224	268	40	40	P 190	266	76	76	
1790	1	T 222	269	40	40	P 190	266	114	76	
1791	1	T 220	270	40	40	P 190	266	76	76	
1792	1	T 218	271	40	40	P 190	266	76	76	
1793	1	T 216	272	40	40	P 190	266	76	76	
1794	0	T 214	273	40	40	
1795	1	T 212	274	40	40	P 190	228	76	114	
1796	1	T 210	275	40	40	P 190	266	76	76	
1797	1	T 208	276	40	40	P 190	266	76	76	
1798	1	T 206	277	40	40	P 152	266	114	76	
1799	1	T 204	278	40	40	P 190	266	76	76	
1800	1	T 202	279	40	40	P 190	266	76	114	
1801	1	T 200	280	40	40	P 190	266	76	76	
1802	1	T 198	281	40	40	P 190	266	76	76	
1803	1	T 196	282	40	40	P 190	266	76	76	
1804	1	T 194	283	40	40	P 152	266	114	76	
1805	0	T 192	284	40	40	
1806	0	T 190	285	40	40	
1807	1	T 188	286	40	40	P 152	266	114	76	
1808	1	T 186	287	40	40	P 152	266	114	76	
1809	1	T 184	288	40	40	P 152	266	76	76	
1810	1	T 182	289	40	40	P 152	266	76	76	
1811	1	T 180	290	40	40	P 152	266	76	76	
1812	1	T 178	291	40	40	P 152	266	76	76	
1813	1	T 176	292	40	40	P 152	266	76	76	
1814	1	T 174	293	40	40	P 152	266	76	76	
1815	1	T 172	294	40	40	P 152	266	76	76	
1816	1	T 170	295	40	40	P 114	228	114	114	
1817	1	T 168	296	40	40	P 152	266	76	76	
1818	1	T 166	297	40	40	P 152	266	76	76	
1819	0	T 164	298	40	40	
1820	1	T 162	299	40	40	P 152	266	76	76	
1821	1	T 160	300	40	40	P 114	266	114	114	
1822	1	T 158	301	40	40	P 152	266	76	76	
1823	1	T 156	302	40	40	P 152	266	76	114	
1824	0	T 154	303	40	40	
1825	0	T 152	304	40	40	
1826	1	T 150	305	40	40	P 152	304	76	76	
1827	1	T 148	306	40	40	P 114	304	114	76	
1828	1	T 146	307	40	40	P 114	304	76	76	
1829	1	T 144	308	40	40	P 114	304	76	76	
1830	1	T 142	309	40	40	P 114	304	76	76	
1831	0	T 140	310	40	40	
1832	1	T 138	311	40	40	P 114	304	76	76	
1833	1	T 136	312	40	40	P 114	304	76	76	
1834	1	T 134	313	40	40	P 76	304	114	76	
1835	1	T 132	314	40	40	P 114	304	76	76	
1836	1	T 130	315	40	40	P 114	304	76	76	
1837	1	T 128	316	40	40	P 114	304	76	76	
1838	1	T 126	317	40	40	P 114	304	76	76	
1839	1	T 124	318	40	40	P 114	304	76	76	
1840	1	T 122	319	40	40	P 114	304	76	76	
1841	1	T 120	320	40	40	P 114	304	76	76	
1842	1	T 118	321	40	40	P 114	304	76	76	
1843	1	T 116	322	40	40	P 114	304	76	76	
1844	1	T 114	323	40	40	P 114	304	76	76	
1845	0	T 112	324	40	40	
1846	1	T 110	325	40	40	P 76	304	114	76	
1847	1	T 108	326	40	40	P 76	304	76	76	
1848	1	T 106	327	40	40	P 76	304	76	76	
1849	1	T 104	328	40	40	P 76	304	114	76	
1850	1	T 102	329	40	40	P 76	304	76	76	
1851	0	T 100	330	40	40	
1852	1	T 98	331	40	40	P 38	304	114	114	
1853	1	T 96	332	40	40	P 76	304	76	76	
1854	0	T 94	333	40	40	
1855	1	T 92	334	40	40	P 76	304	76	114	
1856	1	T 90	335	40	40	P 76	304	76	76	
1857	1	T 88	336	40	40	P 38	304	114	76	
1858	1	T 86	337	40	40	P 76	304	76	76	
1859	1	T 84	338	40	40	P 76	304	76	114	
1860	0	T 82	339	40	40	
1861	1	T 80	340	40	40	P 76	342	76	76	
1862	1	T 78	341	40	40	P 76	342	76	76	
1863	0	T 76	342	40	40	
1864	0	T 74	343	40	40	
1865	0	T 72	344	40	40	
1866	1	T 70	345	40	40	P 38	342	76	76	
1867	1	T 68	346	40	40	P 38	342	76	76	
1868	1	T 66	347	40	40	P 38	342	76	76	
1869	1	T 64	348	40	40	P 38	342	76	76	
1870	1	T 62	349	40	40	P 38	342	76	76	
1871	1	T 60	350	40	40	P 38	342	76	76	
1872	1	T 58	351	40	40	P 0	342	114	76	
1873	1	T 56	352	40	40	P 0	342	114	76	
1874	1	T 54	353	40	40	P 38	304	76	114	
1875	1	T 52	354	40	40	P 38	342	76	76	
1876	1	T 50	355	40	40	P 38	342	76	76	
1877	1	T 48	356	40	40	P 38	342	76	76	
1878	1	T 46	357	40	40	P 38	342	76	76	
1879	1	T 44	358	40	40	P 38	342	76	76	
1880	1	T 42	359	40	40	P 0	342	114	76	
1881	1	T 40	360	40	40	P 0	342	114	76	
1882	1	T 38	361	40	40	P 0	342	114	76	
1883	1	T 36	362	40	40	P 38	342	76	76	
1884	1	T 34	363	40	40	P 0	342	76	76	
1885	1	T 32	364	40	40	P 0	342	76	76	
1886	1	T 30	365	40	40	P 0	342	76	76	
1887	1	T 28	366	40	40	P 0	342	76	76	
1888	1	T 26	367	40	40	P 0	342	76	76	
1889	1	T 24	368	40	40	P 0	342	76	114	
1890	1	T 22	369	40	40	P 0	342	76	76	
1891	1	T 20	370	40	40	P 0	342	76	76	
1892	0	T 22	371	40	40	
1893	1	T 24	372	40	40	P 0	342	76	114	
1894	1	T 26	373	40	40	P 0	342	114	76	
1895	1	T 28	374	40	40	P 0	342	76	76	
1896	0	T 30	375	40	40	
1897	0	T 32	376	40	40	
1898	0	T 34	377	40	40	
1899	1	T 36	378	40	40	P 0	342	76	76	
1900	1	T 38	379	40	40	P 38	342	76	114	
1901	1	T 40	380	40	40	P 0	342	114	114	
1902	1	T 42	381	40	40	P 38	380	76	76	
1903	1	T 44	382	40	40	P 38	380	76	76	
1904	1	T 46	383	40	40	P 0	342	152	114	
1905	1	T 48	384	40	40	P 38	342	76	114	
1906	0	T 50	385	40	40	
1907	1	T 52	386	40	40	P 38	380	76	76	
1908	1	T 54	387	40	40	P 38	380	76	76	
1909	1	T 56	388	40	40	P 38	380	76	76	
1910	1	T 58	389	40	40	P 38	380	76	76	
1911	1	T 60	390	40	40	P 38	380	76	76	
1912	1	T 62	391	40	40	P 38	380	76	76	
1913	1	T 64	392	40	40	P 38	380	76	76	
1914	1	T 66	393	40	40	P 38	380	76	76	
1915	1	T 68	394	40	40	P 38	380	114	76	
1916	1	T 70	395	40	40	P 38	380	76	76	
1917	1	T 72	396	40	40	P 38	380	76	76	
1918	1	T 74	397	40	40	P 38	380	76	76	
1919	1	T 76	398	40	40	P 76	380	76	76	
1920	1	T 78	399	40	40	P 38	380	114	76	
1921	1	T 80	400	40	40	P 76	380	76	76	
1922	1	T 82	401	40	40	P 38	380	114	76	
1923	1	T 84	402	40	40	P 76	380	76	76	
1924	1	T 86	403	40	40	P 38	380	114	76	
1925	1	T 88	404	40	40	P 76	380	76	76	
1926	1	T 90	405	40	40	P 76	380	76	76	
1927	1	T 92	406	40	40	P 76	380	76	76	
1928	1	T 94	407	40	40	P 76	380	76	76	
1929	1	T 96	408	40	40	P 76	380	76	76	
1930	1	T 98	409	40	40	P 76	380	76	76	
1931	1	T 100	410	40	40	P 76	342	114	114	
1932	1	T 102	411	40	40	P 76	380	76	76	
1933	0	T 104	412	40	40	
1934	0	T 106	413	40	40	
1935	1	T 108	414	40	40	P 76	380	76	76	
1936	0	T 110	415	40	40	
1937	0	T 112	416	40	40	
1938	0	T 114	417	40	40	
1939	0	T 116	418	40	40	
1940	0	T 118	419	40	40	
1941	0	T 120	420	40	40	
1942	0	T 122	419	40	40	
1943	0	T 124	418	40	40	
1944	1	T 126	417	40	40	P 114	380	76	76	
1945	1	T 128	416	40	40	P 114	380	76	76	
1946	1	T 130	415	40	40	P 114	380	76	76	
1947	1	T 132	414	40	40	P 114	380	114	76	
1948	1	T 134	413	40	40	P 114	380	76	76	
1949	0	T 136	412	40	40	
1950	1	T 138	411	40	40	P 114	380	76	76	
1951	1	T 140	410	40	40	P 114	380	114	76	
1952	1	T 142	409	40	40	P 114	380	76	76	
1953	1	T 144	408	40	40	P 114	380	76	76	
1954	1	T 146	407	40	40	P 114	380	76	76	
1955	1	T 148	406	40	40	P 114	380	76	76	
1956	0	T 150	405	40	40	
1957	1	T 152	404	40	40	P 152	380	76	76	
1958	1	T 154	403	40	40	P 152	380	76	76	
1959	1	T 156	402	40	40	P 114	342	114	114	
1960	1	T 158	401	40	40	P 152	380	76	76	
1961	1	T 160	400	40	40	P 152	380	76	76	
1962	1	T 162	399	40	40	P 152	380	76	76	
1963	1	T 164	398	40	40	P 152	380	76	76	
1964	1	T 166	397	40	40	P 152	380	76	76	
1965	1	T 168	396	40	40	P 152	380	76	76	
1966	1	T 170	395	40	40	P 152	380	76	76	
1967	1	T 172	394	40	40	P 152	380	114	76	
1968	1	T 174	393	40	40	P 152	380	76	76	
1969	1	T 176	392	40	40	P 152	380	114	76	
1970	1	T 178	391	40	40	P 152	380	76	76	
1971	1	T 180	390	40	40	P 152	380	76	76	
1972	1	T 182	389	40	40	P 152	380	76	76	
1973	1	T 184	388	40	40	P 152	380	76	76	
1974	1	T 186	387	40	40	P 152	342	76	114	
1975	0	T 188	386	40	40	
1976	0	T 190	385	40	40	
1977	1	T 192	384	40	40	P 190	380	76	76	
1978	0	T 194	383	40	40	
1979	0	T 196	382	40	40	
1980	1	T 198	381	40	40	P 190	342	76	114	
1981	1	T 200	380	40	40	P 190	380	76	76	
1982	1	T 202	379	40	40	P 190	342	76	76	
1983	1	T 204	378	40	40	P 190	342	76	114	
1984	0	T 206	377	40	40	
1985	1	T 208	376	40	40	P 190	342	76	114	
1986	1	T 210	375	40	40	P 190	342	76	76	
1987	1	T 212	374	40	40	P 190	342	76	76	
1988	1	T 214	373	40	40	P 190	342	76	76	
1989	1	T 216	372	40	40	P 190	342	76	76	
1990	1	T 218	371	40	40	P 190	342	76	76	
1991	1	T 220	370	40	40	P 190	342	114	114	
1992	1	T 222	369	40	40	P 190	342	114	76	
1993	0	T 224	368	40	40	
1994	0	T 226	367	40	40	
1995	0	T 228	366	40	40	
1996	1	T 230	365	40	40	P 190	342	114	76	
1997	1	T 232	364	40	40	P 228	342	76	76	
1998	1	T 234	363	40	40	P 228	342	76	76	
1999	1	T 236	362	40	40	P 228	342	76	76	
2000	1	T 238	361	40	40	P 228	342	76	76	
