1	0	T 80	80	40	40	
2	0	T 82	81	40	40	
3	0	T 84	82	40	40	
4	0	T 86	83	40	40	
5	0	T 88	84	40	40	
6	0	T 90	85	40	40	
7	0	T 92	86	40	40	
8	0	T 94	87	40	40	
9	0	T 96	88	40	40	
10	1	T 98	89	40	40	P 94	88	40	39	
11	1	T 100	90	40	40	P 80	82	40	36	
12	1	T 102	91	40	40	P 81	82	39	37	
13	1	T 104	92	40	40	P 86	84	40	38	
14	1	T 106	93	40	40	P 82	82	39	38	
15	1	T 108	94	40	40	P 108	94	40	39	
16	1	T 110	95	40	40	P 84	82	39	38	
17	3	T 112	96	40	40	P 110	94	40	40	P 110	94	40	40	P 90	84	38	40	
18	3	T 114	97	40	40	P 88	84	38	38	P 93	86	38	38	P 96	88	38	40	
19	4	T 116	98	40	40	P 112	96	40	40	P 116	98	40	39	P 98	90	39	38	P 112	96	40	40	
20	4	T 118	99	40	40	P 100	90	40	38	P 102	90	38	39	P 118	98	40	40	P 104	92	40	38	
21	4	T 120	100	40	40	P 104	92	39	38	P 118	98	40	41	P 106	94	39	38	P 108	94	40	38	
22	4	T 122	101	40	40	P 120	100	40	40	P 116	98	40	38	P 121	100	39	40	P 122	102	39	38	
23	4	T 124	102	40	40	P 124	102	40	38	P 116	98	40	38	P 121	100	39	40	P 122	102	39	38	
24	2	T 126	103	40	40	P 126	103	39	39	P 126	104	40	38	
25	2	T 128	104	40	40	P 129	104	37	40	P 126	104	40	38	
26	2	T 130	105	40	40	P 131	104	38	40	P 130	104	39	40	
27	2	T 132	106	40	40	P 134	106	37	39	P 130	104	39	40	
28	1	T 134	107	40	40	P 134	108	40	38	
29	1	T 136	108	40	40	P 138	108	37	40	
30	1	T 138	109	40	40	P 136	108	39	40	
31	1	T 140	110	40	40	P 138	109	39	39	
32	1	T 142	111	40	40	P 138	110	40	38	
33	2	T 144	112	40	40	P 140	110	39	38	P 142	112	40	38	
34	2	T 146	113	40	40	P 146	113	40	39	P 140	110	39	40	
35	2	T 148	114	40	40	P 142	112	40	38	P 144	112	38	38	
36	2	T 150	115	40	40	P 146	114	39	38	P 148	114	38	38	
37	2	T 152	116	40	40	P 150	116	38	38	P 152	116	38	38	
38	2	T 154	117	40	40	P 154	116	39	40	P 152	118	38	38	
39	2	T 156	118	40	40	P 156	118	39	40	P 152	118	38	38	
40	1	T 158	119	40	40	P 156	118	39	40	
41	1	T 160	120	40	40	P 160	120	38	38	
42	1	T 162	121	40	40	P 160	120	38	39	
43	1	T 164	122	40	40	P 164	122	39	40	
44	1	T 166	123	40	40	P 162	122	40	38	
45	1	T 168	124	40	40	P 168	124	39	40	
46	1	T 170	125	40	40	P 170	125	40	39	
47	1	T 172	126	40	40	P 170	126	40	39	
48	1	T 174	127	40	40	P 170	126	40	39	
49	1	T 176	128	40	40	P 176	128	38	40	
50	1	T 178	129	40	40	P 178	130	38	38	
51	1	T 180	130	40	40	P 180	130	39	38	
52	1	T 182	131	40	40	P 182	130	40	41	
53	1	T 184	132	40	40	P 181	130	38	39	
54	1	T 186	133	40	40	P 186	132	39	40	
55	1	T 188	134	40	40	P 184	132	39	38	
56	1	T 190	135	40	40	P 188	134	38	38	
57	1	T 192	136	40	40	P 192	136	40	40	
58	1	T 194	137	40	40	P 188	134	38	39	
59	2	T 196	138	40	40	P 197	138	39	40	P 196	138	40	40	
60	2	T 198	139	40	40	P 190	136	38	38	P 194	136	37	38	
61	2	T 200	140	40	40	P 200	140	39	40	P 196	138	37	36	
62	2	T 202	141	40	40	P 198	140	39	38	P 200	140	40	38	
63	2	T 204	142	40	40	P 204	142	40	40	P 202	142	40	38	
64	2	T 206	143	40	40	P 206	144	39	38	P 206	144	40	38	
65	2	T 208	144	40	40	P 208	144	38	38	P 208	144	38	39	
66	2	T 210	145	40	40	P 210	145	38	39	P 208	144	38	39	
67	1	T 212	146	40	40	P 212	146	39	40	
68	1	T 214	147	40	40	P 214	148	40	38	
69	1	T 216	148	40	40	P 216	148	39	40	
70	1	T 218	149	40	40	P 218	148	39	40	
71	2	T 220	150	40	40	P 218	148	39	41	P 218	148	39	41	
72	2	T 222	151	40	40	P 220	150	38	40	P 222	152	39	38	
73	2	T 224	152	40	40	P 224	152	40	38	P 224	152	40	40	
74	2	T 226	153	40	40	P 226	154	38	38	P 224	152	40	40	
75	1	T 228	154	40	40	P 228	155	38	37	
76	1	T 230	155	40	40	P 230	155	40	39	
77	1	T 232	156	40	40	P 232	156	38	38	
78	2	T 234	157	40	40	P 232	156	40	39	P 232	156	40	39	
79	2	T 236	158	40	40	P 234	156	38	38	P 238	158	37	39	
80	2	T 238	159	40	40	P 238	158	40	40	P 238	158	37	39	
81	2	T 240	160	40	40	P 240	160	39	38	P 236	157	2	39	
82	3	T 242	161	40	40	P 240	160	39	38	P 236	157	2	39	P 242	160	2	38	
83	2	T 244	162	40	40	P 244	162	40	40	P 244	162	39	40	
84	2	T 246	163	40	40	P 246	164	40	38	P 244	162	39	40	
85	1	T 248	164	40	40	P 248	164	40	38	
86	1	T 250	165	40	40	P 250	166	39	38	
87	2	T 252	166	40	40	P 252	166	39	38	P 252	166	39	40	
88	2	T 254	167	40	40	P 254	168	38	38	P 252	166	39	40	
89	2	T 256	168	40	40	P 256	168	39	39	P 256	168	39	38	
90	2	T 258	169	40	40	P 258	169	38	39	P 256	168	39	38	
91	2	T 260	170	40	40	P 260	170	40	38	P 260	170	40	39	
92	2	T 262	171	40	40	P 262	172	40	36	P 262	172	40	39	
93	2	T 264	172	40	40	P 264	172	39	38	P 264	172	39	39	
94	2	T 266	173	40	40	P 267	174	39	38	P 264	172	39	39	
95	1	T 268	174	40	40	P 268	176	39	37	
96	1	T 270	175	40	40	P 270	176	38	38	
97	1	T 272	176	40	40	P 272	176	39	39	
98	1	T 274	177	40	40	P 272	176	39	39	
99	1	T 276	178	40	40	P 276	178	39	38	
100	1	T 278	179	40	40	P 276	178	39	39	
101	1	T 280	180	40	40	P 279	178	37	40	
102	1	T 282	181	40	40	P 282	182	38	38	
103	1	T 284	182	40	40	P 284	182	39	38	
104	1	T 286	183	40	40	P 286	184	39	38	
105	1	T 288	184	40	40	P 286	184	39	39	
106	1	T 290	185	40	40	P 288	184	38	38	
107	1	T 292	186	40	40	P 292	186	40	40	
108	1	T 294	187	40	40	P 288	184	38	39	
109	1	T 296	188	40	40	P 290	186	38	38	
110	1	T 298	189	40	40	P 290	186	38	39	
111	1	T 300	190	40	40	P 300	190	40	40	
112	1	T 302	191	40	40	P 294	188	38	38	
113	1	T 304	192	40	40	P 304	192	39	39	
114	1	T 306	193	40	40	P 300	190	40	38	
115	1	T 308	194	40	40	P 302	192	38	38	
116	1	T 310	195	40	40	P 308	194	40	40	
117	1	T 312	196	40	40	P 306	194	40	38	
118	2	T 314	197	40	40	P 310	196	39	38	P 316	197	37	39	
119	2	T 316	198	40	40	P 310	196	39	39	P 312	196	38	38	
120	2	T 318	199	40	40	P 317	198	38	38	P 316	198	39	39	
121	2	T 320	200	40	40	P 318	200	40	38	P 316	198	39	39	
122	1	T 322	201	40	40	P 322	202	38	38	
123	1	T 324	202	40	40	P 324	204	39	36	
124	1	T 326	203	40	40	P 326	204	38	38	
125	1	T 328	204	40	40	P 326	204	38	39	
126	1	T 330	205	40	40	P 328	204	40	38	
127	1	T 332	206	40	40	P 330	206	39	38	
128	2	T 334	207	40	40	P 334	206	40	40	P 334	206	40	41	
129	3	T 336	208	40	40	P 332	206	39	38	P 332	206	39	39	P 332	206	39	39	
130	3	T 338	209	40	40	P 338	208	39	40	P 339	208	38	40	P 332	206	39	39	
131	2	T 340	210	40	40	P 340	210	39	38	P 340	210	39	40	
132	2	T 342	211	40	40	P 342	212	39	38	P 340	210	39	40	
133	2	T 344	212	40	40	P 344	212	39	38	P 344	212	39	39	
134	2	T 346	213	40	40	P 346	212	40	40	P 346	212	40	41	
135	2	T 348	214	40	40	P 348	214	40	40	P 346	212	40	41	
136	2	T 350	215	40	40	P 350	215	38	39	P 351	216	37	38	
137	2	T 352	216	40	40	P 352	217	38	37	P 352	218	38	36	
138	2	T 354	217	40	40	P 352	217	38	37	P 352	218	38	36	
139	1	T 356	218	40	40	P 356	218	39	38	
140	1	T 358	219	40	40	P 358	219	40	39	
141	1	T 360	220	40	40	P 358	220	39	38	
142	1	T 362	221	40	40	P 360	220	40	40	
143	1	T 364	222	40	40	P 361	220	39	40	
144	1	T 366	223	40	40	P 364	222	40	38	
145	3	T 368	224	40	40	P 364	222	40	39	P 366	222	40	40	P 366	222	40	40	
146	3	T 370	225	40	40	P 368	222	38	40	P 368	224	39	39	P 370	224	40	40	
147	3	T 372	226	40	40	P 370	224	40	41	P 372	226	39	38	P 370	224	40	40	
148	2	T 374	227	40	40	P 374	226	40	40	P 374	226	40	41	
149	2	T 376	228	40	40	P 376	228	38	38	P 374	226	40	41	
150	2	T 378	229	40	40	P 376	228	38	38	P 378	230	4	38	
151	1	T 380	230	40	40	P 378	230	4	38	
152	1	T 382	231	40	40	P 382	232	39	38	
153	1	T 384	232	40	40	P 384	232	40	40	
154	2	T 386	233	40	40	P 414	230	3	38	P 388	234	38	38	
155	2	T 388	234	40	40	P 388	234	38	39	P 388	234	38	38	
156	1	T 390	235	40	40	P 390	236	38	38	
157	1	T 392	236	40	40	P 392	236	40	39	
158	1	T 394	237	40	40	P 394	238	38	38	
159	1	T 396	238	40	40	P 397	238	37	38	
160	1	T 398	239	40	40	P 398	240	40	38	
161	1	T 400	240	40	40	P 400	240	38	40	
162	1	T 402	241	40	40	P 400	240	40	40	
163	1	T 404	242	40	40	P 402	240	39	40	
164	1	T 406	243	40	40	P 404	242	40	40	
165	1	T 408	244	40	40	P 406	242	38	40	
166	1	T 410	245	40	40	P 408	244	39	38	
167	1	T 412	246	40	40	P 410	244	39	40	
168	1	T 414	247	40	40	P 412	246	40	38	
169	1	T 416	248	40	40	P 414	248	40	38	
170	1	T 418	249	40	40	P 418	250	39	38	
171	1	T 420	250	40	40	P 420	250	39	38	
172	1	T 422	251	40	40	P 420	250	39	39	
173	1	T 424	252	40	40	P 422	251	38	39	
174	1	T 426	253	40	40	P 424	252	39	40	
175	1	T 428	254	40	40	P 422	252	38	38	
176	2	T 430	255	40	40	P 430	254	39	40	P 430	254	39	41	
177	2	T 432	256	40	40	P 424	252	40	38	P 428	254	38	38	
178	2	T 434	257	40	40	P 433	256	38	40	P 432	256	40	40	
179	2	T 436	258	40	40	P 434	258	39	38	P 436	258	38	40	
180	2	T 438	259	40	40	P 438	258	39	40	P 438	258	39	41	
181	2	T 440	260	40	40	P 440	260	39	38	P 440	260	39	39	
182	2	T 442	261	40	40	P 442	262	38	38	P 440	260	39	39	
183	1	T 444	262	40	40	P 444	262	39	38	
184	1	T 446	263	40	40	P 446	264	39	38	
185	1	T 448	264	40	40	P 448	264	40	40	
186	1	T 450	265	40	40	P 446	264	39	39	
187	1	T 452	266	40	40	P 449	264	39	38	
188	1	T 454	267	40	40	P 450	266	40	38	
189	1	T 456	268	40	40	P 452	266	39	38	
190	1	T 458	269	40	40	P 454	268	38	38	
191	2	T 460	270	40	40	P 456	268	39	40	P 456	268	39	40	
192	2	T 462	271	40	40	P 454	268	38	39	P 456	268	40	38	
193	2	T 464	272	40	40	P 460	270	39	40	P 458	270	38	39	
194	2	T 466	273	40	40	P 460	270	40	38	P 462	272	40	36	
195	2	T 468	274	40	40	P 462	272	39	37	P 464	272	38	39	
196	2	T 470	275	40	40	P 466	274	38	38	P 466	274	38	39	
197	2	T 472	276	40	40	P 468	274	39	39	P 470	276	38	38	
198	2	T 474	277	40	40	P 474	278	39	38	P 470	276	38	38	
199	1	T 476	278	40	40	P 476	278	38	39	
200	1	T 478	279	40	40	P 478	278	39	40	
201	1	T 480	280	40	40	P 478	278	39	41	
202	2	T 482	281	40	40	P 480	280	39	40	P 480	280	39	40	
203	2	T 484	282	40	40	P 482	282	40	38	P 483	282	38	38	
204	2	T 486	283	40	40	P 484	282	39	38	P 484	282	39	39	
205	2	T 488	284	40	40	P 488	284	40	40	P 486	284	39	39	
206	2	T 490	285	40	40	P 488	284	40	40	P 486	284	39	39	
207	2	T 492	286	40	40	P 492	286	40	38	P 492	286	40	39	
208	2	T 494	287	40	40	P 494	286	39	40	P 492	286	40	39	
209	2	T 496	288	40	40	P 496	288	40	38	P 496	288	38	39	
210	2	T 498	289	40	40	P 498	288	39	41	P 496	288	38	39	
211	1	T 500	290	40	40	P 500	290	39	38	
212	1	T 502	291	40	40	P 502	290	40	40	
213	2	T 504	292	40	40	P 502	290	40	41	P 502	290	40	41	
214	2	T 506	293	40	40	P 502	290	40	41	P 502	290	40	41	
215	1	T 508	294	40	40	P 508	294	40	40	
216	1	T 510	295	40	40	P 512	296	37	38	
217	1	T 512	296	40	40	P 510	296	39	38	
218	1	T 514	297	40	40	P 512	296	40	38	
219	1	T 516	298	40	40	P 514	298	39	38	
220	2	T 518	299	40	40	P 516	298	40	38	P 518	299	39	39	
221	3	T 520	300	40	40	P 516	298	38	38	P 518	300	39	38	P 520	300	39	39	
222	3	T 522	301	40	40	P 522	300	39	40	P 520	300	40	38	P 520	300	39	39	
223	2	T 524	302	40	40	P 525	302	38	38	P 524	302	39	39	
224	2	T 526	303	40	40	P 526	304	39	39	P 524	302	39	39	
225	1	T 528	304	40	40	P 528	304	40	38	
226	1	T 530	305	40	40	P 530	306	40	36	
227	1	T 532	306	40	40	P 530	306	40	38	
228	1	T 534	307	40	40	P 532	306	38	38	
229	1	T 536	308	40	40	P 532	306	38	40	
230	1	T 538	309	40	40	P 534	306	38	40	
231	1	T 540	310	40	40	P 536	308	39	38	
232	1	T 542	311	40	40	P 540	310	40	40	
233	1	T 544	312	40	40	P 538	310	39	38	
234	1	T 546	313	40	40	P 540	310	39	38	
235	1	T 548	314	40	40	P 542	311	39	39	
236	1	T 550	315	40	40	P 544	312	39	38	
237	1	T 552	316	40	40	P 544	312	39	39	
238	1	T 554	317	40	40	P 546	314	40	38	
239	1	T 556	318	40	40	P 549	314	38	40	
240	2	T 558	319	40	40	P 550	316	40	38	P 556	318	39	39	
241	2	T 560	320	40	40	P 552	316	38	40	P 554	318	39	38	
242	4	T 562	321	40	40	P 556	318	39	38	P 556	318	39	39	P 556	318	39	38	P 556	318	39	39	
243	4	T 564	322	40	40	P 564	322	40	40	P 558	320	39	39	P 560	320	39	38	P 564	322	40	38	
244	4	T 566	323	40	40	P 566	324	40	36	P 566	324	40	38	P 560	320	39	38	P 564	322	40	38	
245	2	T 568	324	40	40	P 568	324	38	38	P 566	324	40	38	
246	1	T 570	325	40	40	P 570	324	39	40	
247	1	T 572	326	40	40	P 573	326	38	38	
248	1	T 574	327	40	40	P 572	326	39	38	
249	1	T 576	328	40	40	P 574	328	39	38	
250	1	T 578	329	40	40	P 578	328	40	40	
251	1	T 580	330	40	40	P 578	328	37	40	
252	1	T 582	331	40	40	P 576	328	39	40	
253	2	T 584	332	40	40	P 578	328	39	40	P 578	328	39	40	
254	2	T 586	333	40	40	P 580	330	40	38	P 586	332	38	40	
255	2	T 588	334	40	40	P 588	334	38	40	P 586	332	38	40	
256	1	T 590	335	40	40	P 590	336	38	38	
257	1	T 592	336	40	40	P 590	336	38	38	
258	1	T 594	337	40	40	P 594	337	39	39	
259	1	T 596	338	40	40	P 595	338	38	38	
260	1	T 598	339	40	40	P 596	338	38	38	
261	1	T 600	340	40	40	P 600	340	38	38	
262	2	T 602	341	40	40	P 602	340	38	40	P 602	340	38	41	
263	2	T 604	342	40	40	P 605	342	38	38	P 604	342	39	39	
264	2	T 606	343	40	40	P 606	342	39	40	P 604	342	39	39	
265	1	T 608	344	40	40	P 609	344	37	39	
266	1	T 610	345	40	40	P 610	345	40	37	
267	1	T 612	346	40	40	P 612	346	40	38	
268	1	T 614	347	40	40	P 612	346	40	39	
269	1	T 616	348	40	40	P 614	348	40	38	
270	2	T 618	349	40	40	P 616	348	38	38	P 616	348	38	39	
271	2	T 620	350	40	40	P 618	350	39	38	P 620	352	38	36	
272	2	T 622	351	40	40	P 618	350	39	38	P 620	352	38	36	
273	2	T 624	352	40	40	P 625	352	38	38	P 624	352	39	38	
274	2	T 626	353	40	40	P 626	354	39	38	P 624	352	39	38	
275	4	T 628	354	40	40	P 629	354	38	38	P 628	354	39	39	P 515	297	3	39	P 515	297	3	39	
276	4	T 630	355	40	40	P 630	356	39	38	P 628	354	39	39	P 515	297	3	39	P 515	297	3	39	
277	1	T 632	356	40	40	P 632	356	39	38	
278	1	T 634	357	40	40	P 634	358	39	39	
279	1	T 636	358	40	40	P 636	358	39	38	
280	1	T 638	359	40	40	P 638	358	40	40	
281	1	T 640	360	40	40	P 636	358	39	40	
282	1	T 642	361	40	40	P 642	360	40	41	
283	1	T 644	362	40	40	P 640	360	39	38	
284	2	T 646	363	40	40	P 642	360	40	40	P 642	360	40	40	
285	2	T 648	364	40	40	P 644	362	39	40	P 648	364	39	38	
286	2	T 650	365	40	40	P 648	364	39	40	P 650	366	38	38	
287	2	T 652	366	40	40	P 650	366	38	39	P 652	366	39	40	
288	2	T 654	367	40	40	P 654	366	40	40	P 654	366	40	41	
289	2	T 656	368	40	40	P 656	368	39	38	P 654	366	40	41	
290	2	T 658	369	40	40	P 658	368	40	40	P 660	368	38	40	
291	2	T 660	370	40	40	P 660	371	39	37	P 660	372	39	37	
292	2	T 658	371	40	40	P 658	372	39	38	P 660	372	39	37	
293	1	T 656	372	40	40	P 658	372	39	38	
294	1	T 654	373	40	40	P 654	372	38	40	
295	1	T 652	374	40	40	P 653	374	38	38	
296	1	T 650	375	40	40	P 650	376	40	38	
297	1	T 648	376	40	40	P 648	376	40	38	
298	1	T 646	377	40	40	P 647	378	39	38	
299	2	T 644	378	40	40	P 646	378	40	39	P 646	378	40	39	
300	2	T 642	379	40	40	P 646	378	40	39	P 646	378	40	39	
301	2	T 640	380	40	40	P 640	380	40	38	P 640	380	40	40	
302	2	T 638	381	40	40	P 638	382	39	38	P 640	380	40	40	
303	2	T 636	382	40	40	P 636	382	40	40	P 636	382	40	38	
304	2	T 634	383	40	40	P 634	384	39	36	P 634	384	39	38	
305	2	T 632	384	40	40	P 632	384	38	38	P 633	384	37	39	
306	2	T 630	385	40	40	P 630	386	39	38	P 633	384	37	39	
307	2	T 628	386	40	40	P 628	386	40	40	P 628	386	40	38	
308	2	T 626	387	40	40	P 626	386	38	40	P 626	386	38	41	
309	2	T 624	388	40	40	P 624	388	40	38	P 624	388	40	39	
310	2	T 622	389	40	40	P 622	389	39	39	P 622	390	39	38	
311	2	T 620	390	40	40	P 622	389	39	39	P 622	390	39	38	
312	2	T 618	391	40	40	P 618	392	40	38	P 618	392	39	38	
313	2	T 616	392	40	40	P 616	392	40	38	P 616	392	39	38	
314	2	T 614	393	40	40	P 614	394	39	38	P 616	392	39	38	
315	1	T 612	394	40	40	P 612	394	40	40	
316	1	T 610	395	40	40	P 610	394	39	40	
317	1	T 608	396	40	40	P 610	394	40	40	
318	1	T 606	397	40	40	P 608	396	38	38	
319	2	T 604	398	40	40	P 604	398	39	39	P 604	398	39	38	
320	4	T 602	399	40	40	P 608	396	38	39	P 606	398	38	36	P 602	398	39	40	P 602	398	39	41	
321	4	T 600	400	40	40	P 606	398	38	38	P 600	400	39	38	P 600	400	39	39	P 602	398	39	41	
322	3	T 598	401	40	40	P 598	402	40	38	P 598	402	39	38	P 600	400	39	39	
323	2	T 596	402	40	40	P 596	402	38	38	P 596	402	40	38	
324	2	T 594	403	40	40	P 594	404	39	38	P 596	402	40	38	
325	2	T 592	404	40	40	P 592	404	40	39	P 592	404	40	38	
326	2	T 590	405	40	40	P 590	406	39	38	P 592	404	40	38	
327	1	T 588	406	40	40	P 588	406	38	38	
328	1	T 586	407	40	40	P 586	407	38	37	
329	2	T 584	408	40	40	P 584	408	40	38	P 584	408	40	39	
330	2	T 582	409	40	40	P 586	408	38	38	P 582	410	40	36	
331	2	T 580	410	40	40	P 580	410	40	40	P 582	410	38	40	
332	2	T 578	411	40	40	P 578	412	38	38	P 582	410	38	40	
333	1	T 576	412	40	40	P 576	412	39	38	
334	1	T 574	413	40	40	P 576	412	39	38	
335	2	T 572	414	40	40	P 572	414	40	38	P 572	414	38	39	
336	4	T 570	415	40	40	P 570	414	40	41	P 572	414	38	39	P 574	414	3	38	P 574	414	3	38	
337	4	T 568	416	40	40	P 568	416	39	38	P 568	416	39	39	P 574	414	3	38	P 574	414	3	38	
338	2	T 566	417	40	40	P 567	418	39	38	P 568	416	39	39	
339	1	T 564	418	40	40	P 564	418	40	39	
340	1	T 562	419	40	40	P 562	420	39	39	
341	1	T 560	420	40	40	P 560	420	39	39	
342	1	T 558	419	40	40	P 558	420	39	38	
343	1	T 556	418	40	40	P 556	418	38	38	
344	1	T 554	417	40	40	P 554	418	39	38	
345	1	T 552	416	40	40	P 552	416	39	40	
346	1	T 550	415	40	40	P 552	416	39	40	
347	1	T 548	414	40	40	P 548	414	38	38	
348	1	T 546	413	40	40	P 546	414	38	38	
349	1	T 544	412	40	40	P 544	412	40	40	
350	1	T 542	411	40	40	P 544	412	40	38	
351	3	T 540	410	40	40	P 542	410	39	40	P 542	410	39	40	P 541	410	39	40	
352	3	T 538	409	40	40	P 538	408	40	40	P 542	410	39	40	P 541	410	39	40	
353	1	T 536	408	40	40	P 538	408	40	40	
354	1	T 534	407	40	40	P 534	408	40	38	
355	1	T 532	406	40	40	P 535	408	39	38	
356	1	T 530	405	40	40	P 532	406	38	38	
357	1	T 528	404	40	40	P 528	404	39	38	
358	1	T 526	403	40	40	P 528	404	37	36	
359	1	T 524	402	40	40	P 526	404	39	39	
360	1	T 522	401	40	40	P 524	402	40	38	
361	1	T 520	400	40	40	P 522	402	38	38	
362	1	T 518	399	40	40	P 520	400	39	39	
363	1	T 516	398	40	40	P 520	400	39	38	
364	1	T 514	397	40	40	P 518	398	40	40	
365	1	T 512	396	40	40	P 516	398	39	38	
366	2	T 510	395	40	40	P 514	396	40	40	P 514	396	40	40	
367	2	T 508	394	40	40	P 516	398	39	40	P 514	396	40	41	
368	2	T 506	393	40	40	P 512	396	40	40	P 508	394	39	38	
369	3	T 504	392	40	40	P 508	394	39	40	P 506	394	39	38	P 508	394	39	40	
370	3	T 502	391	40	40	P 502	391	40	39	P 503	392	39	38	P 508	394	39	40	
371	2	T 500	390	40	40	P 500	390	38	38	P 500	392	38	38	
372	2	T 498	389	40	40	P 498	389	38	39	P 500	392	38	38	
373	1	T 496	388	40	40	P 496	388	38	38	
374	1	T 494	387	40	40	P 494	388	39	38	
375	1	T 492	386	40	40	P 492	386	40	38	
376	1	T 490	385	40	40	P 490	385	39	39	
377	1	T 488	384	40	40	P 490	386	39	38	
378	2	T 486	383	40	40	P 488	384	40	38	P 611	414	1	38	
379	2	T 484	382	40	40	P 488	384	39	39	P 611	414	1	38	
380	1	T 482	381	40	40	P 486	382	39	40	
381	1	T 480	380	40	40	P 484	382	39	38	
382	1	T 478	379	40	40	P 484	382	39	39	
383	1	T 476	378	40	40	P 478	380	38	38	
384	1	T 474	377	40	40	P 474	376	39	40	
385	1	T 472	376	40	40	P 478	380	40	38	
386	2	T 470	375	40	40	P 474	376	40	41	P 474	376	40	41	
387	2	T 468	374	40	40	P 472	376	38	40	P 469	374	38	38	
388	2	T 466	373	40	40	P 468	374	39	39	P 466	374	40	38	
389	2	T 464	372	40	40	P 464	372	40	40	P 464	372	39	40	
390	2	T 462	371	40	40	P 462	372	39	38	P 464	372	39	40	
391	2	T 460	370	40	40	P 460	370	39	38	P 461	370	38	39	
392	2	T 458	369	40	40	P 460	370	38	38	P 458	370	40	38	
393	2	T 456	368	40	40	P 456	368	38	38	P 458	370	40	38	
394	1	T 454	367	40	40	P 454	368	39	36	
395	1	T 452	366	40	40	P 452	366	39	38	
396	1	T 450	365	40	40	P 454	366	37	39	
397	1	T 448	364	40	40	P 449	364	38	40	
398	1	T 446	363	40	40	P 450	366	38	38	
399	2	T 444	362	40	40	P 448	364	39	40	P 444	362	39	39	
400	2	T 442	361	40	40	P 446	364	40	38	P 452	365	2	39	
401	2	T 440	360	40	40	P 446	364	39	38	P 440	360	39	40	
402	2	T 438	359	40	40	P 444	362	39	38	P 442	362	38	38	
403	2	T 436	358	40	40	P 438	360	39	38	P 436	358	40	38	
404	2	T 434	357	40	40	P 438	358	38	39	P 435	358	37	36	
405	2	T 432	356	40	40	P 433	356	37	40	P 435	358	37	36	
406	1	T 430	355	40	40	P 432	356	36	38	
407	1	T 428	354	40	40	P 428	354	40	38	
408	1	T 426	353	40	40	P 426	354	40	38	
409	1	T 424	352	40	40	P 428	354	37	38	
410	1	T 422	351	40	40	P 424	352	39	39	
411	1	T 420	350	40	40	P 424	352	39	38	
412	2	T 418	349	40	40	P 420	350	38	38	P 418	348	39	40	
413	2	T 416	348	40	40	P 416	348	40	40	P 416	348	39	40	
414	2	T 414	347	40	40	P 414	348	39	38	P 416	348	39	40	
415	1	T 412	346	40	40	P 414	348	39	38	
416	1	T 410	345	40	40	P 410	345	39	39	
417	1	T 408	344	40	40	P 410	346	39	38	
418	1	T 406	343	40	40	P 408	344	39	38	
419	1	T 404	342	40	40	P 406	344	40	36	
420	1	T 402	341	40	40	P 404	343	39	37	
421	1	T 400	340	40	40	P 402	342	40	38	
422	1	T 398	339	40	40	P 402	342	39	38	
423	2	T 396	338	40	40	P 400	340	38	38	P 396	338	39	40	
424	2	T 394	337	40	40	P 398	340	38	38	P 396	338	39	38	
425	2	T 392	336	40	40	P 392	336	39	40	P 396	337	37	39	
426	2	T 390	335	40	40	P 394	338	39	38	P 390	336	38	39	
427	2	T 388	334	40	40	P 388	334	39	38	P 388	334	39	39	
428	2	T 386	333	40	40	P 386	334	40	36	P 388	334	39	39	
429	2	T 384	332	40	40	P 392	335	2	39	P 386	333	37	37	
430	3	T 382	331	40	40	P 386	334	37	37	P 382	331	39	39	P 382	332	39	39	
431	3	T 380	330	40	40	P 380	330	38	38	P 382	331	39	39	P 382	332	39	39	
432	1	T 378	329	40	40	P 378	330	40	38	
433	1	T 376	328	40	40	P 376	328	39	39	
434	1	T 374	327	40	40	P 374	328	39	38	
435	1	T 372	326	40	40	P 374	328	39	38	
436	1	T 370	325	40	40	P 370	326	38	38	
437	1	T 368	324	40	40	P 368	324	39	38	
438	1	T 366	323	40	40	P 366	324	40	38	
439	1	T 364	322	40	40	P 364	322	40	38	
440	1	T 362	321	40	40	P 362	322	40	38	
441	1	T 360	320	40	40	P 360	320	39	38	
442	1	T 358	319	40	40	P 358	320	38	38	
443	1	T 356	318	40	40	P 356	318	39	40	
444	1	T 354	317	40	40	P 354	318	38	38	
445	1	T 352	316	40	40	P 352	316	39	40	
446	1	T 350	315	40	40	P 352	316	39	38	
447	1	T 348	314	40	40	P 350	316	39	38	
448	2	T 346	313	40	40	P 348	314	39	38	P 348	314	39	38	
449	2	T 344	312	40	40	P 348	314	39	40	P 344	312	38	38	
450	2	T 342	311	40	40	P 344	312	38	39	P 342	311	40	39	
451	2	T 340	310	40	40	P 342	312	39	38	P 340	310	40	38	
452	2	T 338	309	40	40	P 340	310	39	38	P 338	309	38	39	
453	2	T 336	308	40	40	P 338	310	38	38	P 336	308	38	38	
454	2	T 334	307	40	40	P 337	308	37	39	P 334	308	40	38	
455	2	T 332	306	40	40	P 334	308	39	38	P 334	308	40	38	
456	1	T 330	305	40	40	P 330	306	38	38	
457	1	T 328	304	40	40	P 330	306	38	38	
458	1	T 326	303	40	40	P 326	304	40	39	
459	2	T 324	302	40	40	P 332	306	3	38	P 324	302	39	38	
460	2	T 322	301	40	40	P 322	301	38	39	P 326	302	37	38	
461	2	T 320	300	40	40	P 322	302	38	39	P 326	302	37	38	
462	2	T 318	299	40	40	P 318	300	39	38	P 318	300	40	38	
463	2	T 316	298	40	40	P 316	299	38	37	P 316	300	40	37	
464	2	T 314	297	40	40	P 314	297	39	39	P 314	298	39	38	
465	2	T 312	296	40	40	P 312	296	39	38	P 312	296	39	39	
466	2	T 310	295	40	40	P 311	296	39	38	P 310	296	40	38	
467	2	T 308	294	40	40	P 308	294	38	38	P 308	294	38	40	
468	2	T 306	293	40	40	P 306	293	39	39	P 308	294	38	40	
469	1	T 304	292	40	40	P 304	292	38	39	
470	1	T 302	291	40	40	P 302	292	39	38	
471	2	T 300	290	40	40	P 300	290	38	38	P 300	290	38	40	
472	2	T 298	289	40	40	P 298	290	38	38	P 300	290	38	40	
473	1	T 296	288	40	40	P 296	288	40	38	
474	1	T 294	287	40	40	P 294	286	40	40	
475	1	T 292	286	40	40	P 292	286	39	40	
476	1	T 290	285	40	40	P 292	286	39	40	
477	0	T 288	284	40	40	
478	0	T 286	283	40	40	
479	1	T 284	282	40	40	P 286	282	40	40	
480	2	T 282	281	40	40	P 286	282	40	40	P 286	282	40	40	
481	2	T 280	280	40	40	P 281	280	39	38	P 280	280	40	40	
482	2	T 278	279	40	40	P 279	279	38	39	P 280	280	40	40	
483	2	T 276	278	40	40	P 276	278	40	38	P 276	278	40	39	
484	2	T 274	277	40	40	P 274	277	40	39	P 274	278	40	38	
485	2	T 272	276	40	40	P 272	276	38	38	P 274	278	40	38	
486	1	T 270	275	40	40	P 270	275	39	39	
487	2	T 268	274	40	40	P 268	274	40	38	P 268	274	40	39	
488	2	T 266	273	40	40	P 266	274	38	38	P 268	274	40	39	
489	3	T 264	272	40	40	P 264	272	40	39	P 369	306	3	38	P 369	306	3	38	
490	3	T 262	271	40	40	P 262	272	39	38	P 369	306	3	38	P 369	306	3	38	
491	1	T 260	270	40	40	P 263	272	38	38	
492	1	T 258	269	40	40	P 260	270	39	38	
493	1	T 256	268	40	40	P 256	268	40	40	
494	1	T 254	267	40	40	P 261	270	38	39	
495	1	T 252	266	40	40	P 252	266	40	40	
496	1	T 250	265	40	40	P 258	270	38	38	
497	1	T 248	264	40	40	P 248	264	40	39	
498	2	T 246	263	40	40	P 254	266	38	40	P 246	262	40	41	
499	2	T 244	262	40	40	P 250	266	39	38	P 248	264	40	38	
500	2	T 242	261	40	40	P 246	262	39	40	P 244	262	39	38	
501	2	T 240	260	40	40	P 242	262	40	38	P 241	260	38	38	
502	2	T 238	259	40	40	P 240	260	39	39	P 238	259	39	39	
503	2	T 236	258	40	40	P 238	260	39	39	P 236	258	38	38	
504	2	T 234	257	40	40	P 234	256	39	40	P 236	256	37	40	
505	2	T 232	256	40	40	P 232	256	40	38	P 236	256	37	40	
506	1	T 230	255	40	40	P 230	256	39	38	
507	1	T 228	254	40	40	P 228	254	40	39	
508	1	T 226	253	40	40	P 228	254	40	38	
509	1	T 224	252	40	40	P 226	254	39	38	
510	2	T 222	251	40	40	P 226	254	40	39	P 226	254	40	39	
511	2	T 220	250	40	40	P 224	252	40	40	P 222	251	40	39	
512	2	T 218	249	40	40	P 220	250	40	40	P 218	250	39	38	
513	2	T 216	248	40	40	P 216	248	40	40	P 218	250	39	38	
514	1	T 214	247	40	40	P 214	248	40	38	
515	1	T 212	246	40	40	P 212	246	38	38	
516	1	T 210	245	40	40	P 212	246	38	40	
517	1	T 208	244	40	40	P 210	246	40	38	
518	1	T 206	243	40	40	P 208	244	40	40	
519	1	T 204	242	40	40	P 207	244	39	38	
520	1	T 202	241	40	40	P 204	242	40	39	
521	1	T 200	240	40	40	P 206	244	40	38	
522	2	T 198	239	40	40	P 204	242	40	38	P 200	240	38	39	
523	2	T 196	238	40	40	P 202	242	39	38	P 200	240	38	38	
524	3	T 194	237	40	40	P 196	238	40	39	P 194	237	39	39	P 196	238	40	39	
525	3	T 192	236	40	40	P 200	240	38	39	P 198	240	38	38	P 194	238	39	38	
526	3	T 190	235	40	40	P 192	236	40	38	P 192	236	39	39	P 190	235	40	39	
527	3	T 188	234	40	40	P 190	236	40	38	P 188	234	39	38	P 188	234	39	39	
528	3	T 186	233	40	40	P 186	233	40	39	P 186	234	39	38	P 188	234	39	39	
529	2	T 184	232	40	40	P 184	232	39	38	P 185	232	38	39	
530	2	T 182	231	40	40	P 182	232	39	38	P 185	232	38	39	
531	2	T 180	230	40	40	P 180	232	38	36	P 180	232	38	37	
532	2	T 178	229	40	40	P 178	228	40	40	P 178	228	39	41	
533	2	T 176	228	40	40	P 178	228	37	39	P 178	228	39	41	
534	1	T 174	227	40	40	P 174	228	39	38	
535	1	T 172	226	40	40	P 172	226	40	38	
536	1	T 170	225	40	40	P 170	226	40	39	
537	1	T 168	224	40	40	P 168	224	38	38	
538	1	T 166	223	40	40	P 166	224	40	39	
539	1	T 164	222	40	40	P 164	222	38	38	
540	1	T 162	221	40	40	P 162	222	40	38	
541	1	T 160	220	40	40	P 160	220	39	38	
542	1	T 158	219	40	40	P 158	219	38	39	
543	1	T 156	218	40	40	P 158	220	38	38	
544	1	T 154	217	40	40	P 156	218	39	39	
545	1	T 152	216	40	40	P 156	218	39	38	
546	2	T 150	215	40	40	P 154	218	40	38	P 152	216	38	40	
547	2	T 148	214	40	40	P 152	216	38	40	P 149	214	38	38	
548	2	T 146	213	40	40	P 146	212	39	41	P 146	212	39	40	
549	2	T 144	212	40	40	P 149	214	38	39	P 144	212	39	38	
550	2	T 142	211	40	40	P 142	212	39	38	P 142	212	40	38	
551	2	T 140	210	40	40	P 140	210	39	38	P 140	210	39	40	
552	2	T 138	209	40	40	P 138	209	39	39	P 138	210	39	38	
553	2	T 136	208	40	40	P 136	208	40	40	P 136	208	39	40	
554	2	T 134	207	40	40	P 134	206	40	40	P 134	206	40	41	
555	2	T 132	206	40	40	P 134	206	37	38	P 134	206	40	41	
556	2	T 130	205	40	40	P 130	206	39	39	P 131	206	38	38	
557	2	T 128	204	40	40	P 128	204	39	38	P 128	204	40	39	
558	2	T 126	203	40	40	P 126	204	38	38	P 128	204	40	39	
559	2	T 124	202	40	40	P 124	202	40	39	P 124	202	40	38	
560	2	T 122	201	40	40	P 124	202	40	39	P 124	202	40	38	
561	1	T 120	200	40	40	P 120	200	38	38	
562	1	T 118	199	40	40	P 118	200	39	38	
563	1	T 116	198	40	40	P 119	200	38	38	
564	1	T 114	197	40	40	P 116	198	39	39	
565	1	T 112	196	40	40	P 116	198	39	38	
566	1	T 110	195	40	40	P 114	198	40	38	
567	1	T 108	194	40	40	P 114	198	39	38	
568	1	T 106	193	40	40	P 108	194	40	39	
569	1	T 104	192	40	40	P 112	196	39	38	
570	1	T 102	191	40	40	P 106	194	40	39	
571	1	T 100	190	40	40	P 114	196	37	39	
572	2	T 98	189	40	40	P 104	192	40	40	P 104	192	40	40	
573	2	T 96	188	40	40	P 108	194	40	38	P 104	192	40	38	
574	2	T 94	187	40	40	P 102	192	40	38	P 100	190	40	40	
575	2	T 92	186	40	40	P 96	188	39	40	P 94	188	39	38	
576	2	T 90	185	40	40	P 92	186	38	40	P 90	185	40	39	
577	2	T 88	184	40	40	P 90	186	40	38	P 90	186	37	37	
578	2	T 86	183	40	40	P 88	184	37	38	P 90	186	37	37	
579	1	T 84	182	40	40	P 84	182	39	39	
580	1	T 82	181	40	40	P 82	180	38	40	
581	1	T 80	180	40	40	P 82	180	40	40	
582	1	T 78	179	40	40	P 80	180	40	40	
583	2	T 76	178	40	40	P 78	178	40	40	P 78	178	40	40	
584	2	T 74	177	40	40	P 76	178	40	39	P 74	177	38	39	
585	2	T 72	176	40	40	P 74	178	38	39	P 72	176	39	38	
586	2	T 70	175	40	40	P 70	176	38	38	P 72	176	39	38	
587	1	T 68	174	40	40	P 68	174	40	38	
588	1	T 66	173	40	40	P 66	174	39	38	
589	1	T 64	172	40	40	P 64	172	39	38	
590	1	T 62	171	40	40	P 62	172	40	38	
591	1	T 60	170	40	40	P 62	172	39	38	
592	1	T 58	169	40	40	P 58	170	40	39	
593	1	T 56	168	40	40	P 60	172	40	38	
594	1	T 54	167	40	40	P 58	170	39	38	
595	1	T 52	166	40	40	P 57	168	38	38	
596	1	T 50	165	40	40	P 50	165	39	39	
597	2	T 48	164	40	40	P 54	166	37	38	P 48	164	38	40	
598	2	T 46	163	40	40	P 46	164	39	39	P 50	166	39	38	
599	2	T 44	162	40	40	P 46	164	39	38	P 44	162	40	38	
600	2	T 42	161	40	40	P 42	162	39	38	P 44	162	40	38	
601	1	T 40	160	40	40	P 42	162	39	38	
602	1	T 38	159	40	40	P 38	160	38	38	
603	1	T 36	158	40	40	P 36	158	39	38	
604	1	T 34	157	40	40	P 37	158	38	39	
605	4	T 32	156	40	40	P 34	156	39	40	P 36	156	37	40	P 34	156	39	40	P 36	156	37	40	
606	4	T 30	155	40	40	P 30	156	40	38	P 36	156	37	40	P 34	156	39	40	P 36	156	37	40	
607	1	T 28	154	40	40	P 30	156	40	38	
608	1	T 26	153	40	40	P 26	154	39	38	
609	2	T 24	152	40	40	P 24	152	40	38	P 24	152	39	39	
610	2	T 22	151	40	40	P 22	152	39	38	P 24	152	37	38	
611	2	T 20	150	40	40	P 22	150	37	38	P 20	150	39	38	
612	2	T 22	149	40	40	P 28	156	38	2	P 24	148	36	40	
613	2	T 24	148	40	40	P 28	156	38	2	P 24	148	36	40	
614	2	T 26	147	40	40	P 26	148	39	38	P 28	148	37	38	
615	2	T 28	146	40	40	P 30	146	37	38	P 28	146	39	38	
616	2	T 30	145	40	40	P 31	146	38	38	P 28	146	39	38	
617	2	T 32	144	40	40	P 32	144	39	40	P 32	144	39	38	
618	2	T 34	143	40	40	P 34	142	39	40	P 32	144	39	38	
619	1	T 36	142	40	40	P 34	142	39	40	
620	1	T 38	141	40	40	P 38	141	40	39	
621	1	T 40	140	40	40	P 38	142	39	39	
622	1	T 42	139	40	40	P 42	138	40	40	
623	1	T 44	138	40	40	P 40	140	38	38	
624	2	T 46	137	40	40	P 44	138	40	40	P 44	138	40	40	
625	2	T 48	136	40	40	P 48	136	40	40	P 44	138	40	40	
626	2	T 50	135	40	40	P 50	134	39	40	P 50	134	39	41	
627	2	T 52	134	40	40	P 52	134	39	38	P 50	134	39	41	
628	2	T 54	133	40	40	P 54	133	39	39	P 54	134	40	38	
629	2	T 56	132	40	40	P 56	132	38	38	P 54	134	40	38	
630	1	T 58	131	40	40	P 58	132	40	38	
631	1	T 60	130	40	40	P 60	130	39	38	
632	1	T 62	129	40	40	P 62	128	40	40	
633	1	T 64	128	40	40	P 64	128	39	40	
634	1	T 66	127	40	40	P 66	128	39	38	
635	1	T 68	126	40	40	P 68	126	39	38	
636	1	T 70	125	40	40	P 68	126	39	39	
637	1	T 72	124	40	40	P 72	124	40	40	
638	1	T 74	123	40	40	P 70	124	38	40	
639	1	T 76	122	40	40	P 74	124	39	38	
640	1	T 78	121	40	40	P 76	124	37	38	
641	1	T 80	120	40	40	P 76	122	39	39	
642	1	T 82	119	40	40	P 77	122	38	38	
643	1	T 84	118	40	40	P 84	118	40	40	
644	1	T 86	117	40	40	P 78	122	40	38	
645	1	T 88	116	40	40	P 80	120	39	38	
646	1	T 90	115	40	40	P 83	120	39	38	
647	2	T 92	114	40	40	P 82	120	40	38	P 86	117	39	39	
648	3	T 94	113	40	40	P 88	116	39	39	P 92	115	2	39	P 93	114	39	40	
649	3	T 96	112	40	40	P 94	112	40	41	P 95	112	39	40	P 90	116	39	38	
650	3	T 98	111	40	40	P 96	114	39	37	P 95	112	39	40	P 90	116	39	38	
651	1	T 100	110	40	40	P 100	110	40	40	
652	1	T 102	109	40	40	P 102	110	39	38	
653	1	T 104	108	40	40	P 102	110	40	38	
654	1	T 106	107	40	40	P 104	108	39	40	
655	2	T 108	106	40	40	P 105	108	38	40	P 106	106	39	41	
656	2	T 110	105	40	40	P 106	106	39	41	P 110	106	38	38	
657	2	T 112	104	40	40	P 110	106	38	39	P 112	104	40	38	
658	2	T 114	103	40	40	P 114	104	39	38	P 112	104	40	38	
659	2	T 116	102	40	40	P 116	102	39	38	P 116	102	39	39	
660	2	T 118	101	40	40	P 118	102	38	38	P 116	102	39	39	
661	1	T 120	100	40	40	P 118	102	38	38	
662	1	T 122	99	40	40	P 122	100	40	38	
663	1	T 124	98	40	40	P 124	98	40	38	
664	1	T 126	97	40	40	P 126	98	38	39	
665	1	T 128	96	40	40	P 128	96	38	39	
666	1	T 130	95	40	40	P 130	94	39	40	
667	1	T 132	94	40	40	P 132	94	37	40	
668	1	T 134	93	40	40	P 132	94	38	38	
669	1	T 136	92	40	40	P 136	92	40	39	
670	1	T 138	91	40	40	P 132	94	38	39	
671	1	T 140	90	40	40	P 138	90	39	40	
672	1	T 142	89	40	40	P 134	94	39	38	
673	1	T 144	88	40	40	P 140	90	38	40	
674	1	T 146	87	40	40	P 142	88	39	41	
675	1	T 148	86	40	40	P 142	88	39	40	
676	1	T 150	85	40	40	P 144	88	40	38	
677	2	T 152	84	40	40	P 144	88	39	39	P 148	86	39	40	
678	2	T 154	83	40	40	P 154	82	40	40	P 146	88	39	38	
679	4	T 156	82	40	40	P 147	88	38	38	P 148	86	39	40	P 148	86	39	40	P 154	82	39	41	
680	4	T 158	81	40	40	P 150	86	39	38	P 156	82	38	40	P 158	82	40	38	P 154	82	39	41	
681	3	T 160	80	40	40	P 160	80	39	38	P 160	80	39	39	P 158	82	40	38	
682	2	T 162	79	40	40	P 162	80	39	38	P 160	80	39	39	
683	2	T 164	78	40	40	P 164	78	40	39	P 164	78	39	38	
684	2	T 166	77	40	40	P 166	78	39	38	P 164	78	39	38	
685	2	T 168	76	40	40	P 168	76	40	40	P 168	76	40	38	
686	2	T 170	75	40	40	P 170	76	38	38	P 168	76	40	38	
687	2	T 172	74	40	40	P 172	74	38	38	P 172	74	38	39	
688	2	T 174	73	40	40	P 176	74	37	38	P 172	74	38	39	
689	2	T 176	72	40	40	P 176	72	39	39	P 176	72	39	38	
690	2	T 178	71	40	40	P 176	72	39	39	P 176	72	39	38	
691	2	T 180	70	40	40	P 180	72	38	36	P 180	72	38	37	
692	2	T 182	69	40	40	P 182	68	40	41	P 182	68	38	40	
693	2	T 184	68	40	40	P 184	68	39	39	P 182	68	38	40	
694	1	T 186	67	40	40	P 186	68	39	38	
695	1	T 188	66	40	40	P 188	66	38	40	
696	1	T 190	65	40	40	P 191	64	38	40	
697	1	T 192	64	40	40	P 190	64	39	40	
698	1	T 194	63	40	40	P 192	64	40	38	
699	1	T 196	62	40	40	P 194	64	38	39	
700	1	T 198	61	40	40	P 196	62	39	40	
701	1	T 200	60	40	40	P 194	64	39	38	
702	1	T 202	59	40	40	P 196	62	40	40	
703	2	T 204	58	40	40	P 198	60	39	40	P 200	60	40	40	
704	3	T 206	57	40	40	P 200	60	39	40	P 200	60	40	40	P 200	60	39	40	
705	3	T 208	56	40	40	P 206	57	39	39	P 209	56	39	38	P 200	60	39	40	
706	2	T 210	55	40	40	P 210	56	40	38	P 210	56	40	39	
707	2	T 212	54	40	40	P 212	54	39	40	P 210	56	40	39	
708	2	T 214	53	40	40	P 214	54	39	38	P 216	54	37	38	
709	2	T 216	52	40	40	P 216	52	40	40	P 216	54	37	38	
710	1	T 218	51	40	40	P 219	52	38	38	
711	1	T 220	50	40	40	P 220	50	38	38	
712	1	T 222	49	40	40	P 220	52	38	37	
713	2	T 224	48	40	40	P 222	50	40	38	P 224	48	39	40	
714	2	T 226	47	40	40	P 224	50	38	38	P 226	46	38	41	
715	2	T 228	46	40	40	P 228	46	40	40	P 229	46	38	40	
716	2	T 230	45	40	40	P 230	46	39	38	P 229	46	38	40	
717	2	T 232	44	40	40	P 232	44	40	38	P 232	44	39	38	
718	2	T 234	43	40	40	P 234	44	38	38	P 232	44	39	38	
719	1	T 236	42	40	40	P 236	42	38	39	
720	1	T 238	41	40	40	P 238	42	39	38	
721	1	T 240	40	40	40	P 240	40	40	40	
722	1	T 242	39	40	40	P 242	40	39	38	
723	1	T 244	38	40	40	P 244	38	39	39	
724	1	T 246	37	40	40	P 246	38	39	38	
725	1	T 248	36	40	40	P 248	36	39	40	
726	1	T 250	35	40	40	P 248	36	39	40	
727	0	T 252	34	40	40	
728	0	T 254	33	40	40	
729	0	T 256	32	40	40	
730	2	T 258	31	40	40	P 251	35	3	39	P 251	35	3	39	
731	2	T 260	30	40	40	P 251	35	3	39	P 251	35	3	39	
732	1	T 262	29	40	40	P 260	30	39	40	
733	1	T 264	28	40	40	P 258	31	40	39	
734	1	T 266	27	40	40	P 258	32	39	39	
735	1	T 268	26	40	40	P 260	30	39	38	
736	1	T 270	25	40	40	P 262	30	40	38	
737	1	T 272	24	40	40	P 263	30	38	38	
738	1	T 274	23	40	40	P 264	28	39	39	
739	1	T 276	22	40	40	P 264	28	39	38	
740	1	T 278	21	40	40	P 266	28	40	38	
741	1	T 280	20	40	40	P 269	26	38	38	
742	2	T 282	21	40	40	P 272	24	39	39	P 276	22	39	40	
743	2	T 284	22	40	40	P 269	26	38	39	P 270	26	38	38	
744	3	T 286	23	40	40	P 276	22	39	40	P 284	22	40	40	P 284	22	40	40	
745	3	T 288	24	40	40	P 272	24	39	38	P 278	22	40	38	P 278	22	39	38	
746	3	T 290	25	40	40	P 280	20	38	40	P 282	22	39	38	P 288	24	39	40	
747	3	T 292	26	40	40	P 290	24	39	41	P 290	24	39	40	P 292	26	39	39	
748	3	T 294	27	40	40	P 294	27	39	39	P 294	28	39	39	P 292	26	39	39	
749	2	T 296	28	40	40	P 296	28	39	40	P 294	28	39	39	
750	1	T 298	29	40	40	P 298	29	39	39	
751	1	T 300	30	40	40	P 300	30	38	38	
752	1	T 302	31	40	40	P 300	30	38	40	
753	1	T 304	32	40	40	P 302	32	38	38	
754	2	T 306	33	40	40	P 304	32	40	40	P 304	32	40	40	
755	3	T 308	34	40	40	P 302	32	38	39	P 308	34	39	38	P 308	34	39	39	
756	3	T 310	35	40	40	P 310	36	39	38	P 308	34	39	38	P 308	34	39	39	
757	2	T 312	36	40	40	P 313	36	38	38	P 312	36	39	38	
758	2	T 314	37	40	40	P 316	38	36	38	P 312	36	39	38	
759	1	T 316	38	40	40	P 316	38	40	39	
760	1	T 318	39	40	40	P 319	40	38	38	
761	1	T 320	40	40	40	P 320	40	39	39	
762	1	T 322	41	40	40	P 320	40	39	38	
763	1	T 324	42	40	40	P 322	42	40	38	
764	1	T 326	43	40	40	P 324	42	39	38	
765	1	T 328	44	40	40	P 324	42	39	39	
766	1	T 330	45	40	40	P 327	44	38	38	
767	2	T 332	46	40	40	P 328	44	39	38	P 332	46	38	39	
768	2	T 334	47	40	40	P 334	48	40	39	P 330	46	39	38	
769	2	T 336	48	40	40	P 332	46	38	38	P 336	48	40	40	
770	2	T 338	49	40	40	P 338	50	39	39	P 334	48	40	38	
771	2	T 340	50	40	40	P 338	50	39	38	P 340	51	39	37	
772	2	T 342	51	40	40	P 340	52	39	37	P 342	52	39	38	
773	2	T 344	52	40	40	P 344	52	40	38	P 344	52	39	38	
774	2	T 346	53	40	40	P 346	53	39	39	P 346	54	39	38	
775	2	T 348	54	40	40	P 346	53	39	39	P 346	54	39	38	
776	2	T 350	55	40	40	P 350	56	38	36	P 350	56	38	38	
777	2	T 352	56	40	40	P 352	56	39	40	P 350	56	38	38	
778	2	T 354	57	40	40	P 354	58	39	38	P 356	58	37	38	
779	2	T 356	58	40	40	P 356	59	39	37	P 356	58	37	38	
780	2	T 358	59	40	40	P 358	60	40	38	P 358	60	39	38	
781	2	T 360	60	40	40	P 358	60	40	38	P 358	60	39	38	
782	1	T 362	61	40	40	P 362	62	40	38	
783	1	T 364	62	40	40	P 364	62	39	39	
784	1	T 366	63	40	40	P 366	62	39	40	
785	1	T 368	64	40	40	P 368	64	40	38	
786	1	T 370	65	40	40	P 368	64	39	39	
787	1	T 372	66	40	40	P 370	66	40	38	
788	1	T 374	67	40	40	P 372	66	38	40	
789	1	T 376	68	40	40	P 374	68	40	36	
790	1	T 378	69	40	40	P 374	68	39	38	
791	2	T 380	70	40	40	P 376	68	40	39	P 378	69	40	39	
792	3	T 382	71	40	40	P 376	68	40	38	P 378	69	40	39	P 378	69	40	39	
793	3	T 384	72	40	40	P 378	70	40	38	P 384	72	39	38	P 378	69	40	39	
794	2	T 386	73	40	40	P 378	70	40	38	P 384	72	39	38	
795	2	T 388	74	40	40	P 388	74	39	38	P 388	74	40	40	
796	2	T 390	75	40	40	P 390	76	39	38	P 388	74	40	40	
797	2	T 392	76	40	40	P 392	76	38	38	P 392	76	38	39	
798	2	T 394	77	40	40	P 394	78	40	38	P 392	76	38	39	
799	2	T 396	78	40	40	P 396	78	40	38	P 396	78	39	39	
800	2	T 398	79	40	40	P 398	80	39	38	P 396	78	39	39	
801	1	T 400	80	40	40	P 400	80	40	40	
802	1	T 402	81	40	40	P 402	80	40	40	
803	1	T 404	82	40	40	P 404	82	39	38	
804	3	T 406	83	40	40	P 404	82	39	39	P 327	43	3	39	P 327	43	3	39	
805	3	T 408	84	40	40	P 406	84	40	38	P 327	43	3	39	P 327	43	3	39	
806	2	T 410	85	40	40	P 409	84	38	38	P 408	84	39	39	
807	2	T 412	86	40	40	P 408	84	39	39	P 410	86	39	38	
808	2	T 414	87	40	40	P 412	86	38	38	P 414	88	40	38	
809	2	T 416	88	40	40	P 416	88	39	40	P 416	88	40	38	
810	2	T 418	89	40	40	P 418	89	38	39	P 416	88	40	38	
811	1	T 420	90	40	40	P 420	90	38	38	
812	1	T 422	91	40	40	P 422	92	40	38	
813	1	T 424	92	40	40	P 424	92	40	38	
814	1	T 426	93	40	40	P 426	93	40	39	
815	1	T 428	94	40	40	P 426	94	40	38	
816	2	T 430	95	40	40	P 428	94	40	40	P 428	94	40	40	
817	2	T 432	96	40	40	P 433	96	38	38	P 432	96	39	40	
818	2	T 434	97	40	40	P 434	97	38	39	P 434	98	38	38	
819	2	T 436	98	40	40	P 436	98	40	39	P 434	98	38	38	
820	1	T 438	99	40	40	P 438	99	39	39	
821	1	T 440	100	40	40	P 438	99	39	39	
822	1	T 442	101	40	40	P 442	101	40	39	
823	1	T 444	102	40	40	P 442	102	40	38	
824	1	T 446	103	40	40	P 444	102	38	40	
825	1	T 448	104	40	40	P 447	102	39	41	
826	1	T 450	105	40	40	P 446	102	40	40	
827	1	T 452	106	40	40	P 448	104	40	40	
828	1	T 454	107	40	40	P 450	106	40	38	
829	4	T 456	108	40	40	P 452	106	39	38	P 452	106	39	38	P 452	106	39	39	P 456	108	40	40	
830	4	T 458	109	40	40	P 454	108	38	38	P 458	109	40	37	P 458	110	40	38	P 456	108	40	40	
831	3	T 460	110	40	40	P 460	110	40	40	P 460	110	39	40	P 458	110	40	38	
832	2	T 462	111	40	40	P 462	111	40	39	P 460	110	39	40	
833	1	T 464	112	40	40	P 464	112	40	38	
834	1	T 466	113	40	40	P 466	114	39	38	
835	1	T 468	114	40	40	P 469	114	39	40	
836	1	T 470	115	40	40	P 469	114	39	40	
837	1	T 472	116	40	40	P 472	116	40	39	
838	1	T 474	117	40	40	P 472	116	40	39	
839	1	T 476	118	40	40	P 476	118	38	38	
840	1	T 478	119	40	40	P 476	118	38	38	
841	1	T 480	120	40	40	P 480	120	39	39	
842	1	T 482	121	40	40	P 480	120	39	38	
843	1	T 484	122	40	40	P 482	120	39	40	
844	3	T 486	123	40	40	P 484	120	37	40	P 484	122	39	40	P 180	72	2	39	
845	4	T 488	124	40	40	P 484	122	39	40	P 486	124	40	38	P 180	72	2	39	P 484	122	39	40	
846	3	T 490	125	40	40	P 488	124	38	38	P 490	124	38	40	P 484	122	39	40	
847	2	T 492	126	40	40	P 492	126	40	39	P 492	126	39	38	
848	2	T 494	127	40	40	P 494	127	40	39	P 494	128	40	38	
849	2	T 496	128	40	40	P 498	128	37	38	P 494	128	40	38	
850	1	T 498	129	40	40	P 498	130	38	38	
851	1	T 500	130	40	40	P 500	130	38	39	
852	1	T 502	131	40	40	P 502	130	40	40	
853	2	T 504	132	40	40	P 502	130	40	41	P 502	130	40	41	
854	2	T 506	133	40	40	P 506	134	39	38	P 502	130	40	41	
855	1	T 508	134	40	40	P 508	134	39	40	
856	1	T 510	135	40	40	P 510	136	38	38	
857	1	T 512	136	40	40	P 513	136	39	40	
858	1	T 514	137	40	40	P 512	136	40	40	
859	2	T 516	138	40	40	P 514	138	40	38	P 514	138	40	38	
860	2	T 518	139	40	40	P 519	140	38	38	P 518	140	39	38	
861	2	T 520	140	40	40	P 519	140	38	38	P 518	140	39	38	
862	1	T 522	141	40	40	P 522	140	39	40	
863	1	T 524	142	40	40	P 524	142	38	40	
864	1	T 526	143	40	40	P 524	142	40	40	
865	1	T 528	144	40	40	P 526	142	39	40	
866	1	T 530	145	40	40	P 528	144	38	39	
867	1	T 532	146	40	40	P 532	146	40	40	
868	1	T 534	147	40	40	P 530	146	39	38	
869	1	T 536	148	40	40	P 534	146	40	40	
870	1	T 538	149	40	40	P 532	146	40	38	
871	1	T 540	150	40	40	P 535	146	39	40	
872	1	T 542	151	40	40	P 536	148	38	40	
873	1	T 544	152	40	40	P 538	150	40	38	
874	2	T 546	153	40	40	P 542	152	40	38	P 546	152	39	41	
875	2	T 548	154	40	40	P 544	154	39	36	P 544	154	39	38	
876	2	T 550	155	40	40	P 546	152	40	40	P 548	154	40	40	
877	2	T 552	156	40	40	P 548	154	40	38	P 550	156	39	39	
878	2	T 554	157	40	40	P 552	156	40	38	P 552	156	40	39	
879	2	T 556	158	40	40	P 555	158	39	38	P 554	158	40	39	
880	2	T 558	159	40	40	P 556	158	40	39	P 556	158	39	38	
881	2	T 560	160	40	40	P 558	159	40	39	P 560	160	40	40	
882	2	T 562	161	40	40	P 558	160	39	38	P 560	160	39	40	
883	2	T 564	162	40	40	P 564	162	39	38	P 566	162	37	40	
884	2	T 566	163	40	40	P 566	164	39	38	P 566	162	37	40	
885	1	T 568	164	40	40	P 568	164	40	38	
886	1	T 570	165	40	40	P 570	166	40	38	
887	1	T 572	166	40	40	P 572	166	40	38	
888	1	T 574	167	40	40	P 572	166	39	39	
889	1	T 576	168	40	40	P 574	167	39	39	
890	1	T 578	169	40	40	P 574	168	39	38	
891	1	T 580	170	40	40	P 576	168	38	39	
892	1	T 582	171	40	40	P 578	170	38	38	
893	1	T 584	172	40	40	P 580	170	39	39	
894	1	T 586	173	40	40	P 582	172	40	38	
895	1	T 588	174	40	40	P 584	172	39	38	
896	3	T 590	175	40	40	P 586	172	40	40	P 584	172	39	40	P 586	172	40	40	
897	3	T 592	176	40	40	P 584	172	39	40	P 588	174	40	40	P 586	172	40	40	
898	2	T 594	177	40	40	P 594	178	40	38	P 588	174	40	40	
899	2	T 596	178	40	40	P 598	178	37	38	P 598	178	37	39	
900	2	T 598	179	40	40	P 598	180	40	38	P 600	180	37	38	
901	2	T 600	180	40	40	P 600	180	38	40	P 600	180	37	38	
902	1	T 602	181	40	40	P 600	180	38	40	
903	1	T 604	182	40	40	P 604	182	40	40	
904	1	T 606	183	40	40	P 606	183	40	39	
905	1	T 608	184	40	40	P 608	184	38	40	
906	1	T 610	185	40	40	P 612	184	36	40	
907	1	T 612	186	40	40	P 610	184	38	41	
908	1	T 614	187	40	40	P 612	186	40	40	
909	1	T 616	188	40	40	P 615	186	38	40	
910	2	T 618	189	40	40	P 614	186	39	41	P 614	186	39	41	
911	2	T 620	190	40	40	P 616	188	39	39	P 618	190	39	38	
912	2	T 622	191	40	40	P 616	188	39	39	P 618	190	39	38	
913	1	T 624	192	40	40	P 624	192	40	40	
914	1	T 626	193	40	40	P 627	194	39	38	
915	2	T 628	194	40	40	P 628	194	40	39	P 628	194	40	38	
916	3	T 630	195	40	40	P 659	192	2	38	P 630	194	38	40	P 630	194	38	41	
917	3	T 632	196	40	40	P 632	196	39	40	P 632	196	39	38	P 630	194	38	41	
918	2	T 634	197	40	40	P 634	198	40	38	P 632	196	39	38	
919	2	T 636	198	40	40	P 636	198	38	38	P 638	198	36	40	
920	2	T 638	199	40	40	P 638	198	39	40	P 638	198	39	41	
921	2	T 640	200	40	40	P 640	200	40	38	P 640	200	38	38	
922	2	T 642	201	40	40	P 642	200	38	40	P 642	200	38	41	
923	2	T 644	202	40	40	P 645	202	37	38	P 644	202	38	38	
924	2	T 646	203	40	40	P 648	204	37	38	P 644	202	38	38	
925	2	T 648	204	40	40	P 648	204	39	40	P 648	204	39	38	
926	2	T 650	205	40	40	P 650	206	40	38	P 648	204	39	38	
927	1	T 652	206	40	40	P 652	206	40	40	
928	1	T 654	207	40	40	P 652	206	40	40	
929	1	T 656	208	40	40	P 656	208	40	40	
930	1	T 658	209	40	40	P 658	208	40	40	
931	1	T 660	210	40	40	P 662	210	36	40	
932	1	T 658	211	40	40	P 658	212	38	38	
933	1	T 656	212	40	40	P 658	212	40	38	
934	1	T 654	213	40	40	P 656	212	38	38	
935	1	T 652	214	40	40	P 652	214	40	39	
936	2	T 650	215	40	40	P 654	213	38	39	P 654	213	38	39	
937	2	T 648	216	40	40	P 654	214	38	38	P 649	216	38	38	
938	2	T 646	217	40	40	P 648	216	39	39	P 646	216	40	40	
939	2	T 644	218	40	40	P 645	218	38	40	P 644	218	39	40	
940	2	T 642	219	40	40	P 642	220	39	38	P 644	218	39	40	
941	1	T 640	220	40	40	P 642	220	39	38	
942	1	T 638	221	40	40	P 638	222	40	38	
943	2	T 636	222	40	40	P 644	219	2	39	P 638	222	37	39	
944	2	T 634	223	40	40	P 636	222	39	38	P 634	224	39	38	
945	2	T 632	224	40	40	P 636	222	39	38	P 634	224	39	38	
946	2	T 630	225	40	40	P 667	226	2	38	P 630	226	4	38	
947	2	T 628	226	40	40	P 628	226	39	40	P 630	226	4	38	
948	1	T 626	227	40	40	P 626	226	40	40	
949	1	T 624	228	40	40	P 624	228	39	40	
950	1	T 622	229	40	40	P 622	230	38	38	
951	1	T 620	230	40	40	P 622	230	38	38	
952	1	T 618	231	40	40	P 618	232	39	38	
953	1	T 616	232	40	40	P 616	232	39	38	
954	1	T 614	233	40	40	P 617	232	38	39	
955	2	T 612	234	40	40	P 614	232	39	40	P 614	232	39	40	
956	2	T 610	235	40	40	P 615	232	38	40	P 612	234	38	40	
957	2	T 608	236	40	40	P 610	234	38	40	P 608	236	39	39	
958	2	T 606	237	40	40	P 606	238	39	38	P 608	236	39	39	
959	2	T 604	238	40	40	P 604	238	38	38	P 604	238	38	40	
960	2	T 602	239	40	40	P 602	238	38	40	P 602	238	38	41	
961	2	T 600	240	40	40	P 602	241	37	37	P 600	242	39	38	
962	2	T 598	241	40	40	P 598	242	40	38	P 598	242	39	38	
963	2	T 596	242	40	40	P 598	242	40	38	P 598	242	39	38	
964	1	T 594	243	40	40	P 594	244	39	38	
965	1	T 592	244	40	40	P 592	244	40	39	
966	1	T 590	245	40	40	P 592	244	40	38	
967	1	T 588	246	40	40	P 590	246	39	38	
968	1	T 586	247	40	40	P 588	246	39	38	
969	1	T 584	248	40	40	P 588	246	39	39	
970	1	T 582	249	40	40	P 586	248	38	38	
971	1	T 580	250	40	40	P 584	248	38	39	
972	1	T 578	251	40	40	P 578	250	40	40	
973	1	T 576	252	40	40	P 582	250	39	38	
974	1	T 574	253	40	40	P 574	254	39	38	
975	1	T 572	254	40	40	P 572	254	38	38	
976	1	T 570	255	40	40	P 572	254	38	40	
977	2	T 568	256	40	40	P 571	256	38	38	P 568	256	39	40	
978	2	T 566	257	40	40	P 566	258	40	39	P 568	256	39	38	
979	2	T 564	258	40	40	P 564	259	39	37	P 568	256	39	38	
980	1	T 562	259	40	40	P 564	259	39	37	
981	1	T 560	260	40	40	P 560	260	39	40	
982	1	T 558	261	40	40	P 558	262	39	38	
983	1	T 556	262	40	40	P 556	262	40	39	
984	1	T 554	263	40	40	P 556	262	40	38	
985	1	T 552	264	40	40	P 554	264	39	38	
986	1	T 550	265	40	40	P 552	264	38	38	
987	1	T 548	266	40	40	P 552	264	38	39	
988	1	T 546	267	40	40	P 550	266	38	38	
989	2	T 544	268	40	40	P 546	267	39	39	P 544	268	39	40	
990	2	T 542	269	40	40	P 549	266	38	38	P 548	266	39	38	
991	2	T 540	270	40	40	P 542	268	39	40	P 542	268	40	40	
992	2	T 538	271	40	40	P 547	268	38	38	P 540	272	40	37	
993	2	T 536	272	40	40	P 538	272	40	38	P 536	272	39	38	
994	2	T 534	273	40	40	P 535	274	37	38	P 536	272	39	38	
995	1	T 532	274	40	40	P 535	274	37	38	
996	0	T 530	275	40	40	
997	1	T 528	276	40	40	P 528	276	40	38	
998	2	T 526	277	40	40	P 528	276	38	40	P 526	276	40	40	
999	3	T 524	278	40	40	P 524	278	39	38	P 532	274	3	38	P 524	278	39	40	
1000	3	T 522	279	40	40	P 522	280	39	38	P 532	274	3	38	P 530	310	38	3	
1001	2	T 520	280	40	40	P 520	280	38	38	P 530	310	38	3	
1002	1	T 518	281	40	40	P 518	282	39	38	
1003	1	T 516	282	40	40	P 517	282	38	38	
1004	2	T 514	283	40	40	P 516	282	39	40	P 516	282	39	40	
1005	2	T 512	284	40	40	P 512	284	39	39	P 516	282	39	40	
1006	1	T 510	285	40	40	P 510	286	38	38	
1007	1	T 508	286	40	40	P 508	286	40	39	
1008	1	T 506	287	40	40	P 508	286	40	38	
1009	1	T 504	288	40	40	P 506	288	40	38	
1010	1	T 502	289	40	40	P 506	288	39	38	
1011	1	T 500	290	40	40	P 500	290	40	39	
1012	1	T 498	291	40	40	P 504	288	39	38	
1013	1	T 496	292	40	40	P 504	288	39	39	
1014	1	T 494	293	40	40	P 500	290	38	38	
1015	2	T 492	294	40	40	P 498	292	39	39	P 492	294	40	39	
1016	2	T 490	295	40	40	P 498	292	39	38	P 496	292	38	38	
1017	2	T 488	296	40	40	P 494	294	38	38	P 493	294	38	38	
1018	4	T 486	297	40	40	P 490	294	38	41	P 488	296	39	38	P 490	294	38	41	P 489	296	38	40	
1019	4	T 484	298	40	40	P 486	298	39	38	P 484	298	39	38	P 484	298	39	39	P 489	296	38	40	
1020	3	T 482	299	40	40	P 484	299	37	37	P 484	298	39	38	P 484	298	39	39	
1021	2	T 480	300	40	40	P 480	300	38	38	P 481	300	37	39	
1022	2	T 478	301	40	40	P 480	300	38	38	P 481	300	37	39	
1023	2	T 476	302	40	40	P 476	303	40	37	P 478	304	38	37	
1024	2	T 474	303	40	40	P 474	304	40	38	P 478	304	38	37	
1025	1	T 472	304	40	40	P 472	304	39	39	
1026	1	T 470	305	40	40	P 472	306	37	36	
1027	1	T 468	306	40	40	P 472	306	37	36	
1028	1	T 466	307	40	40	P 466	308	38	38	
1029	1	T 464	308	40	40	P 465	308	37	38	
1030	2	T 462	309	40	40	P 464	308	38	38	P 463	309	3	39	
1031	2	T 460	310	40	40	P 463	310	38	38	P 460	310	38	38	
1032	2	T 458	311	40	40	P 458	312	40	38	P 460	310	38	38	
1033	2	T 456	312	40	40	P 456	312	40	38	P 456	312	39	39	
1034	2	T 454	313	40	40	P 454	312	40	40	P 456	312	39	39	
1035	2	T 452	314	40	40	P 452	314	39	38	P 454	314	37	39	
1036	2	T 450	315	40	40	P 450	314	39	40	P 454	314	37	39	
1037	1	T 448	316	40	40	P 448	316	40	38	
1038	1	T 446	317	40	40	P 446	318	39	38	
1039	1	T 444	318	40	40	P 444	318	39	38	
1040	1	T 442	319	40	40	P 444	320	37	38	
1041	1	T 440	320	40	40	P 440	320	40	40	
1042	1	T 438	321	40	40	P 442	320	39	38	
1043	1	T 436	322	40	40	P 438	320	39	40	
1044	1	T 434	323	40	40	P 438	320	39	41	
1045	1	T 432	324	40	40	P 436	324	39	36	
1046	1	T 430	325	40	40	P 434	324	40	38	
1047	3	T 428	326	40	40	P 436	324	39	37	P 430	326	40	39	P 430	326	40	39	
1048	3	T 426	327	40	40	P 426	328	40	38	P 432	324	39	38	P 428	326	39	40	
1049	3	T 424	328	40	40	P 427	328	39	38	P 424	328	40	39	P 428	326	39	40	
1050	2	T 422	329	40	40	P 422	329	39	39	P 422	330	40	38	
1051	2	T 420	330	40	40	P 420	330	40	38	P 422	330	40	38	
1052	1	T 418	331	40	40	P 418	332	40	38	
1053	1	T 416	332	40	40	P 416	332	39	38	
1054	1	T 414	333	40	40	P 416	332	39	40	
1055	2	T 412	334	40	40	P 414	332	39	40	P 414	332	39	40	
1056	2	T 410	335	40	40	P 412	334	38	39	P 410	334	39	40	
1057	2	T 408	336	40	40	P 412	334	38	39	P 410	334	39	40	
1058	0	T 406	337	40	40	
1059	0	T 404	338	40	40	
1060	0	T 402	339	40	40	
1061	1	T 400	340	40	40	P 400	340	38	39	
1062	1	T 398	341	40	40	P 404	338	39	39	
1063	1	T 396	342	40	40	P 402	340	39	38	
1064	1	T 394	343	40	40	P 398	342	39	38	
1065	2	T 392	344	40	40	P 403	339	3	39	P 392	344	38	39	
1066	2	T 390	345	40	40	P 392	344	36	40	P 396	344	40	36	
1067	3	T 388	346	40	40	P 398	344	38	37	P 394	344	40	38	P 388	346	40	40	
1068	3	T 386	347	40	40	P 389	346	39	38	P 395	344	38	38	P 387	347	37	39	
1069	3	T 384	348	40	40	P 386	348	38	38	P 385	348	39	38	P 384	348	40	38	
1070	3	T 382	349	40	40	P 382	349	40	39	P 385	348	39	38	P 384	348	40	38	
1071	2	T 380	350	40	40	P 380	350	40	38	P 380	350	40	39	
1072	2	T 378	351	40	40	P 378	352	40	38	P 380	350	40	39	
1073	2	T 376	352	40	40	P 376	352	39	38	P 377	352	38	39	
1074	2	T 374	353	40	40	P 374	354	40	38	P 374	354	38	38	
1075	2	T 372	354	40	40	P 372	354	39	38	P 372	354	39	39	
1076	2	T 370	355	40	40	P 372	354	39	38	P 372	354	39	39	
1077	1	T 368	356	40	40	P 368	356	39	40	
1078	1	T 366	357	40	40	P 366	358	38	39	
1079	1	T 364	358	40	40	P 364	358	38	38	
1080	1	T 362	359	40	40	P 364	358	38	40	
1081	1	T 360	360	40	40	P 362	360	39	38	
1082	1	T 358	361	40	40	P 360	360	39	38	
1083	1	T 356	362	40	40	P 356	362	40	40	
1084	1	T 354	363	40	40	P 360	360	39	39	
1085	1	T 352	364	40	40	P 358	360	38	40	
1086	1	T 350	365	40	40	P 354	364	39	38	
1087	1	T 348	366	40	40	P 350	366	40	38	
1088	1	T 346	367	40	40	P 352	366	38	38	
1089	1	T 344	368	40	40	P 348	366	39	38	
1090	1	T 342	369	40	40	P 346	368	39	38	
1091	1	T 340	370	40	40	P 344	368	40	38	
1092	1	T 338	371	40	40	P 344	368	38	39	
1093	1	T 336	372	40	40	P 342	368	39	40	
1094	1	T 334	373	40	40	P 340	370	39	40	
1095	1	T 332	374	40	40	P 338	372	39	36	
1096	1	T 330	375	40	40	P 330	376	40	38	
1097	1	T 328	376	40	40	P 336	372	39	38	
1098	2	T 326	377	40	40	P 330	376	40	39	P 326	376	40	41	
1099	2	T 324	378	40	40	P 334	374	38	38	P 328	376	38	40	
1100	2	T 322	379	40	40	P 326	376	39	40	P 324	378	39	38	
1101	2	T 320	380	40	40	P 324	378	40	39	P 322	378	39	40	
1102	2	T 318	381	40	40	P 320	380	39	38	P 321	380	38	39	
1103	2	T 316	382	40	40	P 318	381	38	39	P 316	382	39	38	
1104	2	T 314	383	40	40	P 314	383	38	39	P 316	382	39	38	
1105	1	T 312	384	40	40	P 312	384	40	38	
1106	1	T 310	385	40	40	P 312	384	40	38	
1107	1	T 308	386	40	40	P 308	386	39	38	
1108	1	T 306	387	40	40	P 306	388	40	36	
1109	1	T 304	388	40	40	P 304	388	39	40	
1110	1	T 302	389	40	40	P 302	389	39	39	
1111	1	T 300	390	40	40	P 300	390	40	40	
1112	1	T 298	391	40	40	P 302	390	39	38	
1113	1	T 296	392	40	40	P 296	392	40	40	
1114	1	T 294	393	40	40	P 300	390	39	38	
1115	2	T 292	394	40	40	P 298	392	39	38	P 292	394	39	40	
1116	2	T 290	395	40	40	P 298	392	37	38	P 294	394	39	38	
1117	4	T 288	396	40	40	P 290	394	38	40	P 293	394	38	38	P 290	394	38	40	P 288	396	39	39	
1118	4	T 286	397	40	40	P 288	396	39	38	P 286	398	39	38	P 288	398	37	38	P 288	396	39	39	
1119	3	T 284	398	40	40	P 284	398	38	38	P 286	398	39	38	P 288	398	37	38	
1120	1	T 282	399	40	40	P 284	400	36	38	
1121	1	T 280	400	40	40	P 280	400	38	40	
1122	1	T 278	401	40	40	P 278	400	39	40	
1123	1	T 276	402	40	40	P 276	402	39	38	
1124	1	T 274	403	40	40	P 274	403	40	39	
1125	1	T 272	404	40	40	P 276	402	39	40	
1126	1	T 270	405	40	40	P 274	404	40	38	
1127	1	T 268	406	40	40	P 272	404	40	38	
1128	1	T 266	407	40	40	P 272	404	39	39	
1129	3	T 264	408	40	40	P 270	406	38	38	P 268	406	39	40	P 266	408	40	38	
1130	3	T 262	409	40	40	P 268	406	39	40	P 270	406	37	40	P 266	408	40	38	
1131	4	T 260	410	40	40	P 262	408	39	40	P 264	408	37	41	P 260	411	38	37	P 262	408	39	40	
1132	4	T 258	411	40	40	P 262	408	39	40	P 264	408	37	41	P 260	411	38	37	P 262	408	39	40	
1133	1	T 256	412	40	40	P 258	412	37	40	
1134	1	T 254	413	40	40	P 254	414	40	38	
1135	1	T 252	414	40	40	P 254	414	40	38	
1136	1	T 250	415	40	40	P 250	416	39	38	
1137	1	T 248	416	40	40	P 250	416	39	38	
1138	1	T 246	417	40	40	P 246	418	40	39	
1139	1	T 244	418	40	40	P 244	418	40	39	
1140	1	T 242	419	40	40	P 242	420	40	38	
1141	1	T 240	420	40	40	P 240	420	39	40	
1142	1	T 238	419	40	40	P 238	418	40	41	
1143	1	T 236	418	40	40	P 236	418	38	38	
1144	1	T 234	417	40	40	P 236	418	38	39	
1145	1	T 232	416	40	40	P 232	416	39	40	
1146	1	T 230	415	40	40	P 234	418	39	38	
1147	1	T 228	414	40	40	P 234	416	37	40	
1148	1	T 226	413	40	40	P 226	412	39	41	
1149	2	T 224	412	40	40	P 230	414	39	40	P 230	414	39	40	
1150	3	T 222	411	40	40	P 228	414	39	38	P 228	416	39	36	P 226	412	39	40	
1151	3	T 220	410	40	40	P 222	410	39	40	P 221	410	38	38	P 226	412	39	40	
1152	2	T 218	409	40	40	P 222	410	39	40	P 221	410	38	38	
1153	2	T 216	408	40	40	P 216	408	40	38	P 216	408	40	40	
1154	2	T 214	407	40	40	P 214	408	40	38	P 216	408	40	40	
1155	1	T 212	406	40	40	P 212	406	39	39	
1156	1	T 210	405	40	40	P 210	405	39	39	
1157	1	T 208	404	40	40	P 210	406	40	39	
1158	2	T 206	403	40	40	P 208	404	39	39	P 208	404	39	39	
1159	2	T 204	402	40	40	P 206	404	38	38	P 204	402	40	38	
1160	2	T 202	401	40	40	P 204	402	39	40	P 204	402	38	38	
1161	2	T 200	400	40	40	P 202	402	40	38	P 200	400	38	39	
1162	2	T 198	399	40	40	P 202	402	40	38	P 200	400	38	39	
1163	4	T 196	398	40	40	P 196	398	40	40	P 198	398	38	40	P 235	400	2	38	P 235	400	2	38	
1164	4	T 194	397	40	40	P 194	398	38	38	P 198	398	38	40	P 235	400	2	38	P 235	400	2	38	
1165	2	T 192	396	40	40	P 192	396	40	39	P 193	396	39	38	
1166	2	T 190	395	40	40	P 198	400	3	38	P 190	396	39	38	
1167	2	T 188	394	40	40	P 188	394	39	40	P 188	394	39	38	
1168	2	T 186	393	40	40	P 186	393	40	39	P 186	394	40	38	
1169	2	T 184	392	40	40	P 184	392	40	38	P 186	394	40	38	
1170	1	T 182	391	40	40	P 184	392	40	38	
1171	1	T 180	390	40	40	P 180	390	40	38	
1172	1	T 178	389	40	40	P 180	390	40	40	
1173	1	T 176	388	40	40	P 178	388	39	40	
1174	1	T 174	387	40	40	P 178	388	39	40	
1175	1	T 172	386	40	40	P 172	386	40	38	
1176	1	T 170	385	40	40	P 172	386	39	39	
1177	1	T 168	384	40	40	P 172	386	38	38	
1178	1	T 166	383	40	40	P 168	384	40	39	
1179	1	T 164	382	40	40	P 168	384	39	38	
1180	1	T 162	381	40	40	P 166	384	39	38	
1181	1	T 160	380	40	40	P 166	382	37	38	
1182	1	T 158	379	40	40	P 158	378	40	41	
1183	1	T 156	378	40	40	P 166	382	37	39	
1184	1	T 154	377	40	40	P 160	381	39	37	
1185	1	T 152	376	40	40	P 160	382	39	36	
1186	1	T 150	375	40	40	P 150	376	40	39	
1187	2	T 148	374	40	40	P 158	378	37	38	P 153	376	38	39	
1188	3	T 146	373	40	40	P 156	378	39	39	P 152	376	39	38	P 149	374	38	39	
1189	4	T 144	372	40	40	P 150	376	38	38	P 148	374	39	38	P 156	377	2	39	P 144	372	39	39	
1190	4	T 142	371	40	40	P 142	371	39	39	P 146	374	39	38	P 144	372	39	38	P 142	372	39	38	
1191	4	T 140	370	40	40	P 147	373	3	39	P 140	370	40	39	P 140	370	40	38	P 142	372	39	38	
1192	3	T 138	369	40	40	P 138	370	39	38	P 140	370	40	39	P 140	370	40	38	
1193	1	T 136	368	40	40	P 136	368	38	40	
1194	1	T 134	367	40	40	P 134	366	38	41	
1195	1	T 132	366	40	40	P 134	366	38	41	
1196	1	T 130	365	40	40	P 130	366	38	38	
1197	2	T 128	364	40	40	P 130	366	38	39	P 130	366	38	39	
1198	2	T 126	363	40	40	P 126	363	40	39	P 126	364	39	39	
1199	2	T 124	362	40	40	P 124	362	39	38	P 124	362	39	40	
1200	2	T 122	361	40	40	P 122	362	38	38	P 124	362	39	40	
1201	2	T 120	360	40	40	P 120	360	39	39	P 121	360	38	38	
1202	2	T 118	359	40	40	P 118	360	40	38	P 121	360	38	38	
1203	1	T 116	358	40	40	P 116	358	38	38	
1204	1	T 114	357	40	40	P 114	356	40	40	
1205	2	T 112	356	40	40	P 115	356	39	41	P 115	356	39	41	
1206	2	T 110	355	40	40	P 112	356	39	40	P 115	356	39	41	
1207	2	T 108	354	40	40	P 108	354	39	38	P 108	354	39	39	
1208	2	T 106	353	40	40	P 108	354	39	38	P 108	354	39	39	
1209	2	T 104	352	40	40	P 104	352	40	39	P 104	352	40	38	
1210	2	T 102	351	40	40	P 102	352	39	38	P 104	352	40	38	
1211	1	T 100	350	40	40	P 100	350	39	40	
1212	1	T 98	349	40	40	P 98	350	39	38	
1213	1	T 96	348	40	40	P 96	348	39	38	
1214	1	T 94	347	40	40	P 96	348	39	40	
1215	1	T 92	346	40	40	P 94	348	40	38	
1216	2	T 90	345	40	40	P 92	346	38	38	P 90	344	39	40	
1217	2	T 88	344	40	40	P 88	344	38	38	P 90	344	39	40	
1218	1	T 86	343	40	40	P 86	344	39	38	
1219	1	T 84	342	40	40	P 84	342	40	40	
1220	1	T 82	341	40	40	P 84	342	40	40	
1221	2	T 80	340	40	40	P 80	340	39	38	P 80	340	40	38	
1222	2	T 78	339	40	40	P 78	340	39	38	P 80	340	40	38	
1223	2	T 76	338	40	40	P 76	338	40	39	P 76	338	40	38	
1224	2	T 74	337	40	40	P 82	342	2	36	P 76	338	40	38	
1225	2	T 72	336	40	40	P 72	336	40	38	P 73	336	39	40	
1226	2	T 70	335	40	40	P 70	335	38	39	P 70	336	38	38	
1227	2	T 68	334	40	40	P 68	334	39	40	P 70	336	38	38	
1228	1	T 66	333	40	40	P 66	334	39	38	
1229	1	T 64	332	40	40	P 64	332	40	38	
1230	1	T 62	331	40	40	P 64	332	39	38	
1231	1	T 60	330	40	40	P 62	332	39	38	
1232	1	T 58	329	40	40	P 58	329	40	39	
1233	1	T 56	328	40	40	P 60	330	39	38	
1234	3	T 54	327	40	40	P 54	326	40	40	P 60	330	39	40	P 60	330	39	40	
1235	3	T 52	326	40	40	P 56	328	39	38	P 56	328	39	39	P 52	326	39	38	
1236	3	T 50	325	40	40	P 50	324	40	40	P 53	326	38	39	P 52	326	39	38	
1237	2	T 48	324	40	40	P 48	324	39	38	P 48	324	40	39	
1238	2	T 46	323	40	40	P 46	324	40	38	P 48	324	40	39	
1239	1	T 44	322	40	40	P 46	322	37	39	
1240	1	T 42	321	40	40	P 46	322	37	39	
1241	1	T 40	320	40	40	P 40	320	39	38	
1242	2	T 38	319	40	40	P 38	320	40	38	P 38	320	39	38	
1243	2	T 36	318	40	40	P 36	318	40	39	P 38	320	39	38	
1244	2	T 34	317	40	40	P 34	317	39	39	P 34	318	39	38	
1245	2	T 32	316	40	40	P 32	316	40	39	P 34	318	39	38	
1246	2	T 30	315	40	40	P 30	314	39	40	P 31	314	38	41	
1247	2	T 28	314	40	40	P 28	315	39	37	P 30	316	37	37	
1248	2	T 26	313	40	40	P 26	314	40	38	P 30	316	37	37	
1249	1	T 24	312	40	40	P 24	312	38	40	
1250	1	T 22	311	40	40	P 22	310	40	40	
1251	1	T 20	310	40	40	P 20	310	39	38	
1252	2	T 22	309	40	40	P 20	310	39	39	P 118	342	3	38	
1253	2	T 24	308	40	40	P 24	308	39	40	P 118	342	3	38	
1254	2	T 26	307	40	40	P 26	308	38	38	P 118	342	3	38	
1255	1	T 28	306	40	40	P 28	306	39	40	
1256	1	T 30	305	40	40	P 30	305	39	39	
1257	1	T 32	304	40	40	P 33	304	37	38	
1258	1	T 34	303	40	40	P 32	304	38	40	
1259	1	T 36	302	40	40	P 34	304	40	38	
1260	1	T 38	301	40	40	P 36	302	39	38	
1261	2	T 40	300	40	40	P 38	300	40	40	P 38	300	40	40	
1262	2	T 42	299	40	40	P 42	300	39	38	P 38	300	40	40	
1263	2	T 44	298	40	40	P 44	299	40	37	P 44	300	40	36	
1264	2	T 46	297	40	40	P 46	298	39	38	P 44	300	40	36	
1265	1	T 48	296	40	40	P 46	298	39	38	
1266	0	T 50	295	40	40	
1267	3	T 52	294	40	40	P 50	296	2	36	P 50	296	2	36	P 52	294	40	39	
1268	3	T 54	293	40	40	P 54	294	40	38	P 54	294	40	39	P 78	302	1	36	
1269	3	T 56	292	40	40	P 56	292	38	38	P 56	292	38	40	P 78	302	1	36	
1270	2	T 58	291	40	40	P 58	292	40	38	P 56	292	38	40	
1271	3	T 60	290	40	40	P 88	296	1	36	P 60	290	40	38	P 60	290	40	39	
1272	3	T 62	289	40	40	P 62	288	38	40	P 60	290	40	38	P 60	290	40	39	
1273	1	T 64	288	40	40	P 64	288	39	39	
1274	1	T 66	287	40	40	P 66	288	40	38	
1275	1	T 68	286	40	40	P 68	288	39	36	
1276	1	T 70	285	40	40	P 72	286	37	38	
1277	1	T 72	284	40	40	P 72	284	39	38	
1278	1	T 74	283	40	40	P 74	284	39	38	
1279	1	T 76	282	40	40	P 76	282	39	38	
1280	1	T 78	281	40	40	P 76	282	39	39	
1281	1	T 80	280	40	40	P 80	280	40	40	
1282	1	T 82	279	40	40	P 78	282	39	39	
1283	1	T 84	278	40	40	P 84	280	40	36	
1284	1	T 86	277	40	40	P 86	280	38	37	
1285	1	T 88	276	40	40	P 88	276	39	39	
1286	1	T 90	275	40	40	P 87	278	37	38	
1287	1	T 92	274	40	40	P 90	274	39	40	
1288	2	T 94	273	40	40	P 89	276	38	38	P 90	274	39	41	
1289	2	T 96	272	40	40	P 90	274	39	41	P 92	274	40	38	
1290	2	T 98	271	40	40	P 92	274	40	39	P 96	272	40	38	
1291	2	T 100	270	40	40	P 100	270	38	40	P 96	272	40	38	
1292	1	T 102	269	40	40	P 102	269	39	39	
1293	1	T 104	268	40	40	P 102	269	39	39	
1294	1	T 106	267	40	40	P 106	268	38	38	
1295	1	T 108	266	40	40	P 108	266	39	40	
1296	1	T 110	265	40	40	P 108	266	39	40	
1297	1	T 112	264	40	40	P 112	264	39	38	
1298	1	T 114	263	40	40	P 112	264	39	39	
1299	1	T 116	262	40	40	P 114	264	38	38	
1300	1	T 118	261	40	40	P 118	262	38	38	
1301	1	T 120	260	40	40	P 120	260	40	40	
1302	1	T 122	259	40	40	P 118	262	40	38	
1303	2	T 124	258	40	40	P 124	260	37	38	P 124	258	39	40	
1304	2	T 126	257	40	40	P 126	257	39	39	P 126	258	39	39	
1305	2	T 128	256	40	40	P 128	256	40	40	P 126	258	39	39	
1306	1	T 130	255	40	40	P 130	256	40	38	
1307	1	T 132	254	40	40	P 132	254	39	38	
1308	1	T 134	253	40	40	P 134	252	40	40	
1309	2	T 136	252	40	40	P 132	254	39	39	P 134	252	40	41	
1310	2	T 138	251	40	40	P 134	252	40	41	P 139	250	39	40	
1311	2	T 140	250	40	40	P 138	250	40	41	P 140	250	40	39	
1312	2	T 142	249	40	40	P 143	250	38	38	P 140	250	40	39	
1313	1	T 144	248	40	40	P 144	248	38	40	
1314	1	T 146	247	40	40	P 148	248	37	38	
1315	1	T 148	246	40	40	P 148	246	38	40	
1316	1	T 150	245	40	40	P 150	245	38	39	
1317	1	T 152	244	40	40	P 150	246	38	39	
1318	1	T 154	243	40	40	P 154	244	39	36	
1319	1	T 156	242	40	40	P 156	242	39	38	
1320	1	T 158	241	40	40	P 157	242	38	39	
1321	1	T 160	240	40	40	P 160	240	40	39	
1322	1	T 162	239	40	40	P 162	238	40	40	
1323	1	T 164	238	40	40	P 162	238	40	41	
1324	1	T 166	237	40	40	P 164	238	40	38	
1325	1	T 168	236	40	40	P 166	237	40	39	
1326	1	T 170	235	40	40	P 166	238	40	38	
1327	1	T 172	234	40	40	P 168	236	39	38	
1328	1	T 174	233	40	40	P 172	234	40	40	
1329	1	T 176	232	40	40	P 168	236	39	40	
1330	1	T 178	231	40	40	P 171	236	38	38	
1331	1	T 180	230	40	40	P 178	230	39	40	
1332	1	T 182	229	40	40	P 170	236	39	38	
1333	2	T 184	228	40	40	P 176	232	38	38	P 182	228	39	40	
1334	2	T 186	227	40	40	P 182	228	39	40	P 180	230	38	38	
1335	2	T 188	226	40	40	P 187	226	38	40	P 186	226	39	40	
1336	2	T 190	225	40	40	P 188	226	39	40	P 190	226	39	38	
1337	2	T 192	224	40	40	P 192	224	38	38	P 192	224	40	39	
1338	2	T 194	223	40	40	P 196	224	37	38	P 192	224	40	39	
1339	1	T 196	222	40	40	P 196	224	37	38	
1340	1	T 198	221	40	40	P 198	222	39	38	
1341	1	T 200	220	40	40	P 200	220	40	39	
1342	1	T 202	219	40	40	P 198	222	40	38	
1343	1	T 204	218	40	40	P 202	218	38	40	
1344	1	T 206	217	40	40	P 204	218	39	38	
1345	1	T 208	216	40	40	P 204	218	39	39	
1346	1	T 210	215	40	40	P 208	218	37	38	
1347	1	T 212	214	40	40	P 212	214	38	40	
1348	1	T 214	213	40	40	P 206	218	39	38	
1349	1	T 216	212	40	40	P 215	214	39	38	
1350	1	T 218	211	40	40	P 218	211	40	39	
1351	1	T 220	210	40	40	P 216	212	38	38	
1352	1	T 222	209	40	40	P 218	212	40	38	
1353	1	T 224	208	40	40	P 220	210	38	40	
1354	1	T 226	207	40	40	P 222	210	39	38	
1355	2	T 228	206	40	40	P 224	208	39	40	P 224	208	39	40	
1356	2	T 230	205	40	40	P 226	207	39	39	P 230	206	40	39	
1357	2	T 232	204	40	40	P 232	204	38	38	P 232	204	38	40	
1358	2	T 234	203	40	40	P 234	204	40	38	P 232	204	38	40	
1359	1	T 236	202	40	40	P 236	202	39	38	
1360	1	T 238	201	40	40	P 236	202	39	38	
1361	2	T 240	200	40	40	P 240	200	39	38	P 240	200	39	40	
1362	2	T 242	199	40	40	P 240	200	39	38	P 240	200	39	40	
1363	1	T 244	198	40	40	P 244	198	40	40	
1364	1	T 246	197	40	40	P 247	196	38	40	
1365	1	T 248	196	40	40	P 246	196	39	40	
1366	2	T 250	195	40	40	P 249	196	37	40	P 249	196	37	40	
1367	2	T 252	194	40	40	P 252	194	40	38	P 252	194	40	39	
1368	2	T 254	193	40	40	P 252	194	40	38	P 252	194	40	39	
1369	1	T 256	192	40	40	P 256	192	39	40	
1370	1	T 258	191	40	40	P 256	192	39	40	
1371	2	T 260	190	40	40	P 260	190	39	38	P 260	190	39	39	
1372	2	T 262	189	40	40	P 260	190	39	38	P 260	190	39	39	
1373	3	T 264	188	40	40	P 264	188	39	38	P 264	188	39	39	P 260	191	2	39	
1374	3	T 266	187	40	40	P 266	188	40	38	P 264	188	39	39	P 260	191	2	39	
1375	1	T 268	186	40	40	P 268	186	40	40	
1376	1	T 270	185	40	40	P 270	184	39	41	
1377	1	T 272	184	40	40	P 272	184	38	40	
1378	2	T 274	183	40	40	P 272	184	40	40	P 272	184	40	40	
1379	2	T 276	182	40	40	P 276	182	38	40	P 272	184	40	40	
1380	1	T 278	181	40	40	P 278	180	39	41	
1381	1	T 280	180	40	40	P 282	180	37	40	
1382	1	T 282	179	40	40	P 280	180	39	40	
1383	1	T 284	178	40	40	P 282	180	39	38	
1384	1	T 286	177	40	40	P 284	178	38	40	
1385	1	T 288	176	40	40	P 286	176	38	40	
1386	1	T 290	175	40	40	P 286	176	38	41	
1387	1	T 292	174	40	40	P 288	176	38	38	
1388	1	T 294	173	40	40	P 292	174	39	39	
1389	1	T 296	172	40	40	P 294	174	38	38	
1390	1	T 298	171	40	40	P 296	172	38	40	
1391	1	T 300	170	40	40	P 298	172	40	38	
1392	1	T 302	169	40	40	P 300	170	39	40	
1393	1	T 304	168	40	40	P 302	170	39	38	
1394	1	T 306	167	40	40	P 302	170	40	38	
1395	1	T 308	166	40	40	P 304	168	39	38	
1396	1	T 310	165	40	40	P 305	168	38	39	
1397	1	T 312	164	40	40	P 306	168	39	38	
1398	1	T 314	163	40	40	P 308	168	37	38	
1399	1	T 316	162	40	40	P 308	166	38	39	
1400	1	T 318	161	40	40	P 308	166	38	38	
1401	1	T 320	160	40	40	P 312	164	39	39	
1402	1	T 322	159	40	40	P 314	164	40	38	
1403	1	T 324	158	40	40	P 318	161	39	39	
1404	1	T 326	157	40	40	P 324	158	39	38	
1405	1	T 328	156	40	40	P 324	158	39	40	
1406	1	T 330	155	40	40	P 326	158	38	38	
1407	1	T 332	154	40	40	P 330	155	39	39	
1408	1	T 334	153	40	40	P 326	158	40	38	
1409	2	T 336	152	40	40	P 328	157	39	37	P 332	154	39	40	
1410	4	T 338	151	40	40	P 336	152	40	38	P 328	158	39	38	P 334	152	39	40	P 334	152	39	41	
1411	4	T 340	150	40	40	P 330	156	39	38	P 334	152	39	40	P 336	152	38	40	P 340	150	38	39	
1412	4	T 342	149	40	40	P 342	150	40	38	P 343	150	38	38	P 336	152	38	40	P 340	150	38	39	
1413	2	T 344	148	40	40	P 346	148	37	38	P 344	148	39	40	
1414	2	T 346	147	40	40	P 346	148	39	38	P 344	148	39	40	
1415	2	T 348	146	40	40	P 348	146	40	38	P 348	146	39	39	
1416	2	T 350	145	40	40	P 350	146	40	38	P 348	146	39	39	
1417	2	T 352	144	40	40	P 352	144	38	38	P 352	144	40	39	
1418	2	T 354	143	40	40	P 354	144	38	38	P 352	144	40	39	
1419	1	T 356	142	40	40	P 354	144	38	38	
1420	1	T 358	141	40	40	P 358	142	40	38	
1421	1	T 360	140	40	40	P 360	140	40	38	
1422	1	T 362	139	40	40	P 360	140	38	39	
1423	1	T 364	138	40	40	P 363	140	38	38	
1424	1	T 366	137	40	40	P 362	140	39	38	
1425	1	T 368	136	40	40	P 368	136	40	39	
1426	1	T 370	135	40	40	P 364	138	39	38	
1427	1	T 372	134	40	40	P 365	138	38	39	
1428	1	T 374	133	40	40	P 372	134	39	40	
1429	2	T 376	132	40	40	P 366	138	40	38	P 374	132	40	41	
1430	2	T 378	131	40	40	P 374	132	40	40	P 378	132	40	38	
1431	2	T 380	130	40	40	P 378	132	39	38	P 380	130	39	40	
1432	2	T 382	129	40	40	P 382	130	38	38	P 380	130	39	40	
1433	1	T 384	128	40	40	P 382	130	38	38	
1434	1	T 386	127	40	40	P 386	128	39	38	
1435	1	T 388	126	40	40	P 389	126	37	40	
1436	1	T 390	125	40	40	P 388	126	38	40	
1437	1	T 392	124	40	40	P 392	124	38	38	
1438	1	T 394	123	40	40	P 394	124	40	36	
1439	1	T 396	122	40	40	P 396	122	38	40	
1440	1	T 398	121	40	40	P 398	120	40	40	
1441	1	T 400	120	40	40	P 400	120	38	38	
1442	1	T 402	119	40	40	P 401	120	37	39	
1443	1	T 404	118	40	40	P 404	118	39	40	
1444	1	T 406	117	40	40	P 402	120	40	38	
1445	1	T 408	116	40	40	P 402	120	38	38	
1446	2	T 410	115	40	40	P 408	116	40	39	P 408	116	40	39	
1447	2	T 412	114	40	40	P 404	118	39	38	P 406	118	39	38	
1448	2	T 414	113	40	40	P 414	113	40	39	P 408	116	40	38	
1449	2	T 416	112	40	40	P 410	116	39	38	P 412	114	39	38	
1450	2	T 418	111	40	40	P 416	112	38	38	P 417	112	37	39	
1451	2	T 420	110	40	40	P 418	111	39	39	P 420	110	40	40	
1452	2	T 422	109	40	40	P 418	112	40	38	P 424	110	37	38	
1453	2	T 424	108	40	40	P 422	110	39	38	P 425	108	38	39	
1454	2	T 426	107	40	40	P 426	106	40	40	P 424	108	39	38	
1455	3	T 428	106	40	40	P 426	106	40	41	P 428	106	38	38	P 426	106	40	41	
1456	3	T 430	105	40	40	P 430	105	38	39	P 430	106	38	39	P 426	106	40	41	
1457	2	T 432	104	40	40	P 432	104	38	38	P 433	104	37	39	
1458	2	T 434	103	40	40	P 434	104	39	38	P 433	104	37	39	
1459	1	T 436	102	40	40	P 436	102	38	40	
1460	1	T 438	101	40	40	P 438	101	40	39	
1461	1	T 440	100	40	40	P 438	102	40	38	
1462	1	T 442	99	40	40	P 440	100	38	39	
1463	1	T 444	98	40	40	P 442	98	39	40	
1464	1	T 446	97	40	40	P 442	98	39	41	
1465	2	T 448	96	40	40	P 444	98	40	40	P 444	98	40	40	
1466	2	T 450	95	40	40	P 444	98	38	40	P 446	98	39	38	
1467	2	T 452	94	40	40	P 450	95	39	39	P 452	94	40	40	
1468	2	T 454	93	40	40	P 454	92	38	40	P 454	92	38	41	
1469	2	T 456	92	40	40	P 456	92	39	38	P 454	92	38	41	
1470	1	T 458	91	40	40	P 458	92	38	38	
1471	1	T 460	90	40	40	P 460	90	39	40	
1472	1	T 462	89	40	40	P 462	89	39	39	
1473	1	T 464	88	40	40	P 462	90	39	38	
1474	1	T 466	87	40	40	P 465	88	38	40	
1475	1	T 468	86	40	40	P 464	88	39	40	
1476	1	T 470	85	40	40	P 467	88	38	38	
1477	1	T 472	84	40	40	P 470	85	39	39	
1478	1	T 474	83	40	40	P 468	86	39	38	
1479	2	T 476	82	40	40	P 472	84	40	40	P 472	84	40	40	
1480	2	T 478	81	40	40	P 470	86	40	38	P 472	84	39	40	
1481	2	T 480	80	40	40	P 474	82	39	40	P 476	82	39	40	
1482	2	T 482	79	40	40	P 478	82	39	38	P 478	82	40	38	
1483	2	T 484	78	40	40	P 481	80	38	40	P 482	80	40	38	
1484	2	T 486	77	40	40	P 484	78	39	38	P 487	78	38	38	
1485	2	T 488	76	40	40	P 486	78	39	38	P 489	76	39	38	
1486	2	T 490	75	40	40	P 490	76	39	38	P 489	76	39	38	
1487	2	T 492	74	40	40	P 492	76	39	36	P 492	76	39	37	
1488	2	T 494	73	40	40	P 494	74	38	38	P 494	74	38	39	
1489	2	T 496	72	40	40	P 496	72	39	38	P 494	74	38	39	
1490	2	T 498	71	40	40	P 498	72	39	38	P 500	72	37	38	
1491	2	T 500	70	40	40	P 498	72	39	38	P 500	72	37	38	
1492	1	T 502	69	40	40	P 502	68	39	40	
1493	1	T 504	68	40	40	P 504	68	39	38	
1494	1	T 506	67	40	40	P 506	66	40	40	
1495	1	T 508	66	40	40	P 508	66	40	39	
1496	1	T 510	65	40	40	P 510	66	39	38	
1497	1	T 512	64	40	40	P 512	64	39	38	
1498	1	T 514	63	40	40	P 512	64	39	39	
1499	1	T 516	62	40	40	P 514	64	39	38	
1500	1	T 518	61	40	40	P 518	62	39	38	
1501	1	T 520	60	40	40	P 520	60	39	38	
1502	1	T 522	59	40	40	P 521	60	38	39	
1503	1	T 524	58	40	40	P 524	58	40	40	
1504	2	T 526	57	40	40	P 522	60	39	38	P 522	60	39	38	
1505	2	T 528	56	40	40	P 528	58	37	38	P 528	56	38	40	
1506	2	T 530	55	40	40	P 530	56	39	39	P 530	56	39	36	
1507	2	T 532	54	40	40	P 530	56	39	39	P 530	56	39	36	
1508	1	T 534	53	40	40	P 534	54	39	38	
1509	1	T 536	52	40	40	P 536	52	39	38	
1510	1	T 538	51	40	40	P 537	52	38	39	
1511	1	T 540	50	40	40	P 538	52	38	38	
1512	1	T 542	49	40	40	P 540	50	40	38	
1513	1	T 544	48	40	40	P 542	50	40	38	
1514	1	T 546	47	40	40	P 544	48	40	38	
1515	1	T 548	46	40	40	P 547	47	38	39	
1516	1	T 550	45	40	40	P 548	48	37	38	
1517	2	T 552	44	40	40	P 548	46	39	39	P 552	44	40	39	
1518	2	T 554	43	40	40	P 548	46	40	38	P 551	46	38	38	
1519	2	T 556	42	40	40	P 552	44	38	38	P 556	42	40	38	
1520	2	T 558	41	40	40	P 559	42	38	38	P 556	42	40	38	
1521	2	T 560	40	40	40	P 560	40	40	39	P 560	40	40	38	
1522	2	T 562	39	40	40	P 562	39	39	39	P 562	40	40	38	
1523	2	T 564	38	40	40	P 565	38	38	38	P 564	38	39	40	
1524	2	T 566	37	40	40	P 566	38	39	38	P 564	38	39	40	
1525	2	T 568	36	40	40	P 568	37	38	37	P 568	38	40	36	
1526	2	T 570	35	40	40	P 570	36	40	38	P 570	36	39	39	
1527	2	T 572	34	40	40	P 572	34	39	40	P 570	36	39	39	
1528	2	T 574	33	40	40	P 574	34	40	38	P 576	34	38	38	
1529	2	T 576	32	40	40	P 576	32	38	40	P 577	32	37	40	
1530	2	T 578	31	40	40	P 578	30	40	40	P 577	32	37	40	
1531	2	T 580	30	40	40	P 580	30	39	40	P 580	30	40	40	
1532	2	T 582	29	40	40	P 582	30	39	38	P 580	30	40	40	
1533	1	T 584	28	40	40	P 584	28	39	39	
1534	1	T 586	27	40	40	P 584	28	39	39	
1535	1	T 588	26	40	40	P 588	26	40	38	
1536	1	T 590	25	40	40	P 590	25	39	39	
1537	1	T 592	24	40	40	P 590	26	39	38	
1538	1	T 594	23	40	40	P 592	24	39	38	
1539	2	T 596	22	40	40	P 592	24	39	40	P 594	24	40	38	
1540	2	T 598	21	40	40	P 594	24	40	38	P 599	21	39	39	
1541	2	T 600	20	40	40	P 598	22	40	38	P 600	20	40	38	
1542	2	T 602	21	40	40	P 600	20	40	39	P 602	22	38	38	
1543	2	T 604	22	40	40	P 602	22	38	39	P 604	22	39	38	
1544	2	T 606	23	40	40	P 606	24	40	38	P 604	22	39	38	
1545	1	T 608	24	40	40	P 608	24	38	39	
1546	1	T 610	25	40	40	P 610	26	40	38	
1547	1	T 612	26	40	40	P 612	26	40	38	
1548	1	T 614	27	40	40	P 615	27	39	39	
1549	2	T 616	28	40	40	P 614	28	40	38	P 614	28	40	38	
1550	2	T 618	29	40	40	P 618	30	40	38	P 614	28	40	38	
1551	2	T 620	30	40	40	P 621	30	38	38	P 620	30	39	39	
1552	2	T 622	31	40	40	P 622	32	38	38	P 620	30	39	39	
1553	1	T 624	32	40	40	P 626	32	38	38	
1554	1	T 626	33	40	40	P 626	34	39	38	
1555	1	T 628	34	40	40	P 628	34	40	38	
1556	2	T 630	35	40	40	P 629	34	39	39	P 629	34	39	39	
1557	2	T 632	36	40	40	P 630	36	39	39	P 632	36	38	38	
1558	2	T 634	37	40	40	P 632	36	38	40	P 635	38	38	38	
1559	2	T 636	38	40	40	P 636	38	39	38	P 636	38	39	39	
1560	2	T 638	39	40	40	P 638	40	38	38	P 636	38	39	39	
1561	1	T 640	40	40	40	P 640	40	40	38	
1562	1	T 642	41	40	40	P 642	42	40	36	
1563	1	T 644	42	40	40	P 642	42	40	39	
1564	1	T 646	43	40	40	P 644	42	39	38	
1565	1	T 648	44	40	40	P 646	43	40	39	
1566	2	T 650	45	40	40	P 644	42	39	39	P 646	44	39	38	
1567	2	T 652	46	40	40	P 646	44	39	38	P 648	44	39	38	
1568	2	T 654	47	40	40	P 652	46	40	39	P 650	46	40	36	
1569	2	T 656	48	40	40	P 652	46	40	38	P 654	48	40	38	
1570	2	T 658	49	40	40	P 658	50	38	39	P 654	48	40	38	
1571	1	T 660	50	40	40	P 662	50	37	40	
1572	1	T 658	51	40	40	P 658	51	38	39	
1573	4	T 656	52	40	40	P 658	52	38	38	P 551	45	3	39	P 551	45	3	39	P 656	52	40	39	
1574	4	T 654	53	40	40	P 654	54	40	38	P 551	45	3	39	P 551	45	3	39	P 656	52	40	39	
1575	1	T 652	54	40	40	P 652	54	38	39	
1576	1	T 650	55	40	40	P 650	56	40	38	
1577	1	T 648	56	40	40	P 650	56	39	38	
1578	1	T 646	57	40	40	P 648	56	38	40	
1579	1	T 644	58	40	40	P 646	56	38	40	
1580	1	T 642	59	40	40	P 644	58	39	40	
1581	1	T 640	60	40	40	P 642	59	40	39	
1582	2	T 638	61	40	40	P 640	60	39	38	P 640	60	39	38	
1583	2	T 636	62	40	40	P 640	60	39	39	P 640	60	39	38	
1584	1	T 634	63	40	40	P 636	62	37	41	
1585	1	T 632	64	40	40	P 632	64	39	40	
1586	1	T 630	65	40	40	P 631	65	39	39	
1587	1	T 628	66	40	40	P 630	66	40	38	
1588	1	T 626	67	40	40	P 628	66	39	38	
1589	1	T 624	68	40	40	P 626	68	38	38	
1590	1	T 622	69	40	40	P 626	68	38	39	
1591	1	T 620	70	40	40	P 620	70	39	40	
1592	1	T 618	71	40	40	P 622	70	39	36	
1593	1	T 616	72	40	40	P 618	72	38	38	
1594	1	T 614	73	40	40	P 616	72	39	40	
1595	2	T 612	74	40	40	P 618	72	37	40	P 614	72	40	41	
1596	2	T 610	75	40	40	P 614	72	40	40	P 612	74	40	38	
1597	2	T 608	76	40	40	P 612	74	40	39	P 610	75	40	39	
1598	2	T 606	77	40	40	P 610	76	40	38	P 608	76	39	38	
1599	2	T 604	78	40	40	P 606	78	39	38	P 604	78	38	40	
1600	2	T 602	79	40	40	P 602	78	40	41	P 603	78	39	40	
1601	2	T 600	80	40	40	P 600	80	40	40	P 603	78	39	40	
1602	1	T 598	81	40	40	P 598	81	38	39	
1603	1	T 596	82	40	40	P 596	82	40	38	
1604	1	T 594	83	40	40	P 596	82	39	39	
1605	1	T 592	84	40	40	P 595	84	38	38	
1606	1	T 590	85	40	40	P 592	84	39	39	
1607	1	T 588	86	40	40	P 594	84	39	38	
1608	1	T 586	87	40	40	P 592	84	39	38	
1609	1	T 584	88	40	40	P 590	86	38	38	
1610	1	T 582	89	40	40	P 588	86	39	39	
1611	1	T 580	90	40	40	P 588	86	39	38	
1612	1	T 578	91	40	40	P 586	87	38	39	
1613	1	T 576	92	40	40	P 586	88	38	38	
1614	1	T 574	93	40	40	P 584	88	39	39	
1615	1	T 572	94	40	40	P 584	88	39	38	
1616	1	T 570	95	40	40	P 582	90	40	38	
1617	1	T 568	96	40	40	P 580	90	39	38	
1618	2	T 566	97	40	40	P 578	90	38	41	P 572	94	39	38	
1619	2	T 564	98	40	40	P 577	92	38	39	P 572	94	39	38	
1620	2	T 562	99	40	40	P 568	96	39	40	P 573	94	38	39	
1621	2	T 560	100	40	40	P 570	96	38	38	P 570	96	38	39	
1622	2	T 558	101	40	40	P 564	98	39	39	P 568	96	39	38	
1623	2	T 556	102	40	40	P 566	98	39	38	P 560	100	40	39	
1624	3	T 554	103	40	40	P 562	100	40	38	P 560	100	39	38	P 557	102	39	39	
1625	3	T 552	104	40	40	P 558	102	39	38	P 556	102	40	38	P 557	102	39	39	
1626	3	T 550	105	40	40	P 550	104	40	40	P 554	104	38	38	P 552	104	40	38	
1627	3	T 548	106	40	40	P 548	106	39	38	P 548	106	40	38	P 552	104	40	38	
1628	2	T 546	107	40	40	P 546	108	38	38	P 548	106	40	38	
1629	2	T 544	108	40	40	P 544	108	40	40	P 544	108	40	38	
1630	2	T 542	109	40	40	P 544	108	40	40	P 544	108	40	38	
1631	2	T 540	110	40	40	P 540	110	39	38	P 542	110	37	39	
1632	2	T 538	111	40	40	P 538	112	40	38	P 542	110	37	39	
1633	1	T 536	112	40	40	P 537	112	37	38	
1634	1	T 534	113	40	40	P 534	114	38	38	
1635	1	T 532	114	40	40	P 534	114	38	38	
1636	1	T 530	115	40	40	P 532	116	37	38	
1637	1	T 528	116	40	40	P 528	116	40	39	
1638	1	T 526	117	40	40	P 530	116	40	38	
1639	1	T 524	118	40	40	P 528	116	38	38	
1640	1	T 522	119	40	40	P 524	118	39	40	
1641	4	T 520	120	40	40	P 526	118	38	38	P 523	119	3	39	P 523	119	3	39	P 520	120	40	40	
1642	4	T 518	121	40	40	P 526	118	38	39	P 524	118	39	38	P 522	120	39	38	P 520	122	37	38	
1643	4	T 516	122	40	40	P 516	122	39	40	P 518	122	40	38	P 522	120	39	38	P 520	122	37	38	
1644	2	T 514	123	40	40	P 516	122	39	40	P 518	122	40	38	
1645	0	T 512	124	40	40	
1646	0	T 510	125	40	40	
1647	0	T 508	126	40	40	
1648	0	T 506	127	40	40	
1649	0	T 504	128	40	40	
1650	0	T 502	129	40	40	
1651	2	T 500	130	40	40	P 506	126	40	40	P 506	126	40	40	
1652	3	T 498	131	40	40	P 510	124	40	40	P 510	124	39	41	P 510	124	40	40	
1653	3	T 496	132	40	40	P 508	126	40	38	P 500	130	38	40	P 498	132	39	38	
1654	3	T 494	133	40	40	P 496	132	39	38	P 496	132	39	40	P 496	134	38	38	
1655	3	T 492	134	40	40	P 492	134	39	38	P 492	134	39	39	P 496	134	38	38	
1656	2	T 490	135	40	40	P 490	136	40	38	P 492	134	39	39	
1657	1	T 488	136	40	40	P 489	136	38	38	
1658	1	T 486	137	40	40	P 486	137	39	39	
1659	1	T 484	138	40	40	P 486	138	39	38	
1660	1	T 482	139	40	40	P 484	138	38	38	
1661	1	T 480	140	40	40	P 480	140	40	39	
1662	1	T 478	141	40	40	P 484	138	38	40	
1663	1	T 476	142	40	40	P 482	138	38	40	
1664	1	T 474	143	40	40	P 478	140	39	40	
1665	1	T 472	144	40	40	P 476	142	40	38	
1666	1	T 470	145	40	40	P 474	142	40	40	
1667	3	T 468	146	40	40	P 472	144	40	38	P 470	144	39	40	P 470	144	40	41	
1668	3	T 466	147	40	40	P 472	144	39	39	P 470	144	39	40	P 470	144	40	41	
1669	3	T 464	148	40	40	P 466	148	39	38	P 464	148	40	38	P 464	148	39	39	
1670	3	T 462	149	40	40	P 462	150	39	38	P 464	148	40	38	P 464	148	39	39	
1671	1	T 460	150	40	40	P 460	150	39	39	
1672	1	T 458	151	40	40	P 458	152	39	38	
1673	1	T 456	152	40	40	P 456	152	38	38	
1674	1	T 454	153	40	40	P 454	154	39	38	
1675	1	T 452	154	40	40	P 452	154	38	38	
1676	1	T 450	155	40	40	P 450	154	40	40	
1677	1	T 448	156	40	40	P 452	154	38	39	
1678	2	T 446	157	40	40	P 448	156	40	40	P 448	156	40	40	
1679	2	T 444	158	40	40	P 444	158	39	38	P 444	158	39	39	
1680	2	T 442	159	40	40	P 442	160	39	38	P 444	158	39	39	
1681	1	T 440	160	40	40	P 440	160	40	38	
1682	1	T 438	161	40	40	P 439	162	38	38	
1683	1	T 436	162	40	40	P 436	162	38	38	
1684	1	T 434	163	40	40	P 437	162	37	39	
1685	1	T 432	164	40	40	P 437	162	37	39	
1686	1	T 430	165	40	40	P 430	166	40	38	
1687	1	T 428	166	40	40	P 431	166	39	38	
1688	1	T 426	167	40	40	P 430	166	37	38	
1689	1	T 424	168	40	40	P 426	168	40	38	
1690	1	T 422	169	40	40	P 424	168	39	38	
1691	1	T 420	170	40	40	P 423	170	38	38	
1692	1	T 418	171	40	40	P 420	170	38	40	
1693	1	T 416	172	40	40	P 418	172	40	38	
1694	1	T 414	173	40	40	P 417	172	38	38	
1695	1	T 412	174	40	40	P 414	172	39	40	
1696	2	T 410	175	40	40	P 417	172	38	39	P 414	172	40	40	
1697	2	T 408	176	40	40	P 414	172	40	40	P 412	174	39	38	
1698	2	T 406	177	40	40	P 412	174	39	40	P 408	176	40	38	
1699	2	T 404	178	40	40	P 406	176	39	41	P 404	178	40	38	
1700	2	T 402	179	40	40	P 404	178	40	40	P 402	180	39	38	
1701	2	T 400	180	40	40	P 400	180	38	38	P 400	180	38	39	
1702	2	T 398	181	40	40	P 398	182	39	38	P 400	180	38	39	
1703	2	T 396	182	40	40	P 396	182	40	39	P 396	182	40	38	
1704	2	T 394	183	40	40	P 394	183	40	39	P 394	184	40	38	
1705	2	T 392	184	40	40	P 392	184	39	38	P 392	184	39	39	
1706	2	T 390	185	40	40	P 390	186	40	38	P 392	184	39	39	
1707	2	T 388	186	40	40	P 388	186	40	38	P 388	186	40	40	
1708	2	T 386	187	40	40	P 386	188	38	38	P 388	186	40	40	
1709	2	T 384	188	40	40	P 384	188	38	38	P 384	188	38	39	
1710	2	T 382	189	40	40	P 382	190	38	38	P 384	188	38	39	
1711	1	T 380	190	40	40	P 380	190	38	40	
1712	1	T 378	191	40	40	P 378	191	39	39	
1713	1	T 376	192	40	40	P 378	192	39	38	
1714	1	T 374	193	40	40	P 376	192	39	38	
1715	1	T 372	194	40	40	P 374	193	38	39	
1716	1	T 370	195	40	40	P 372	194	39	40	
1717	1	T 368	196	40	40	P 372	194	39	38	
1718	1	T 366	197	40	40	P 370	196	39	38	
1719	3	T 364	198	40	40	P 369	196	38	38	P 368	196	39	39	P 368	196	39	39	
1720	3	T 362	199	40	40	P 366	197	39	39	P 364	198	39	39	P 368	196	39	39	
1721	2	T 360	200	40	40	P 361	200	39	38	P 360	200	40	40	
1722	2	T 358	201	40	40	P 358	202	38	38	P 360	200	40	40	
1723	2	T 356	202	40	40	P 356	202	39	39	P 356	202	39	38	
1724	2	T 354	203	40	40	P 364	199	2	39	P 355	204	39	38	
1725	2	T 352	204	40	40	P 352	204	40	40	P 354	204	40	38	
1726	2	T 350	205	40	40	P 352	204	40	38	P 351	204	37	40	
1727	2	T 348	206	40	40	P 348	206	38	38	P 348	206	38	40	
1728	2	T 346	207	40	40	P 347	207	37	39	P 346	208	38	38	
1729	2	T 344	208	40	40	P 345	208	37	38	P 344	208	38	38	
1730	2	T 342	209	40	40	P 342	208	38	41	P 344	208	38	38	
1731	1	T 340	210	40	40	P 340	210	40	40	
1732	1	T 338	211	40	40	P 338	210	39	40	
1733	1	T 336	212	40	40	P 338	210	40	40	
1734	1	T 334	213	40	40	P 336	212	40	40	
1735	1	T 332	214	40	40	P 334	214	39	38	
1736	1	T 330	215	40	40	P 332	214	40	40	
1737	1	T 328	216	40	40	P 330	216	39	38	
1738	1	T 326	217	40	40	P 328	216	38	40	
1739	1	T 324	218	40	40	P 324	218	39	40	
1740	2	T 322	219	40	40	P 322	220	39	38	P 322	220	39	39	
1741	4	T 320	220	40	40	P 320	220	39	40	P 322	220	39	39	P 326	252	38	3	P 326	252	38	3	
1742	3	T 318	221	40	40	P 320	220	39	40	P 326	252	38	3	P 326	252	38	3	
1743	2	T 316	222	40	40	P 316	222	39	38	P 316	222	39	39	
1744	2	T 314	223	40	40	P 315	224	39	38	P 316	222	39	39	
1745	1	T 312	224	40	40	P 313	224	38	38	
1746	1	T 310	225	40	40	P 310	226	38	39	
1747	1	T 308	226	40	40	P 308	226	38	38	
1748	1	T 306	227	40	40	P 309	226	37	39	
1749	1	T 304	228	40	40	P 304	228	39	40	
1750	1	T 302	229	40	40	P 306	228	39	38	
1751	1	T 300	230	40	40	P 302	230	39	38	
1752	1	T 298	231	40	40	P 300	230	38	38	
1753	1	T 296	232	40	40	P 298	232	39	38	
1754	2	T 294	233	40	40	P 298	232	37	38	P 294	233	39	39	
1755	2	T 292	234	40	40	P 294	234	39	38	P 294	233	39	39	
1756	1	T 290	235	40	40	P 290	236	40	38	
1757	1	T 288	236	40	40	P 289	236	39	40	
1758	2	T 286	237	40	40	P 286	236	39	40	P 286	236	39	41	
1759	3	T 284	238	40	40	P 292	234	4	38	P 284	238	40	40	P 284	238	39	40	
1760	3	T 282	239	40	40	P 282	240	39	38	P 284	238	40	40	P 284	238	39	40	
1761	1	T 280	240	40	40	P 280	240	39	40	
1762	1	T 278	241	40	40	P 278	241	40	39	
1763	1	T 276	242	40	40	P 280	242	38	39	
1764	1	T 274	243	40	40	P 276	242	38	40	
1765	1	T 272	244	40	40	P 274	244	39	38	
1766	1	T 270	245	40	40	P 273	244	38	40	
1767	1	T 268	246	40	40	P 272	244	39	40	
1768	1	T 266	247	40	40	P 270	246	40	38	
1769	1	T 264	248	40	40	P 270	246	39	38	
1770	2	T 262	249	40	40	P 268	246	40	38	P 264	249	2	39	
1771	2	T 260	250	40	40	P 268	246	38	39	P 264	248	40	38	
1772	2	T 258	251	40	40	P 266	247	39	39	P 267	248	38	38	
1773	2	T 256	252	40	40	P 262	250	38	38	P 260	250	40	38	
1774	2	T 254	253	40	40	P 262	250	38	39	P 258	252	38	38	
1775	2	T 252	254	40	40	P 252	254	39	40	P 256	252	40	38	
1776	2	T 250	255	40	40	P 254	254	40	38	P 250	256	39	38	
1777	2	T 248	256	40	40	P 252	256	37	38	P 248	256	38	38	
1778	2	T 246	257	40	40	P 248	256	38	39	P 246	258	40	38	
1779	2	T 244	258	40	40	P 245	258	37	40	P 244	258	38	40	
1780	2	T 242	259	40	40	P 245	258	37	40	P 244	258	38	40	
1781	1	T 240	260	40	40	P 240	260	40	40	
1782	1	T 238	261	40	40	P 240	260	40	40	
1783	1	T 236	262	40	40	P 236	262	38	40	
1784	1	T 234	263	40	40	P 234	264	39	38	
1785	1	T 232	264	40	40	P 234	264	39	38	
1786	1	T 230	265	40	40	P 231	266	38	38	
1787	1	T 228	266	40	40	P 228	266	40	39	
1788	1	T 226	267	40	40	P 230	266	39	38	
1789	1	T 224	268	40	40	P 228	266	40	38	
1790	1	T 222	269	40	40	P 226	266	38	41	
1791	1	T 220	270	40	40	P 226	268	37	40	
1792	2	T 218	271	40	40	P 224	268	39	40	P 224	268	39	40	
1793	2	T 216	272	40	40	P 222	270	40	38	P 222	270	39	38	
1794	3	T 214	273	40	40	P 220	270	39	38	P 216	272	40	39	P 216	274	2	39	
1795	3	T 212	274	40	40	P 220	270	39	39	P 218	271	39	39	P 216	272	40	38	
1796	3	T 210	275	40	40	P 214	274	39	38	P 212	274	39	38	P 212	274	39	39	
1797	3	T 208	276	40	40	P 210	276	40	38	P 208	276	39	40	P 209	276	38	40	
1798	3	T 206	277	40	40	P 206	278	38	38	P 207	278	37	38	P 209	276	38	40	
1799	2	T 204	278	40	40	P 204	278	40	38	P 207	278	37	38	
1800	2	T 202	279	40	40	P 204	280	37	38	P 202	280	39	38	
1801	2	T 200	280	40	40	P 200	280	38	38	P 202	280	39	38	
1802	1	T 198	281	40	40	P 198	282	40	38	
1803	1	T 196	282	40	40	P 196	282	39	38	
1804	3	T 194	283	40	40	P 197	282	38	39	P 197	282	38	39	P 195	284	39	38	
1805	3	T 192	284	40	40	P 194	284	40	38	P 192	284	39	38	P 195	284	39	38	
1806	2	T 190	285	40	40	P 190	285	38	39	P 190	286	38	38	
1807	2	T 188	286	40	40	P 189	286	38	39	P 190	286	38	38	
1808	1	T 186	287	40	40	P 186	288	40	38	
1809	1	T 184	288	40	40	P 186	288	40	38	
1810	1	T 182	289	40	40	P 182	290	39	38	
1811	1	T 180	290	40	40	P 180	292	40	36	
1812	1	T 178	291	40	40	P 181	292	39	37	
1813	1	T 176	292	40	40	P 178	292	40	38	
1814	1	T 174	293	40	40	P 176	292	40	40	
1815	1	T 172	294	40	40	P 174	293	39	39	
1816	1	T 170	295	40	40	P 174	294	39	38	
1817	1	T 168	296	40	40	P 168	296	40	40	
1818	1	T 166	297	40	40	P 170	296	39	38	
1819	2	T 164	298	40	40	P 166	298	38	38	P 164	298	39	40	
1820	2	T 162	299	40	40	P 164	298	39	38	P 162	300	38	38	
1821	2	T 160	300	40	40	P 164	298	39	38	P 162	300	38	38	
1822	1	T 158	301	40	40	P 158	302	38	38	
1823	1	T 156	302	40	40	P 156	302	39	39	
1824	1	T 154	303	40	40	P 157	302	38	38	
1825	1	T 152	304	40	40	P 154	303	40	39	
1826	2	T 150	305	40	40	P 154	304	40	38	P 154	304	40	38	
1827	2	T 148	306	40	40	P 152	304	39	40	P 150	306	39	37	
1828	2	T 146	307	40	40	P 148	306	38	38	P 146	308	40	38	
1829	2	T 144	308	40	40	P 144	308	39	40	P 144	308	39	38	
1830	2	T 142	309	40	40	P 142	308	38	41	P 144	308	39	38	
1831	1	T 140	310	40	40	P 142	308	38	41	
1832	1	T 138	311	40	40	P 138	312	39	38	
1833	1	T 136	312	40	40	P 136	312	38	40	
1834	1	T 134	313	40	40	P 134	314	38	38	
1835	1	T 132	314	40	40	P 132	314	39	38	
1836	1	T 130	315	40	40	P 133	314	38	39	
1837	1	T 128	316	40	40	P 130	316	38	38	
1838	1	T 126	317	40	40	P 126	318	40	38	
1839	1	T 124	318	40	40	P 124	318	40	38	
1840	1	T 122	319	40	40	P 122	320	38	38	
1841	1	T 120	320	40	40	P 120	320	39	38	
1842	1	T 118	321	40	40	P 118	320	40	41	
1843	1	T 116	322	40	40	P 121	320	38	40	
1844	1	T 114	323	40	40	P 116	322	39	40	
1845	1	T 112	324	40	40	P 114	324	40	38	
1846	1	T 110	325	40	40	P 112	324	40	38	
1847	1	T 108	326	40	40	P 112	326	38	38	
1848	1	T 106	327	40	40	P 108	326	40	40	
1849	1	T 104	328	40	40	P 108	326	40	38	
1850	1	T 102	329	40	40	P 106	327	39	39	
1851	1	T 100	330	40	40	P 106	328	39	38	
1852	1	T 98	331	40	40	P 104	328	39	38	
1853	1	T 96	332	40	40	P 102	330	40	38	
1854	1	T 94	333	40	40	P 100	330	39	38	
1855	1	T 92	334	40	40	P 98	332	38	38	
1856	1	T 90	335	40	40	P 94	334	38	38	
1857	1	T 88	336	40	40	P 92	334	38	40	
1858	1	T 86	337	40	40	P 90	336	40	38	
1859	1	T 84	338	40	40	P 86	338	39	38	
1860	1	T 82	339	40	40	P 88	338	37	38	
1861	1	T 80	340	40	40	P 84	338	39	39	
1862	1	T 78	341	40	40	P 84	338	39	38	
1863	1	T 76	342	40	40	P 80	340	40	40	
1864	2	T 74	343	40	40	P 82	338	38	40	P 76	342	40	40	
1865	2	T 72	344	40	40	P 78	340	38	40	P 78	340	38	41	
1866	2	T 70	345	40	40	P 76	342	40	40	P 72	344	39	40	
1867	2	T 68	346	40	40	P 68	346	39	38	P 72	344	39	40	
1868	1	T 66	347	40	40	P 66	348	40	38	
1869	1	T 64	348	40	40	P 64	348	40	38	
1870	1	T 62	349	40	40	P 62	350	39	38	
1871	1	T 60	350	40	40	P 60	350	40	38	
1872	1	T 58	351	40	40	P 58	352	40	38	
1873	1	T 56	352	40	40	P 56	352	38	38	
1874	1	T 54	353	40	40	P 57	352	37	40	
1875	1	T 52	354	40	40	P 52	354	40	40	
1876	1	T 50	355	40	40	P 50	356	39	36	
1877	1	T 48	356	40	40	P 48	356	38	39	
1878	1	T 46	357	40	40	P 46	358	40	38	
1879	1	T 44	358	40	40	P 45	358	37	40	
1880	1	T 42	359	40	40	P 42	360	39	38	
1881	1	T 40	360	40	40	P 42	360	37	38	
1882	1	T 38	361	40	40	P 38	362	40	38	
1883	1	T 36	362	40	40	P 36	362	38	40	
1884	1	T 34	363	40	40	P 34	364	38	36	
1885	1	T 32	364	40	40	P 32	364	40	39	
1886	1	T 30	365	40	40	P 30	366	38	38	
1887	1	T 28	366	40	40	P 30	366	37	38	
1888	1	T 26	367	40	40	P 30	366	37	39	
1889	1	T 24	368	40	40	P 26	368	39	38	
1890	1	T 22	369	40	40	P 24	368	40	38	
1891	1	T 20	370	40	40	P 24	368	38	39	
1892	1	T 22	371	40	40	P 22	370	40	38	
1893	1	T 24	372	40	40	P 20	370	39	39	
1894	1	T 26	373	40	40	P 22	372	40	38	
1895	1	T 28	374	40	40	P 24	372	40	39	
1896	1	T 30	375	40	40	P 26	373	40	39	
1897	1	T 32	376	40	40	P 26	374	40	38	
1898	1	T 34	377	40	40	P 28	374	39	38	
1899	2	T 36	378	40	40	P 28	374	39	39	P 34	378	40	38	
1900	2	T 38	379	40	40	P 30	376	38	39	P 32	376	38	38	
1901	2	T 40	380	40	40	P 34	378	39	38	P 34	378	40	38	
1902	2	T 42	381	40	40	P 36	380	40	38	P 39	380	38	38	
1903	2	T 44	382	40	40	P 38	380	39	38	P 44	382	39	40	
1904	3	T 46	383	40	40	P 40	380	38	38	P 43	382	37	38	P 47	382	38	41	
1905	4	T 48	384	40	40	P 46	382	39	40	P 45	382	38	40	P 42	382	38	38	P 45	382	38	40	
1906	5	T 50	385	40	40	P 50	386	38	38	P 45	382	38	40	P 42	382	38	38	P 45	382	38	40	P 85	384	2	38	
1907	2	T 52	386	40	40	P 52	386	38	40	P 85	384	2	38	
1908	1	T 54	387	40	40	P 54	388	39	38	
1909	1	T 56	388	40	40	P 56	388	40	39	
1910	1	T 58	389	40	40	P 56	388	40	38	
1911	1	T 60	390	40	40	P 58	390	38	38	
1912	1	T 62	391	40	40	P 62	390	37	40	
1913	1	T 64	392	40	40	P 64	392	39	38	
1914	1	T 66	393	40	40	P 64	392	39	39	
1915	1	T 68	394	40	40	P 68	394	40	40	
1916	1	T 70	395	40	40	P 68	394	39	38	
1917	1	T 72	396	40	40	P 70	395	40	39	
1918	1	T 74	397	40	40	P 70	396	40	38	
1919	1	T 76	398	40	40	P 74	398	39	38	
1920	2	T 78	399	40	40	P 78	398	37	38	P 76	398	39	39	
1921	2	T 80	400	40	40	P 80	400	38	38	P 81	400	37	39	
1922	2	T 82	401	40	40	P 82	402	39	39	P 81	400	37	39	
1923	2	T 84	402	40	40	P 84	402	39	38	P 84	402	39	40	
1924	2	T 86	403	40	40	P 86	403	38	39	P 86	404	38	38	
1925	2	T 88	404	40	40	P 88	404	39	40	P 88	404	39	38	
1926	2	T 90	405	40	40	P 91	404	37	40	P 88	404	39	38	
1927	2	T 92	406	40	40	P 92	406	39	38	P 92	406	40	39	
1928	2	T 94	407	40	40	P 94	408	39	38	P 92	406	40	39	
1929	1	T 96	408	40	40	P 96	408	39	38	
1930	1	T 98	409	40	40	P 98	410	39	38	
1931	1	T 100	410	40	40	P 98	410	40	38	
1932	1	T 102	411	40	40	P 100	410	39	38	
1933	1	T 104	412	40	40	P 104	412	40	40	
1934	1	T 106	413	40	40	P 101	410	38	39	
1935	1	T 108	414	40	40	P 105	412	39	40	
1936	1	T 110	415	40	40	P 102	410	38	41	
1937	3	T 112	416	40	40	P 106	414	39	38	P 108	414	39	40	P 108	414	39	40	
1938	3	T 114	417	40	40	P 106	414	40	38	P 112	416	38	39	P 114	418	38	38	
1939	3	T 116	418	40	40	P 116	418	40	40	P 112	416	38	39	P 114	418	38	38	
1940	2	T 118	419	40	40	P 118	420	39	38	P 118	420	40	38	
1941	2	T 120	420	40	40	P 120	422	39	37	P 118	420	40	38	
1942	2	T 122	419	40	40	P 122	420	40	38	P 123	420	39	38	
1943	2	T 124	418	40	40	P 124	418	40	38	P 124	418	40	40	
1944	2	T 126	417	40	40	P 124	418	40	38	P 124	418	40	40	
1945	2	T 128	416	40	40	P 128	416	39	38	P 128	416	39	39	
1946	2	T 130	415	40	40	P 130	416	40	38	P 128	416	39	39	
1947	4	T 132	414	40	40	P 162	418	3	38	P 132	414	39	38	P 126	418	3	38	P 126	418	3	38	
1948	4	T 134	413	40	40	P 134	413	39	39	P 134	414	39	38	P 126	418	3	38	P 126	418	3	38	
1949	2	T 136	412	40	40	P 136	412	38	38	P 134	414	39	38	
1950	1	T 138	411	40	40	P 138	410	40	41	
1951	1	T 140	410	40	40	P 140	410	38	38	
1952	1	T 142	409	40	40	P 140	410	38	39	
1953	1	T 144	408	40	40	P 144	408	39	40	
1954	1	T 146	407	40	40	P 142	410	40	38	
1955	1	T 148	406	40	40	P 142	410	39	38	
1956	1	T 150	405	40	40	P 146	408	40	38	
1957	1	T 152	404	40	40	P 148	406	40	38	
1958	1	T 154	403	40	40	P 150	406	38	38	
1959	1	T 156	402	40	40	P 152	404	39	40	
1960	1	T 158	401	40	40	P 154	404	39	38	
1961	2	T 160	400	40	40	P 156	402	38	38	P 161	400	38	40	
1962	2	T 162	399	40	40	P 156	402	38	39	P 158	402	38	36	
1963	2	T 164	398	40	40	P 164	398	39	40	P 164	398	39	38	
1964	2	T 166	397	40	40	P 158	402	38	37	P 164	400	37	38	
1965	2	T 168	396	40	40	P 166	398	38	38	P 168	396	38	38	
1966	2	T 170	395	40	40	P 169	396	37	39	P 170	396	40	38	
1967	2	T 172	394	40	40	P 170	396	38	38	P 172	394	39	39	
1968	2	T 174	393	40	40	P 174	392	39	40	P 172	394	39	39	
1969	1	T 176	392	40	40	P 174	392	39	40	
1970	1	T 178	391	40	40	P 178	392	38	38	
1971	1	T 180	390	40	40	P 178	392	40	38	
1972	1	T 182	389	40	40	P 181	390	38	38	
1973	1	T 184	388	40	40	P 181	390	38	39	
1974	1	T 186	387	40	40	P 184	388	38	40	
1975	1	T 188	386	40	40	P 186	388	38	38	
1976	1	T 190	385	40	40	P 188	386	39	40	
1977	1	T 192	384	40	40	P 192	384	38	38	
1978	1	T 194	383	40	40	P 192	384	38	39	
1979	1	T 196	382	40	40	P 194	382	38	40	
1980	1	T 198	381	40	40	P 194	382	38	41	
1981	1	T 200	380	40	40	P 196	382	39	38	
1982	1	T 202	379	40	40	P 196	382	40	39	
1983	1	T 204	378	40	40	P 198	381	39	39	
1984	1	T 206	377	40	40	P 199	382	38	39	
1985	1	T 208	376	40	40	P 206	376	39	40	
1986	2	T 210	375	40	40	P 200	380	39	38	P 202	378	38	41	
1987	2	T 212	374	40	40	P 208	376	40	40	P 202	378	38	40	
1988	2	T 214	373	40	40	P 202	378	38	41	P 204	378	39	38	
1989	2	T 216	372	40	40	P 204	378	39	39	P 214	373	40	39	
1990	2	T 218	371	40	40	P 218	370	40	40	P 208	376	38	40	
1991	2	T 220	370	40	40	P 210	376	40	38	P 218	370	39	41	
1992	2	T 222	369	40	40	P 212	374	39	40	P 214	374	39	38	
1993	2	T 224	368	40	40	P 216	372	39	38	P 216	372	39	40	
1994	2	T 226	367	40	40	P 226	368	40	39	P 220	370	40	38	
1995	2	T 228	366	40	40	P 222	370	40	38	P 224	368	38	39	
1996	2	T 230	365	40	40	P 228	366	39	38	P 228	366	39	39	
1997	2	T 232	364	40	40	P 230	365	39	39	P 231	366	38	38	
1998	2	T 234	363	40	40	P 233	364	38	40	P 232	364	39	40	
1999	2	T 236	362	40	40	P 234	362	38	40	P 234	362	38	41	
2000	2	T 238	361	40	40	P 236	362	39	40	P 238	362	38	36	
