1	1	T 80	80	40	40	P 64	64	64	64	
2	1	T 82	81	40	40	P 64	64	64	64	
3	0	T 84	82	40	40	
4	0	T 86	83	40	40	
5	0	T 88	84	40	40	
6	0	T 90	85	40	40	
7	0	T 92	86	40	40	
8	1	T 94	87	40	40	P 80	80	64	64	
9	0	T 96	88	40	40	
10	0	T 98	89	40	40	
11	0	T 100	90	40	40	
12	0	T 102	91	40	40	
13	1	T 104	92	40	40	P 96	80	64	64	
14	1	T 106	93	40	40	P 96	80	64	64	
15	1	T 108	94	40	40	P 96	80	64	64	
16	1	T 110	95	40	40	P 96	80	64	64	
17	1	T 112	96	40	40	P 96	80	64	64	
18	1	T 114	97	40	40	P 96	80	64	64	
19	0	T 116	98	40	40	
20	0	T 118	99	40	40	
21	0	T 120	100	40	40	
22	0	T 122	101	40	40	
23	0	T 124	102	40	40	
24	1	T 126	103	40	40	P 112	96	64	64	
25	1	T 128	104	40	40	P 112	96	64	64	
26	0	T 130	105	40	40	
27	0	T 132	106	40	40	
28	0	T 134	107	40	40	
29	1	T 136	108	40	40	P 128	96	64	64	
30	1	T 138	109	40	40	P 128	96	64	64	
31	1	T 140	110	40	40	P 128	96	64	64	
32	1	T 142	111	40	40	P 128	96	64	64	
33	1	T 144	112	40	40	P 128	96	64	64	
34	1	T 146	113	40	40	P 128	96	64	64	
35	0	T 148	114	40	40	
36	0	T 150	115	40	40	
37	0	T 152	116	40	40	
38	0	T 154	117	40	40	
39	0	T 156	118	40	40	
40	1	T 158	119	40	40	P 144	112	64	64	
41	1	T 160	120	40	40	P 144	112	64	64	
42	0	T 162	121	40	40	
43	0	T 164	122	40	40	
44	0	T 166	123	40	40	
45	1	T 168	124	40	40	P 160	112	64	64	
46	1	T 170	125	40	40	P 160	112	64	64	
47	1	T 172	126	40	40	P 160	112	64	64	
48	1	T 174	127	40	40	P 160	112	64	64	
49	1	T 176	128	40	40	P 160	112	64	64	
50	0	T 178	129	40	40	
51	0	T 180	130	40	40	
52	0	T 182	131	40	40	
53	0	T 184	132	40	40	
54	0	T 186	133	40	40	
55	0	T 188	134	40	40	
56	1	T 190	135	40	40	P 176	128	64	64	
57	1	T 192	136	40	40	P 176	128	64	64	
58	1	T 194	137	40	40	P 176	128	64	64	
59	0	T 196	138	40	40	
60	0	T 198	139	40	40	
61	1	T 200	140	40	40	P 192	128	64	64	
62	1	T 202	141	40	40	P 192	128	64	64	
63	1	T 204	142	40	40	P 192	128	64	64	
64	1	T 206	143	40	40	P 192	128	64	64	
65	1	T 208	144	40	40	P 192	128	64	64	
66	1	T 210	145	40	40	P 192	128	64	64	
67	0	T 212	146	40	40	
68	0	T 214	147	40	40	
69	0	T 216	148	40	40	
70	0	T 218	149	40	40	
71	1	T 220	150	40	40	P 208	144	64	64	
72	0	T 222	151	40	40	
73	0	T 224	152	40	40	
74	0	T 226	153	40	40	
75	0	T 228	154	40	40	
76	1	T 230	155	40	40	P 224	144	64	64	
77	1	T 232	156	40	40	P 224	144	64	64	
78	1	T 234	157	40	40	P 224	144	64	64	
79	1	T 236	158	40	40	P 224	144	64	64	
80	1	T 238	159	40	40	P 224	144	64	64	
81	1	T 240	160	40	40	P 224	144	64	64	
82	0	T 242	161	40	40	
83	0	T 244	162	40	40	
84	0	T 246	163	40	40	
85	0	T 248	164	40	40	
86	0	T 250	165	40	40	
87	0	T 252	166	40	40	
88	1	T 254	167	40	40	P 240	160	64	64	
89	1	T 256	168	40	40	P 240	160	64	64	
90	0	T 258	169	40	40	
91	0	T 260	170	40	40	
92	0	T 262	171	40	40	
93	1	T 264	172	40	40	P 256	160	64	64	
94	1	T 266	173	40	40	P 256	160	64	64	
95	1	T 268	174	40	40	P 256	160	64	64	
96	1	T 270	175	40	40	P 256	160	64	64	
97	1	T 272	176	40	40	P 256	160	64	64	
98	0	T 274	177	40	40	
99	0	T 276	178	40	40	
100	0	T 278	179	40	40	
101	0	T 280	180	40	40	
102	0	T 282	181	40	40	
103	0	T 284	182	40	40	
104	1	T 286	183	40	40	P 272	176	64	64	
105	1	T 288	184	40	40	P 272	176	64	64	
106	0	T 290	185	40	40	
107	0	T 292	186	40	40	
108	0	T 294	187	40	40	
109	1	T 296	188	40	40	P 288	176	64	64	
110	1	T 298	189	40	40	P 288	176	64	64	
111	1	T 300	190	40	40	P 288	176	64	64	
112	1	T 302	191	40	40	P 288	176	64	64	
113	1	T 304	192	40	40	P 288	176	64	64	
114	0	T 306	193	40	40	
115	0	T 308	194	40	40	
116	0	T 310	195	40	40	
117	0	T 312	196	40	40	
118	0	T 314	197	40	40	
119	0	T 316	198	40	40	
120	1	T 318	199	40	40	P 304	192	64	64	
121	0	T 320	200	40	40	
122	0	T 322	201	40	40	
123	0	T 324	202	40	40	
124	0	T 326	203	40	40	
125	1	T 328	204	40	40	P 320	192	64	64	
126	1	T 330	205	40	40	P 320	192	64	64	
127	1	T 332	206	40	40	P 320	192	64	64	
128	1	T 334	207	40	40	P 320	192	64	64	
129	1	T 336	208	40	40	P 320	192	64	64	
130	0	T 338	209	40	40	
131	0	T 340	210	40	40	
132	0	T 342	211	40	40	
133	0	T 344	212	40	40	
134	0	T 346	213	40	40	
135	0	T 348	214	40	40	
136	1	T 350	215	40	40	P 336	208	64	64	
137	1	T 352	216	40	40	P 336	208	64	64	
138	0	T 354	217	40	40	
139	0	T 356	218	40	40	
140	0	T 358	219	40	40	
141	1	T 360	220	40	40	P 352	208	64	64	
142	1	T 362	221	40	40	P 352	208	64	64	
143	1	T 364	222	40	40	P 352	208	64	64	
144	1	T 366	223	40	40	P 352	208	64	64	
145	1	T 368	224	40	40	P 352	208	64	64	
146	0	T 370	225	40	40	
147	0	T 372	226	40	40	
148	0	T 374	227	40	40	
149	0	T 376	228	40	40	
150	0	T 378	229	40	40	
151	0	T 380	230	40	40	
152	0	T 382	231	40	40	
153	1	T 384	232	40	40	P 368	224	64	64	
154	1	T 386	233	40	40	P 368	224	64	64	
155	0	T 388	234	40	40	
156	1	T 390	235	40	40	P 384	224	64	64	
157	1	T 392	236	40	40	P 384	224	64	64	
158	1	T 394	237	40	40	P 384	224	64	64	
159	1	T 396	238	40	40	P 384	224	64	64	
160	1	T 398	239	40	40	P 384	224	64	64	
161	1	T 400	240	40	40	P 384	224	64	64	
162	0	T 402	241	40	40	
163	0	T 404	242	40	40	
164	0	T 406	243	40	40	
165	0	T 408	244	40	40	
166	0	T 410	245	40	40	
167	0	T 412	246	40	40	
168	1	T 414	247	40	40	P 400	240	64	64	
169	1	T 416	248	40	40	P 400	240	64	64	
170	1	T 418	249	40	40	P 400	240	64	64	
171	0	T 420	250	40	40	
172	0	T 422	251	40	40	
173	1	T 424	252	40	40	P 416	240	64	64	
174	1	T 426	253	40	40	P 416	240	64	64	
175	1	T 428	254	40	40	P 416	240	64	64	
176	1	T 430	255	40	40	P 416	240	64	64	
177	1	T 432	256	40	40	P 416	240	64	64	
178	0	T 434	257	40	40	
179	0	T 436	258	40	40	
180	0	T 438	259	40	40	
181	0	T 440	260	40	40	
182	0	T 442	261	40	40	
183	0	T 444	262	40	40	
184	1	T 446	263	40	40	P 432	256	64	64	
185	1	T 448	264	40	40	P 432	256	64	64	
186	1	T 450	265	40	40	P 432	256	64	64	
187	0	T 452	266	40	40	
188	0	T 454	267	40	40	
189	1	T 456	268	40	40	P 448	256	64	64	
190	1	T 458	269	40	40	P 448	256	64	64	
191	1	T 460	270	40	40	P 448	256	64	64	
192	1	T 462	271	40	40	P 448	256	64	64	
193	1	T 464	272	40	40	P 448	256	64	64	
194	0	T 466	273	40	40	
195	0	T 468	274	40	40	
196	0	T 470	275	40	40	
197	0	T 472	276	40	40	
198	0	T 474	277	40	40	
199	0	T 476	278	40	40	
200	1	T 478	279	40	40	P 464	272	64	64	
201	1	T 480	280	40	40	P 464	272	64	64	
202	1	T 482	281	40	40	P 464	272	64	64	
203	0	T 484	282	40	40	
204	0	T 486	283	40	40	
205	1	T 488	284	40	40	P 480	272	64	64	
206	1	T 490	285	40	40	P 480	272	64	64	
207	1	T 492	286	40	40	P 480	272	64	64	
208	1	T 494	287	40	40	P 480	272	64	64	
209	1	T 496	288	40	40	P 480	272	64	64	
210	0	T 498	289	40	40	
211	0	T 500	290	40	40	
212	0	T 502	291	40	40	
213	0	T 504	292	40	40	
214	0	T 506	293	40	40	
215	0	T 508	294	40	40	
216	1	T 510	295	40	40	P 496	288	64	64	
217	1	T 512	296	40	40	P 496	288	64	64	
218	1	T 514	297	40	40	P 496	288	64	64	
219	0	T 516	298	40	40	
220	0	T 518	299	40	40	
221	1	T 520	300	40	40	P 512	288	64	64	
222	1	T 522	301	40	40	P 512	288	64	64	
223	1	T 524	302	40	40	P 512	288	64	64	
224	1	T 526	303	40	40	P 512	288	64	64	
225	1	T 528	304	40	40	P 512	288	64	64	
226	0	T 530	305	40	40	
227	0	T 532	306	40	40	
228	0	T 534	307	40	40	
229	0	T 536	308	40	40	
230	0	T 538	309	40	40	
231	1	T 540	310	40	40	P 528	304	64	64	
232	1	T 542	311	40	40	P 528	304	64	64	
233	1	T 544	312	40	40	P 528	304	64	64	
234	0	T 546	313	40	40	
235	0	T 548	314	40	40	
236	0	T 550	315	40	40	
237	1	T 552	316	40	40	P 544	304	64	64	
238	1	T 554	317	40	40	P 544	304	64	64	
239	1	T 556	318	40	40	P 544	304	64	64	
240	1	T 558	319	40	40	P 544	304	64	64	
241	1	T 560	320	40	40	P 544	304	64	64	
242	0	T 562	321	40	40	
243	0	T 564	322	40	40	
244	0	T 566	323	40	40	
245	0	T 568	324	40	40	
246	0	T 570	325	40	40	
247	0	T 572	326	40	40	
248	1	T 574	327	40	40	P 560	320	64	64	
249	1	T 576	328	40	40	P 560	320	64	64	
250	0	T 578	329	40	40	
251	0	T 580	330	40	40	
252	0	T 582	331	40	40	
253	1	T 584	332	40	40	P 576	320	64	64	
254	1	T 586	333	40	40	P 576	320	64	64	
255	1	T 588	334	40	40	P 576	320	64	64	
256	1	T 590	335	40	40	P 576	320	64	64	
257	1	T 592	336	40	40	P 576	320	64	64	
258	0	T 594	337	40	40	
259	0	T 596	338	40	40	
260	0	T 598	339	40	40	
261	0	T 600	340	40	40	
262	0	T 602	341	40	40	
263	0	T 604	342	40	40	
264	1	T 606	343	40	40	P 592	336	64	64	
265	1	T 608	344	40	40	P 592	336	64	64	
266	1	T 610	345	40	40	P 592	336	64	64	
267	0	T 612	346	40	40	
268	0	T 614	347	40	40	
269	1	T 616	348	40	40	P 608	336	64	64	
270	1	T 618	349	40	40	P 608	336	64	64	
271	1	T 620	350	40	40	P 608	336	64	64	
272	1	T 622	351	40	40	P 608	336	64	64	
273	1	T 624	352	40	40	P 608	336	64	64	
274	0	T 626	353	40	40	
275	0	T 628	354	40	40	
276	0	T 630	355	40	40	
277	0	T 632	356	40	40	
278	0	T 634	357	40	40	
279	0	T 636	358	40	40	
280	1	T 638	359	40	40	P 624	352	64	64	
281	1	T 640	360	40	40	P 624	352	64	64	
282	1	T 642	361	40	40	P 624	352	64	64	
283	0	T 644	362	40	40	
284	0	T 646	363	40	40	
285	1	T 648	364	40	40	P 640	352	64	64	
286	1	T 650	365	40	40	P 640	352	64	64	
287	1	T 652	366	40	40	P 640	352	64	64	
288	1	T 654	367	40	40	P 640	352	64	64	
289	1	T 656	368	40	40	P 640	352	64	64	
290	0	T 658	369	40	40	
291	0	T 660	370	40	40	
292	0	T 658	371	40	40	
293	0	T 656	372	40	40	
294	0	T 654	373	40	40	
295	0	T 652	374	40	40	
296	1	T 650	375	40	40	P 640	368	64	64	
297	0	T 648	376	40	40	
298	0	T 646	377	40	40	
299	0	T 644	378	40	40	
300	0	T 642	379	40	40	
301	1	T 640	380	40	40	P 624	368	64	64	
302	1	T 638	381	40	40	P 624	368	64	64	
303	1	T 636	382	40	40	P 624	368	64	64	
304	1	T 634	383	40	40	P 624	368	64	64	
305	1	T 632	384	40	40	P 624	368	64	64	
306	0	T 630	385	40	40	
307	0	T 628	386	40	40	
308	0	T 626	387	40	40	
309	0	T 624	388	40	40	
310	0	T 622	389	40	40	
311	1	T 620	390	40	40	P 608	384	64	64	
312	1	T 618	391	40	40	P 608	384	64	64	
313	1	T 616	392	40	40	P 608	384	64	64	
314	0	T 614	393	40	40	
315	0	T 612	394	40	40	
316	1	T 610	395	40	40	P 592	384	64	64	
317	1	T 608	396	40	40	P 592	384	64	64	
318	1	T 606	397	40	40	P 592	384	64	64	
319	1	T 604	398	40	40	P 592	384	64	64	
320	1	T 602	399	40	40	P 592	384	64	64	
321	1	T 600	400	40	40	P 592	384	64	64	
322	0	T 598	401	40	40	
323	0	T 596	402	40	40	
324	0	T 594	403	40	40	
325	0	T 592	404	40	40	
326	0	T 590	405	40	40	
327	0	T 588	406	40	40	
328	1	T 586	407	40	40	P 576	400	64	64	
329	0	T 584	408	40	40	
330	0	T 582	409	40	40	
331	0	T 580	410	40	40	
332	1	T 578	411	40	40	P 560	400	64	64	
333	1	T 576	412	40	40	P 560	400	64	64	
334	1	T 574	413	40	40	P 560	400	64	64	
335	1	T 572	414	40	40	P 560	400	64	64	
336	1	T 570	415	40	40	P 560	400	64	64	
337	1	T 568	416	40	40	P 560	400	64	64	
338	0	T 566	417	40	40	
339	0	T 564	418	40	40	
340	0	T 562	419	40	40	
341	0	T 560	420	40	40	
342	0	T 558	419	40	40	
343	1	T 556	418	40	40	P 544	400	64	64	
344	1	T 554	417	40	40	P 544	400	64	64	
345	1	T 552	416	40	40	P 544	400	64	64	
346	0	T 550	415	40	40	
347	0	T 548	414	40	40	
348	1	T 546	413	40	40	P 528	400	64	64	
349	1	T 544	412	40	40	P 528	400	64	64	
350	1	T 542	411	40	40	P 528	400	64	64	
351	1	T 540	410	40	40	P 528	400	64	64	
352	1	T 538	409	40	40	P 528	400	64	64	
353	1	T 536	408	40	40	P 528	400	64	64	
354	0	T 534	407	40	40	
355	0	T 532	406	40	40	
356	0	T 530	405	40	40	
357	0	T 528	404	40	40	
358	1	T 526	403	40	40	P 512	384	64	64	
359	1	T 524	402	40	40	P 512	384	64	64	
360	1	T 522	401	40	40	P 512	384	64	64	
361	1	T 520	400	40	40	P 512	384	64	64	
362	0	T 518	399	40	40	
363	0	T 516	398	40	40	
364	1	T 514	397	40	40	P 496	384	64	64	
365	1	T 512	396	40	40	P 496	384	64	64	
366	1	T 510	395	40	40	P 496	384	64	64	
367	1	T 508	394	40	40	P 496	384	64	64	
368	1	T 506	393	40	40	P 496	384	64	64	
369	1	T 504	392	40	40	P 496	384	64	64	
370	0	T 502	391	40	40	
371	0	T 500	390	40	40	
372	0	T 498	389	40	40	
373	0	T 496	388	40	40	
374	1	T 494	387	40	40	P 480	368	64	64	
375	1	T 492	386	40	40	P 480	368	64	64	
376	1	T 490	385	40	40	P 480	368	64	64	
377	1	T 488	384	40	40	P 480	368	64	64	
378	0	T 486	383	40	40	
379	0	T 484	382	40	40	
380	1	T 482	381	40	40	P 464	368	64	64	
381	1	T 480	380	40	40	P 464	368	64	64	
382	1	T 478	379	40	40	P 464	368	64	64	
383	1	T 476	378	40	40	P 464	368	64	64	
384	1	T 474	377	40	40	P 464	368	64	64	
385	0	T 472	376	40	40	
386	0	T 470	375	40	40	
387	0	T 468	374	40	40	
388	0	T 466	373	40	40	
389	0	T 464	372	40	40	
390	1	T 462	371	40	40	P 448	352	64	64	
391	1	T 460	370	40	40	P 448	352	64	64	
392	1	T 458	369	40	40	P 448	352	64	64	
393	0	T 456	368	40	40	
394	0	T 454	367	40	40	
395	0	T 452	366	40	40	
396	1	T 450	365	40	40	P 432	352	64	64	
397	1	T 448	364	40	40	P 432	352	64	64	
398	1	T 446	363	40	40	P 432	352	64	64	
399	1	T 444	362	40	40	P 432	352	64	64	
400	1	T 442	361	40	40	P 432	352	64	64	
401	1	T 440	360	40	40	P 432	352	64	64	
402	0	T 438	359	40	40	
403	0	T 436	358	40	40	
404	0	T 434	357	40	40	
405	0	T 432	356	40	40	
406	0	T 430	355	40	40	
407	1	T 428	354	40	40	P 416	336	64	64	
408	1	T 426	353	40	40	P 416	336	64	64	
409	1	T 424	352	40	40	P 416	336	64	64	
410	0	T 422	351	40	40	
411	0	T 420	350	40	40	
412	1	T 418	349	40	40	P 400	336	64	64	
413	1	T 416	348	40	40	P 400	336	64	64	
414	1	T 414	347	40	40	P 400	336	64	64	
415	1	T 412	346	40	40	P 400	336	64	64	
416	1	T 410	345	40	40	P 400	336	64	64	
417	1	T 408	344	40	40	P 400	336	64	64	
418	0	T 406	343	40	40	
419	0	T 404	342	40	40	
420	0	T 402	341	40	40	
421	0	T 400	340	40	40	
422	0	T 398	339	40	40	
423	1	T 396	338	40	40	P 384	320	64	64	
424	1	T 394	337	40	40	P 384	320	64	64	
425	1	T 392	336	40	40	P 384	320	64	64	
426	0	T 390	335	40	40	
427	0	T 388	334	40	40	
428	1	T 386	333	40	40	P 368	320	64	64	
429	1	T 384	332	40	40	P 368	320	64	64	
430	1	T 382	331	40	40	P 368	320	64	64	
431	1	T 380	330	40	40	P 368	320	64	64	
432	1	T 378	329	40	40	P 368	320	64	64	
433	1	T 376	328	40	40	P 368	320	64	64	
434	0	T 374	327	40	40	
435	0	T 372	326	40	40	
436	0	T 370	325	40	40	
437	0	T 368	324	40	40	
438	0	T 366	323	40	40	
439	1	T 364	322	40	40	P 352	304	64	64	
440	1	T 362	321	40	40	P 352	304	64	64	
441	1	T 360	320	40	40	P 352	304	64	64	
442	1	T 358	319	40	40	P 352	304	64	64	
443	0	T 356	318	40	40	
444	1	T 354	317	40	40	P 336	304	64	64	
445	1	T 352	316	40	40	P 336	304	64	64	
446	1	T 350	315	40	40	P 336	304	64	64	
447	1	T 348	314	40	40	P 336	304	64	64	
448	1	T 346	313	40	40	P 336	304	64	64	
449	0	T 344	312	40	40	
450	0	T 342	311	40	40	
451	0	T 340	310	40	40	
452	0	T 338	309	40	40	
453	0	T 336	308	40	40	
454	0	T 334	307	40	40	
455	1	T 332	306	40	40	P 320	288	64	64	
456	1	T 330	305	40	40	P 320	288	64	64	
457	1	T 328	304	40	40	P 320	288	64	64	
458	0	T 326	303	40	40	
459	0	T 324	302	40	40	
460	1	T 322	301	40	40	P 304	288	64	64	
461	1	T 320	300	40	40	P 304	288	64	64	
462	1	T 318	299	40	40	P 304	288	64	64	
463	1	T 316	298	40	40	P 304	288	64	64	
464	1	T 314	297	40	40	P 304	288	64	64	
465	0	T 312	296	40	40	
466	0	T 310	295	40	40	
467	0	T 308	294	40	40	
468	0	T 306	293	40	40	
469	0	T 304	292	40	40	
470	1	T 302	291	40	40	P 288	272	64	64	
471	1	T 300	290	40	40	P 288	272	64	64	
472	1	T 298	289	40	40	P 288	272	64	64	
473	1	T 296	288	40	40	P 288	272	64	64	
474	0	T 294	287	40	40	
475	0	T 292	286	40	40	
476	1	T 290	285	40	40	P 272	272	64	64	
477	1	T 288	284	40	40	P 272	272	64	64	
478	1	T 286	283	40	40	P 272	272	64	64	
479	1	T 284	282	40	40	P 272	272	64	64	
480	1	T 282	281	40	40	P 272	272	64	64	
481	1	T 280	280	40	40	P 272	272	64	64	
482	0	T 278	279	40	40	
483	0	T 276	278	40	40	
484	0	T 274	277	40	40	
485	0	T 272	276	40	40	
486	1	T 270	275	40	40	P 256	256	64	64	
487	1	T 268	274	40	40	P 256	256	64	64	
488	1	T 266	273	40	40	P 256	256	64	64	
489	1	T 264	272	40	40	P 256	256	64	64	
490	0	T 262	271	40	40	
491	0	T 260	270	40	40	
492	1	T 258	269	40	40	P 240	256	64	64	
493	1	T 256	268	40	40	P 240	256	64	64	
494	1	T 254	267	40	40	P 240	256	64	64	
495	1	T 252	266	40	40	P 240	256	64	64	
496	1	T 250	265	40	40	P 240	256	64	64	
497	0	T 248	264	40	40	
498	0	T 246	263	40	40	
499	0	T 244	262	40	40	
500	0	T 242	261	40	40	
501	0	T 240	260	40	40	
502	0	T 238	259	40	40	
503	1	T 236	258	40	40	P 224	240	64	64	
504	1	T 234	257	40	40	P 224	240	64	64	
505	1	T 232	256	40	40	P 224	240	64	64	
506	0	T 230	255	40	40	
507	0	T 228	254	40	40	
508	1	T 226	253	40	40	P 208	240	64	64	
509	1	T 224	252	40	40	P 208	240	64	64	
510	1	T 222	251	40	40	P 208	240	64	64	
511	1	T 220	250	40	40	P 208	240	64	64	
512	1	T 218	249	40	40	P 208	240	64	64	
513	0	T 216	248	40	40	
514	0	T 214	247	40	40	
515	0	T 212	246	40	40	
516	0	T 210	245	40	40	
517	0	T 208	244	40	40	
518	0	T 206	243	40	40	
519	1	T 204	242	40	40	P 192	224	64	64	
520	1	T 202	241	40	40	P 192	224	64	64	
521	1	T 200	240	40	40	P 192	224	64	64	
522	0	T 198	239	40	40	
523	0	T 196	238	40	40	
524	1	T 194	237	40	40	P 176	224	64	64	
525	1	T 192	236	40	40	P 176	224	64	64	
526	1	T 190	235	40	40	P 176	224	64	64	
527	1	T 188	234	40	40	P 176	224	64	64	
528	1	T 186	233	40	40	P 176	224	64	64	
529	0	T 184	232	40	40	
530	0	T 182	231	40	40	
531	0	T 180	230	40	40	
532	0	T 178	229	40	40	
533	0	T 176	228	40	40	
534	0	T 174	227	40	40	
535	1	T 172	226	40	40	P 160	208	64	64	
536	1	T 170	225	40	40	P 160	208	64	64	
537	1	T 168	224	40	40	P 160	208	64	64	
538	0	T 166	223	40	40	
539	0	T 164	222	40	40	
540	1	T 162	221	40	40	P 144	208	64	64	
541	1	T 160	220	40	40	P 144	208	64	64	
542	1	T 158	219	40	40	P 144	208	64	64	
543	1	T 156	218	40	40	P 144	208	64	64	
544	1	T 154	217	40	40	P 144	208	64	64	
545	0	T 152	216	40	40	
546	0	T 150	215	40	40	
547	0	T 148	214	40	40	
548	0	T 146	213	40	40	
549	0	T 144	212	40	40	
550	1	T 142	211	40	40	P 128	192	64	64	
551	1	T 140	210	40	40	P 128	192	64	64	
552	1	T 138	209	40	40	P 128	192	64	64	
553	1	T 136	208	40	40	P 128	192	64	64	
554	1	T 134	207	40	40	P 128	192	64	64	
555	0	T 132	206	40	40	
556	0	T 130	205	40	40	
557	1	T 128	204	40	40	P 112	192	64	64	
558	1	T 126	203	40	40	P 112	192	64	64	
559	1	T 124	202	40	40	P 112	192	64	64	
560	1	T 122	201	40	40	P 112	192	64	64	
561	1	T 120	200	40	40	P 112	192	64	64	
562	0	T 118	199	40	40	
563	0	T 116	198	40	40	
564	0	T 114	197	40	40	
565	0	T 112	196	40	40	
566	0	T 110	195	40	40	
567	1	T 108	194	40	40	P 96	176	64	64	
568	1	T 106	193	40	40	P 96	176	64	64	
569	1	T 104	192	40	40	P 96	176	64	64	
570	0	T 102	191	40	40	
571	0	T 100	190	40	40	
572	1	T 98	189	40	40	P 80	176	64	64	
573	1	T 96	188	40	40	P 80	176	64	64	
574	1	T 94	187	40	40	P 80	176	64	64	
575	1	T 92	186	40	40	P 80	176	64	64	
576	1	T 90	185	40	40	P 80	176	64	64	
577	1	T 88	184	40	40	P 80	176	64	64	
578	0	T 86	183	40	40	
579	0	T 84	182	40	40	
580	0	T 82	181	40	40	
581	0	T 80	180	40	40	
582	0	T 78	179	40	40	
583	1	T 76	178	40	40	P 64	160	64	64	
584	1	T 74	177	40	40	P 64	160	64	64	
585	1	T 72	176	40	40	P 64	160	64	64	
586	0	T 70	175	40	40	
587	0	T 68	174	40	40	
588	1	T 66	173	40	40	P 48	160	64	64	
589	1	T 64	172	40	40	P 48	160	64	64	
590	1	T 62	171	40	40	P 48	160	64	64	
591	1	T 60	170	40	40	P 48	160	64	64	
592	1	T 58	169	40	40	P 48	160	64	64	
593	0	T 56	168	40	40	
594	0	T 54	167	40	40	
595	0	T 52	166	40	40	
596	0	T 50	165	40	40	
597	0	T 48	164	40	40	
598	1	T 46	163	40	40	P 32	144	64	64	
599	1	T 44	162	40	40	P 32	144	64	64	
600	1	T 42	161	40	40	P 32	144	64	64	
601	1	T 40	160	40	40	P 32	144	64	64	
602	0	T 38	159	40	40	
603	0	T 36	158	40	40	
604	0	T 34	157	40	40	
605	1	T 32	156	40	40	P 16	144	64	64	
606	1	T 30	155	40	40	P 16	144	64	64	
607	1	T 28	154	40	40	P 16	144	64	64	
608	1	T 26	153	40	40	P 16	144	64	64	
609	0	T 24	152	40	40	
610	0	T 22	151	40	40	
611	0	T 20	150	40	40	
612	0	T 22	149	40	40	
613	0	T 24	148	40	40	
614	0	T 26	147	40	40	
615	1	T 28	146	40	40	P 16	128	64	64	
616	1	T 30	145	40	40	P 16	128	64	64	
617	1	T 32	144	40	40	P 16	128	64	64	
618	1	T 34	143	40	40	P 16	128	64	64	
619	0	T 36	142	40	40	
620	0	T 38	141	40	40	
621	1	T 40	140	40	40	P 32	128	64	64	
622	1	T 42	139	40	40	P 32	128	64	64	
623	1	T 44	138	40	40	P 32	128	64	64	
624	1	T 46	137	40	40	P 32	128	64	64	
625	0	T 48	136	40	40	
626	0	T 50	135	40	40	
627	0	T 52	134	40	40	
628	0	T 54	133	40	40	
629	0	T 56	132	40	40	
630	0	T 58	131	40	40	
631	1	T 60	130	40	40	P 48	112	64	64	
632	1	T 62	129	40	40	P 48	112	64	64	
633	1	T 64	128	40	40	P 48	112	64	64	
634	1	T 66	127	40	40	P 48	112	64	64	
635	0	T 68	126	40	40	
636	0	T 70	125	40	40	
637	1	T 72	124	40	40	P 64	112	64	64	
638	1	T 74	123	40	40	P 64	112	64	64	
639	1	T 76	122	40	40	P 64	112	64	64	
640	1	T 78	121	40	40	P 64	112	64	64	
641	0	T 80	120	40	40	
642	0	T 82	119	40	40	
643	0	T 84	118	40	40	
644	0	T 86	117	40	40	
645	0	T 88	116	40	40	
646	0	T 90	115	40	40	
647	1	T 92	114	40	40	P 80	96	64	64	
648	1	T 94	113	40	40	P 80	96	64	64	
649	1	T 96	112	40	40	P 80	96	64	64	
650	1	T 98	111	40	40	P 80	96	64	64	
651	0	T 100	110	40	40	
652	1	T 102	109	40	40	P 96	96	64	64	
653	1	T 104	108	40	40	P 96	96	64	64	
654	1	T 106	107	40	40	P 96	96	64	64	
655	1	T 108	106	40	40	P 96	96	64	64	
656	1	T 110	105	40	40	P 96	96	64	64	
657	1	T 112	104	40	40	P 96	96	64	64	
658	0	T 114	103	40	40	
659	0	T 116	102	40	40	
660	0	T 118	101	40	40	
661	0	T 120	100	40	40	
662	0	T 122	99	40	40	
663	1	T 124	98	40	40	P 112	80	64	64	
664	1	T 126	97	40	40	P 112	80	64	64	
665	1	T 128	96	40	40	P 112	80	64	64	
666	1	T 130	95	40	40	P 112	80	64	64	
667	0	T 132	94	40	40	
668	0	T 134	93	40	40	
669	1	T 136	92	40	40	P 128	80	64	64	
670	1	T 138	91	40	40	P 128	80	64	64	
671	1	T 140	90	40	40	P 128	80	64	64	
672	1	T 142	89	40	40	P 128	80	64	64	
673	1	T 144	88	40	40	P 128	80	64	64	
674	0	T 146	87	40	40	
675	0	T 148	86	40	40	
676	0	T 150	85	40	40	
677	0	T 152	84	40	40	
678	0	T 154	83	40	40	
679	1	T 156	82	40	40	P 144	64	64	64	
680	1	T 158	81	40	40	P 144	64	64	64	
681	1	T 160	80	40	40	P 144	64	64	64	
682	1	T 162	79	40	40	P 144	64	64	64	
683	0	T 164	78	40	40	
684	0	T 166	77	40	40	
685	1	T 168	76	40	40	P 160	64	64	64	
686	1	T 170	75	40	40	P 160	64	64	64	
687	1	T 172	74	40	40	P 160	64	64	64	
688	1	T 174	73	40	40	P 160	64	64	64	
689	1	T 176	72	40	40	P 160	64	64	64	
690	0	T 178	71	40	40	
691	0	T 180	70	40	40	
692	0	T 182	69	40	40	
693	0	T 184	68	40	40	
694	0	T 186	67	40	40	
695	1	T 188	66	40	40	P 176	48	64	64	
696	1	T 190	65	40	40	P 176	48	64	64	
697	1	T 192	64	40	40	P 176	48	64	64	
698	1	T 194	63	40	40	P 176	48	64	64	
699	0	T 196	62	40	40	
700	1	T 198	61	40	40	P 192	48	64	64	
701	1	T 200	60	40	40	P 192	48	64	64	
702	1	T 202	59	40	40	P 192	48	64	64	
703	1	T 204	58	40	40	P 192	48	64	64	
704	1	T 206	57	40	40	P 192	48	64	64	
705	1	T 208	56	40	40	P 192	48	64	64	
706	0	T 210	55	40	40	
707	0	T 212	54	40	40	
708	0	T 214	53	40	40	
709	0	T 216	52	40	40	
710	1	T 218	51	40	40	P 208	32	64	64	
711	1	T 220	50	40	40	P 208	32	64	64	
712	1	T 222	49	40	40	P 208	32	64	64	
713	1	T 224	48	40	40	P 208	32	64	64	
714	1	T 226	47	40	40	P 208	32	64	64	
715	0	T 228	46	40	40	
716	0	T 230	45	40	40	
717	1	T 232	44	40	40	P 224	32	64	64	
718	1	T 234	43	40	40	P 224	32	64	64	
719	1	T 236	42	40	40	P 224	32	64	64	
720	1	T 238	41	40	40	P 224	32	64	64	
721	1	T 240	40	40	40	P 224	32	64	64	
722	0	T 242	39	40	40	
723	0	T 244	38	40	40	
724	0	T 246	37	40	40	
725	0	T 248	36	40	40	
726	0	T 250	35	40	40	
727	1	T 252	34	40	40	P 240	16	64	64	
728	1	T 254	33	40	40	P 240	16	64	64	
729	1	T 256	32	40	40	P 240	16	64	64	
730	1	T 258	31	40	40	P 240	16	64	64	
731	0	T 260	30	40	40	
732	0	T 262	29	40	40	
733	1	T 264	28	40	40	P 256	16	64	64	
734	1	T 266	27	40	40	P 256	16	64	64	
735	1	T 268	26	40	40	P 256	16	64	64	
736	1	T 270	25	40	40	P 256	16	64	64	
737	1	T 272	24	40	40	P 256	16	64	64	
738	0	T 274	23	40	40	
739	0	T 276	22	40	40	
740	0	T 278	21	40	40	
741	0	T 280	20	40	40	
742	0	T 282	21	40	40	
743	0	T 284	22	40	40	
744	0	T 286	23	40	40	
745	1	T 288	24	40	40	P 272	16	64	64	
746	0	T 290	25	40	40	
747	0	T 292	26	40	40	
748	0	T 294	27	40	40	
749	1	T 296	28	40	40	P 288	16	64	64	
750	1	T 298	29	40	40	P 288	16	64	64	
751	1	T 300	30	40	40	P 288	16	64	64	
752	1	T 302	31	40	40	P 288	16	64	64	
753	1	T 304	32	40	40	P 288	16	64	64	
754	1	T 306	33	40	40	P 288	16	64	64	
755	0	T 308	34	40	40	
756	0	T 310	35	40	40	
757	0	T 312	36	40	40	
758	0	T 314	37	40	40	
759	0	T 316	38	40	40	
760	1	T 318	39	40	40	P 304	32	64	64	
761	1	T 320	40	40	40	P 304	32	64	64	
762	0	T 322	41	40	40	
763	0	T 324	42	40	40	
764	0	T 326	43	40	40	
765	1	T 328	44	40	40	P 320	32	64	64	
766	1	T 330	45	40	40	P 320	32	64	64	
767	1	T 332	46	40	40	P 320	32	64	64	
768	1	T 334	47	40	40	P 320	32	64	64	
769	1	T 336	48	40	40	P 320	32	64	64	
770	0	T 338	49	40	40	
771	0	T 340	50	40	40	
772	0	T 342	51	40	40	
773	0	T 344	52	40	40	
774	0	T 346	53	40	40	
775	1	T 348	54	40	40	P 336	48	64	64	
776	1	T 350	55	40	40	P 336	48	64	64	
777	1	T 352	56	40	40	P 336	48	64	64	
778	0	T 354	57	40	40	
779	0	T 356	58	40	40	
780	0	T 358	59	40	40	
781	1	T 360	60	40	40	P 352	48	64	64	
782	1	T 362	61	40	40	P 352	48	64	64	
783	1	T 364	62	40	40	P 352	48	64	64	
784	1	T 366	63	40	40	P 352	48	64	64	
785	1	T 368	64	40	40	P 352	48	64	64	
786	0	T 370	65	40	40	
787	0	T 372	66	40	40	
788	0	T 374	67	40	40	
789	0	T 376	68	40	40	
790	0	T 378	69	40	40	
791	0	T 380	70	40	40	
792	1	T 382	71	40	40	P 368	64	64	64	
793	1	T 384	72	40	40	P 368	64	64	64	
794	0	T 386	73	40	40	
795	0	T 388	74	40	40	
796	0	T 390	75	40	40	
797	1	T 392	76	40	40	P 384	64	64	64	
798	1	T 394	77	40	40	P 384	64	64	64	
799	1	T 396	78	40	40	P 384	64	64	64	
800	1	T 398	79	40	40	P 384	64	64	64	
801	1	T 400	80	40	40	P 384	64	64	64	
802	0	T 402	81	40	40	
803	0	T 404	82	40	40	
804	0	T 406	83	40	40	
805	0	T 408	84	40	40	
806	0	T 410	85	40	40	
807	0	T 412	86	40	40	
808	1	T 414	87	40	40	P 400	80	64	64	
809	1	T 416	88	40	40	P 400	80	64	64	
810	1	T 418	89	40	40	P 400	80	64	64	
811	0	T 420	90	40	40	
812	0	T 422	91	40	40	
813	1	T 424	92	40	40	P 416	80	64	64	
814	1	T 426	93	40	40	P 416	80	64	64	
815	1	T 428	94	40	40	P 416	80	64	64	
816	1	T 430	95	40	40	P 416	80	64	64	
817	1	T 432	96	40	40	P 416	80	64	64	
818	1	T 434	97	40	40	P 416	80	64	64	
819	0	T 436	98	40	40	
820	0	T 438	99	40	40	
821	0	T 440	100	40	40	
822	0	T 442	101	40	40	
823	1	T 444	102	40	40	P 432	96	64	64	
824	1	T 446	103	40	40	P 432	96	64	64	
825	1	T 448	104	40	40	P 432	96	64	64	
826	0	T 450	105	40	40	
827	0	T 452	106	40	40	
828	0	T 454	107	40	40	
829	1	T 456	108	40	40	P 448	96	64	64	
830	1	T 458	109	40	40	P 448	96	64	64	
831	1	T 460	110	40	40	P 448	96	64	64	
832	1	T 462	111	40	40	P 448	96	64	64	
833	1	T 464	112	40	40	P 448	96	64	64	
834	0	T 466	113	40	40	
835	0	T 468	114	40	40	
836	0	T 470	115	40	40	
837	0	T 472	116	40	40	
838	0	T 474	117	40	40	
839	0	T 476	118	40	40	
840	1	T 478	119	40	40	P 464	112	64	64	
841	1	T 480	120	40	40	P 464	112	64	64	
842	0	T 482	121	40	40	
843	0	T 484	122	40	40	
844	1	T 486	123	40	40	P 480	112	64	64	
845	1	T 488	124	40	40	P 480	112	64	64	
846	1	T 490	125	40	40	P 480	112	64	64	
847	1	T 492	126	40	40	P 480	112	64	64	
848	1	T 494	127	40	40	P 480	112	64	64	
849	1	T 496	128	40	40	P 480	112	64	64	
850	0	T 498	129	40	40	
851	0	T 500	130	40	40	
852	0	T 502	131	40	40	
853	0	T 504	132	40	40	
854	0	T 506	133	40	40	
855	0	T 508	134	40	40	
856	1	T 510	135	40	40	P 496	128	64	64	
857	1	T 512	136	40	40	P 496	128	64	64	
858	1	T 514	137	40	40	P 496	128	64	64	
859	0	T 516	138	40	40	
860	0	T 518	139	40	40	
861	1	T 520	140	40	40	P 512	128	64	64	
862	1	T 522	141	40	40	P 512	128	64	64	
863	1	T 524	142	40	40	P 512	128	64	64	
864	1	T 526	143	40	40	P 512	128	64	64	
865	1	T 528	144	40	40	P 512	128	64	64	
866	0	T 530	145	40	40	
867	0	T 532	146	40	40	
868	0	T 534	147	40	40	
869	0	T 536	148	40	40	
870	0	T 538	149	40	40	
871	0	T 540	150	40	40	
872	0	T 542	151	40	40	
873	1	T 544	152	40	40	P 528	144	64	64	
874	1	T 546	153	40	40	P 528	144	64	64	
875	0	T 548	154	40	40	
876	0	T 550	155	40	40	
877	1	T 552	156	40	40	P 544	144	64	64	
878	1	T 554	157	40	40	P 544	144	64	64	
879	1	T 556	158	40	40	P 544	144	64	64	
880	1	T 558	159	40	40	P 544	144	64	64	
881	1	T 560	160	40	40	P 544	144	64	64	
882	0	T 562	161	40	40	
883	0	T 564	162	40	40	
884	0	T 566	163	40	40	
885	0	T 568	164	40	40	
886	0	T 570	165	40	40	
887	0	T 572	166	40	40	
888	1	T 574	167	40	40	P 560	160	64	64	
889	1	T 576	168	40	40	P 560	160	64	64	
890	0	T 578	169	40	40	
891	0	T 580	170	40	40	
892	0	T 582	171	40	40	
893	1	T 584	172	40	40	P 576	160	64	64	
894	1	T 586	173	40	40	P 576	160	64	64	
895	1	T 588	174	40	40	P 576	160	64	64	
896	1	T 590	175	40	40	P 576	160	64	64	
897	1	T 592	176	40	40	P 576	160	64	64	
898	0	T 594	177	40	40	
899	0	T 596	178	40	40	
900	0	T 598	179	40	40	
901	0	T 600	180	40	40	
902	0	T 602	181	40	40	
903	0	T 604	182	40	40	
904	1	T 606	183	40	40	P 592	176	64	64	
905	1	T 608	184	40	40	P 592	176	64	64	
906	0	T 610	185	40	40	
907	0	T 612	186	40	40	
908	0	T 614	187	40	40	
909	1	T 616	188	40	40	P 608	176	64	64	
910	1	T 618	189	40	40	P 608	176	64	64	
911	1	T 620	190	40	40	P 608	176	64	64	
912	1	T 622	191	40	40	P 608	176	64	64	
913	1	T 624	192	40	40	P 608	176	64	64	
914	0	T 626	193	40	40	
915	0	T 628	194	40	40	
916	0	T 630	195	40	40	
917	0	T 632	196	40	40	
918	0	T 634	197	40	40	
919	0	T 636	198	40	40	
920	1	T 638	199	40	40	P 624	192	64	64	
921	1	T 640	200	40	40	P 624	192	64	64	
922	1	T 642	201	40	40	P 624	192	64	64	
923	0	T 644	202	40	40	
924	0	T 646	203	40	40	
925	1	T 648	204	40	40	P 640	192	64	64	
926	1	T 650	205	40	40	P 640	192	64	64	
927	1	T 652	206	40	40	P 640	192	64	64	
928	1	T 654	207	40	40	P 640	192	64	64	
929	1	T 656	208	40	40	P 640	192	64	64	
930	1	T 658	209	40	40	P 640	192	64	64	
931	0	T 660	210	40	40	
932	0	T 658	211	40	40	
933	0	T 656	212	40	40	
934	0	T 654	213	40	40	
935	0	T 652	214	40	40	
936	1	T 650	215	40	40	P 640	208	64	64	
937	0	T 648	216	40	40	
938	0	T 646	217	40	40	
939	0	T 644	218	40	40	
940	1	T 642	219	40	40	P 624	208	64	64	
941	1	T 640	220	40	40	P 624	208	64	64	
942	1	T 638	221	40	40	P 624	208	64	64	
943	1	T 636	222	40	40	P 624	208	64	64	
944	1	T 634	223	40	40	P 624	208	64	64	
945	1	T 632	224	40	40	P 624	208	64	64	
946	0	T 630	225	40	40	
947	0	T 628	226	40	40	
948	0	T 626	227	40	40	
949	0	T 624	228	40	40	
950	0	T 622	229	40	40	
951	0	T 620	230	40	40	
952	0	T 618	231	40	40	
953	1	T 616	232	40	40	P 608	224	64	64	
954	0	T 614	233	40	40	
955	0	T 612	234	40	40	
956	1	T 610	235	40	40	P 592	224	64	64	
957	1	T 608	236	40	40	P 592	224	64	64	
958	1	T 606	237	40	40	P 592	224	64	64	
959	1	T 604	238	40	40	P 592	224	64	64	
960	1	T 602	239	40	40	P 592	224	64	64	
961	1	T 600	240	40	40	P 592	224	64	64	
962	0	T 598	241	40	40	
963	0	T 596	242	40	40	
964	0	T 594	243	40	40	
965	0	T 592	244	40	40	
966	0	T 590	245	40	40	
967	1	T 588	246	40	40	P 576	240	64	64	
968	1	T 586	247	40	40	P 576	240	64	64	
969	1	T 584	248	40	40	P 576	240	64	64	
970	0	T 582	249	40	40	
971	0	T 580	250	40	40	
972	1	T 578	251	40	40	P 560	240	64	64	
973	1	T 576	252	40	40	P 560	240	64	64	
974	1	T 574	253	40	40	P 560	240	64	64	
975	1	T 572	254	40	40	P 560	240	64	64	
976	1	T 570	255	40	40	P 560	240	64	64	
977	1	T 568	256	40	40	P 560	240	64	64	
978	0	T 566	257	40	40	
979	0	T 564	258	40	40	
980	0	T 562	259	40	40	
981	0	T 560	260	40	40	
982	0	T 558	261	40	40	
983	0	T 556	262	40	40	
984	1	T 554	263	40	40	P 544	256	64	64	
985	1	T 552	264	40	40	P 544	256	64	64	
986	1	T 550	265	40	40	P 544	256	64	64	
987	0	T 548	266	40	40	
988	1	T 546	267	40	40	P 528	256	64	64	
989	1	T 544	268	40	40	P 528	256	64	64	
990	1	T 542	269	40	40	P 528	256	64	64	
991	1	T 540	270	40	40	P 528	256	64	64	
992	1	T 538	271	40	40	P 528	256	64	64	
993	1	T 536	272	40	40	P 528	256	64	64	
994	0	T 534	273	40	40	
995	0	T 532	274	40	40	
996	0	T 530	275	40	40	
997	0	T 528	276	40	40	
998	0	T 526	277	40	40	
999	1	T 524	278	40	40	P 512	272	64	64	
1000	1	T 522	279	40	40	P 512	272	64	64	
1001	0	T 520	280	40	40	
1002	0	T 518	281	40	40	
1003	0	T 516	282	40	40	
1004	1	T 514	283	40	40	P 496	272	64	64	
1005	1	T 512	284	40	40	P 496	272	64	64	
1006	1	T 510	285	40	40	P 496	272	64	64	
1007	1	T 508	286	40	40	P 496	272	64	64	
1008	1	T 506	287	40	40	P 496	272	64	64	
1009	1	T 504	288	40	40	P 496	272	64	64	
1010	0	T 502	289	40	40	
1011	0	T 500	290	40	40	
1012	0	T 498	291	40	40	
1013	0	T 496	292	40	40	
1014	0	T 494	293	40	40	
1015	0	T 492	294	40	40	
1016	0	T 490	295	40	40	
1017	0	T 488	296	40	40	
1018	0	T 486	297	40	40	
1019	0	T 484	298	40	40	
1020	1	T 482	299	40	40	P 464	288	64	64	
1021	1	T 480	300	40	40	P 464	288	64	64	
1022	1	T 478	301	40	40	P 464	288	64	64	
1023	1	T 476	302	40	40	P 464	288	64	64	
1024	1	T 474	303	40	40	P 464	288	64	64	
1025	1	T 472	304	40	40	P 464	288	64	64	
1026	0	T 470	305	40	40	
1027	0	T 468	306	40	40	
1028	0	T 466	307	40	40	
1029	0	T 464	308	40	40	
1030	0	T 462	309	40	40	
1031	0	T 460	310	40	40	
1032	1	T 458	311	40	40	P 448	304	64	64	
1033	1	T 456	312	40	40	P 448	304	64	64	
1034	0	T 454	313	40	40	
1035	0	T 452	314	40	40	
1036	0	T 450	315	40	40	
1037	1	T 448	316	40	40	P 432	304	64	64	
1038	1	T 446	317	40	40	P 432	304	64	64	
1039	1	T 444	318	40	40	P 432	304	64	64	
1040	1	T 442	319	40	40	P 432	304	64	64	
1041	1	T 440	320	40	40	P 432	304	64	64	
1042	0	T 438	321	40	40	
1043	0	T 436	322	40	40	
1044	0	T 434	323	40	40	
1045	0	T 432	324	40	40	
1046	0	T 430	325	40	40	
1047	0	T 428	326	40	40	
1048	0	T 426	327	40	40	
1049	0	T 424	328	40	40	
1050	0	T 422	329	40	40	
1051	0	T 420	330	40	40	
1052	1	T 418	331	40	40	P 400	320	64	64	
1053	1	T 416	332	40	40	P 400	320	64	64	
1054	1	T 414	333	40	40	P 400	320	64	64	
1055	1	T 412	334	40	40	P 400	320	64	64	
1056	1	T 410	335	40	40	P 400	320	64	64	
1057	1	T 408	336	40	40	P 400	320	64	64	
1058	0	T 406	337	40	40	
1059	0	T 404	338	40	40	
1060	0	T 402	339	40	40	
1061	0	T 400	340	40	40	
1062	0	T 398	341	40	40	
1063	0	T 396	342	40	40	
1064	1	T 394	343	40	40	P 384	336	64	64	
1065	0	T 392	344	40	40	
1066	0	T 390	345	40	40	
1067	0	T 388	346	40	40	
1068	1	T 386	347	40	40	P 368	336	64	64	
1069	1	T 384	348	40	40	P 368	336	64	64	
1070	1	T 382	349	40	40	P 368	336	64	64	
1071	1	T 380	350	40	40	P 368	336	64	64	
1072	1	T 378	351	40	40	P 368	336	64	64	
1073	1	T 376	352	40	40	P 368	336	64	64	
1074	0	T 374	353	40	40	
1075	0	T 372	354	40	40	
1076	0	T 370	355	40	40	
1077	0	T 368	356	40	40	
1078	0	T 366	357	40	40	
1079	0	T 364	358	40	40	
1080	1	T 362	359	40	40	P 352	352	64	64	
1081	1	T 360	360	40	40	P 352	352	64	64	
1082	0	T 358	361	40	40	
1083	0	T 356	362	40	40	
1084	1	T 354	363	40	40	P 336	352	64	64	
1085	1	T 352	364	40	40	P 336	352	64	64	
1086	1	T 350	365	40	40	P 336	352	64	64	
1087	1	T 348	366	40	40	P 336	352	64	64	
1088	1	T 346	367	40	40	P 336	352	64	64	
1089	1	T 344	368	40	40	P 336	352	64	64	
1090	0	T 342	369	40	40	
1091	0	T 340	370	40	40	
1092	0	T 338	371	40	40	
1093	0	T 336	372	40	40	
1094	0	T 334	373	40	40	
1095	1	T 332	374	40	40	P 320	368	64	64	
1096	1	T 330	375	40	40	P 320	368	64	64	
1097	1	T 328	376	40	40	P 320	368	64	64	
1098	0	T 326	377	40	40	
1099	0	T 324	378	40	40	
1100	1	T 322	379	40	40	P 304	368	64	64	
1101	1	T 320	380	40	40	P 304	368	64	64	
1102	1	T 318	381	40	40	P 304	368	64	64	
1103	1	T 316	382	40	40	P 304	368	64	64	
1104	1	T 314	383	40	40	P 304	368	64	64	
1105	1	T 312	384	40	40	P 304	368	64	64	
1106	0	T 310	385	40	40	
1107	0	T 308	386	40	40	
1108	0	T 306	387	40	40	
1109	0	T 304	388	40	40	
1110	0	T 302	389	40	40	
1111	0	T 300	390	40	40	
1112	1	T 298	391	40	40	P 288	384	64	64	
1113	1	T 296	392	40	40	P 288	384	64	64	
1114	0	T 294	393	40	40	
1115	0	T 292	394	40	40	
1116	1	T 290	395	40	40	P 272	384	64	64	
1117	1	T 288	396	40	40	P 272	384	64	64	
1118	1	T 286	397	40	40	P 272	384	64	64	
1119	1	T 284	398	40	40	P 272	384	64	64	
1120	1	T 282	399	40	40	P 272	384	64	64	
1121	1	T 280	400	40	40	P 272	384	64	64	
1122	0	T 278	401	40	40	
1123	0	T 276	402	40	40	
1124	0	T 274	403	40	40	
1125	0	T 272	404	40	40	
1126	0	T 270	405	40	40	
1127	0	T 268	406	40	40	
1128	1	T 266	407	40	40	P 256	400	64	64	
1129	0	T 264	408	40	40	
1130	0	T 262	409	40	40	
1131	0	T 260	410	40	40	
1132	1	T 258	411	40	40	P 240	400	64	64	
1133	1	T 256	412	40	40	P 240	400	64	64	
1134	1	T 254	413	40	40	P 240	400	64	64	
1135	1	T 252	414	40	40	P 240	400	64	64	
1136	1	T 250	415	40	40	P 240	400	64	64	
1137	1	T 248	416	40	40	P 240	400	64	64	
1138	0	T 246	417	40	40	
1139	0	T 244	418	40	40	
1140	0	T 242	419	40	40	
1141	0	T 240	420	40	40	
1142	0	T 238	419	40	40	
1143	1	T 236	418	40	40	P 224	400	64	64	
1144	1	T 234	417	40	40	P 224	400	64	64	
1145	1	T 232	416	40	40	P 224	400	64	64	
1146	0	T 230	415	40	40	
1147	0	T 228	414	40	40	
1148	1	T 226	413	40	40	P 208	400	64	64	
1149	1	T 224	412	40	40	P 208	400	64	64	
1150	1	T 222	411	40	40	P 208	400	64	64	
1151	1	T 220	410	40	40	P 208	400	64	64	
1152	1	T 218	409	40	40	P 208	400	64	64	
1153	1	T 216	408	40	40	P 208	400	64	64	
1154	0	T 214	407	40	40	
1155	0	T 212	406	40	40	
1156	0	T 210	405	40	40	
1157	0	T 208	404	40	40	
1158	0	T 206	403	40	40	
1159	1	T 204	402	40	40	P 192	384	64	64	
1160	1	T 202	401	40	40	P 192	384	64	64	
1161	1	T 200	400	40	40	P 192	384	64	64	
1162	0	T 198	399	40	40	
1163	0	T 196	398	40	40	
1164	1	T 194	397	40	40	P 176	384	64	64	
1165	1	T 192	396	40	40	P 176	384	64	64	
1166	1	T 190	395	40	40	P 176	384	64	64	
1167	1	T 188	394	40	40	P 176	384	64	64	
1168	1	T 186	393	40	40	P 176	384	64	64	
1169	0	T 184	392	40	40	
1170	0	T 182	391	40	40	
1171	0	T 180	390	40	40	
1172	0	T 178	389	40	40	
1173	0	T 176	388	40	40	
1174	0	T 174	387	40	40	
1175	1	T 172	386	40	40	P 160	368	64	64	
1176	1	T 170	385	40	40	P 160	368	64	64	
1177	1	T 168	384	40	40	P 160	368	64	64	
1178	0	T 166	383	40	40	
1179	0	T 164	382	40	40	
1180	1	T 162	381	40	40	P 144	368	64	64	
1181	1	T 160	380	40	40	P 144	368	64	64	
1182	1	T 158	379	40	40	P 144	368	64	64	
1183	1	T 156	378	40	40	P 144	368	64	64	
1184	1	T 154	377	40	40	P 144	368	64	64	
1185	1	T 152	376	40	40	P 144	368	64	64	
1186	0	T 150	375	40	40	
1187	0	T 148	374	40	40	
1188	0	T 146	373	40	40	
1189	0	T 144	372	40	40	
1190	1	T 142	371	40	40	P 128	352	64	64	
1191	1	T 140	370	40	40	P 128	352	64	64	
1192	1	T 138	369	40	40	P 128	352	64	64	
1193	1	T 136	368	40	40	P 128	352	64	64	
1194	0	T 134	367	40	40	
1195	0	T 132	366	40	40	
1196	1	T 130	365	40	40	P 112	352	64	64	
1197	1	T 128	364	40	40	P 112	352	64	64	
1198	1	T 126	363	40	40	P 112	352	64	64	
1199	1	T 124	362	40	40	P 112	352	64	64	
1200	1	T 122	361	40	40	P 112	352	64	64	
1201	1	T 120	360	40	40	P 112	352	64	64	
1202	0	T 118	359	40	40	
1203	0	T 116	358	40	40	
1204	0	T 114	357	40	40	
1205	0	T 112	356	40	40	
1206	0	T 110	355	40	40	
1207	1	T 108	354	40	40	P 96	336	64	64	
1208	1	T 106	353	40	40	P 96	336	64	64	
1209	1	T 104	352	40	40	P 96	336	64	64	
1210	0	T 102	351	40	40	
1211	0	T 100	350	40	40	
1212	1	T 98	349	40	40	P 80	336	64	64	
1213	1	T 96	348	40	40	P 80	336	64	64	
1214	1	T 94	347	40	40	P 80	336	64	64	
1215	1	T 92	346	40	40	P 80	336	64	64	
1216	1	T 90	345	40	40	P 80	336	64	64	
1217	1	T 88	344	40	40	P 80	336	64	64	
1218	0	T 86	343	40	40	
1219	0	T 84	342	40	40	
1220	0	T 82	341	40	40	
1221	0	T 80	340	40	40	
1222	0	T 78	339	40	40	
1223	1	T 76	338	40	40	P 64	320	64	64	
1224	1	T 74	337	40	40	P 64	320	64	64	
1225	1	T 72	336	40	40	P 64	320	64	64	
1226	0	T 70	335	40	40	
1227	0	T 68	334	40	40	
1228	1	T 66	333	40	40	P 48	320	64	64	
1229	1	T 64	332	40	40	P 48	320	64	64	
1230	1	T 62	331	40	40	P 48	320	64	64	
1231	1	T 60	330	40	40	P 48	320	64	64	
1232	1	T 58	329	40	40	P 48	320	64	64	
1233	0	T 56	328	40	40	
1234	0	T 54	327	40	40	
1235	0	T 52	326	40	40	
1236	0	T 50	325	40	40	
1237	0	T 48	324	40	40	
1238	0	T 46	323	40	40	
1239	1	T 44	322	40	40	P 32	304	64	64	
1240	1	T 42	321	40	40	P 32	304	64	64	
1241	1	T 40	320	40	40	P 32	304	64	64	
1242	0	T 38	319	40	40	
1243	0	T 36	318	40	40	
1244	1	T 34	317	40	40	P 16	304	64	64	
1245	1	T 32	316	40	40	P 16	304	64	64	
1246	1	T 30	315	40	40	P 16	304	64	64	
1247	1	T 28	314	40	40	P 16	304	64	64	
1248	1	T 26	313	40	40	P 16	304	64	64	
1249	0	T 24	312	40	40	
1250	0	T 22	311	40	40	
1251	0	T 20	310	40	40	
1252	0	T 22	309	40	40	
1253	0	T 24	308	40	40	
1254	0	T 26	307	40	40	
1255	1	T 28	306	40	40	P 16	288	64	64	
1256	1	T 30	305	40	40	P 16	288	64	64	
1257	1	T 32	304	40	40	P 16	288	64	64	
1258	1	T 34	303	40	40	P 16	288	64	64	
1259	0	T 36	302	40	40	
1260	0	T 38	301	40	40	
1261	1	T 40	300	40	40	P 32	288	64	64	
1262	1	T 42	299	40	40	P 32	288	64	64	
1263	1	T 44	298	40	40	P 32	288	64	64	
1264	1	T 46	297	40	40	P 32	288	64	64	
1265	1	T 48	296	40	40	P 32	288	64	64	
1266	0	T 50	295	40	40	
1267	0	T 52	294	40	40	
1268	0	T 54	293	40	40	
1269	0	T 56	292	40	40	
1270	0	T 58	291	40	40	
1271	1	T 60	290	40	40	P 48	272	64	64	
1272	1	T 62	289	40	40	P 48	272	64	64	
1273	1	T 64	288	40	40	P 48	272	64	64	
1274	1	T 66	287	40	40	P 48	272	64	64	
1275	0	T 68	286	40	40	
1276	0	T 70	285	40	40	
1277	1	T 72	284	40	40	P 64	272	64	64	
1278	1	T 74	283	40	40	P 64	272	64	64	
1279	1	T 76	282	40	40	P 64	272	64	64	
1280	1	T 78	281	40	40	P 64	272	64	64	
1281	1	T 80	280	40	40	P 64	272	64	64	
1282	0	T 82	279	40	40	
1283	0	T 84	278	40	40	
1284	0	T 86	277	40	40	
1285	0	T 88	276	40	40	
1286	0	T 90	275	40	40	
1287	1	T 92	274	40	40	P 80	256	64	64	
1288	1	T 94	273	40	40	P 80	256	64	64	
1289	1	T 96	272	40	40	P 80	256	64	64	
1290	1	T 98	271	40	40	P 80	256	64	64	
1291	0	T 100	270	40	40	
1292	0	T 102	269	40	40	
1293	1	T 104	268	40	40	P 96	256	64	64	
1294	1	T 106	267	40	40	P 96	256	64	64	
1295	1	T 108	266	40	40	P 96	256	64	64	
1296	1	T 110	265	40	40	P 96	256	64	64	
1297	1	T 112	264	40	40	P 96	256	64	64	
1298	0	T 114	263	40	40	
1299	0	T 116	262	40	40	
1300	0	T 118	261	40	40	
1301	0	T 120	260	40	40	
1302	0	T 122	259	40	40	
1303	1	T 124	258	40	40	P 112	240	64	64	
1304	1	T 126	257	40	40	P 112	240	64	64	
1305	1	T 128	256	40	40	P 112	240	64	64	
1306	1	T 130	255	40	40	P 112	240	64	64	
1307	0	T 132	254	40	40	
1308	0	T 134	253	40	40	
1309	1	T 136	252	40	40	P 128	240	64	64	
1310	1	T 138	251	40	40	P 128	240	64	64	
1311	1	T 140	250	40	40	P 128	240	64	64	
1312	1	T 142	249	40	40	P 128	240	64	64	
1313	1	T 144	248	40	40	P 128	240	64	64	
1314	0	T 146	247	40	40	
1315	0	T 148	246	40	40	
1316	0	T 150	245	40	40	
1317	0	T 152	244	40	40	
1318	0	T 154	243	40	40	
1319	1	T 156	242	40	40	P 144	224	64	64	
1320	1	T 158	241	40	40	P 144	224	64	64	
1321	1	T 160	240	40	40	P 144	224	64	64	
1322	1	T 162	239	40	40	P 144	224	64	64	
1323	0	T 164	238	40	40	
1324	0	T 166	237	40	40	
1325	1	T 168	236	40	40	P 160	224	64	64	
1326	1	T 170	235	40	40	P 160	224	64	64	
1327	1	T 172	234	40	40	P 160	224	64	64	
1328	1	T 174	233	40	40	P 160	224	64	64	
1329	1	T 176	232	40	40	P 160	224	64	64	
1330	0	T 178	231	40	40	
1331	0	T 180	230	40	40	
1332	0	T 182	229	40	40	
1333	0	T 184	228	40	40	
1334	0	T 186	227	40	40	
1335	1	T 188	226	40	40	P 176	208	64	64	
1336	1	T 190	225	40	40	P 176	208	64	64	
1337	1	T 192	224	40	40	P 176	208	64	64	
1338	1	T 194	223	40	40	P 176	208	64	64	
1339	0	T 196	222	40	40	
1340	1	T 198	221	40	40	P 192	208	64	64	
1341	1	T 200	220	40	40	P 192	208	64	64	
1342	1	T 202	219	40	40	P 192	208	64	64	
1343	1	T 204	218	40	40	P 192	208	64	64	
1344	1	T 206	217	40	40	P 192	208	64	64	
1345	1	T 208	216	40	40	P 192	208	64	64	
1346	0	T 210	215	40	40	
1347	0	T 212	214	40	40	
1348	0	T 214	213	40	40	
1349	0	T 216	212	40	40	
1350	0	T 218	211	40	40	
1351	1	T 220	210	40	40	P 208	192	64	64	
1352	1	T 222	209	40	40	P 208	192	64	64	
1353	1	T 224	208	40	40	P 208	192	64	64	
1354	1	T 226	207	40	40	P 208	192	64	64	
1355	0	T 228	206	40	40	
1356	0	T 230	205	40	40	
1357	1	T 232	204	40	40	P 224	192	64	64	
1358	1	T 234	203	40	40	P 224	192	64	64	
1359	1	T 236	202	40	40	P 224	192	64	64	
1360	1	T 238	201	40	40	P 224	192	64	64	
1361	1	T 240	200	40	40	P 224	192	64	64	
1362	0	T 242	199	40	40	
1363	0	T 244	198	40	40	
1364	0	T 246	197	40	40	
1365	0	T 248	196	40	40	
1366	0	T 250	195	40	40	
1367	1	T 252	194	40	40	P 240	176	64	64	
1368	1	T 254	193	40	40	P 240	176	64	64	
1369	1	T 256	192	40	40	P 240	176	64	64	
1370	1	T 258	191	40	40	P 240	176	64	64	
1371	0	T 260	190	40	40	
1372	0	T 262	189	40	40	
1373	1	T 264	188	40	40	P 256	176	64	64	
1374	1	T 266	187	40	40	P 256	176	64	64	
1375	1	T 268	186	40	40	P 256	176	64	64	
1376	1	T 270	185	40	40	P 256	176	64	64	
1377	1	T 272	184	40	40	P 256	176	64	64	
1378	0	T 274	183	40	40	
1379	0	T 276	182	40	40	
1380	0	T 278	181	40	40	
1381	0	T 280	180	40	40	
1382	0	T 282	179	40	40	
1383	1	T 284	178	40	40	P 272	160	64	64	
1384	1	T 286	177	40	40	P 272	160	64	64	
1385	1	T 288	176	40	40	P 272	160	64	64	
1386	1	T 290	175	40	40	P 272	160	64	64	
1387	0	T 292	174	40	40	
1388	0	T 294	173	40	40	
1389	1	T 296	172	40	40	P 288	160	64	64	
1390	1	T 298	171	40	40	P 288	160	64	64	
1391	1	T 300	170	40	40	P 288	160	64	64	
1392	1	T 302	169	40	40	P 288	160	64	64	
1393	1	T 304	168	40	40	P 288	160	64	64	
1394	0	T 306	167	40	40	
1395	0	T 308	166	40	40	
1396	0	T 310	165	40	40	
1397	0	T 312	164	40	40	
1398	0	T 314	163	40	40	
1399	1	T 316	162	40	40	P 304	144	64	64	
1400	1	T 318	161	40	40	P 304	144	64	64	
1401	1	T 320	160	40	40	P 304	144	64	64	
1402	1	T 322	159	40	40	P 304	144	64	64	
1403	0	T 324	158	40	40	
1404	1	T 326	157	40	40	P 320	144	64	64	
1405	1	T 328	156	40	40	P 320	144	64	64	
1406	1	T 330	155	40	40	P 320	144	64	64	
1407	1	T 332	154	40	40	P 320	144	64	64	
1408	1	T 334	153	40	40	P 320	144	64	64	
1409	1	T 336	152	40	40	P 320	144	64	64	
1410	0	T 338	151	40	40	
1411	0	T 340	150	40	40	
1412	0	T 342	149	40	40	
1413	0	T 344	148	40	40	
1414	0	T 346	147	40	40	
1415	1	T 348	146	40	40	P 336	128	64	64	
1416	1	T 350	145	40	40	P 336	128	64	64	
1417	1	T 352	144	40	40	P 336	128	64	64	
1418	1	T 354	143	40	40	P 336	128	64	64	
1419	0	T 356	142	40	40	
1420	0	T 358	141	40	40	
1421	1	T 360	140	40	40	P 352	128	64	64	
1422	1	T 362	139	40	40	P 352	128	64	64	
1423	1	T 364	138	40	40	P 352	128	64	64	
1424	1	T 366	137	40	40	P 352	128	64	64	
1425	1	T 368	136	40	40	P 352	128	64	64	
1426	0	T 370	135	40	40	
1427	0	T 372	134	40	40	
1428	0	T 374	133	40	40	
1429	0	T 376	132	40	40	
1430	0	T 378	131	40	40	
1431	1	T 380	130	40	40	P 368	112	64	64	
1432	1	T 382	129	40	40	P 368	112	64	64	
1433	1	T 384	128	40	40	P 368	112	64	64	
1434	1	T 386	127	40	40	P 368	112	64	64	
1435	0	T 388	126	40	40	
1436	0	T 390	125	40	40	
1437	1	T 392	124	40	40	P 384	112	64	64	
1438	1	T 394	123	40	40	P 384	112	64	64	
1439	1	T 396	122	40	40	P 384	112	64	64	
1440	1	T 398	121	40	40	P 384	112	64	64	
1441	1	T 400	120	40	40	P 384	112	64	64	
1442	0	T 402	119	40	40	
1443	0	T 404	118	40	40	
1444	0	T 406	117	40	40	
1445	0	T 408	116	40	40	
1446	0	T 410	115	40	40	
1447	1	T 412	114	40	40	P 400	96	64	64	
1448	1	T 414	113	40	40	P 400	96	64	64	
1449	1	T 416	112	40	40	P 400	96	64	64	
1450	1	T 418	111	40	40	P 400	96	64	64	
1451	0	T 420	110	40	40	
1452	0	T 422	109	40	40	
1453	1	T 424	108	40	40	P 416	96	64	64	
1454	1	T 426	107	40	40	P 416	96	64	64	
1455	1	T 428	106	40	40	P 416	96	64	64	
1456	1	T 430	105	40	40	P 416	96	64	64	
1457	1	T 432	104	40	40	P 416	96	64	64	
1458	0	T 434	103	40	40	
1459	0	T 436	102	40	40	
1460	0	T 438	101	40	40	
1461	0	T 440	100	40	40	
1462	0	T 442	99	40	40	
1463	1	T 444	98	40	40	P 432	80	64	64	
1464	1	T 446	97	40	40	P 432	80	64	64	
1465	1	T 448	96	40	40	P 432	80	64	64	
1466	1	T 450	95	40	40	P 432	80	64	64	
1467	0	T 452	94	40	40	
1468	0	T 454	93	40	40	
1469	1	T 456	92	40	40	P 448	80	64	64	
1470	1	T 458	91	40	40	P 448	80	64	64	
1471	1	T 460	90	40	40	P 448	80	64	64	
1472	1	T 462	89	40	40	P 448	80	64	64	
1473	1	T 464	88	40	40	P 448	80	64	64	
1474	0	T 466	87	40	40	
1475	0	T 468	86	40	40	
1476	0	T 470	85	40	40	
1477	0	T 472	84	40	40	
1478	0	T 474	83	40	40	
1479	1	T 476	82	40	40	P 464	64	64	64	
1480	1	T 478	81	40	40	P 464	64	64	64	
1481	1	T 480	80	40	40	P 464	64	64	64	
1482	1	T 482	79	40	40	P 464	64	64	64	
1483	0	T 484	78	40	40	
1484	1	T 486	77	40	40	P 480	64	64	64	
1485	1	T 488	76	40	40	P 480	64	64	64	
1486	1	T 490	75	40	40	P 480	64	64	64	
1487	1	T 492	74	40	40	P 480	64	64	64	
1488	1	T 494	73	40	40	P 480	64	64	64	
1489	0	T 496	72	40	40	
1490	0	T 498	71	40	40	
1491	0	T 500	70	40	40	
1492	0	T 502	69	40	40	
1493	0	T 504	68	40	40	
1494	0	T 506	67	40	40	
1495	1	T 508	66	40	40	P 496	48	64	64	
1496	1	T 510	65	40	40	P 496	48	64	64	
1497	1	T 512	64	40	40	P 496	48	64	64	
1498	1	T 514	63	40	40	P 496	48	64	64	
1499	0	T 516	62	40	40	
1500	0	T 518	61	40	40	
1501	1	T 520	60	40	40	P 512	48	64	64	
1502	1	T 522	59	40	40	P 512	48	64	64	
1503	1	T 524	58	40	40	P 512	48	64	64	
1504	1	T 526	57	40	40	P 512	48	64	64	
1505	1	T 528	56	40	40	P 512	48	64	64	
1506	0	T 530	55	40	40	
1507	0	T 532	54	40	40	
1508	0	T 534	53	40	40	
1509	0	T 536	52	40	40	
1510	0	T 538	51	40	40	
1511	1	T 540	50	40	40	P 528	32	64	64	
1512	1	T 542	49	40	40	P 528	32	64	64	
1513	1	T 544	48	40	40	P 528	32	64	64	
1514	1	T 546	47	40	40	P 528	32	64	64	
1515	0	T 548	46	40	40	
1516	0	T 550	45	40	40	
1517	1	T 552	44	40	40	P 544	32	64	64	
1518	1	T 554	43	40	40	P 544	32	64	64	
1519	1	T 556	42	40	40	P 544	32	64	64	
1520	1	T 558	41	40	40	P 544	32	64	64	
1521	1	T 560	40	40	40	P 544	32	64	64	
1522	0	T 562	39	40	40	
1523	0	T 564	38	40	40	
1524	0	T 566	37	40	40	
1525	0	T 568	36	40	40	
1526	0	T 570	35	40	40	
1527	1	T 572	34	40	40	P 560	16	64	64	
1528	1	T 574	33	40	40	P 560	16	64	64	
1529	1	T 576	32	40	40	P 560	16	64	64	
1530	1	T 578	31	40	40	P 560	16	64	64	
1531	0	T 580	30	40	40	
1532	0	T 582	29	40	40	
1533	1	T 584	28	40	40	P 576	16	64	64	
1534	1	T 586	27	40	40	P 576	16	64	64	
1535	1	T 588	26	40	40	P 576	16	64	64	
1536	1	T 590	25	40	40	P 576	16	64	64	
1537	1	T 592	24	40	40	P 576	16	64	64	
1538	0	T 594	23	40	40	
1539	0	T 596	22	40	40	
1540	0	T 598	21	40	40	
1541	0	T 600	20	40	40	
1542	0	T 602	21	40	40	
1543	0	T 604	22	40	40	
1544	1	T 606	23	40	40	P 592	16	64	64	
1545	1	T 608	24	40	40	P 592	16	64	64	
1546	1	T 610	25	40	40	P 592	16	64	64	
1547	0	T 612	26	40	40	
1548	0	T 614	27	40	40	
1549	1	T 616	28	40	40	P 608	16	64	64	
1550	1	T 618	29	40	40	P 608	16	64	64	
1551	1	T 620	30	40	40	P 608	16	64	64	
1552	1	T 622	31	40	40	P 608	16	64	64	
1553	1	T 624	32	40	40	P 608	16	64	64	
1554	0	T 626	33	40	40	
1555	0	T 628	34	40	40	
1556	0	T 630	35	40	40	
1557	0	T 632	36	40	40	
1558	0	T 634	37	40	40	
1559	0	T 636	38	40	40	
1560	1	T 638	39	40	40	P 624	32	64	64	
1561	1	T 640	40	40	40	P 624	32	64	64	
1562	0	T 642	41	40	40	
1563	0	T 644	42	40	40	
1564	0	T 646	43	40	40	
1565	1	T 648	44	40	40	P 640	32	64	64	
1566	1	T 650	45	40	40	P 640	32	64	64	
1567	1	T 652	46	40	40	P 640	32	64	64	
1568	1	T 654	47	40	40	P 640	32	64	64	
1569	1	T 656	48	40	40	P 640	32	64	64	
1570	0	T 658	49	40	40	
1571	0	T 660	50	40	40	
1572	0	T 658	51	40	40	
1573	0	T 656	52	40	40	
1574	0	T 654	53	40	40	
1575	0	T 652	54	40	40	
1576	1	T 650	55	40	40	P 640	48	64	64	
1577	0	T 648	56	40	40	
1578	0	T 646	57	40	40	
1579	0	T 644	58	40	40	
1580	1	T 642	59	40	40	P 624	48	64	64	
1581	1	T 640	60	40	40	P 624	48	64	64	
1582	1	T 638	61	40	40	P 624	48	64	64	
1583	1	T 636	62	40	40	P 624	48	64	64	
1584	1	T 634	63	40	40	P 624	48	64	64	
1585	0	T 632	64	40	40	
1586	0	T 630	65	40	40	
1587	0	T 628	66	40	40	
1588	0	T 626	67	40	40	
1589	0	T 624	68	40	40	
1590	0	T 622	69	40	40	
1591	0	T 620	70	40	40	
1592	1	T 618	71	40	40	P 608	64	64	64	
1593	0	T 616	72	40	40	
1594	0	T 614	73	40	40	
1595	0	T 612	74	40	40	
1596	1	T 610	75	40	40	P 592	64	64	64	
1597	1	T 608	76	40	40	P 592	64	64	64	
1598	1	T 606	77	40	40	P 592	64	64	64	
1599	1	T 604	78	40	40	P 592	64	64	64	
1600	1	T 602	79	40	40	P 592	64	64	64	
1601	1	T 600	80	40	40	P 592	64	64	64	
1602	0	T 598	81	40	40	
1603	0	T 596	82	40	40	
1604	0	T 594	83	40	40	
1605	0	T 592	84	40	40	
1606	0	T 590	85	40	40	
1607	0	T 588	86	40	40	
1608	1	T 586	87	40	40	P 576	80	64	64	
1609	0	T 584	88	40	40	
1610	0	T 582	89	40	40	
1611	0	T 580	90	40	40	
1612	0	T 578	91	40	40	
1613	1	T 576	92	40	40	P 560	80	64	64	
1614	1	T 574	93	40	40	P 560	80	64	64	
1615	1	T 572	94	40	40	P 560	80	64	64	
1616	1	T 570	95	40	40	P 560	80	64	64	
1617	1	T 568	96	40	40	P 560	80	64	64	
1618	0	T 566	97	40	40	
1619	0	T 564	98	40	40	
1620	0	T 562	99	40	40	
1621	0	T 560	100	40	40	
1622	0	T 558	101	40	40	
1623	0	T 556	102	40	40	
1624	1	T 554	103	40	40	P 544	96	64	64	
1625	0	T 552	104	40	40	
1626	0	T 550	105	40	40	
1627	0	T 548	106	40	40	
1628	1	T 546	107	40	40	P 528	96	64	64	
1629	1	T 544	108	40	40	P 528	96	64	64	
1630	1	T 542	109	40	40	P 528	96	64	64	
1631	1	T 540	110	40	40	P 528	96	64	64	
1632	1	T 538	111	40	40	P 528	96	64	64	
1633	1	T 536	112	40	40	P 528	96	64	64	
1634	0	T 534	113	40	40	
1635	0	T 532	114	40	40	
1636	0	T 530	115	40	40	
1637	0	T 528	116	40	40	
1638	0	T 526	117	40	40	
1639	0	T 524	118	40	40	
1640	1	T 522	119	40	40	P 512	112	64	64	
1641	0	T 520	120	40	40	
1642	0	T 518	121	40	40	
1643	0	T 516	122	40	40	
1644	1	T 514	123	40	40	P 496	112	64	64	
1645	1	T 512	124	40	40	P 496	112	64	64	
1646	1	T 510	125	40	40	P 496	112	64	64	
1647	1	T 508	126	40	40	P 496	112	64	64	
1648	1	T 506	127	40	40	P 496	112	64	64	
1649	1	T 504	128	40	40	P 496	112	64	64	
1650	0	T 502	129	40	40	
1651	0	T 500	130	40	40	
1652	0	T 498	131	40	40	
1653	0	T 496	132	40	40	
1654	0	T 494	133	40	40	
1655	0	T 492	134	40	40	
1656	1	T 490	135	40	40	P 480	128	64	64	
1657	0	T 488	136	40	40	
1658	0	T 486	137	40	40	
1659	0	T 484	138	40	40	
1660	1	T 482	139	40	40	P 464	128	64	64	
1661	1	T 480	140	40	40	P 464	128	64	64	
1662	1	T 478	141	40	40	P 464	128	64	64	
1663	1	T 476	142	40	40	P 464	128	64	64	
1664	1	T 474	143	40	40	P 464	128	64	64	
1665	1	T 472	144	40	40	P 464	128	64	64	
1666	0	T 470	145	40	40	
1667	0	T 468	146	40	40	
1668	0	T 466	147	40	40	
1669	0	T 464	148	40	40	
1670	0	T 462	149	40	40	
1671	0	T 460	150	40	40	
1672	0	T 458	151	40	40	
1673	1	T 456	152	40	40	P 448	144	64	64	
1674	0	T 454	153	40	40	
1675	0	T 452	154	40	40	
1676	1	T 450	155	40	40	P 432	144	64	64	
1677	1	T 448	156	40	40	P 432	144	64	64	
1678	1	T 446	157	40	40	P 432	144	64	64	
1679	1	T 444	158	40	40	P 432	144	64	64	
1680	1	T 442	159	40	40	P 432	144	64	64	
1681	1	T 440	160	40	40	P 432	144	64	64	
1682	0	T 438	161	40	40	
1683	0	T 436	162	40	40	
1684	0	T 434	163	40	40	
1685	0	T 432	164	40	40	
1686	0	T 430	165	40	40	
1687	1	T 428	166	40	40	P 416	160	64	64	
1688	1	T 426	167	40	40	P 416	160	64	64	
1689	0	T 424	168	40	40	
1690	0	T 422	169	40	40	
1691	0	T 420	170	40	40	
1692	1	T 418	171	40	40	P 400	160	64	64	
1693	1	T 416	172	40	40	P 400	160	64	64	
1694	1	T 414	173	40	40	P 400	160	64	64	
1695	1	T 412	174	40	40	P 400	160	64	64	
1696	1	T 410	175	40	40	P 400	160	64	64	
1697	1	T 408	176	40	40	P 400	160	64	64	
1698	0	T 406	177	40	40	
1699	0	T 404	178	40	40	
1700	0	T 402	179	40	40	
1701	0	T 400	180	40	40	
1702	0	T 398	181	40	40	
1703	0	T 396	182	40	40	
1704	1	T 394	183	40	40	P 384	176	64	64	
1705	1	T 392	184	40	40	P 384	176	64	64	
1706	0	T 390	185	40	40	
1707	0	T 388	186	40	40	
1708	1	T 386	187	40	40	P 368	176	64	64	
1709	1	T 384	188	40	40	P 368	176	64	64	
1710	1	T 382	189	40	40	P 368	176	64	64	
1711	1	T 380	190	40	40	P 368	176	64	64	
1712	1	T 378	191	40	40	P 368	176	64	64	
1713	1	T 376	192	40	40	P 368	176	64	64	
1714	0	T 374	193	40	40	
1715	0	T 372	194	40	40	
1716	0	T 370	195	40	40	
1717	0	T 368	196	40	40	
1718	0	T 366	197	40	40	
1719	1	T 364	198	40	40	P 352	192	64	64	
1720	1	T 362	199	40	40	P 352	192	64	64	
1721	1	T 360	200	40	40	P 352	192	64	64	
1722	0	T 358	201	40	40	
1723	0	T 356	202	40	40	
1724	0	T 354	203	40	40	
1725	1	T 352	204	40	40	P 336	192	64	64	
1726	1	T 350	205	40	40	P 336	192	64	64	
1727	1	T 348	206	40	40	P 336	192	64	64	
1728	1	T 346	207	40	40	P 336	192	64	64	
1729	1	T 344	208	40	40	P 336	192	64	64	
1730	0	T 342	209	40	40	
1731	0	T 340	210	40	40	
1732	0	T 338	211	40	40	
1733	0	T 336	212	40	40	
1734	0	T 334	213	40	40	
1735	0	T 332	214	40	40	
1736	1	T 330	215	40	40	P 320	208	64	64	
1737	1	T 328	216	40	40	P 320	208	64	64	
1738	0	T 326	217	40	40	
1739	0	T 324	218	40	40	
1740	1	T 322	219	40	40	P 304	208	64	64	
1741	1	T 320	220	40	40	P 304	208	64	64	
1742	1	T 318	221	40	40	P 304	208	64	64	
1743	1	T 316	222	40	40	P 304	208	64	64	
1744	1	T 314	223	40	40	P 304	208	64	64	
1745	1	T 312	224	40	40	P 304	208	64	64	
1746	0	T 310	225	40	40	
1747	0	T 308	226	40	40	
1748	0	T 306	227	40	40	
1749	0	T 304	228	40	40	
1750	0	T 302	229	40	40	
1751	1	T 300	230	40	40	P 288	224	64	64	
1752	1	T 298	231	40	40	P 288	224	64	64	
1753	0	T 296	232	40	40	
1754	0	T 294	233	40	40	
1755	0	T 292	234	40	40	
1756	1	T 290	235	40	40	P 272	224	64	64	
1757	1	T 288	236	40	40	P 272	224	64	64	
1758	1	T 286	237	40	40	P 272	224	64	64	
1759	1	T 284	238	40	40	P 272	224	64	64	
1760	1	T 282	239	40	40	P 272	224	64	64	
1761	1	T 280	240	40	40	P 272	224	64	64	
1762	0	T 278	241	40	40	
1763	0	T 276	242	40	40	
1764	0	T 274	243	40	40	
1765	0	T 272	244	40	40	
1766	0	T 270	245	40	40	
1767	1	T 268	246	40	40	P 256	240	64	64	
1768	1	T 266	247	40	40	P 256	240	64	64	
1769	0	T 264	248	40	40	
1770	0	T 262	249	40	40	
1771	0	T 260	250	40	40	
1772	1	T 258	251	40	40	P 240	240	64	64	
1773	1	T 256	252	40	40	P 240	240	64	64	
1774	1	T 254	253	40	40	P 240	240	64	64	
1775	1	T 252	254	40	40	P 240	240	64	64	
1776	1	T 250	255	40	40	P 240	240	64	64	
1777	1	T 248	256	40	40	P 240	240	64	64	
1778	0	T 246	257	40	40	
1779	0	T 244	258	40	40	
1780	0	T 242	259	40	40	
1781	0	T 240	260	40	40	
1782	0	T 238	261	40	40	
1783	1	T 236	262	40	40	P 224	256	64	64	
1784	1	T 234	263	40	40	P 224	256	64	64	
1785	0	T 232	264	40	40	
1786	0	T 230	265	40	40	
1787	0	T 228	266	40	40	
1788	1	T 226	267	40	40	P 208	256	64	64	
1789	1	T 224	268	40	40	P 208	256	64	64	
1790	1	T 222	269	40	40	P 208	256	64	64	
1791	1	T 220	270	40	40	P 208	256	64	64	
1792	1	T 218	271	40	40	P 208	256	64	64	
1793	1	T 216	272	40	40	P 208	256	64	64	
1794	0	T 214	273	40	40	
1795	0	T 212	274	40	40	
1796	0	T 210	275	40	40	
1797	0	T 208	276	40	40	
1798	0	T 206	277	40	40	
1799	0	T 204	278	40	40	
1800	1	T 202	279	40	40	P 192	272	64	64	
1801	1	T 200	280	40	40	P 192	272	64	64	
1802	0	T 198	281	40	40	
1803	0	T 196	282	40	40	
1804	0	T 194	283	40	40	
1805	1	T 192	284	40	40	P 176	272	64	64	
1806	1	T 190	285	40	40	P 176	272	64	64	
1807	1	T 188	286	40	40	P 176	272	64	64	
1808	1	T 186	287	40	40	P 176	272	64	64	
1809	1	T 184	288	40	40	P 176	272	64	64	
1810	0	T 182	289	40	40	
1811	0	T 180	290	40	40	
1812	0	T 178	291	40	40	
1813	0	T 176	292	40	40	
1814	0	T 174	293	40	40	
1815	1	T 172	294	40	40	P 160	288	64	64	
1816	1	T 170	295	40	40	P 160	288	64	64	
1817	0	T 168	296	40	40	
1818	0	T 166	297	40	40	
1819	0	T 164	298	40	40	
1820	1	T 162	299	40	40	P 144	288	64	64	
1821	1	T 160	300	40	40	P 144	288	64	64	
1822	1	T 158	301	40	40	P 144	288	64	64	
1823	1	T 156	302	40	40	P 144	288	64	64	
1824	1	T 154	303	40	40	P 144	288	64	64	
1825	1	T 152	304	40	40	P 144	288	64	64	
1826	0	T 150	305	40	40	
1827	0	T 148	306	40	40	
1828	0	T 146	307	40	40	
1829	0	T 144	308	40	40	
1830	0	T 142	309	40	40	
1831	1	T 140	310	40	40	P 128	304	64	64	
1832	1	T 138	311	40	40	P 128	304	64	64	
1833	1	T 136	312	40	40	P 128	304	64	64	
1834	0	T 134	313	40	40	
1835	0	T 132	314	40	40	
1836	1	T 130	315	40	40	P 112	304	64	64	
1837	1	T 128	316	40	40	P 112	304	64	64	
1838	1	T 126	317	40	40	P 112	304	64	64	
1839	1	T 124	318	40	40	P 112	304	64	64	
1840	1	T 122	319	40	40	P 112	304	64	64	
1841	1	T 120	320	40	40	P 112	304	64	64	
1842	0	T 118	321	40	40	
1843	0	T 116	322	40	40	
1844	0	T 114	323	40	40	
1845	0	T 112	324	40	40	
1846	0	T 110	325	40	40	
1847	1	T 108	326	40	40	P 96	320	64	64	
1848	1	T 106	327	40	40	P 96	320	64	64	
1849	0	T 104	328	40	40	
1850	0	T 102	329	40	40	
1851	0	T 100	330	40	40	
1852	0	T 98	331	40	40	
1853	1	T 96	332	40	40	P 80	320	64	64	
1854	1	T 94	333	40	40	P 80	320	64	64	
1855	1	T 92	334	40	40	P 80	320	64	64	
1856	1	T 90	335	40	40	P 80	320	64	64	
1857	1	T 88	336	40	40	P 80	320	64	64	
1858	0	T 86	337	40	40	
1859	0	T 84	338	40	40	
1860	0	T 82	339	40	40	
1861	0	T 80	340	40	40	
1862	0	T 78	341	40	40	
1863	0	T 76	342	40	40	
1864	1	T 74	343	40	40	P 64	336	64	64	
1865	1	T 72	344	40	40	P 64	336	64	64	
1866	0	T 70	345	40	40	
1867	0	T 68	346	40	40	
1868	0	T 66	347	40	40	
1869	1	T 64	348	40	40	P 48	336	64	64	
1870	1	T 62	349	40	40	P 48	336	64	64	
1871	1	T 60	350	40	40	P 48	336	64	64	
1872	1	T 58	351	40	40	P 48	336	64	64	
1873	1	T 56	352	40	40	P 48	336	64	64	
1874	0	T 54	353	40	40	
1875	0	T 52	354	40	40	
1876	0	T 50	355	40	40	
1877	0	T 48	356	40	40	
1878	0	T 46	357	40	40	
1879	0	T 44	358	40	40	
1880	1	T 42	359	40	40	P 32	352	64	64	
1881	0	T 40	360	40	40	
1882	0	T 38	361	40	40	
1883	0	T 36	362	40	40	
1884	1	T 34	363	40	40	P 16	352	64	64	
1885	1	T 32	364	40	40	P 16	352	64	64	
1886	1	T 30	365	40	40	P 16	352	64	64	
1887	1	T 28	366	40	40	P 16	352	64	64	
1888	1	T 26	367	40	40	P 16	352	64	64	
1889	0	T 24	368	40	40	
1890	0	T 22	369	40	40	
1891	0	T 20	370	40	40	
1892	0	T 22	371	40	40	
1893	0	T 24	372	40	40	
1894	0	T 26	373	40	40	
1895	0	T 28	374	40	40	
1896	1	T 30	375	40	40	P 16	368	64	64	
1897	1	T 32	376	40	40	P 16	368	64	64	
1898	1	T 34	377	40	40	P 16	368	64	64	
1899	0	T 36	378	40	40	
1900	0	T 38	379	40	40	
1901	1	T 40	380	40	40	P 32	368	64	64	
1902	1	T 42	381	40	40	P 32	368	64	64	
1903	1	T 44	382	40	40	P 32	368	64	64	
1904	1	T 46	383	40	40	P 32	368	64	64	
1905	1	T 48	384	40	40	P 32	368	64	64	
1906	0	T 50	385	40	40	
1907	0	T 52	386	40	40	
1908	0	T 54	387	40	40	
1909	0	T 56	388	40	40	
1910	0	T 58	389	40	40	
1911	0	T 60	390	40	40	
1912	1	T 62	391	40	40	P 48	384	64	64	
1913	1	T 64	392	40	40	P 48	384	64	64	
1914	0	T 66	393	40	40	
1915	0	T 68	394	40	40	
1916	0	T 70	395	40	40	
1917	1	T 72	396	40	40	P 64	384	64	64	
1918	1	T 74	397	40	40	P 64	384	64	64	
1919	1	T 76	398	40	40	P 64	384	64	64	
1920	1	T 78	399	40	40	P 64	384	64	64	
1921	1	T 80	400	40	40	P 64	384	64	64	
1922	0	T 82	401	40	40	
1923	0	T 84	402	40	40	
1924	0	T 86	403	40	40	
1925	0	T 88	404	40	40	
1926	0	T 90	405	40	40	
1927	0	T 92	406	40	40	
1928	1	T 94	407	40	40	P 80	400	64	64	
1929	1	T 96	408	40	40	P 80	400	64	64	
1930	0	T 98	409	40	40	
1931	0	T 100	410	40	40	
1932	0	T 102	411	40	40	
1933	1	T 104	412	40	40	P 96	400	64	64	
1934	1	T 106	413	40	40	P 96	400	64	64	
1935	1	T 108	414	40	40	P 96	400	64	64	
1936	1	T 110	415	40	40	P 96	400	64	64	
1937	1	T 112	416	40	40	P 96	400	64	64	
1938	0	T 114	417	40	40	
1939	0	T 116	418	40	40	
1940	0	T 118	419	40	40	
1941	0	T 120	420	40	40	
1942	0	T 122	419	40	40	
1943	1	T 124	418	40	40	P 112	400	64	64	
1944	1	T 126	417	40	40	P 112	400	64	64	
1945	1	T 128	416	40	40	P 112	400	64	64	
1946	1	T 130	415	40	40	P 112	400	64	64	
1947	0	T 132	414	40	40	
1948	0	T 134	413	40	40	
1949	1	T 136	412	40	40	P 128	400	64	64	
1950	1	T 138	411	40	40	P 128	400	64	64	
1951	1	T 140	410	40	40	P 128	400	64	64	
1952	1	T 142	409	40	40	P 128	400	64	64	
1953	1	T 144	408	40	40	P 128	400	64	64	
1954	0	T 146	407	40	40	
1955	0	T 148	406	40	40	
1956	0	T 150	405	40	40	
1957	0	T 152	404	40	40	
1958	0	T 154	403	40	40	
1959	1	T 156	402	40	40	P 144	384	64	64	
1960	1	T 158	401	40	40	P 144	384	64	64	
1961	1	T 160	400	40	40	P 144	384	64	64	
1962	1	T 162	399	40	40	P 144	384	64	64	
1963	0	T 164	398	40	40	
1964	0	T 166	397	40	40	
1965	1	T 168	396	40	40	P 160	384	64	64	
1966	1	T 170	395	40	40	P 160	384	64	64	
1967	1	T 172	394	40	40	P 160	384	64	64	
1968	1	T 174	393	40	40	P 160	384	64	64	
1969	1	T 176	392	40	40	P 160	384	64	64	
1970	0	T 178	391	40	40	
1971	0	T 180	390	40	40	
1972	0	T 182	389	40	40	
1973	0	T 184	388	40	40	
1974	0	T 186	387	40	40	
1975	1	T 188	386	40	40	P 176	368	64	64	
1976	1	T 190	385	40	40	P 176	368	64	64	
1977	1	T 192	384	40	40	P 176	368	64	64	
1978	1	T 194	383	40	40	P 176	368	64	64	
1979	0	T 196	382	40	40	
1980	0	T 198	381	40	40	
1981	1	T 200	380	40	40	P 192	368	64	64	
1982	1	T 202	379	40	40	P 192	368	64	64	
1983	1	T 204	378	40	40	P 192	368	64	64	
1984	1	T 206	377	40	40	P 192	368	64	64	
1985	1	T 208	376	40	40	P 192	368	64	64	
1986	0	T 210	375	40	40	
1987	0	T 212	374	40	40	
1988	0	T 214	373	40	40	
1989	0	T 216	372	40	40	
1990	0	T 218	371	40	40	
1991	1	T 220	370	40	40	P 208	352	64	64	
1992	1	T 222	369	40	40	P 208	352	64	64	
1993	1	T 224	368	40	40	P 208	352	64	64	
1994	1	T 226	367	40	40	P 208	352	64	64	
1995	0	T 228	366	40	40	
1996	0	T 230	365	40	40	
1997	1	T 232	364	40	40	P 224	352	64	64	
1998	1	T 234	363	40	40	P 224	352	64	64	
1999	1	T 236	362	40	40	P 224	352	64	64	
2000	1	T 238	361	40	40	P 224	352	64	64	
