1	0	T 80	80	40	40	
2	0	T 82	81	40	40	
3	0	T 84	82	40	40	
4	0	T 86	83	40	40	
5	0	T 88	84	40	40	
6	0	T 90	85	40	40	
7	0	T 92	86	40	40	
8	0	T 94	87	40	40	
9	0	T 96	88	40	40	
10	0	T 98	89	40	40	
11	0	T 100	90	40	40	
12	0	T 102	91	40	40	
13	0	T 104	92	40	40	
14	0	T 106	93	40	40	
15	0	T 108	94	40	40	
16	0	T 110	95	40	40	
17	0	T 112	96	40	40	
18	0	T 114	97	40	40	
19	0	T 116	98	40	40	
20	0	T 118	99	40	40	
21	0	T 120	100	40	40	
22	0	T 122	101	40	40	
23	0	T 124	102	40	40	
24	0	T 126	103	40	40	
25	0	T 128	104	40	40	
26	0	T 130	105	40	40	
27	1	T 132	106	40	40	P 132	106	39	40	
28	2	T 134	107	40	40	P 106	94	39	38	P 92	86	39	39	
29	3	T 136	108	40	40	P 82	82	38	38	P 92	86	39	38	P 136	108	39	39	
30	3	T 138	109	40	40	P 110	96	38	39	P 92	86	39	38	P 166	106	3	39	
31	2	T 140	110	40	40	P 134	108	39	38	P 140	110	38	39	
32	2	T 142	111	40	40	P 142	112	39	38	P 140	110	38	39	
33	1	T 144	112	40	40	P 142	112	39	38	
34	0	T 146	113	40	40	
35	0	T 148	114	40	40	
36	0	T 150	115	40	40	
37	0	T 152	116	40	40	
38	0	T 154	117	40	40	
39	0	T 156	118	40	40	
40	0	T 158	119	40	40	
41	0	T 160	120	40	40	
42	0	T 162	121	40	40	
43	0	T 164	122	40	40	
44	0	T 166	123	40	40	
45	0	T 168	124	40	40	
46	0	T 170	125	40	40	
47	0	T 172	126	40	40	
48	0	T 174	127	40	40	
49	0	T 176	128	40	40	
50	0	T 178	129	40	40	
51	0	T 180	130	40	40	
52	0	T 182	131	40	40	
53	0	T 184	132	40	40	
54	0	T 186	133	40	40	
55	0	T 188	134	40	40	
56	0	T 190	135	40	40	
57	0	T 192	136	40	40	
58	0	T 194	137	40	40	
59	0	T 196	138	40	40	
60	2	T 198	139	40	40	P 164	122	40	39	P 164	122	40	39	
61	2	T 200	140	40	40	P 170	126	39	38	P 182	132	38	38	
62	2	T 202	141	40	40	P 186	134	38	38	P 196	138	39	39	
63	2	T 204	142	40	40	P 196	138	39	38	P 196	138	39	39	
64	1	T 206	143	40	40	P 196	138	39	38	
65	0	T 208	144	40	40	
66	0	T 210	145	40	40	
67	0	T 212	146	40	40	
68	0	T 214	147	40	40	
69	0	T 216	148	40	40	
70	0	T 218	149	40	40	
71	0	T 220	150	40	40	
72	0	T 222	151	40	40	
73	0	T 224	152	40	40	
74	0	T 226	153	40	40	
75	0	T 228	154	40	40	
76	0	T 230	155	40	40	
77	0	T 232	156	40	40	
78	0	T 234	157	40	40	
79	0	T 236	158	40	40	
80	0	T 238	159	40	40	
81	0	T 240	160	40	40	
82	0	T 242	161	40	40	
83	0	T 244	162	40	40	
84	0	T 246	163	40	40	
85	0	T 248	164	40	40	
86	0	T 250	165	40	40	
87	2	T 252	166	40	40	P 236	158	39	39	P 236	158	39	39	
88	2	T 254	167	40	40	P 254	168	38	38	P 236	158	39	39	
89	1	T 256	168	40	40	P 256	168	38	38	
90	1	T 258	169	40	40	P 256	168	38	38	
91	0	T 260	170	40	40	
92	0	T 262	171	40	40	
93	0	T 264	172	40	40	
94	1	T 266	173	40	40	P 262	170	40	40	
95	1	T 268	174	40	40	P 262	170	40	40	
96	1	T 270	175	40	40	P 262	170	39	40	
97	1	T 272	176	40	40	P 270	176	39	38	
98	1	T 274	177	40	40	P 270	176	40	38	
99	1	T 276	178	40	40	P 270	176	40	38	
100	0	T 278	179	40	40	
101	1	T 280	180	40	40	P 280	180	38	38	
102	1	T 282	181	40	40	P 280	180	38	38	
103	0	T 284	182	40	40	
104	0	T 286	183	40	40	
105	0	T 288	184	40	40	
106	0	T 290	185	40	40	
107	1	T 292	186	40	40	P 292	186	38	38	
108	1	T 294	187	40	40	P 312	178	3	38	
109	1	T 296	188	40	40	P 312	178	3	38	
110	0	T 298	189	40	40	
111	0	T 300	190	40	40	
112	0	T 302	191	40	40	
113	0	T 304	192	40	40	
114	0	T 306	193	40	40	
115	0	T 308	194	40	40	
116	0	T 310	195	40	40	
117	0	T 312	196	40	40	
118	0	T 314	197	40	40	
119	0	T 316	198	40	40	
120	0	T 318	199	40	40	
121	0	T 320	200	40	40	
122	0	T 322	201	40	40	
123	0	T 324	202	40	40	
124	0	T 326	203	40	40	
125	0	T 328	204	40	40	
126	0	T 330	205	40	40	
127	0	T 332	206	40	40	
128	0	T 334	207	40	40	
129	0	T 336	208	40	40	
130	0	T 338	209	40	40	
131	0	T 340	210	40	40	
132	0	T 342	211	40	40	
133	0	T 344	212	40	40	
134	0	T 346	213	40	40	
135	0	T 348	214	40	40	
136	0	T 350	215	40	40	
137	0	T 352	216	40	40	
138	0	T 354	217	40	40	
139	0	T 356	218	40	40	
140	0	T 358	219	40	40	
141	0	T 360	220	40	40	
142	0	T 362	221	40	40	
143	2	T 364	222	40	40	P 316	198	39	39	P 316	198	39	39	
144	4	T 366	223	40	40	P 308	194	39	38	P 316	198	39	38	P 324	202	39	39	P 324	202	39	39	
145	4	T 368	224	40	40	P 336	208	40	38	P 336	208	38	39	P 344	212	38	39	P 348	214	39	39	
146	4	T 370	225	40	40	P 358	220	38	38	P 336	208	38	39	P 370	226	39	38	P 348	214	39	39	
147	2	T 372	226	40	40	P 358	220	38	38	P 370	226	39	38	
148	0	T 374	227	40	40	
149	0	T 376	228	40	40	
150	0	T 378	229	40	40	
151	0	T 380	230	40	40	
152	0	T 382	231	40	40	
153	0	T 384	232	40	40	
154	0	T 386	233	40	40	
155	0	T 388	234	40	40	
156	0	T 390	235	40	40	
157	0	T 392	236	40	40	
158	0	T 394	237	40	40	
159	1	T 396	238	40	40	P 382	230	39	41	
160	1	T 398	239	40	40	P 380	230	39	39	
161	1	T 400	240	40	40	P 382	230	39	41	
162	1	T 402	241	40	40	P 390	235	39	39	
163	1	T 404	242	40	40	P 390	236	39	38	
164	1	T 406	243	40	40	P 404	242	38	38	
165	1	T 408	244	40	40	P 406	244	38	38	
166	1	T 410	245	40	40	P 406	244	38	38	
167	0	T 412	246	40	40	
168	0	T 414	247	40	40	
169	0	T 416	248	40	40	
170	0	T 418	249	40	40	
171	0	T 420	250	40	40	
172	0	T 422	251	40	40	
173	0	T 424	252	40	40	
174	0	T 426	253	40	40	
175	0	T 428	254	40	40	
176	0	T 430	255	40	40	
177	0	T 432	256	40	40	
178	0	T 434	257	40	40	
179	0	T 436	258	40	40	
180	0	T 438	259	40	40	
181	0	T 440	260	40	40	
182	0	T 442	261	40	40	
183	0	T 444	262	40	40	
184	0	T 446	263	40	40	
185	0	T 448	264	40	40	
186	0	T 450	265	40	40	
187	0	T 452	266	40	40	
188	0	T 454	267	40	40	
189	0	T 456	268	40	40	
190	0	T 458	269	40	40	
191	0	T 460	270	40	40	
192	0	T 462	271	40	40	
193	0	T 464	272	40	40	
194	0	T 466	273	40	40	
195	0	T 468	274	40	40	
196	0	T 470	275	40	40	
197	0	T 472	276	40	40	
198	0	T 474	277	40	40	
199	0	T 476	278	40	40	
200	0	T 478	279	40	40	
201	0	T 480	280	40	40	
202	0	T 482	281	40	40	
203	0	T 484	282	40	40	
204	0	T 486	283	40	40	
205	0	T 488	284	40	40	
206	0	T 490	285	40	40	
207	0	T 492	286	40	40	
208	0	T 494	287	40	40	
209	0	T 496	288	40	40	
210	0	T 498	289	40	40	
211	1	T 500	290	40	40	P 500	290	39	39	
212	1	T 502	291	40	40	P 470	276	40	38	
213	1	T 504	292	40	40	P 440	260	40	38	
214	1	T 506	293	40	40	P 416	248	38	38	
215	1	T 508	294	40	40	P 498	289	39	39	
216	1	T 510	295	40	40	P 476	278	38	39	
217	1	T 512	296	40	40	P 450	266	39	38	
218	1	T 514	297	40	40	P 418	250	40	38	
219	1	T 516	298	40	40	P 418	250	39	38	
220	1	T 518	299	40	40	P 428	254	38	38	
221	1	T 520	300	40	40	P 504	292	39	39	
222	1	T 522	301	40	40	P 484	282	39	38	
223	1	T 524	302	40	40	P 490	286	40	38	
224	1	T 526	303	40	40	P 496	288	40	38	
225	1	T 528	304	40	40	P 500	290	39	38	
226	1	T 530	305	40	40	P 510	296	38	38	
227	1	T 532	306	40	40	P 522	302	39	38	
228	1	T 534	307	40	40	P 524	302	38	40	
229	1	T 536	308	40	40	P 524	302	38	40	
230	1	T 538	309	40	40	P 538	310	39	38	
231	1	T 540	310	40	40	P 538	310	39	38	
232	0	T 542	311	40	40	
233	0	T 544	312	40	40	
234	0	T 546	313	40	40	
235	0	T 548	314	40	40	
236	0	T 550	315	40	40	
237	0	T 552	316	40	40	
238	0	T 554	317	40	40	
239	0	T 556	318	40	40	
240	0	T 558	319	40	40	
241	0	T 560	320	40	40	
242	0	T 562	321	40	40	
243	0	T 564	322	40	40	
244	0	T 566	323	40	40	
245	0	T 568	324	40	40	
246	0	T 570	325	40	40	
247	0	T 572	326	40	40	
248	0	T 574	327	40	40	
249	0	T 576	328	40	40	
250	0	T 578	329	40	40	
251	0	T 580	330	40	40	
252	0	T 582	331	40	40	
253	0	T 584	332	40	40	
254	0	T 586	333	40	40	
255	0	T 588	334	40	40	
256	0	T 590	335	40	40	
257	0	T 592	336	40	40	
258	0	T 594	337	40	40	
259	0	T 596	338	40	40	
260	0	T 598	339	40	40	
261	0	T 600	340	40	40	
262	0	T 602	341	40	40	
263	0	T 604	342	40	40	
264	2	T 606	343	40	40	P 566	323	39	39	P 566	323	39	39	
265	2	T 608	344	40	40	P 572	326	38	39	P 576	328	38	40	
266	2	T 610	345	40	40	P 596	338	38	38	P 576	328	38	40	
267	1	T 612	346	40	40	P 608	344	38	38	
268	1	T 614	347	40	40	P 614	348	39	38	
269	1	T 616	348	40	40	P 614	348	39	38	
270	0	T 618	349	40	40	
271	0	T 620	350	40	40	
272	0	T 622	351	40	40	
273	0	T 624	352	40	40	
274	0	T 626	353	40	40	
275	0	T 628	354	40	40	
276	0	T 630	355	40	40	
277	0	T 632	356	40	40	
278	0	T 634	357	40	40	
279	0	T 636	358	40	40	
280	0	T 638	359	40	40	
281	0	T 640	360	40	40	
282	0	T 642	361	40	40	
283	0	T 644	362	40	40	
284	0	T 646	363	40	40	
285	0	T 648	364	40	40	
286	0	T 650	365	40	40	
287	0	T 652	366	40	40	
288	0	T 654	367	40	40	
289	0	T 656	368	40	40	
290	0	T 658	369	40	40	
291	0	T 660	370	40	40	
292	0	T 658	371	40	40	
293	0	T 656	372	40	40	
294	0	T 654	373	40	40	
295	0	T 652	374	40	40	
296	0	T 650	375	40	40	
297	0	T 648	376	40	40	
298	0	T 646	377	40	40	
299	0	T 644	378	40	40	
300	0	T 642	379	40	40	
301	0	T 640	380	40	40	
302	0	T 638	381	40	40	
303	0	T 636	382	40	40	
304	0	T 634	383	40	40	
305	0	T 632	384	40	40	
306	0	T 630	385	40	40	
307	0	T 628	386	40	40	
308	0	T 626	387	40	40	
309	0	T 624	388	40	40	
310	0	T 622	389	40	40	
311	0	T 620	390	40	40	
312	0	T 618	391	40	40	
313	0	T 616	392	40	40	
314	0	T 614	393	40	40	
315	0	T 612	394	40	40	
316	0	T 610	395	40	40	
317	1	T 608	396	40	40	P 608	396	39	40	
318	3	T 606	397	40	40	P 636	382	39	38	P 648	364	39	39	P 648	364	39	39	
319	3	T 604	398	40	40	P 628	354	40	38	P 632	356	38	40	P 636	358	38	39	
320	3	T 602	399	40	40	P 640	360	38	39	P 642	362	39	38	P 650	366	39	38	
321	3	T 600	400	40	40	P 652	366	39	38	P 656	368	39	38	P 652	374	39	38	
322	3	T 598	401	40	40	P 652	374	39	39	P 650	376	39	38	P 648	376	38	38	
323	3	T 596	402	40	40	P 632	384	39	38	P 632	384	39	39	P 626	388	40	38	
324	3	T 594	403	40	40	P 614	394	40	38	P 612	394	38	39	P 604	398	38	38	
325	3	T 592	404	40	40	P 602	400	37	40	P 612	394	38	39	P 604	398	38	38	
326	1	T 590	405	40	40	P 602	400	37	40	
327	0	T 588	406	40	40	
328	0	T 586	407	40	40	
329	0	T 584	408	40	40	
330	0	T 582	409	40	40	
331	0	T 580	410	40	40	
332	0	T 578	411	40	40	
333	0	T 576	412	40	40	
334	0	T 574	413	40	40	
335	0	T 572	414	40	40	
336	0	T 570	415	40	40	
337	0	T 568	416	40	40	
338	0	T 566	417	40	40	
339	0	T 564	418	40	40	
340	0	T 562	419	40	40	
341	0	T 560	420	40	40	
342	0	T 558	419	40	40	
343	1	T 556	418	40	40	P 560	420	40	39	
344	1	T 554	417	40	40	P 584	408	39	39	
345	1	T 552	416	40	40	P 566	418	38	38	
346	1	T 550	415	40	40	P 562	418	39	40	
347	1	T 548	414	40	40	P 564	418	38	38	
348	1	T 546	413	40	40	P 552	416	38	39	
349	1	T 544	412	40	40	P 544	412	39	40	
350	2	T 542	411	40	40	P 546	414	39	38	P 542	411	40	39	
351	2	T 540	410	40	40	P 540	410	39	39	P 542	411	40	39	
352	1	T 538	409	40	40	P 540	410	39	39	
353	0	T 536	408	40	40	
354	0	T 534	407	40	40	
355	0	T 532	406	40	40	
356	0	T 530	405	40	40	
357	0	T 528	404	40	40	
358	0	T 526	403	40	40	
359	0	T 524	402	40	40	
360	0	T 522	401	40	40	
361	0	T 520	400	40	40	
362	0	T 518	399	40	40	
363	0	T 516	398	40	40	
364	0	T 514	397	40	40	
365	0	T 512	396	40	40	
366	0	T 510	395	40	40	
367	0	T 508	394	40	40	
368	0	T 506	393	40	40	
369	0	T 504	392	40	40	
370	0	T 502	391	40	40	
371	0	T 500	390	40	40	
372	0	T 498	389	40	40	
373	0	T 496	388	40	40	
374	0	T 494	387	40	40	
375	1	T 492	386	40	40	P 492	386	39	40	
376	1	T 490	385	40	40	P 490	386	39	38	
377	1	T 488	384	40	40	P 490	386	39	38	
378	0	T 486	383	40	40	
379	0	T 484	382	40	40	
380	0	T 482	381	40	40	
381	0	T 480	380	40	40	
382	0	T 478	379	40	40	
383	0	T 476	378	40	40	
384	0	T 474	377	40	40	
385	0	T 472	376	40	40	
386	0	T 470	375	40	40	
387	0	T 468	374	40	40	
388	0	T 466	373	40	40	
389	0	T 464	372	40	40	
390	0	T 462	371	40	40	
391	0	T 460	370	40	40	
392	0	T 458	369	40	40	
393	0	T 456	368	40	40	
394	0	T 454	367	40	40	
395	1	T 452	366	40	40	P 452	366	39	39	
396	1	T 450	365	40	40	P 476	378	38	38	
397	1	T 448	364	40	40	P 464	372	38	38	
398	1	T 446	363	40	40	P 464	372	38	39	
399	1	T 444	362	40	40	P 456	368	39	38	
400	1	T 442	361	40	40	P 450	366	39	38	
401	1	T 440	360	40	40	P 440	360	38	38	
402	1	T 438	359	40	40	P 438	360	38	38	
403	1	T 436	358	40	40	P 438	360	38	38	
404	1	T 434	357	40	40	P 434	356	40	40	
405	1	T 432	356	40	40	P 434	356	40	40	
406	0	T 430	355	40	40	
407	1	T 428	354	40	40	P 428	354	39	40	
408	1	T 426	353	40	40	P 426	354	40	38	
409	1	T 424	352	40	40	P 426	354	40	38	
410	1	T 422	351	40	40	P 422	352	40	38	
411	1	T 420	350	40	40	P 422	352	40	38	
412	1	T 418	349	40	40	P 418	348	38	40	
413	1	T 416	348	40	40	P 418	348	38	40	
414	0	T 414	347	40	40	
415	0	T 412	346	40	40	
416	0	T 410	345	40	40	
417	1	T 408	344	40	40	P 428	254	38	39	
418	2	T 406	343	40	40	P 434	258	40	36	P 524	402	38	39	
419	2	T 404	342	40	40	P 452	266	39	38	P 532	406	38	38	
420	2	T 402	341	40	40	P 452	266	39	38	P 532	406	38	38	
421	0	T 400	340	40	40	
422	0	T 398	339	40	40	
423	0	T 396	338	40	40	
424	0	T 394	337	40	40	
425	0	T 392	336	40	40	
426	0	T 390	335	40	40	
427	0	T 388	334	40	40	
428	0	T 386	333	40	40	
429	1	T 384	332	40	40	P 384	332	39	39	
430	1	T 382	331	40	40	P 400	340	38	38	
431	1	T 380	330	40	40	P 388	334	38	38	
432	1	T 378	329	40	40	P 382	332	40	38	
433	1	T 376	328	40	40	P 382	332	40	38	
434	0	T 374	327	40	40	
435	0	T 372	326	40	40	
436	0	T 370	325	40	40	
437	0	T 368	324	40	40	
438	0	T 366	323	40	40	
439	0	T 364	322	40	40	
440	0	T 362	321	40	40	
441	0	T 360	320	40	40	
442	0	T 358	319	40	40	
443	2	T 356	318	40	40	P 446	345	3	39	P 446	345	3	39	
444	2	T 354	317	40	40	P 446	345	3	39	P 446	345	3	39	
445	0	T 352	316	40	40	
446	0	T 350	315	40	40	
447	0	T 348	314	40	40	
448	0	T 346	313	40	40	
449	0	T 344	312	40	40	
450	0	T 342	311	40	40	
451	0	T 340	310	40	40	
452	0	T 338	309	40	40	
453	0	T 336	308	40	40	
454	0	T 334	307	40	40	
455	0	T 332	306	40	40	
456	0	T 330	305	40	40	
457	0	T 328	304	40	40	
458	0	T 326	303	40	40	
459	0	T 324	302	40	40	
460	0	T 322	301	40	40	
461	0	T 320	300	40	40	
462	1	T 318	299	40	40	P 318	299	40	39	
463	1	T 316	298	40	40	P 332	306	38	38	
464	1	T 314	297	40	40	P 362	322	39	38	
465	1	T 312	296	40	40	P 362	322	39	38	
466	0	T 310	295	40	40	
467	0	T 308	294	40	40	
468	0	T 306	293	40	40	
469	0	T 304	292	40	40	
470	0	T 302	291	40	40	
471	0	T 300	290	40	40	
472	0	T 298	289	40	40	
473	1	T 296	288	40	40	P 296	288	38	39	
474	1	T 294	287	40	40	P 316	298	39	38	
475	1	T 292	286	40	40	P 330	306	38	38	
476	1	T 290	285	40	40	P 342	293	3	39	
477	1	T 288	284	40	40	P 342	293	3	39	
478	0	T 286	283	40	40	
479	0	T 284	282	40	40	
480	0	T 282	281	40	40	
481	0	T 280	280	40	40	
482	0	T 278	279	40	40	
483	0	T 276	278	40	40	
484	0	T 274	277	40	40	
485	0	T 272	276	40	40	
486	0	T 270	275	40	40	
487	0	T 268	274	40	40	
488	0	T 266	273	40	40	
489	0	T 264	272	40	40	
490	0	T 262	271	40	40	
491	0	T 260	270	40	40	
492	0	T 258	269	40	40	
493	0	T 256	268	40	40	
494	0	T 254	267	40	40	
495	0	T 252	266	40	40	
496	0	T 250	265	40	40	
497	0	T 248	264	40	40	
498	0	T 246	263	40	40	
499	0	T 244	262	40	40	
500	0	T 242	261	40	40	
501	0	T 240	260	40	40	
502	0	T 238	259	40	40	
503	0	T 236	258	40	40	
504	0	T 234	257	40	40	
505	0	T 232	256	40	40	
506	0	T 230	255	40	40	
507	0	T 228	254	40	40	
508	1	T 226	253	40	40	P 246	262	38	40	
509	3	T 224	252	40	40	P 252	266	39	39	P 246	262	38	40	P 246	262	38	40	
510	3	T 222	251	40	40	P 282	282	38	38	P 244	262	38	38	P 242	262	39	38	
511	3	T 220	250	40	40	P 220	250	39	39	P 234	258	39	38	P 242	262	39	38	
512	2	T 218	249	40	40	P 220	250	39	39	P 234	258	39	38	
513	1	T 216	248	40	40	P 216	248	39	38	
514	1	T 214	247	40	40	P 216	248	39	38	
515	0	T 212	246	40	40	
516	0	T 210	245	40	40	
517	0	T 208	244	40	40	
518	0	T 206	243	40	40	
519	0	T 204	242	40	40	
520	0	T 202	241	40	40	
521	0	T 200	240	40	40	
522	0	T 198	239	40	40	
523	0	T 196	238	40	40	
524	0	T 194	237	40	40	
525	0	T 192	236	40	40	
526	0	T 190	235	40	40	
527	0	T 188	234	40	40	
528	0	T 186	233	40	40	
529	0	T 184	232	40	40	
530	0	T 182	231	40	40	
531	0	T 180	230	40	40	
532	0	T 178	229	40	40	
533	0	T 176	228	40	40	
534	0	T 174	227	40	40	
535	0	T 172	226	40	40	
536	0	T 170	225	40	40	
537	0	T 168	224	40	40	
538	1	T 166	223	40	40	P 166	222	40	40	
539	1	T 164	222	40	40	P 196	238	38	38	
540	1	T 162	221	40	40	P 184	232	39	39	
541	1	T 160	220	40	40	P 196	238	38	39	
542	1	T 158	219	40	40	P 186	234	39	38	
543	1	T 156	218	40	40	P 184	232	39	38	
544	1	T 154	217	40	40	P 176	228	39	38	
545	1	T 152	216	40	40	P 170	226	40	38	
546	1	T 150	215	40	40	P 162	222	39	38	
547	1	T 148	214	40	40	P 162	222	39	38	
548	1	T 146	213	40	40	P 146	212	38	40	
549	1	T 144	212	40	40	P 146	212	38	40	
550	1	T 142	211	40	40	P 142	212	39	38	
551	1	T 140	210	40	40	P 142	212	39	38	
552	0	T 138	209	40	40	
553	0	T 136	208	40	40	
554	0	T 134	207	40	40	
555	0	T 132	206	40	40	
556	0	T 130	205	40	40	
557	0	T 128	204	40	40	
558	0	T 126	203	40	40	
559	0	T 124	202	40	40	
560	0	T 122	201	40	40	
561	0	T 120	200	40	40	
562	0	T 118	199	40	40	
563	0	T 116	198	40	40	
564	0	T 114	197	40	40	
565	0	T 112	196	40	40	
566	0	T 110	195	40	40	
567	0	T 108	194	40	40	
568	0	T 106	193	40	40	
569	0	T 104	192	40	40	
570	0	T 102	191	40	40	
571	0	T 100	190	40	40	
572	0	T 98	189	40	40	
573	0	T 96	188	40	40	
574	0	T 94	187	40	40	
575	0	T 92	186	40	40	
576	0	T 90	185	40	40	
577	0	T 88	184	40	40	
578	0	T 86	183	40	40	
579	1	T 84	182	40	40	P 84	182	39	40	
580	1	T 82	181	40	40	P 102	192	39	38	
581	1	T 80	180	40	40	P 132	206	39	39	
582	1	T 78	179	40	40	P 120	200	38	38	
583	1	T 76	178	40	40	P 120	200	38	39	
584	1	T 74	177	40	40	P 120	200	38	39	
585	0	T 72	176	40	40	
586	0	T 70	175	40	40	
587	0	T 68	174	40	40	
588	0	T 66	173	40	40	
589	0	T 64	172	40	40	
590	0	T 62	171	40	40	
591	0	T 60	170	40	40	
592	0	T 58	169	40	40	
593	0	T 56	168	40	40	
594	0	T 54	167	40	40	
595	0	T 52	166	40	40	
596	0	T 50	165	40	40	
597	0	T 48	164	40	40	
598	0	T 46	163	40	40	
599	0	T 44	162	40	40	
600	0	T 42	161	40	40	
601	0	T 40	160	40	40	
602	0	T 38	159	40	40	
603	0	T 36	158	40	40	
604	0	T 34	157	40	40	
605	0	T 32	156	40	40	
606	0	T 30	155	40	40	
607	0	T 28	154	40	40	
608	0	T 26	153	40	40	
609	0	T 24	152	40	40	
610	0	T 22	151	40	40	
611	0	T 20	150	40	40	
612	0	T 22	149	40	40	
613	0	T 24	148	40	40	
614	0	T 26	147	40	40	
615	0	T 28	146	40	40	
616	0	T 30	145	40	40	
617	2	T 32	144	40	40	P 28	146	39	40	P 28	146	39	40	
618	2	T 34	143	40	40	P 52	166	39	38	P 52	166	39	39	
619	2	T 36	142	40	40	P 46	164	38	38	P 42	162	39	38	
620	2	T 38	141	40	40	P 28	154	39	39	P 30	156	39	38	
621	2	T 40	140	40	40	P 28	154	39	38	P 26	154	39	38	
622	2	T 42	139	40	40	P 22	150	39	38	P 26	154	39	38	
623	1	T 44	138	40	40	P 44	138	39	40	
624	1	T 46	137	40	40	P 70	143	3	39	
625	1	T 48	136	40	40	P 48	136	39	39	
626	1	T 50	135	40	40	P 48	136	39	39	
627	0	T 52	134	40	40	
628	0	T 54	133	40	40	
629	0	T 56	132	40	40	
630	0	T 58	131	40	40	
631	0	T 60	130	40	40	
632	0	T 62	129	40	40	
633	0	T 64	128	40	40	
634	0	T 66	127	40	40	
635	0	T 68	126	40	40	
636	0	T 70	125	40	40	
637	0	T 72	124	40	40	
638	0	T 74	123	40	40	
639	0	T 76	122	40	40	
640	0	T 78	121	40	40	
641	1	T 80	120	40	40	P 80	120	40	39	
642	1	T 82	119	40	40	P 62	130	39	38	
643	1	T 84	118	40	40	P 68	126	38	38	
644	1	T 86	117	40	40	P 68	126	38	39	
645	1	T 88	116	40	40	P 72	124	39	38	
646	1	T 90	115	40	40	P 82	120	38	38	
647	1	T 92	114	40	40	P 90	114	39	40	
648	1	T 94	113	40	40	P 92	114	38	39	
649	1	T 96	112	40	40	P 92	114	38	39	
650	0	T 98	111	40	40	
651	0	T 100	110	40	40	
652	0	T 102	109	40	40	
653	0	T 104	108	40	40	
654	0	T 106	107	40	40	
655	0	T 108	106	40	40	
656	0	T 110	105	40	40	
657	0	T 112	104	40	40	
658	0	T 114	103	40	40	
659	0	T 116	102	40	40	
660	0	T 118	101	40	40	
661	0	T 120	100	40	40	
662	0	T 122	99	40	40	
663	0	T 124	98	40	40	
664	0	T 126	97	40	40	
665	0	T 128	96	40	40	
666	0	T 130	95	40	40	
667	0	T 132	94	40	40	
668	0	T 134	93	40	40	
669	0	T 136	92	40	40	
670	0	T 138	91	40	40	
671	0	T 140	90	40	40	
672	0	T 142	89	40	40	
673	0	T 144	88	40	40	
674	0	T 146	87	40	40	
675	0	T 148	86	40	40	
676	0	T 150	85	40	40	
677	0	T 152	84	40	40	
678	0	T 154	83	40	40	
679	2	T 156	82	40	40	P 112	104	39	39	P 112	104	39	39	
680	2	T 158	81	40	40	P 100	110	40	38	P 100	110	38	39	
681	2	T 160	80	40	40	P 104	108	39	38	P 160	80	40	40	
682	2	T 162	79	40	40	P 114	104	38	38	P 132	94	38	39	
683	2	T 164	78	40	40	P 164	78	39	40	P 124	98	40	38	
684	2	T 166	77	40	40	P 158	82	38	38	P 124	98	40	38	
685	1	T 168	76	40	40	P 158	82	38	38	
686	0	T 170	75	40	40	
687	0	T 172	74	40	40	
688	0	T 174	73	40	40	
689	0	T 176	72	40	40	
690	0	T 178	71	40	40	
691	0	T 180	70	40	40	
692	0	T 182	69	40	40	
693	0	T 184	68	40	40	
694	0	T 186	67	40	40	
695	0	T 188	66	40	40	
696	0	T 190	65	40	40	
697	0	T 192	64	40	40	
698	0	T 194	63	40	40	
699	0	T 196	62	40	40	
700	0	T 198	61	40	40	
701	0	T 200	60	40	40	
702	0	T 202	59	40	40	
703	0	T 204	58	40	40	
704	0	T 206	57	40	40	
705	0	T 208	56	40	40	
706	0	T 210	55	40	40	
707	0	T 212	54	40	40	
708	0	T 214	53	40	40	
709	0	T 216	52	40	40	
710	0	T 218	51	40	40	
711	1	T 220	50	40	40	P 192	64	39	39	
712	1	T 222	49	40	40	P 176	72	39	38	
713	1	T 224	48	40	40	P 180	70	39	38	
714	1	T 226	47	40	40	P 186	68	39	38	
715	1	T 228	46	40	40	P 192	64	39	38	
716	1	T 230	45	40	40	P 192	64	39	39	
717	1	T 232	44	40	40	P 214	54	40	38	
718	1	T 234	43	40	40	P 218	52	39	38	
719	1	T 236	42	40	40	P 220	50	39	39	
720	1	T 238	41	40	40	P 222	50	39	38	
721	1	T 240	40	40	40	P 232	44	39	39	
722	1	T 242	39	40	40	P 236	42	38	39	
723	1	T 244	38	40	40	P 236	42	38	39	
724	0	T 246	37	40	40	
725	0	T 248	36	40	40	
726	0	T 250	35	40	40	
727	0	T 252	34	40	40	
728	0	T 254	33	40	40	
729	0	T 256	32	40	40	
730	0	T 258	31	40	40	
731	0	T 260	30	40	40	
732	0	T 262	29	40	40	
733	0	T 264	28	40	40	
734	0	T 266	27	40	40	
735	0	T 268	26	40	40	
736	0	T 270	25	40	40	
737	0	T 272	24	40	40	
738	0	T 274	23	40	40	
739	0	T 276	22	40	40	
740	0	T 278	21	40	40	
741	0	T 280	20	40	40	
742	0	T 282	21	40	40	
743	0	T 284	22	40	40	
744	0	T 286	23	40	40	
745	0	T 288	24	40	40	
746	0	T 290	25	40	40	
747	2	T 292	26	40	40	P 248	36	39	39	P 248	36	39	39	
748	2	T 294	27	40	40	P 248	36	39	38	P 250	36	39	38	
749	2	T 296	28	40	40	P 260	30	38	38	P 260	30	40	38	
750	2	T 298	29	40	40	P 264	28	39	38	P 266	28	40	38	
751	2	T 300	30	40	40	P 290	26	39	38	P 296	28	38	38	
752	2	T 302	31	40	40	P 298	30	38	38	P 296	28	38	38	
753	1	T 304	32	40	40	P 298	30	38	38	
754	0	T 306	33	40	40	
755	0	T 308	34	40	40	
756	0	T 310	35	40	40	
757	0	T 312	36	40	40	
758	0	T 314	37	40	40	
759	0	T 316	38	40	40	
760	0	T 318	39	40	40	
761	0	T 320	40	40	40	
762	0	T 322	41	40	40	
763	1	T 324	42	40	40	P 324	42	40	39	
764	1	T 326	43	40	40	P 318	40	39	38	
765	1	T 328	44	40	40	P 322	42	39	38	
766	1	T 330	45	40	40	P 326	44	39	38	
767	1	T 332	46	40	40	P 326	44	39	38	
768	0	T 334	47	40	40	
769	0	T 336	48	40	40	
770	0	T 338	49	40	40	
771	0	T 340	50	40	40	
772	0	T 342	51	40	40	
773	0	T 344	52	40	40	
774	0	T 346	53	40	40	
775	0	T 348	54	40	40	
776	0	T 350	55	40	40	
777	0	T 352	56	40	40	
778	0	T 354	57	40	40	
779	0	T 356	58	40	40	
780	0	T 358	59	40	40	
781	0	T 360	60	40	40	
782	0	T 362	61	40	40	
783	0	T 364	62	40	40	
784	0	T 366	63	40	40	
785	0	T 368	64	40	40	
786	0	T 370	65	40	40	
787	0	T 372	66	40	40	
788	0	T 374	67	40	40	
789	0	T 376	68	40	40	
790	0	T 378	69	40	40	
791	0	T 380	70	40	40	
792	0	T 382	71	40	40	
793	0	T 384	72	40	40	
794	0	T 386	73	40	40	
795	0	T 388	74	40	40	
796	0	T 390	75	40	40	
797	0	T 392	76	40	40	
798	0	T 394	77	40	40	
799	0	T 396	78	40	40	
800	0	T 398	79	40	40	
801	0	T 400	80	40	40	
802	0	T 402	81	40	40	
803	0	T 404	82	40	40	
804	0	T 406	83	40	40	
805	0	T 408	84	40	40	
806	0	T 410	85	40	40	
807	0	T 412	86	40	40	
808	0	T 414	87	40	40	
809	0	T 416	88	40	40	
810	0	T 418	89	40	40	
811	0	T 420	90	40	40	
812	0	T 422	91	40	40	
813	1	T 424	92	40	40	P 424	92	40	39	
814	1	T 426	93	40	40	P 404	82	38	39	
815	1	T 428	94	40	40	P 376	68	38	39	
816	1	T 430	95	40	40	P 346	54	39	38	
817	1	T 432	96	40	40	P 342	52	39	38	
818	1	T 434	97	40	40	P 348	54	38	38	
819	1	T 436	98	40	40	P 358	60	40	38	
820	1	T 438	99	40	40	P 362	62	38	38	
821	1	T 440	100	40	40	P 364	62	39	38	
822	1	T 442	101	40	40	P 382	72	39	38	
823	1	T 444	102	40	40	P 382	72	39	38	
824	0	T 446	103	40	40	
825	0	T 448	104	40	40	
826	0	T 450	105	40	40	
827	0	T 452	106	40	40	
828	0	T 454	107	40	40	
829	0	T 456	108	40	40	
830	0	T 458	109	40	40	
831	0	T 460	110	40	40	
832	0	T 462	111	40	40	
833	0	T 464	112	40	40	
834	0	T 466	113	40	40	
835	0	T 468	114	40	40	
836	0	T 470	115	40	40	
837	0	T 472	116	40	40	
838	0	T 474	117	40	40	
839	0	T 476	118	40	40	
840	0	T 478	119	40	40	
841	0	T 480	120	40	40	
842	0	T 482	121	40	40	
843	0	T 484	122	40	40	
844	0	T 486	123	40	40	
845	0	T 488	124	40	40	
846	0	T 490	125	40	40	
847	0	T 492	126	40	40	
848	0	T 494	127	40	40	
849	0	T 496	128	40	40	
850	0	T 498	129	40	40	
851	0	T 500	130	40	40	
852	0	T 502	131	40	40	
853	0	T 504	132	40	40	
854	0	T 506	133	40	40	
855	0	T 508	134	40	40	
856	0	T 510	135	40	40	
857	0	T 512	136	40	40	
858	0	T 514	137	40	40	
859	0	T 516	138	40	40	
860	0	T 518	139	40	40	
861	0	T 520	140	40	40	
862	0	T 522	141	40	40	
863	0	T 524	142	40	40	
864	0	T 526	143	40	40	
865	0	T 528	144	40	40	
866	0	T 530	145	40	40	
867	0	T 532	146	40	40	
868	0	T 534	147	40	40	
869	0	T 536	148	40	40	
870	0	T 538	149	40	40	
871	0	T 540	150	40	40	
872	0	T 542	151	40	40	
873	0	T 544	152	40	40	
874	0	T 546	153	40	40	
875	1	T 548	154	40	40	P 416	88	38	39	
876	1	T 550	155	40	40	P 416	88	38	39	
877	1	T 552	156	40	40	P 432	96	39	38	
878	1	T 554	157	40	40	P 454	108	40	38	
879	1	T 556	158	40	40	P 454	108	39	38	
880	1	T 558	159	40	40	P 474	118	39	38	
881	1	T 560	160	40	40	P 480	120	39	39	
882	1	T 562	161	40	40	P 488	124	39	39	
883	1	T 564	162	40	40	P 508	134	39	39	
884	1	T 566	163	40	40	P 508	134	39	39	
885	0	T 568	164	40	40	
886	0	T 570	165	40	40	
887	0	T 572	166	40	40	
888	0	T 574	167	40	40	
889	0	T 576	168	40	40	
890	0	T 578	169	40	40	
891	0	T 580	170	40	40	
892	1	T 582	171	40	40	P 540	150	39	39	
893	2	T 584	172	40	40	P 540	150	39	38	P 584	172	38	40	
894	2	T 586	173	40	40	P 556	158	39	38	P 562	162	39	38	
895	2	T 588	174	40	40	P 564	162	39	38	P 570	165	38	39	
896	2	T 590	175	40	40	P 564	162	39	38	P 570	165	38	39	
897	1	T 592	176	40	40	P 592	176	39	38	
898	2	T 594	177	40	40	P 614	170	3	39	P 614	170	3	39	
899	2	T 596	178	40	40	P 596	178	40	38	P 614	170	3	39	
900	1	T 598	179	40	40	P 596	178	40	38	
901	1	T 600	180	40	40	P 600	180	38	38	
902	1	T 602	181	40	40	P 602	180	39	40	
903	1	T 604	182	40	40	P 602	180	39	40	
904	1	T 606	183	40	40	P 606	184	39	38	
905	1	T 608	184	40	40	P 608	184	39	38	
906	1	T 610	185	40	40	P 608	184	39	39	
907	1	T 612	186	40	40	P 610	186	38	38	
908	1	T 614	187	40	40	P 614	188	38	38	
909	1	T 616	188	40	40	P 614	188	38	38	
910	0	T 618	189	40	40	
911	0	T 620	190	40	40	
912	0	T 622	191	40	40	
913	0	T 624	192	40	40	
914	0	T 626	193	40	40	
915	0	T 628	194	40	40	
916	0	T 630	195	40	40	
917	0	T 632	196	40	40	
918	0	T 634	197	40	40	
919	0	T 636	198	40	40	
920	0	T 638	199	40	40	
921	3	T 640	200	40	40	P 632	196	40	39	P 636	198	40	40	P 632	196	40	39	
922	3	T 642	201	40	40	P 631	196	39	39	P 632	196	40	38	P 634	198	40	38	
923	3	T 644	202	40	40	P 636	198	40	40	P 638	200	39	38	P 634	198	40	38	
924	2	T 646	203	40	40	P 636	198	40	40	P 638	200	39	38	
925	0	T 648	204	40	40	
926	0	T 650	205	40	40	
927	0	T 652	206	40	40	
928	0	T 654	207	40	40	
929	0	T 656	208	40	40	
930	0	T 658	209	40	40	
931	0	T 660	210	40	40	
932	0	T 658	211	40	40	
933	0	T 656	212	40	40	
934	0	T 654	213	40	40	
935	0	T 652	214	40	40	
936	0	T 650	215	40	40	
937	0	T 648	216	40	40	
938	0	T 646	217	40	40	
939	0	T 644	218	40	40	
940	0	T 642	219	40	40	
941	0	T 640	220	40	40	
942	0	T 638	221	40	40	
943	0	T 636	222	40	40	
944	0	T 634	223	40	40	
945	0	T 632	224	40	40	
946	0	T 630	225	40	40	
947	0	T 628	226	40	40	
948	0	T 626	227	40	40	
949	0	T 624	228	40	40	
950	0	T 622	229	40	40	
951	0	T 620	230	40	40	
952	2	T 618	231	40	40	P 632	224	39	40	P 632	224	39	40	
953	2	T 616	232	40	40	P 650	206	39	38	P 658	212	40	38	
954	2	T 614	233	40	40	P 656	212	39	39	P 648	216	39	38	
955	2	T 612	234	40	40	P 646	216	39	40	P 622	230	39	38	
956	2	T 610	235	40	40	P 620	230	38	39	P 616	232	39	38	
957	2	T 608	236	40	40	P 616	232	39	39	P 608	236	38	38	
958	2	T 606	237	40	40	P 616	232	39	39	P 608	236	38	38	
959	0	T 604	238	40	40	
960	0	T 602	239	40	40	
961	0	T 600	240	40	40	
962	0	T 598	241	40	40	
963	0	T 596	242	40	40	
964	0	T 594	243	40	40	
965	0	T 592	244	40	40	
966	0	T 590	245	40	40	
967	0	T 588	246	40	40	
968	0	T 586	247	40	40	
969	0	T 584	248	40	40	
970	0	T 582	249	40	40	
971	0	T 580	250	40	40	
972	0	T 578	251	40	40	
973	0	T 576	252	40	40	
974	0	T 574	253	40	40	
975	0	T 572	254	40	40	
976	0	T 570	255	40	40	
977	0	T 568	256	40	40	
978	0	T 566	257	40	40	
979	0	T 564	258	40	40	
980	0	T 562	259	40	40	
981	0	T 560	260	40	40	
982	0	T 558	261	40	40	
983	0	T 556	262	40	40	
984	0	T 554	263	40	40	
985	1	T 552	264	40	40	P 596	242	39	40	
986	1	T 550	265	40	40	P 602	240	39	38	
987	1	T 548	266	40	40	P 596	242	40	38	
988	1	T 546	267	40	40	P 596	242	39	40	
989	1	T 544	268	40	40	P 594	244	39	38	
990	1	T 542	269	40	40	P 592	244	39	39	
991	1	T 540	270	40	40	P 586	248	39	38	
992	1	T 538	271	40	40	P 562	260	40	38	
993	1	T 536	272	40	40	P 556	262	38	39	
994	1	T 534	273	40	40	P 546	268	39	38	
995	1	T 532	274	40	40	P 534	274	39	38	
996	1	T 530	275	40	40	P 534	274	39	38	
997	0	T 528	276	40	40	
998	0	T 526	277	40	40	
999	0	T 524	278	40	40	
1000	0	T 522	279	40	40	
1001	0	T 520	280	40	40	
1002	0	T 518	281	40	40	
1003	0	T 516	282	40	40	
1004	0	T 514	283	40	40	
1005	0	T 512	284	40	40	
1006	0	T 510	285	40	40	
1007	0	T 508	286	40	40	
1008	0	T 506	287	40	40	
1009	0	T 504	288	40	40	
1010	0	T 502	289	40	40	
1011	0	T 500	290	40	40	
1012	0	T 498	291	40	40	
1013	0	T 496	292	40	40	
1014	0	T 494	293	40	40	
1015	0	T 492	294	40	40	
1016	0	T 490	295	40	40	
1017	0	T 488	296	40	40	
1018	0	T 486	297	40	40	
1019	0	T 484	298	40	40	
1020	0	T 482	299	40	40	
1021	0	T 480	300	40	40	
1022	0	T 478	301	40	40	
1023	0	T 476	302	40	40	
1024	0	T 474	303	40	40	
1025	0	T 472	304	40	40	
1026	0	T 470	305	40	40	
1027	0	T 468	306	40	40	
1028	0	T 466	307	40	40	
1029	0	T 464	308	40	40	
1030	0	T 462	309	40	40	
1031	0	T 460	310	40	40	
1032	0	T 458	311	40	40	
1033	0	T 456	312	40	40	
1034	0	T 454	313	40	40	
1035	0	T 452	314	40	40	
1036	2	T 450	315	40	40	P 452	314	39	39	P 452	314	39	39	
1037	2	T 448	316	40	40	P 480	300	39	38	P 480	300	39	39	
1038	2	T 446	317	40	40	P 488	296	38	38	P 486	298	38	38	
1039	2	T 444	318	40	40	P 484	298	39	39	P 514	284	39	38	
1040	2	T 442	319	40	40	P 472	304	38	40	P 522	280	40	38	
1041	2	T 440	320	40	40	P 462	310	38	38	P 518	282	39	38	
1042	2	T 438	321	40	40	P 454	314	39	38	P 518	282	39	38	
1043	1	T 436	322	40	40	P 452	314	39	38	
1044	1	T 434	323	40	40	P 442	320	38	38	
1045	1	T 432	324	40	40	P 442	320	38	38	
1046	0	T 430	325	40	40	
1047	0	T 428	326	40	40	
1048	0	T 426	327	40	40	
1049	0	T 424	328	40	40	
1050	0	T 422	329	40	40	
1051	2	T 420	330	40	40	P 506	304	2	41	P 420	330	39	39	
1052	2	T 418	331	40	40	P 506	304	2	41	P 422	330	38	38	
1053	1	T 416	332	40	40	P 416	332	39	39	
1054	1	T 414	333	40	40	P 416	332	39	39	
1055	1	T 412	334	40	40	P 412	334	39	40	
1056	1	T 410	335	40	40	P 412	334	39	40	
1057	0	T 408	336	40	40	
1058	0	T 406	337	40	40	
1059	0	T 404	338	40	40	
1060	0	T 402	339	40	40	
1061	0	T 400	340	40	40	
1062	0	T 398	341	40	40	
1063	0	T 396	342	40	40	
1064	0	T 394	343	40	40	
1065	0	T 392	344	40	40	
1066	0	T 390	345	40	40	
1067	0	T 388	346	40	40	
1068	0	T 386	347	40	40	
1069	0	T 384	348	40	40	
1070	0	T 382	349	40	40	
1071	0	T 380	350	40	40	
1072	0	T 378	351	40	40	
1073	0	T 376	352	40	40	
1074	0	T 374	353	40	40	
1075	0	T 372	354	40	40	
1076	0	T 370	355	40	40	
1077	0	T 368	356	40	40	
1078	0	T 366	357	40	40	
1079	0	T 364	358	40	40	
1080	0	T 362	359	40	40	
1081	0	T 360	360	40	40	
1082	0	T 358	361	40	40	
1083	0	T 356	362	40	40	
1084	0	T 354	363	40	40	
1085	0	T 352	364	40	40	
1086	0	T 350	365	40	40	
1087	0	T 348	366	40	40	
1088	0	T 346	367	40	40	
1089	0	T 344	368	40	40	
1090	0	T 342	369	40	40	
1091	0	T 340	370	40	40	
1092	1	T 338	371	40	40	P 338	371	40	39	
1093	1	T 336	372	40	40	P 360	360	39	39	
1094	1	T 334	373	40	40	P 388	346	38	38	
1095	1	T 332	374	40	40	P 372	354	39	40	
1096	1	T 330	375	40	40	P 402	340	39	38	
1097	1	T 328	376	40	40	P 406	338	40	38	
1098	1	T 326	377	40	40	P 376	352	39	38	
1099	1	T 324	378	40	40	P 376	352	39	38	
1100	0	T 322	379	40	40	
1101	0	T 320	380	40	40	
1102	0	T 318	381	40	40	
1103	0	T 316	382	40	40	
1104	0	T 314	383	40	40	
1105	0	T 312	384	40	40	
1106	0	T 310	385	40	40	
1107	0	T 308	386	40	40	
1108	0	T 306	387	40	40	
1109	0	T 304	388	40	40	
1110	0	T 302	389	40	40	
1111	0	T 300	390	40	40	
1112	0	T 298	391	40	40	
1113	0	T 296	392	40	40	
1114	0	T 294	393	40	40	
1115	0	T 292	394	40	40	
1116	0	T 290	395	40	40	
1117	0	T 288	396	40	40	
1118	0	T 286	397	40	40	
1119	0	T 284	398	40	40	
1120	0	T 282	399	40	40	
1121	0	T 280	400	40	40	
1122	0	T 278	401	40	40	
1123	0	T 276	402	40	40	
1124	0	T 274	403	40	40	
1125	0	T 272	404	40	40	
1126	0	T 270	405	40	40	
1127	0	T 268	406	40	40	
1128	0	T 266	407	40	40	
1129	0	T 264	408	40	40	
1130	0	T 262	409	40	40	
1131	0	T 260	410	40	40	
1132	0	T 258	411	40	40	
1133	0	T 256	412	40	40	
1134	0	T 254	413	40	40	
1135	0	T 252	414	40	40	
1136	2	T 250	415	40	40	P 296	392	39	40	P 296	392	39	40	
1137	2	T 248	416	40	40	P 320	380	40	38	P 312	384	39	38	
1138	2	T 246	417	40	40	P 308	386	38	40	P 306	388	39	38	
1139	2	T 244	418	40	40	P 308	386	38	40	P 306	388	39	38	
1140	0	T 242	419	40	40	
1141	0	T 240	420	40	40	
1142	0	T 238	419	40	40	
1143	0	T 236	418	40	40	
1144	0	T 234	417	40	40	
1145	0	T 232	416	40	40	
1146	0	T 230	415	40	40	
1147	0	T 228	414	40	40	
1148	0	T 226	413	40	40	
1149	0	T 224	412	40	40	
1150	0	T 222	411	40	40	
1151	0	T 220	410	40	40	
1152	0	T 218	409	40	40	
1153	0	T 216	408	40	40	
1154	0	T 214	407	40	40	
1155	0	T 212	406	40	40	
1156	0	T 210	405	40	40	
1157	0	T 208	404	40	40	
1158	0	T 206	403	40	40	
1159	0	T 204	402	40	40	
1160	2	T 202	401	40	40	P 212	406	40	39	P 212	406	40	39	
1161	2	T 200	400	40	40	P 242	420	39	38	P 220	411	40	37	
1162	2	T 198	399	40	40	P 268	406	39	40	P 212	406	40	38	
1163	2	T 196	398	40	40	P 268	406	39	40	P 196	398	39	39	
1164	1	T 194	397	40	40	P 196	398	39	39	
1165	0	T 192	396	40	40	
1166	0	T 190	395	40	40	
1167	0	T 188	394	40	40	
1168	0	T 186	393	40	40	
1169	0	T 184	392	40	40	
1170	0	T 182	391	40	40	
1171	0	T 180	390	40	40	
1172	0	T 178	389	40	40	
1173	0	T 176	388	40	40	
1174	0	T 174	387	40	40	
1175	0	T 172	386	40	40	
1176	0	T 170	385	40	40	
1177	0	T 168	384	40	40	
1178	0	T 166	383	40	40	
1179	0	T 164	382	40	40	
1180	0	T 162	381	40	40	
1181	0	T 160	380	40	40	
1182	2	T 158	379	40	40	P 160	380	39	40	P 160	380	39	40	
1183	2	T 156	378	40	40	P 186	394	39	38	P 184	392	40	38	
1184	2	T 154	377	40	40	P 168	384	39	38	P 184	392	40	38	
1185	1	T 152	376	40	40	P 168	384	39	38	
1186	1	T 150	375	40	40	P 150	376	38	38	
1187	1	T 148	374	40	40	P 150	376	38	38	
1188	1	T 146	373	40	40	P 146	374	39	38	
1189	1	T 144	372	40	40	P 146	374	39	38	
1190	0	T 142	371	40	40	
1191	0	T 140	370	40	40	
1192	0	T 138	369	40	40	
1193	0	T 136	368	40	40	
1194	0	T 134	367	40	40	
1195	0	T 132	366	40	40	
1196	0	T 130	365	40	40	
1197	0	T 128	364	40	40	
1198	0	T 126	363	40	40	
1199	0	T 124	362	40	40	
1200	0	T 122	361	40	40	
1201	0	T 120	360	40	40	
1202	0	T 118	359	40	40	
1203	1	T 116	358	40	40	P 116	358	39	39	
1204	1	T 114	357	40	40	P 118	360	39	38	
1205	1	T 112	356	40	40	P 112	356	40	39	
1206	1	T 110	355	40	40	P 116	358	39	38	
1207	1	T 108	354	40	40	P 114	358	39	38	
1208	1	T 106	353	40	40	P 112	356	40	38	
1209	1	T 104	352	40	40	P 110	356	39	38	
1210	1	T 102	351	40	40	P 110	356	39	38	
1211	0	T 100	350	40	40	
1212	0	T 98	349	40	40	
1213	0	T 96	348	40	40	
1214	0	T 94	347	40	40	
1215	0	T 92	346	40	40	
1216	0	T 90	345	40	40	
1217	1	T 88	344	40	40	P 96	348	39	39	
1218	1	T 86	343	40	40	P 98	350	39	38	
1219	1	T 84	342	40	40	P 98	350	39	38	
1220	1	T 82	341	40	40	P 82	342	39	38	
1221	1	T 80	340	40	40	P 82	342	39	38	
1222	0	T 78	339	40	40	
1223	0	T 76	338	40	40	
1224	2	T 74	337	40	40	P 76	338	38	40	P 76	338	38	40	
1225	2	T 72	336	40	40	P 76	338	38	40	P 76	338	38	40	
1226	0	T 70	335	40	40	
1227	0	T 68	334	40	40	
1228	0	T 66	333	40	40	
1229	0	T 64	332	40	40	
1230	0	T 62	331	40	40	
1231	0	T 60	330	40	40	
1232	0	T 58	329	40	40	
1233	0	T 56	328	40	40	
1234	0	T 54	327	40	40	
1235	0	T 52	326	40	40	
1236	0	T 50	325	40	40	
1237	0	T 48	324	40	40	
1238	0	T 46	323	40	40	
1239	0	T 44	322	40	40	
1240	0	T 42	321	40	40	
1241	0	T 40	320	40	40	
1242	1	T 38	319	40	40	P 38	318	40	40	
1243	1	T 36	318	40	40	P 66	334	38	38	
1244	1	T 34	317	40	40	P 44	322	39	39	
1245	1	T 32	316	40	40	P 64	332	38	38	
1246	1	T 30	315	40	40	P 62	332	38	38	
1247	1	T 28	314	40	40	P 58	330	38	38	
1248	1	T 26	313	40	40	P 48	324	38	40	
1249	1	T 24	312	40	40	P 46	324	38	38	
1250	1	T 22	311	40	40	P 44	322	39	38	
1251	1	T 20	310	40	40	P 42	322	38	38	
1252	1	T 22	309	40	40	P 38	318	38	40	
1253	1	T 24	308	40	40	P 32	316	39	38	
1254	1	T 26	307	40	40	P 30	316	39	38	
1255	1	T 28	306	40	40	P 28	314	39	38	
1256	1	T 30	305	40	40	P 26	308	40	38	
1257	1	T 32	304	40	40	P 28	306	39	39	
1258	1	T 34	303	40	40	P 28	306	39	39	
1259	0	T 36	302	40	40	
1260	0	T 38	301	40	40	
1261	0	T 40	300	40	40	
1262	0	T 42	299	40	40	
1263	0	T 44	298	40	40	
1264	0	T 46	297	40	40	
1265	0	T 48	296	40	40	
1266	0	T 50	295	40	40	
1267	0	T 52	294	40	40	
1268	0	T 54	293	40	40	
1269	0	T 56	292	40	40	
1270	0	T 58	291	40	40	
1271	0	T 60	290	40	40	
1272	0	T 62	289	40	40	
1273	0	T 64	288	40	40	
1274	0	T 66	287	40	40	
1275	1	T 68	286	40	40	P 68	286	38	40	
1276	1	T 70	285	40	40	P 38	302	39	38	
1277	1	T 72	284	40	40	P 42	300	39	38	
1278	1	T 74	283	40	40	P 52	294	39	38	
1279	1	T 76	282	40	40	P 52	294	39	39	
1280	1	T 78	281	40	40	P 62	290	39	38	
1281	1	T 80	280	40	40	P 70	286	38	38	
1282	1	T 82	279	40	40	P 98	290	3	39	
1283	1	T 84	278	40	40	P 84	278	39	40	
1284	1	T 86	277	40	40	P 84	278	39	40	
1285	1	T 88	276	40	40	P 88	276	38	38	
1286	1	T 90	275	40	40	P 88	276	38	38	
1287	0	T 92	274	40	40	
1288	0	T 94	273	40	40	
1289	0	T 96	272	40	40	
1290	0	T 98	271	40	40	
1291	0	T 100	270	40	40	
1292	0	T 102	269	40	40	
1293	0	T 104	268	40	40	
1294	0	T 106	267	40	40	
1295	0	T 108	266	40	40	
1296	0	T 110	265	40	40	
1297	0	T 112	264	40	40	
1298	0	T 114	263	40	40	
1299	0	T 116	262	40	40	
1300	0	T 118	261	40	40	
1301	0	T 120	260	40	40	
1302	0	T 122	259	40	40	
1303	0	T 124	258	40	40	
1304	0	T 126	257	40	40	
1305	0	T 128	256	40	40	
1306	0	T 130	255	40	40	
1307	0	T 132	254	40	40	
1308	0	T 134	253	40	40	
1309	0	T 136	252	40	40	
1310	0	T 138	251	40	40	
1311	0	T 140	250	40	40	
1312	0	T 142	249	40	40	
1313	0	T 144	248	40	40	
1314	0	T 146	247	40	40	
1315	0	T 148	246	40	40	
1316	0	T 150	245	40	40	
1317	0	T 152	244	40	40	
1318	0	T 154	243	40	40	
1319	0	T 156	242	40	40	
1320	0	T 158	241	40	40	
1321	1	T 160	240	40	40	P 96	272	39	40	
1322	1	T 162	239	40	40	P 96	272	39	40	
1323	1	T 164	238	40	40	P 98	272	39	38	
1324	1	T 166	237	40	40	P 98	272	40	38	
1325	1	T 168	236	40	40	P 108	266	39	38	
1326	1	T 170	235	40	40	P 108	266	39	39	
1327	1	T 172	234	40	40	P 122	260	39	38	
1328	1	T 174	233	40	40	P 144	248	38	40	
1329	1	T 176	232	40	40	P 148	246	39	38	
1330	1	T 178	231	40	40	P 156	242	38	39	
1331	1	T 180	230	40	40	P 162	240	39	38	
1332	1	T 182	229	40	40	P 164	238	38	40	
1333	1	T 184	228	40	40	P 164	238	38	40	
1334	0	T 186	227	40	40	
1335	0	T 188	226	40	40	
1336	0	T 190	225	40	40	
1337	0	T 192	224	40	40	
1338	0	T 194	223	40	40	
1339	0	T 196	222	40	40	
1340	0	T 198	221	40	40	
1341	0	T 200	220	40	40	
1342	0	T 202	219	40	40	
1343	0	T 204	218	40	40	
1344	0	T 206	217	40	40	
1345	0	T 208	216	40	40	
1346	0	T 210	215	40	40	
1347	0	T 212	214	40	40	
1348	0	T 214	213	40	40	
1349	0	T 216	212	40	40	
1350	0	T 218	211	40	40	
1351	0	T 220	210	40	40	
1352	0	T 222	209	40	40	
1353	0	T 224	208	40	40	
1354	0	T 226	207	40	40	
1355	0	T 228	206	40	40	
1356	0	T 230	205	40	40	
1357	0	T 232	204	40	40	
1358	0	T 234	203	40	40	
1359	0	T 236	202	40	40	
1360	0	T 238	201	40	40	
1361	0	T 240	200	40	40	
1362	0	T 242	199	40	40	
1363	0	T 244	198	40	40	
1364	0	T 246	197	40	40	
1365	0	T 248	196	40	40	
1366	0	T 250	195	40	40	
1367	0	T 252	194	40	40	
1368	0	T 254	193	40	40	
1369	0	T 256	192	40	40	
1370	2	T 258	191	40	40	P 224	208	39	40	P 224	208	39	40	
1371	2	T 260	190	40	40	P 232	204	39	38	P 232	204	39	39	
1372	2	T 262	189	40	40	P 236	202	38	39	P 248	196	39	38	
1373	2	T 264	188	40	40	P 264	188	40	39	P 248	196	39	38	
1374	1	T 266	187	40	40	P 264	188	40	39	
1375	0	T 268	186	40	40	
1376	1	T 270	185	40	40	P 306	185	3	39	
1377	1	T 272	184	40	40	P 272	184	39	39	
1378	1	T 274	183	40	40	P 272	184	39	39	
1379	0	T 276	182	40	40	
1380	0	T 278	181	40	40	
1381	0	T 280	180	40	40	
1382	0	T 282	179	40	40	
1383	0	T 284	178	40	40	
1384	0	T 286	177	40	40	
1385	0	T 288	176	40	40	
1386	0	T 290	175	40	40	
1387	0	T 292	174	40	40	
1388	0	T 294	173	40	40	
1389	0	T 296	172	40	40	
1390	0	T 298	171	40	40	
1391	0	T 300	170	40	40	
1392	0	T 302	169	40	40	
1393	0	T 304	168	40	40	
1394	0	T 306	167	40	40	
1395	0	T 308	166	40	40	
1396	0	T 310	165	40	40	
1397	0	T 312	164	40	40	
1398	0	T 314	163	40	40	
1399	1	T 316	162	40	40	P 316	162	40	39	
1400	1	T 318	161	40	40	P 310	166	38	38	
1401	1	T 320	160	40	40	P 280	180	40	39	
1402	1	T 322	159	40	40	P 278	182	39	38	
1403	1	T 324	158	40	40	P 278	182	39	38	
1404	0	T 326	157	40	40	
1405	0	T 328	156	40	40	
1406	0	T 330	155	40	40	
1407	0	T 332	154	40	40	
1408	0	T 334	153	40	40	
1409	0	T 336	152	40	40	
1410	0	T 338	151	40	40	
1411	0	T 340	150	40	40	
1412	0	T 342	149	40	40	
1413	0	T 344	148	40	40	
1414	0	T 346	147	40	40	
1415	0	T 348	146	40	40	
1416	0	T 350	145	40	40	
1417	0	T 352	144	40	40	
1418	0	T 354	143	40	40	
1419	0	T 356	142	40	40	
1420	0	T 358	141	40	40	
1421	0	T 360	140	40	40	
1422	0	T 362	139	40	40	
1423	0	T 364	138	40	40	
1424	0	T 366	137	40	40	
1425	0	T 368	136	40	40	
1426	0	T 370	135	40	40	
1427	0	T 372	134	40	40	
1428	0	T 374	133	40	40	
1429	0	T 376	132	40	40	
1430	0	T 378	131	40	40	
1431	0	T 380	130	40	40	
1432	0	T 382	129	40	40	
1433	0	T 384	128	40	40	
1434	0	T 386	127	40	40	
1435	0	T 388	126	40	40	
1436	0	T 390	125	40	40	
1437	2	T 392	124	40	40	P 350	144	39	40	P 350	144	39	40	
1438	2	T 394	123	40	40	P 328	156	38	39	P 338	150	38	40	
1439	2	T 396	122	40	40	P 328	156	38	39	P 338	150	38	40	
1440	0	T 398	121	40	40	
1441	0	T 400	120	40	40	
1442	0	T 402	119	40	40	
1443	0	T 404	118	40	40	
1444	0	T 406	117	40	40	
1445	0	T 408	116	40	40	
1446	0	T 410	115	40	40	
1447	0	T 412	114	40	40	
1448	0	T 414	113	40	40	
1449	0	T 416	112	40	40	
1450	0	T 418	111	40	40	
1451	0	T 420	110	40	40	
1452	0	T 422	109	40	40	
1453	0	T 424	108	40	40	
1454	0	T 426	107	40	40	
1455	0	T 428	106	40	40	
1456	0	T 430	105	40	40	
1457	0	T 432	104	40	40	
1458	0	T 434	103	40	40	
1459	0	T 436	102	40	40	
1460	0	T 438	101	40	40	
1461	0	T 440	100	40	40	
1462	0	T 442	99	40	40	
1463	0	T 444	98	40	40	
1464	0	T 446	97	40	40	
1465	0	T 448	96	40	40	
1466	0	T 450	95	40	40	
1467	0	T 452	94	40	40	
1468	0	T 454	93	40	40	
1469	0	T 456	92	40	40	
1470	0	T 458	91	40	40	
1471	1	T 460	90	40	40	P 460	90	39	39	
1472	1	T 462	89	40	40	P 434	104	39	38	
1473	1	T 464	88	40	40	P 410	116	39	38	
1474	1	T 466	87	40	40	P 400	120	40	38	
1475	2	T 468	86	40	40	P 372	134	38	39	P 468	86	39	39	
1476	2	T 470	85	40	40	P 402	120	38	38	P 440	100	39	38	
1477	2	T 472	84	40	40	P 440	100	39	39	P 414	114	38	38	
1478	2	T 474	83	40	40	P 424	108	38	40	P 414	114	38	38	
1479	2	T 476	82	40	40	P 446	98	38	38	P 476	82	39	39	
1480	2	T 478	81	40	40	P 462	90	39	38	P 470	86	39	38	
1481	2	T 480	80	40	40	P 472	84	38	38	P 470	86	39	38	
1482	1	T 482	79	40	40	P 472	84	38	38	
1483	0	T 484	78	40	40	
1484	0	T 486	77	40	40	
1485	0	T 488	76	40	40	
1486	0	T 490	75	40	40	
1487	0	T 492	74	40	40	
1488	0	T 494	73	40	40	
1489	0	T 496	72	40	40	
1490	0	T 498	71	40	40	
1491	0	T 500	70	40	40	
1492	0	T 502	69	40	40	
1493	0	T 504	68	40	40	
1494	0	T 506	67	40	40	
1495	0	T 508	66	40	40	
1496	0	T 510	65	40	40	
1497	0	T 512	64	40	40	
1498	0	T 514	63	40	40	
1499	0	T 516	62	40	40	
1500	0	T 518	61	40	40	
1501	0	T 520	60	40	40	
1502	0	T 522	59	40	40	
1503	0	T 524	58	40	40	
1504	0	T 526	57	40	40	
1505	0	T 528	56	40	40	
1506	0	T 530	55	40	40	
1507	0	T 532	54	40	40	
1508	0	T 534	53	40	40	
1509	0	T 536	52	40	40	
1510	0	T 538	51	40	40	
1511	0	T 540	50	40	40	
1512	0	T 542	49	40	40	
1513	0	T 544	48	40	40	
1514	1	T 546	47	40	40	P 546	46	39	40	
1515	3	T 548	46	40	40	P 528	56	38	40	P 508	66	39	39	P 508	66	39	39	
1516	3	T 550	45	40	40	P 550	46	39	38	P 486	78	40	38	P 490	76	39	38	
1517	3	T 552	44	40	40	P 552	44	40	38	P 486	78	40	38	P 490	76	39	38	
1518	1	T 554	43	40	40	P 552	44	39	39	
1519	1	T 556	42	40	40	P 552	44	39	39	
1520	0	T 558	41	40	40	
1521	0	T 560	40	40	40	
1522	0	T 562	39	40	40	
1523	0	T 564	38	40	40	
1524	0	T 566	37	40	40	
1525	0	T 568	36	40	40	
1526	0	T 570	35	40	40	
1527	0	T 572	34	40	40	
1528	0	T 574	33	40	40	
1529	0	T 576	32	40	40	
1530	0	T 578	31	40	40	
1531	0	T 580	30	40	40	
1532	0	T 582	29	40	40	
1533	0	T 584	28	40	40	
1534	0	T 586	27	40	40	
1535	0	T 588	26	40	40	
1536	0	T 590	25	40	40	
1537	0	T 592	24	40	40	
1538	0	T 594	23	40	40	
1539	0	T 596	22	40	40	
1540	0	T 598	21	40	40	
1541	0	T 600	20	40	40	
1542	0	T 602	21	40	40	
1543	0	T 604	22	40	40	
1544	0	T 606	23	40	40	
1545	0	T 608	24	40	40	
1546	0	T 610	25	40	40	
1547	1	T 612	26	40	40	P 562	38	39	40	
1548	1	T 614	27	40	40	P 562	38	39	40	
1549	1	T 616	28	40	40	P 564	38	40	38	
1550	1	T 618	29	40	40	P 570	36	39	38	
1551	1	T 620	30	40	40	P 574	34	40	38	
1552	1	T 622	31	40	40	P 588	26	39	40	
1553	1	T 624	32	40	40	P 604	22	39	39	
1554	1	T 626	33	40	40	P 610	26	39	38	
1555	1	T 628	34	40	40	P 624	32	40	39	
1556	1	T 630	35	40	40	P 626	34	40	38	
1557	1	T 632	36	40	40	P 626	34	40	38	
1558	0	T 634	37	40	40	
1559	0	T 636	38	40	40	
1560	0	T 638	39	40	40	
1561	1	T 640	40	40	40	P 638	40	40	38	
1562	1	T 642	41	40	40	P 636	38	39	38	
1563	1	T 644	42	40	40	P 638	40	40	38	
1564	1	T 646	43	40	40	P 644	42	38	38	
1565	1	T 648	44	40	40	P 644	42	38	38	
1566	0	T 650	45	40	40	
1567	0	T 652	46	40	40	
1568	0	T 654	47	40	40	
1569	0	T 656	48	40	40	
1570	0	T 658	49	40	40	
1571	0	T 660	50	40	40	
1572	0	T 658	51	40	40	
1573	0	T 656	52	40	40	
1574	0	T 654	53	40	40	
1575	0	T 652	54	40	40	
1576	0	T 650	55	40	40	
1577	0	T 648	56	40	40	
1578	0	T 646	57	40	40	
1579	0	T 644	58	40	40	
1580	0	T 642	59	40	40	
1581	1	T 640	60	40	40	P 652	46	39	38	
1582	1	T 638	61	40	40	P 652	46	39	38	
1583	1	T 636	62	40	40	P 652	46	39	39	
1584	1	T 634	63	40	40	P 654	48	38	38	
1585	1	T 632	64	40	40	P 658	52	39	38	
1586	1	T 630	65	40	40	P 654	54	38	38	
1587	1	T 628	66	40	40	P 642	60	39	38	
1588	1	T 626	67	40	40	P 638	62	39	38	
1589	1	T 624	68	40	40	P 638	62	39	38	
1590	0	T 622	69	40	40	
1591	0	T 620	70	40	40	
1592	0	T 618	71	40	40	
1593	0	T 616	72	40	40	
1594	0	T 614	73	40	40	
1595	0	T 612	74	40	40	
1596	0	T 610	75	40	40	
1597	0	T 608	76	40	40	
1598	0	T 606	77	40	40	
1599	0	T 604	78	40	40	
1600	0	T 602	79	40	40	
1601	0	T 600	80	40	40	
1602	0	T 598	81	40	40	
1603	0	T 596	82	40	40	
1604	0	T 594	83	40	40	
1605	0	T 592	84	40	40	
1606	0	T 590	85	40	40	
1607	0	T 588	86	40	40	
1608	0	T 586	87	40	40	
1609	0	T 584	88	40	40	
1610	0	T 582	89	40	40	
1611	0	T 580	90	40	40	
1612	0	T 578	91	40	40	
1613	0	T 576	92	40	40	
1614	0	T 574	93	40	40	
1615	0	T 572	94	40	40	
1616	0	T 570	95	40	40	
1617	0	T 568	96	40	40	
1618	0	T 566	97	40	40	
1619	0	T 564	98	40	40	
1620	0	T 562	99	40	40	
1621	0	T 560	100	40	40	
1622	0	T 558	101	40	40	
1623	0	T 556	102	40	40	
1624	0	T 554	103	40	40	
1625	0	T 552	104	40	40	
1626	0	T 550	105	40	40	
1627	0	T 548	106	40	40	
1628	0	T 546	107	40	40	
1629	0	T 544	108	40	40	
1630	0	T 542	109	40	40	
1631	2	T 540	110	40	40	P 612	74	39	39	P 612	74	39	39	
1632	2	T 538	111	40	40	P 598	82	39	38	P 612	74	39	39	
1633	1	T 536	112	40	40	P 578	92	39	38	
1634	1	T 534	113	40	40	P 560	100	39	38	
1635	1	T 532	114	40	40	P 546	108	38	38	
1636	1	T 530	115	40	40	P 544	108	39	39	
1637	1	T 528	116	40	40	P 540	110	39	38	
1638	1	T 526	117	40	40	P 528	116	39	39	
1639	1	T 524	118	40	40	P 528	116	39	39	
1640	0	T 522	119	40	40	
1641	0	T 520	120	40	40	
1642	0	T 518	121	40	40	
1643	0	T 516	122	40	40	
1644	0	T 514	123	40	40	
1645	0	T 512	124	40	40	
1646	0	T 510	125	40	40	
1647	0	T 508	126	40	40	
1648	0	T 506	127	40	40	
1649	0	T 504	128	40	40	
1650	0	T 502	129	40	40	
1651	0	T 500	130	40	40	
1652	0	T 498	131	40	40	
1653	0	T 496	132	40	40	
1654	0	T 494	133	40	40	
1655	0	T 492	134	40	40	
1656	0	T 490	135	40	40	
1657	0	T 488	136	40	40	
1658	0	T 486	137	40	40	
1659	0	T 484	138	40	40	
1660	0	T 482	139	40	40	
1661	2	T 480	140	40	40	P 488	136	39	40	P 488	136	39	40	
1662	2	T 478	141	40	40	P 512	124	39	39	P 504	128	39	39	
1663	2	T 476	142	40	40	P 484	138	38	38	P 480	140	39	38	
1664	2	T 474	143	40	40	P 480	140	39	39	P 480	140	39	38	
1665	1	T 472	144	40	40	P 480	140	39	39	
1666	0	T 470	145	40	40	
1667	0	T 468	146	40	40	
1668	0	T 466	147	40	40	
1669	0	T 464	148	40	40	
1670	0	T 462	149	40	40	
1671	0	T 460	150	40	40	
1672	0	T 458	151	40	40	
1673	0	T 456	152	40	40	
1674	0	T 454	153	40	40	
1675	0	T 452	154	40	40	
1676	0	T 450	155	40	40	
1677	0	T 448	156	40	40	
1678	0	T 446	157	40	40	
1679	0	T 444	158	40	40	
1680	0	T 442	159	40	40	
1681	0	T 440	160	40	40	
1682	0	T 438	161	40	40	
1683	0	T 436	162	40	40	
1684	0	T 434	163	40	40	
1685	0	T 432	164	40	40	
1686	0	T 430	165	40	40	
1687	0	T 428	166	40	40	
1688	0	T 426	167	40	40	
1689	0	T 424	168	40	40	
1690	0	T 422	169	40	40	
1691	0	T 420	170	40	40	
1692	0	T 418	171	40	40	
1693	0	T 416	172	40	40	
1694	0	T 414	173	40	40	
1695	0	T 412	174	40	40	
1696	0	T 410	175	40	40	
1697	0	T 408	176	40	40	
1698	0	T 406	177	40	40	
1699	0	T 404	178	40	40	
1700	0	T 402	179	40	40	
1701	0	T 400	180	40	40	
1702	0	T 398	181	40	40	
1703	0	T 396	182	40	40	
1704	0	T 394	183	40	40	
1705	0	T 392	184	40	40	
1706	0	T 390	185	40	40	
1707	0	T 388	186	40	40	
1708	0	T 386	187	40	40	
1709	0	T 384	188	40	40	
1710	2	T 382	189	40	40	P 406	176	39	40	P 406	176	39	40	
1711	2	T 380	190	40	40	P 418	172	38	38	P 380	190	38	38	
1712	2	T 378	191	40	40	P 418	172	38	38	P 380	190	38	38	
1713	2	T 376	192	40	40	P 376	192	39	39	P 376	192	39	38	
1714	2	T 374	193	40	40	P 374	194	38	38	P 376	192	39	38	
1715	1	T 372	194	40	40	P 374	194	38	38	
1716	0	T 370	195	40	40	
1717	0	T 368	196	40	40	
1718	0	T 366	197	40	40	
1719	0	T 364	198	40	40	
1720	0	T 362	199	40	40	
1721	0	T 360	200	40	40	
1722	0	T 358	201	40	40	
1723	0	T 356	202	40	40	
1724	0	T 354	203	40	40	
1725	0	T 352	204	40	40	
1726	0	T 350	205	40	40	
1727	0	T 348	206	40	40	
1728	0	T 346	207	40	40	
1729	0	T 344	208	40	40	
1730	0	T 342	209	40	40	
1731	0	T 340	210	40	40	
1732	0	T 338	211	40	40	
1733	0	T 336	212	40	40	
1734	0	T 334	213	40	40	
1735	0	T 332	214	40	40	
1736	2	T 330	215	40	40	P 368	196	40	39	P 368	196	40	39	
1737	2	T 328	216	40	40	P 368	196	40	38	P 364	198	38	38	
1738	2	T 326	217	40	40	P 356	202	38	40	P 352	204	38	39	
1739	2	T 324	218	40	40	P 348	206	38	39	P 344	208	39	38	
1740	2	T 322	219	40	40	P 342	210	39	38	P 334	214	39	38	
1741	2	T 320	220	40	40	P 324	218	39	39	P 334	214	39	38	
1742	1	T 318	221	40	40	P 324	218	39	39	
1743	0	T 316	222	40	40	
1744	0	T 314	223	40	40	
1745	0	T 312	224	40	40	
1746	0	T 310	225	40	40	
1747	0	T 308	226	40	40	
1748	0	T 306	227	40	40	
1749	0	T 304	228	40	40	
1750	1	T 302	229	40	40	P 302	228	40	40	
1751	1	T 300	230	40	40	P 314	224	40	38	
1752	1	T 298	231	40	40	P 314	224	38	38	
1753	1	T 296	232	40	40	P 310	226	39	38	
1754	1	T 294	233	40	40	P 306	228	39	38	
1755	1	T 292	234	40	40	P 296	232	38	38	
1756	1	T 290	235	40	40	P 294	234	40	37	
1757	1	T 288	236	40	40	P 290	236	40	38	
1758	1	T 286	237	40	40	P 290	236	40	38	
1759	0	T 284	238	40	40	
1760	0	T 282	239	40	40	
1761	0	T 280	240	40	40	
1762	0	T 278	241	40	40	
1763	0	T 276	242	40	40	
1764	0	T 274	243	40	40	
1765	0	T 272	244	40	40	
1766	0	T 270	245	40	40	
1767	0	T 268	246	40	40	
1768	0	T 266	247	40	40	
1769	0	T 264	248	40	40	
1770	0	T 262	249	40	40	
1771	0	T 260	250	40	40	
1772	0	T 258	251	40	40	
1773	0	T 256	252	40	40	
1774	0	T 254	253	40	40	
1775	0	T 252	254	40	40	
1776	0	T 250	255	40	40	
1777	0	T 248	256	40	40	
1778	0	T 246	257	40	40	
1779	0	T 244	258	40	40	
1780	0	T 242	259	40	40	
1781	0	T 240	260	40	40	
1782	0	T 238	261	40	40	
1783	0	T 236	262	40	40	
1784	0	T 234	263	40	40	
1785	0	T 232	264	40	40	
1786	0	T 230	265	40	40	
1787	0	T 228	266	40	40	
1788	0	T 226	267	40	40	
1789	1	T 224	268	40	40	P 278	240	38	40	
1790	1	T 222	269	40	40	P 278	240	38	40	
1791	1	T 220	270	40	40	P 274	244	38	38	
1792	1	T 218	271	40	40	P 256	252	39	39	
1793	1	T 216	272	40	40	P 266	248	39	38	
1794	1	T 214	273	40	40	P 240	260	38	38	
1795	1	T 212	274	40	40	P 230	266	39	38	
1796	1	T 210	275	40	40	P 212	274	38	40	
1797	1	T 208	276	40	40	P 212	274	38	40	
1798	0	T 206	277	40	40	
1799	0	T 204	278	40	40	
1800	0	T 202	279	40	40	
1801	0	T 200	280	40	40	
1802	0	T 198	281	40	40	
1803	0	T 196	282	40	40	
1804	0	T 194	283	40	40	
1805	0	T 192	284	40	40	
1806	0	T 190	285	40	40	
1807	0	T 188	286	40	40	
1808	0	T 186	287	40	40	
1809	0	T 184	288	40	40	
1810	1	T 182	289	40	40	P 182	290	40	38	
1811	1	T 180	290	40	40	P 184	288	39	38	
1812	1	T 178	291	40	40	P 180	290	39	38	
1813	1	T 176	292	40	40	P 178	290	39	40	
1814	1	T 174	293	40	40	P 175	293	38	39	
1815	1	T 172	294	40	40	P 175	293	38	39	
1816	0	T 170	295	40	40	
1817	0	T 168	296	40	40	
1818	0	T 166	297	40	40	
1819	0	T 164	298	40	40	
1820	0	T 162	299	40	40	
1821	0	T 160	300	40	40	
1822	0	T 158	301	40	40	
1823	0	T 156	302	40	40	
1824	0	T 154	303	40	40	
1825	0	T 152	304	40	40	
1826	0	T 150	305	40	40	
1827	0	T 148	306	40	40	
1828	0	T 146	307	40	40	
1829	0	T 144	308	40	40	
1830	0	T 142	309	40	40	
1831	0	T 140	310	40	40	
1832	0	T 138	311	40	40	
1833	0	T 136	312	40	40	
1834	0	T 134	313	40	40	
1835	0	T 132	314	40	40	
1836	0	T 130	315	40	40	
1837	0	T 128	316	40	40	
1838	0	T 126	317	40	40	
1839	0	T 124	318	40	40	
1840	0	T 122	319	40	40	
1841	1	T 120	320	40	40	P 124	318	40	38	
1842	1	T 118	321	40	40	P 130	316	38	38	
1843	1	T 116	322	40	40	P 122	318	39	40	
1844	1	T 114	323	40	40	P 118	322	38	38	
1845	1	T 112	324	40	40	P 118	322	38	38	
1846	1	T 110	325	40	40	P 110	326	38	38	
1847	1	T 108	326	40	40	P 108	326	39	38	
1848	1	T 106	327	40	40	P 108	326	39	38	
1849	0	T 104	328	40	40	
1850	0	T 102	329	40	40	
1851	0	T 100	330	40	40	
1852	0	T 98	331	40	40	
1853	0	T 96	332	40	40	
1854	0	T 94	333	40	40	
1855	0	T 92	334	40	40	
1856	0	T 90	335	40	40	
1857	0	T 88	336	40	40	
1858	0	T 86	337	40	40	
1859	0	T 84	338	40	40	
1860	0	T 82	339	40	40	
1861	2	T 80	340	40	40	P 186	288	40	3	P 186	288	40	3	
1862	2	T 78	341	40	40	P 186	288	40	3	P 186	288	40	3	
1863	0	T 76	342	40	40	
1864	0	T 74	343	40	40	
1865	0	T 72	344	40	40	
1866	0	T 70	345	40	40	
1867	0	T 68	346	40	40	
1868	0	T 66	347	40	40	
1869	0	T 64	348	40	40	
1870	0	T 62	349	40	40	
1871	0	T 60	350	40	40	
1872	0	T 58	351	40	40	
1873	0	T 56	352	40	40	
1874	0	T 54	353	40	40	
1875	0	T 52	354	40	40	
1876	0	T 50	355	40	40	
1877	2	T 48	356	40	40	P 98	332	39	39	P 98	332	39	39	
1878	2	T 46	357	40	40	P 102	330	39	38	P 80	340	39	39	
1879	2	T 44	358	40	40	P 102	330	39	38	P 54	354	39	38	
1880	1	T 42	359	40	40	P 54	354	39	38	
1881	0	T 40	360	40	40	
1882	0	T 38	361	40	40	
1883	0	T 36	362	40	40	
1884	0	T 34	363	40	40	
1885	0	T 32	364	40	40	
1886	0	T 30	365	40	40	
1887	1	T 28	366	40	40	P 28	366	40	40	
1888	1	T 26	367	40	40	P 34	364	39	38	
1889	1	T 24	368	40	40	P 32	364	38	38	
1890	1	T 22	369	40	40	P 28	366	39	40	
1891	1	T 20	370	40	40	P 22	370	39	38	
1892	1	T 22	371	40	40	P 22	370	39	38	
1893	0	T 24	372	40	40	
1894	0	T 26	373	40	40	
1895	0	T 28	374	40	40	
1896	0	T 30	375	40	40	
1897	0	T 32	376	40	40	
1898	0	T 34	377	40	40	
1899	0	T 36	378	40	40	
1900	0	T 38	379	40	40	
1901	0	T 40	380	40	40	
1902	0	T 42	381	40	40	
1903	0	T 44	382	40	40	
1904	1	T 46	383	40	40	P 46	382	40	41	
1905	1	T 48	384	40	40	P 36	378	39	39	
1906	1	T 50	385	40	40	P 42	382	39	38	
1907	1	T 52	386	40	40	P 44	382	39	38	
1908	1	T 54	387	40	40	P 44	382	39	39	
1909	1	T 56	388	40	40	P 44	382	39	39	
1910	1	T 58	389	40	40	P 58	390	39	38	
1911	1	T 60	390	40	40	P 60	390	39	40	
1912	1	T 62	391	40	40	P 62	392	39	38	
1913	1	T 64	392	40	40	P 64	392	39	39	
1914	1	T 66	393	40	40	P 64	392	39	39	
1915	0	T 68	394	40	40	
1916	0	T 70	395	40	40	
1917	0	T 72	396	40	40	
1918	0	T 74	397	40	40	
1919	0	T 76	398	40	40	
1920	0	T 78	399	40	40	
1921	0	T 80	400	40	40	
1922	0	T 82	401	40	40	
1923	0	T 84	402	40	40	
1924	0	T 86	403	40	40	
1925	0	T 88	404	40	40	
1926	0	T 90	405	40	40	
1927	0	T 92	406	40	40	
1928	0	T 94	407	40	40	
1929	0	T 96	408	40	40	
1930	0	T 98	409	40	40	
1931	0	T 100	410	40	40	
1932	0	T 102	411	40	40	
1933	0	T 104	412	40	40	
1934	0	T 106	413	40	40	
1935	0	T 108	414	40	40	
1936	0	T 110	415	40	40	
1937	0	T 112	416	40	40	
1938	0	T 114	417	40	40	
1939	0	T 116	418	40	40	
1940	0	T 118	419	40	40	
1941	0	T 120	420	40	40	
1942	0	T 122	419	40	40	
1943	0	T 124	418	40	40	
1944	0	T 126	417	40	40	
1945	0	T 128	416	40	40	
1946	0	T 130	415	40	40	
1947	0	T 132	414	40	40	
1948	0	T 134	413	40	40	
1949	0	T 136	412	40	40	
1950	0	T 138	411	40	40	
1951	0	T 140	410	40	40	
1952	0	T 142	409	40	40	
1953	0	T 144	408	40	40	
1954	0	T 146	407	40	40	
1955	0	T 148	406	40	40	
1956	0	T 150	405	40	40	
1957	0	T 152	404	40	40	
1958	0	T 154	403	40	40	
1959	0	T 156	402	40	40	
1960	0	T 158	401	40	40	
1961	0	T 160	400	40	40	
1962	0	T 162	399	40	40	
1963	0	T 164	398	40	40	
1964	0	T 166	397	40	40	
1965	0	T 168	396	40	40	
1966	0	T 170	395	40	40	
1967	0	T 172	394	40	40	
1968	0	T 174	393	40	40	
1969	0	T 176	392	40	40	
1970	0	T 178	391	40	40	
1971	0	T 180	390	40	40	
1972	0	T 182	389	40	40	
1973	0	T 184	388	40	40	
1974	0	T 186	387	40	40	
1975	0	T 188	386	40	40	
1976	0	T 190	385	40	40	
1977	0	T 192	384	40	40	
1978	0	T 194	383	40	40	
1979	0	T 196	382	40	40	
1980	0	T 198	381	40	40	
1981	2	T 200	380	40	40	P 156	402	39	40	P 156	402	39	40	
1982	2	T 202	379	40	40	P 134	414	39	38	P 170	396	39	38	
1983	2	T 204	378	40	40	P 106	414	39	38	P 176	392	38	39	
1984	2	T 206	377	40	40	P 84	402	39	38	P 182	390	39	38	
1985	2	T 208	376	40	40	P 84	402	39	39	P 202	380	39	38	
1986	2	T 210	375	40	40	P 94	408	39	38	P 206	378	39	38	
1987	2	T 212	374	40	40	P 120	420	40	38	P 208	376	38	40	
1988	2	T 214	373	40	40	P 120	420	40	38	P 208	376	38	40	
1989	0	T 216	372	40	40	
1990	0	T 218	371	40	40	
1991	0	T 220	370	40	40	
1992	0	T 222	369	40	40	
1993	0	T 224	368	40	40	
1994	0	T 226	367	40	40	
1995	0	T 228	366	40	40	
1996	0	T 230	365	40	40	
1997	0	T 232	364	40	40	
1998	0	T 234	363	40	40	
1999	1	T 236	362	40	40	P 236	362	40	40	
2000	1	T 238	361	40	40	P 220	370	39	38	
