1	1	T 80	80	40	40	P 48	48	112	112	
2	1	T 82	81	40	40	P 48	48	112	112	
3	1	T 84	82	40	40	P 48	48	112	112	
4	1	T 86	83	40	40	P 48	48	112	112	
5	1	T 88	84	40	40	P 48	48	112	112	
6	1	T 90	85	40	40	P 64	48	96	112	
7	1	T 92	86	40	40	P 64	48	96	112	
8	1	T 94	87	40	40	P 64	48	96	112	
9	1	T 96	88	40	40	P 64	48	112	112	
10	1	T 98	89	40	40	P 64	64	112	96	
11	1	T 100	90	40	40	P 64	64	112	96	
12	1	T 102	91	40	40	P 64	64	112	96	
13	1	T 104	92	40	40	P 64	64	112	96	
14	1	T 106	93	40	40	P 80	64	96	96	
15	1	T 108	94	40	40	P 80	64	96	96	
16	1	T 110	95	40	40	P 80	64	96	112	
17	1	T 112	96	40	40	P 80	64	112	112	
18	1	T 114	97	40	40	P 80	64	112	112	
19	1	T 116	98	40	40	P 80	64	112	112	
20	1	T 118	99	40	40	P 80	64	112	112	
21	1	T 120	100	40	40	P 80	64	112	112	
22	1	T 122	101	40	40	P 96	64	96	112	
23	1	T 124	102	40	40	P 96	64	96	112	
24	1	T 126	103	40	40	P 96	64	96	112	
25	1	T 128	104	40	40	P 96	64	112	112	
26	1	T 130	105	40	40	P 96	64	112	112	
27	1	T 132	106	40	40	P 96	80	112	96	
28	1	T 134	107	40	40	P 96	80	112	96	
29	1	T 136	108	40	40	P 96	80	112	96	
30	1	T 138	109	40	40	P 112	80	96	96	
31	1	T 140	110	40	40	P 112	80	96	96	
32	1	T 142	111	40	40	P 112	80	96	112	
33	1	T 144	112	40	40	P 112	80	112	112	
34	1	T 146	113	40	40	P 112	80	112	112	
35	1	T 148	114	40	40	P 112	80	112	112	
36	1	T 150	115	40	40	P 112	80	112	112	
37	1	T 152	116	40	40	P 112	80	112	112	
38	1	T 154	117	40	40	P 128	80	96	112	
39	1	T 156	118	40	40	P 128	80	96	112	
40	1	T 158	119	40	40	P 128	80	96	112	
41	1	T 160	120	40	40	P 128	80	112	112	
42	1	T 162	121	40	40	P 128	80	112	112	
43	1	T 164	122	40	40	P 128	96	112	96	
44	1	T 166	123	40	40	P 128	96	112	96	
45	1	T 168	124	40	40	P 128	96	112	96	
46	1	T 170	125	40	40	P 144	96	96	96	
47	1	T 172	126	40	40	P 144	96	96	96	
48	1	T 174	127	40	40	P 144	96	96	112	
49	1	T 176	128	40	40	P 144	96	112	112	
50	1	T 178	129	40	40	P 144	96	112	112	
51	1	T 180	130	40	40	P 144	96	112	112	
52	1	T 182	131	40	40	P 144	96	112	112	
53	1	T 184	132	40	40	P 144	96	112	112	
54	1	T 186	133	40	40	P 160	96	96	112	
55	1	T 188	134	40	40	P 160	96	96	112	
56	1	T 190	135	40	40	P 160	96	112	112	
57	1	T 192	136	40	40	P 160	96	112	112	
58	1	T 194	137	40	40	P 160	96	112	112	
59	1	T 196	138	40	40	P 160	112	112	96	
60	1	T 198	139	40	40	P 160	112	112	96	
61	1	T 200	140	40	40	P 160	112	112	96	
62	1	T 202	141	40	40	P 176	112	96	96	
63	1	T 204	142	40	40	P 176	112	96	96	
64	1	T 206	143	40	40	P 176	112	112	112	
65	1	T 208	144	40	40	P 176	112	112	112	
66	1	T 210	145	40	40	P 176	112	112	112	
67	1	T 212	146	40	40	P 176	112	112	112	
68	1	T 214	147	40	40	P 176	112	112	112	
69	1	T 216	148	40	40	P 176	112	112	112	
70	1	T 218	149	40	40	P 192	112	96	112	
71	1	T 220	150	40	40	P 192	112	96	112	
72	1	T 222	151	40	40	P 192	112	96	112	
73	1	T 224	152	40	40	P 192	112	112	112	
74	1	T 226	153	40	40	P 192	112	112	112	
75	1	T 228	154	40	40	P 192	128	112	96	
76	1	T 230	155	40	40	P 192	128	112	96	
77	1	T 232	156	40	40	P 192	128	112	96	
78	1	T 234	157	40	40	P 208	128	96	96	
79	1	T 236	158	40	40	P 208	128	96	96	
80	1	T 238	159	40	40	P 208	128	96	112	
81	1	T 240	160	40	40	P 208	128	112	112	
82	1	T 242	161	40	40	P 208	128	112	112	
83	1	T 244	162	40	40	P 208	128	112	112	
84	1	T 246	163	40	40	P 208	128	112	112	
85	1	T 248	164	40	40	P 208	128	112	112	
86	1	T 250	165	40	40	P 224	128	96	112	
87	1	T 252	166	40	40	P 224	128	96	112	
88	1	T 254	167	40	40	P 224	128	96	112	
89	1	T 256	168	40	40	P 224	128	112	112	
90	1	T 258	169	40	40	P 224	128	112	112	
91	1	T 260	170	40	40	P 224	144	112	96	
92	1	T 262	171	40	40	P 224	144	112	96	
93	1	T 264	172	40	40	P 224	144	112	96	
94	1	T 266	173	40	40	P 240	144	96	96	
95	1	T 268	174	40	40	P 240	144	96	96	
96	1	T 270	175	40	40	P 240	144	96	112	
97	1	T 272	176	40	40	P 240	144	112	112	
98	1	T 274	177	40	40	P 240	144	112	112	
99	1	T 276	178	40	40	P 240	144	112	112	
100	1	T 278	179	40	40	P 240	144	112	112	
101	1	T 280	180	40	40	P 240	144	112	112	
102	1	T 282	181	40	40	P 256	144	96	112	
103	1	T 284	182	40	40	P 256	144	96	112	
104	1	T 286	183	40	40	P 256	144	96	112	
105	1	T 288	184	40	40	P 256	144	112	112	
106	1	T 290	185	40	40	P 256	144	112	112	
107	1	T 292	186	40	40	P 256	160	112	96	
108	1	T 294	187	40	40	P 256	160	112	96	
109	1	T 296	188	40	40	P 256	160	112	96	
110	1	T 298	189	40	40	P 272	160	96	96	
111	1	T 300	190	40	40	P 272	160	96	96	
112	1	T 302	191	40	40	P 272	160	96	112	
113	1	T 304	192	40	40	P 272	160	112	112	
114	1	T 306	193	40	40	P 272	160	112	112	
115	1	T 308	194	40	40	P 272	160	112	112	
116	1	T 310	195	40	40	P 272	160	112	112	
117	1	T 312	196	40	40	P 272	160	112	112	
118	1	T 314	197	40	40	P 288	160	96	112	
119	1	T 316	198	40	40	P 288	160	96	112	
120	1	T 318	199	40	40	P 288	160	112	112	
121	1	T 320	200	40	40	P 288	160	112	112	
122	1	T 322	201	40	40	P 288	160	112	112	
123	1	T 324	202	40	40	P 288	176	112	96	
124	1	T 326	203	40	40	P 288	176	112	96	
125	1	T 328	204	40	40	P 288	176	112	96	
126	1	T 330	205	40	40	P 304	176	96	96	
127	1	T 332	206	40	40	P 304	176	96	96	
128	1	T 334	207	40	40	P 304	176	96	112	
129	1	T 336	208	40	40	P 304	176	112	112	
130	1	T 338	209	40	40	P 304	176	112	112	
131	1	T 340	210	40	40	P 304	176	112	112	
132	1	T 342	211	40	40	P 304	176	112	112	
133	1	T 344	212	40	40	P 304	176	112	112	
134	1	T 346	213	40	40	P 320	176	96	112	
135	1	T 348	214	40	40	P 320	176	96	112	
136	1	T 350	215	40	40	P 320	176	96	112	
137	1	T 352	216	40	40	P 320	176	112	112	
138	1	T 354	217	40	40	P 320	176	112	112	
139	1	T 356	218	40	40	P 320	192	112	96	
140	1	T 358	219	40	40	P 320	192	112	96	
141	1	T 360	220	40	40	P 320	192	112	96	
142	1	T 362	221	40	40	P 336	192	96	96	
143	1	T 364	222	40	40	P 336	192	96	96	
144	1	T 366	223	40	40	P 336	192	96	112	
145	1	T 368	224	40	40	P 336	192	112	112	
146	1	T 370	225	40	40	P 336	192	112	112	
147	1	T 372	226	40	40	P 336	192	112	112	
148	1	T 374	227	40	40	P 336	192	112	112	
149	1	T 376	228	40	40	P 336	192	112	112	
150	1	T 378	229	40	40	P 352	192	96	112	
151	1	T 380	230	40	40	P 352	192	96	112	
152	1	T 382	231	40	40	P 352	192	96	112	
153	1	T 384	232	40	40	P 352	192	112	112	
154	1	T 386	233	40	40	P 352	192	112	112	
155	1	T 388	234	40	40	P 352	208	112	96	
156	1	T 390	235	40	40	P 352	208	112	96	
157	1	T 392	236	40	40	P 352	208	112	96	
158	1	T 394	237	40	40	P 368	208	96	96	
159	1	T 396	238	40	40	P 368	208	96	96	
160	1	T 398	239	40	40	P 368	208	96	112	
161	1	T 400	240	40	40	P 368	208	112	112	
162	1	T 402	241	40	40	P 368	208	112	112	
163	1	T 404	242	40	40	P 368	208	112	112	
164	1	T 406	243	40	40	P 368	208	112	112	
165	1	T 408	244	40	40	P 368	208	112	112	
166	1	T 410	245	40	40	P 384	208	96	112	
167	1	T 412	246	40	40	P 384	208	96	112	
168	1	T 414	247	40	40	P 384	208	96	112	
169	1	T 416	248	40	40	P 384	208	112	112	
170	1	T 418	249	40	40	P 384	208	112	112	
171	1	T 420	250	40	40	P 384	224	112	96	
172	1	T 422	251	40	40	P 384	224	112	96	
173	1	T 424	252	40	40	P 384	224	112	96	
174	1	T 426	253	40	40	P 400	224	96	96	
175	1	T 428	254	40	40	P 400	224	96	112	
176	1	T 430	255	40	40	P 400	224	96	112	
177	1	T 432	256	40	40	P 400	224	112	112	
178	1	T 434	257	40	40	P 400	224	112	112	
179	1	T 436	258	40	40	P 400	224	112	112	
180	1	T 438	259	40	40	P 400	224	112	112	
181	1	T 440	260	40	40	P 400	224	112	112	
182	1	T 442	261	40	40	P 416	224	96	112	
183	1	T 444	262	40	40	P 416	224	96	112	
184	1	T 446	263	40	40	P 416	224	96	112	
185	1	T 448	264	40	40	P 416	224	112	112	
186	1	T 450	265	40	40	P 416	224	112	112	
187	1	T 452	266	40	40	P 416	240	112	96	
188	1	T 454	267	40	40	P 416	240	112	96	
189	1	T 456	268	40	40	P 416	240	112	96	
190	1	T 458	269	40	40	P 432	240	96	96	
191	1	T 460	270	40	40	P 432	240	96	96	
192	1	T 462	271	40	40	P 432	240	96	112	
193	1	T 464	272	40	40	P 432	240	112	112	
194	1	T 466	273	40	40	P 432	240	112	112	
195	1	T 468	274	40	40	P 432	240	112	112	
196	1	T 470	275	40	40	P 432	240	112	112	
197	1	T 472	276	40	40	P 432	240	112	112	
198	1	T 474	277	40	40	P 448	240	96	112	
199	1	T 476	278	40	40	P 448	240	96	112	
200	1	T 478	279	40	40	P 448	240	96	112	
201	1	T 480	280	40	40	P 448	240	112	112	
202	1	T 482	281	40	40	P 448	240	112	112	
203	1	T 484	282	40	40	P 448	256	112	96	
204	1	T 486	283	40	40	P 448	256	112	96	
205	1	T 488	284	40	40	P 448	256	112	96	
206	1	T 490	285	40	40	P 464	256	96	96	
207	1	T 492	286	40	40	P 464	256	96	96	
208	1	T 494	287	40	40	P 464	256	96	112	
209	1	T 496	288	40	40	P 464	256	112	112	
210	1	T 498	289	40	40	P 464	256	112	112	
211	1	T 500	290	40	40	P 464	256	112	112	
212	1	T 502	291	40	40	P 464	256	112	112	
213	1	T 504	292	40	40	P 464	256	112	112	
214	1	T 506	293	40	40	P 480	256	96	112	
215	1	T 508	294	40	40	P 480	256	96	112	
216	1	T 510	295	40	40	P 480	256	96	112	
217	1	T 512	296	40	40	P 480	256	112	112	
218	1	T 514	297	40	40	P 480	256	112	112	
219	1	T 516	298	40	40	P 480	272	112	96	
220	1	T 518	299	40	40	P 480	272	112	96	
221	1	T 520	300	40	40	P 480	272	112	96	
222	1	T 522	301	40	40	P 496	272	96	96	
223	1	T 524	302	40	40	P 496	272	96	96	
224	1	T 526	303	40	40	P 496	272	96	112	
225	1	T 528	304	40	40	P 496	272	112	112	
226	1	T 530	305	40	40	P 496	272	112	112	
227	1	T 532	306	40	40	P 496	272	112	112	
228	1	T 534	307	40	40	P 496	272	112	112	
229	1	T 536	308	40	40	P 496	272	112	112	
230	1	T 538	309	40	40	P 512	272	96	112	
231	1	T 540	310	40	40	P 512	272	96	112	
232	1	T 542	311	40	40	P 512	272	96	112	
233	1	T 544	312	40	40	P 512	272	112	112	
234	1	T 546	313	40	40	P 512	272	112	112	
235	1	T 548	314	40	40	P 512	288	112	96	
236	1	T 550	315	40	40	P 512	288	112	96	
237	1	T 552	316	40	40	P 512	288	112	96	
238	1	T 554	317	40	40	P 528	288	96	96	
239	1	T 556	318	40	40	P 528	288	96	96	
240	1	T 558	319	40	40	P 528	288	96	112	
241	1	T 560	320	40	40	P 528	288	112	112	
242	1	T 562	321	40	40	P 528	288	112	112	
243	1	T 564	322	40	40	P 528	288	112	112	
244	1	T 566	323	40	40	P 528	288	112	112	
245	1	T 568	324	40	40	P 528	288	112	112	
246	1	T 570	325	40	40	P 544	288	96	112	
247	1	T 572	326	40	40	P 544	288	96	112	
248	1	T 574	327	40	40	P 544	288	112	112	
249	1	T 576	328	40	40	P 544	288	112	112	
250	1	T 578	329	40	40	P 544	288	112	112	
251	1	T 580	330	40	40	P 544	304	112	96	
252	1	T 582	331	40	40	P 544	304	112	96	
253	1	T 584	332	40	40	P 544	304	112	96	
254	1	T 586	333	40	40	P 560	304	96	96	
255	1	T 588	334	40	40	P 560	304	96	96	
256	1	T 590	335	40	40	P 560	304	96	112	
257	1	T 592	336	40	40	P 560	304	112	112	
258	1	T 594	337	40	40	P 560	304	112	112	
259	1	T 596	338	40	40	P 560	304	112	112	
260	1	T 598	339	40	40	P 560	304	112	112	
261	1	T 600	340	40	40	P 560	304	112	112	
262	1	T 602	341	40	40	P 576	304	96	112	
263	1	T 604	342	40	40	P 576	304	96	112	
264	1	T 606	343	40	40	P 576	304	96	112	
265	1	T 608	344	40	40	P 576	304	112	112	
266	1	T 610	345	40	40	P 576	304	112	112	
267	1	T 612	346	40	40	P 576	320	112	96	
268	1	T 614	347	40	40	P 576	320	112	96	
269	1	T 616	348	40	40	P 576	320	112	96	
270	1	T 618	349	40	40	P 592	320	96	96	
271	1	T 620	350	40	40	P 592	320	96	112	
272	1	T 622	351	40	40	P 592	320	96	112	
273	1	T 624	352	40	40	P 592	320	112	112	
274	1	T 626	353	40	40	P 592	320	112	112	
275	1	T 628	354	40	40	P 592	320	112	112	
276	1	T 630	355	40	40	P 592	320	112	112	
277	1	T 632	356	40	40	P 592	320	112	112	
278	1	T 634	357	40	40	P 608	320	96	112	
279	1	T 636	358	40	40	P 608	320	96	112	
280	1	T 638	359	40	40	P 608	320	96	112	
281	1	T 640	360	40	40	P 608	320	112	112	
282	1	T 642	361	40	40	P 608	320	112	112	
283	1	T 644	362	40	40	P 608	336	112	96	
284	1	T 646	363	40	40	P 608	336	112	96	
285	1	T 648	364	40	40	P 608	336	112	96	
286	1	T 650	365	40	40	P 624	336	96	96	
287	1	T 652	366	40	40	P 624	336	96	96	
288	1	T 654	367	40	40	P 624	336	96	112	
289	1	T 656	368	40	40	P 624	336	96	112	
290	1	T 658	369	40	40	P 624	336	96	112	
291	1	T 660	370	40	40	P 624	336	96	112	
292	1	T 658	371	40	40	P 624	336	96	112	
293	1	T 656	372	40	40	P 624	336	96	112	
294	1	T 654	373	40	40	P 624	336	96	112	
295	1	T 652	374	40	40	P 624	336	96	112	
296	1	T 650	375	40	40	P 624	336	96	112	
297	1	T 648	376	40	40	P 608	336	112	112	
298	1	T 646	377	40	40	P 608	336	112	112	
299	1	T 644	378	40	40	P 608	352	112	96	
300	1	T 642	379	40	40	P 608	352	112	96	
301	1	T 640	380	40	40	P 608	352	112	96	
302	1	T 638	381	40	40	P 608	352	96	96	
303	1	T 636	382	40	40	P 608	352	96	96	
304	1	T 634	383	40	40	P 608	352	96	112	
305	1	T 632	384	40	40	P 592	352	112	112	
306	1	T 630	385	40	40	P 592	352	112	112	
307	1	T 628	386	40	40	P 592	352	112	112	
308	1	T 626	387	40	40	P 592	352	112	112	
309	1	T 624	388	40	40	P 592	352	112	112	
310	1	T 622	389	40	40	P 592	352	96	112	
311	1	T 620	390	40	40	P 592	352	96	112	
312	1	T 618	391	40	40	P 592	352	96	112	
313	1	T 616	392	40	40	P 576	352	112	112	
314	1	T 614	393	40	40	P 576	368	112	96	
315	1	T 612	394	40	40	P 576	368	112	96	
316	1	T 610	395	40	40	P 576	368	112	96	
317	1	T 608	396	40	40	P 576	368	112	96	
318	1	T 606	397	40	40	P 576	368	96	96	
319	1	T 604	398	40	40	P 576	368	96	112	
320	1	T 602	399	40	40	P 576	368	96	112	
321	1	T 600	400	40	40	P 560	368	112	112	
322	1	T 598	401	40	40	P 560	368	112	112	
323	1	T 596	402	40	40	P 560	368	112	112	
324	1	T 594	403	40	40	P 560	368	112	112	
325	1	T 592	404	40	40	P 560	368	112	112	
326	1	T 590	405	40	40	P 560	368	96	112	
327	1	T 588	406	40	40	P 560	368	96	112	
328	1	T 586	407	40	40	P 560	368	96	112	
329	1	T 584	408	40	40	P 544	368	112	112	
330	1	T 582	409	40	40	P 544	368	112	112	
331	1	T 580	410	40	40	P 544	384	112	96	
332	1	T 578	411	40	40	P 544	384	112	96	
333	1	T 576	412	40	40	P 544	384	112	96	
334	1	T 574	413	40	40	P 544	384	96	96	
335	1	T 572	414	40	40	P 544	384	96	96	
336	1	T 570	415	40	40	P 544	384	96	96	
337	1	T 568	416	40	40	P 528	384	112	96	
338	1	T 566	417	40	40	P 528	384	112	96	
339	1	T 564	418	40	40	P 528	384	112	96	
340	1	T 562	419	40	40	P 528	384	112	96	
341	1	T 560	420	40	40	P 528	384	112	96	
342	1	T 558	419	40	40	P 528	384	96	96	
343	1	T 556	418	40	40	P 528	384	96	96	
344	1	T 554	417	40	40	P 528	384	96	96	
345	1	T 552	416	40	40	P 512	384	112	96	
346	1	T 550	415	40	40	P 512	384	112	96	
347	1	T 548	414	40	40	P 512	384	112	96	
348	1	T 546	413	40	40	P 512	384	112	96	
349	1	T 544	412	40	40	P 512	384	112	96	
350	1	T 542	411	40	40	P 512	384	96	96	
351	1	T 540	410	40	40	P 512	384	96	96	
352	1	T 538	409	40	40	P 512	368	96	112	
353	1	T 536	408	40	40	P 496	368	112	112	
354	1	T 534	407	40	40	P 496	368	112	112	
355	1	T 532	406	40	40	P 496	368	112	112	
356	1	T 530	405	40	40	P 496	368	112	112	
357	1	T 528	404	40	40	P 496	368	112	112	
358	1	T 526	403	40	40	P 496	368	96	112	
359	1	T 524	402	40	40	P 496	368	96	112	
360	1	T 522	401	40	40	P 496	368	96	112	
361	1	T 520	400	40	40	P 480	368	112	112	
362	1	T 518	399	40	40	P 480	368	112	112	
363	1	T 516	398	40	40	P 480	368	112	96	
364	1	T 514	397	40	40	P 480	368	112	96	
365	1	T 512	396	40	40	P 480	368	112	96	
366	1	T 510	395	40	40	P 480	368	96	96	
367	1	T 508	394	40	40	P 480	368	96	96	
368	1	T 506	393	40	40	P 480	352	96	112	
369	1	T 504	392	40	40	P 464	352	112	112	
370	1	T 502	391	40	40	P 464	352	112	112	
371	1	T 500	390	40	40	P 464	352	112	112	
372	1	T 498	389	40	40	P 464	352	112	112	
373	1	T 496	388	40	40	P 464	352	112	112	
374	1	T 494	387	40	40	P 464	352	96	112	
375	1	T 492	386	40	40	P 464	352	96	112	
376	1	T 490	385	40	40	P 464	352	96	112	
377	1	T 488	384	40	40	P 448	352	112	112	
378	1	T 486	383	40	40	P 448	352	112	112	
379	1	T 484	382	40	40	P 448	352	112	96	
380	1	T 482	381	40	40	P 448	352	112	96	
381	1	T 480	380	40	40	P 448	352	112	96	
382	1	T 478	379	40	40	P 448	352	96	96	
383	1	T 476	378	40	40	P 448	352	96	96	
384	1	T 474	377	40	40	P 448	336	96	112	
385	1	T 472	376	40	40	P 432	336	112	112	
386	1	T 470	375	40	40	P 432	336	112	112	
387	1	T 468	374	40	40	P 432	336	112	112	
388	1	T 466	373	40	40	P 432	336	112	112	
389	1	T 464	372	40	40	P 432	336	112	112	
390	1	T 462	371	40	40	P 432	336	96	112	
391	1	T 460	370	40	40	P 432	336	96	112	
392	1	T 458	369	40	40	P 432	336	96	112	
393	1	T 456	368	40	40	P 416	336	112	112	
394	1	T 454	367	40	40	P 416	336	112	112	
395	1	T 452	366	40	40	P 416	336	112	96	
396	1	T 450	365	40	40	P 416	336	112	96	
397	1	T 448	364	40	40	P 416	336	112	96	
398	1	T 446	363	40	40	P 416	336	96	96	
399	1	T 444	362	40	40	P 416	336	96	96	
400	1	T 442	361	40	40	P 416	320	96	112	
401	1	T 440	360	40	40	P 400	320	112	112	
402	1	T 438	359	40	40	P 400	320	112	112	
403	1	T 436	358	40	40	P 400	320	112	112	
404	1	T 434	357	40	40	P 400	320	112	112	
405	1	T 432	356	40	40	P 400	320	112	112	
406	1	T 430	355	40	40	P 400	320	96	112	
407	1	T 428	354	40	40	P 400	320	96	112	
408	1	T 426	353	40	40	P 400	320	96	112	
409	1	T 424	352	40	40	P 384	320	112	112	
410	1	T 422	351	40	40	P 384	320	112	112	
411	1	T 420	350	40	40	P 384	320	112	96	
412	1	T 418	349	40	40	P 384	320	112	96	
413	1	T 416	348	40	40	P 384	320	112	96	
414	1	T 414	347	40	40	P 384	320	96	96	
415	1	T 412	346	40	40	P 384	320	96	96	
416	1	T 410	345	40	40	P 384	304	96	112	
417	1	T 408	344	40	40	P 368	304	112	112	
418	1	T 406	343	40	40	P 368	304	112	112	
419	1	T 404	342	40	40	P 368	304	112	112	
420	1	T 402	341	40	40	P 368	304	112	112	
421	1	T 400	340	40	40	P 368	304	112	112	
422	1	T 398	339	40	40	P 368	304	96	112	
423	1	T 396	338	40	40	P 368	304	96	112	
424	1	T 394	337	40	40	P 368	304	96	112	
425	1	T 392	336	40	40	P 352	304	112	112	
426	1	T 390	335	40	40	P 352	304	112	112	
427	1	T 388	334	40	40	P 352	304	112	96	
428	1	T 386	333	40	40	P 352	304	112	96	
429	1	T 384	332	40	40	P 352	304	112	96	
430	1	T 382	331	40	40	P 352	304	96	96	
431	1	T 380	330	40	40	P 352	304	96	96	
432	1	T 378	329	40	40	P 352	288	96	112	
433	1	T 376	328	40	40	P 336	288	112	112	
434	1	T 374	327	40	40	P 336	288	112	112	
435	1	T 372	326	40	40	P 336	288	112	112	
436	1	T 370	325	40	40	P 336	288	112	112	
437	1	T 368	324	40	40	P 336	288	112	112	
438	1	T 366	323	40	40	P 336	288	96	112	
439	1	T 364	322	40	40	P 336	288	96	112	
440	1	T 362	321	40	40	P 336	288	96	112	
441	1	T 360	320	40	40	P 320	288	112	112	
442	1	T 358	319	40	40	P 320	288	112	112	
443	1	T 356	318	40	40	P 320	288	112	96	
444	1	T 354	317	40	40	P 320	288	112	96	
445	1	T 352	316	40	40	P 320	288	112	96	
446	1	T 350	315	40	40	P 320	288	96	96	
447	1	T 348	314	40	40	P 320	288	96	96	
448	1	T 346	313	40	40	P 320	272	96	112	
449	1	T 344	312	40	40	P 304	272	112	112	
450	1	T 342	311	40	40	P 304	272	112	112	
451	1	T 340	310	40	40	P 304	272	112	112	
452	1	T 338	309	40	40	P 304	272	112	112	
453	1	T 336	308	40	40	P 304	272	112	112	
454	1	T 334	307	40	40	P 304	272	96	112	
455	1	T 332	306	40	40	P 304	272	96	112	
456	1	T 330	305	40	40	P 288	272	112	112	
457	1	T 328	304	40	40	P 288	272	112	112	
458	1	T 326	303	40	40	P 288	272	112	112	
459	1	T 324	302	40	40	P 288	272	112	112	
460	1	T 322	301	40	40	P 288	272	112	96	
461	1	T 320	300	40	40	P 288	272	112	96	
462	1	T 318	299	40	40	P 288	272	96	96	
463	1	T 316	298	40	40	P 288	272	96	96	
464	1	T 314	297	40	40	P 288	256	96	112	
465	1	T 312	296	40	40	P 272	256	112	112	
466	1	T 310	295	40	40	P 272	256	112	112	
467	1	T 308	294	40	40	P 272	256	112	112	
468	1	T 306	293	40	40	P 272	256	112	112	
469	1	T 304	292	40	40	P 272	256	112	112	
470	1	T 302	291	40	40	P 272	256	96	112	
471	1	T 300	290	40	40	P 272	256	96	112	
472	1	T 298	289	40	40	P 272	256	96	112	
473	1	T 296	288	40	40	P 256	256	112	112	
474	1	T 294	287	40	40	P 256	256	112	112	
475	1	T 292	286	40	40	P 256	256	112	112	
476	1	T 290	285	40	40	P 256	256	112	96	
477	1	T 288	284	40	40	P 256	256	112	96	
478	1	T 286	283	40	40	P 256	256	96	96	
479	1	T 284	282	40	40	P 256	256	96	96	
480	1	T 282	281	40	40	P 256	240	96	112	
481	1	T 280	280	40	40	P 240	240	112	112	
482	1	T 278	279	40	40	P 240	240	112	112	
483	1	T 276	278	40	40	P 240	240	112	112	
484	1	T 274	277	40	40	P 240	240	112	112	
485	1	T 272	276	40	40	P 240	240	112	112	
486	1	T 270	275	40	40	P 240	240	96	112	
487	1	T 268	274	40	40	P 240	240	96	112	
488	1	T 266	273	40	40	P 240	240	96	112	
489	1	T 264	272	40	40	P 224	240	112	112	
490	1	T 262	271	40	40	P 224	240	112	112	
491	1	T 260	270	40	40	P 224	240	112	96	
492	1	T 258	269	40	40	P 224	240	112	96	
493	1	T 256	268	40	40	P 224	240	112	96	
494	1	T 254	267	40	40	P 224	240	96	96	
495	1	T 252	266	40	40	P 224	240	96	96	
496	1	T 250	265	40	40	P 224	224	96	112	
497	1	T 248	264	40	40	P 208	224	112	112	
498	1	T 246	263	40	40	P 208	224	112	112	
499	1	T 244	262	40	40	P 208	224	112	112	
500	1	T 242	261	40	40	P 208	224	112	112	
501	1	T 240	260	40	40	P 208	224	112	112	
502	1	T 238	259	40	40	P 208	224	96	112	
503	1	T 236	258	40	40	P 208	224	96	112	
504	1	T 234	257	40	40	P 208	224	96	112	
505	1	T 232	256	40	40	P 192	224	112	112	
506	1	T 230	255	40	40	P 192	224	112	112	
507	1	T 228	254	40	40	P 192	224	112	112	
508	1	T 226	253	40	40	P 192	224	112	96	
509	1	T 224	252	40	40	P 192	224	112	96	
510	1	T 222	251	40	40	P 192	224	96	96	
511	1	T 220	250	40	40	P 192	208	96	112	
512	1	T 218	249	40	40	P 176	208	112	112	
513	1	T 216	248	40	40	P 176	208	112	112	
514	1	T 214	247	40	40	P 176	208	112	112	
515	1	T 212	246	40	40	P 176	208	112	112	
516	1	T 210	245	40	40	P 176	208	112	112	
517	1	T 208	244	40	40	P 176	208	112	112	
518	1	T 206	243	40	40	P 176	208	96	112	
519	1	T 204	242	40	40	P 176	208	96	112	
520	1	T 202	241	40	40	P 176	208	96	112	
521	1	T 200	240	40	40	P 160	208	112	112	
522	1	T 198	239	40	40	P 160	208	112	112	
523	1	T 196	238	40	40	P 160	208	112	96	
524	1	T 194	237	40	40	P 160	208	112	96	
525	1	T 192	236	40	40	P 160	208	112	96	
526	1	T 190	235	40	40	P 160	208	96	96	
527	1	T 188	234	40	40	P 160	208	96	96	
528	1	T 186	233	40	40	P 160	192	96	112	
529	1	T 184	232	40	40	P 144	192	112	112	
530	1	T 182	231	40	40	P 144	192	112	112	
531	1	T 180	230	40	40	P 144	192	112	112	
532	1	T 178	229	40	40	P 144	192	112	112	
533	1	T 176	228	40	40	P 144	192	112	112	
534	1	T 174	227	40	40	P 144	192	96	112	
535	1	T 172	226	40	40	P 144	192	96	112	
536	1	T 170	225	40	40	P 144	192	96	112	
537	1	T 168	224	40	40	P 128	192	112	112	
538	1	T 166	223	40	40	P 128	192	112	112	
539	1	T 164	222	40	40	P 128	192	112	112	
540	1	T 162	221	40	40	P 128	192	112	96	
541	1	T 160	220	40	40	P 128	192	112	96	
542	1	T 158	219	40	40	P 128	192	96	96	
543	1	T 156	218	40	40	P 128	192	96	96	
544	1	T 154	217	40	40	P 128	176	96	112	
545	1	T 152	216	40	40	P 112	176	112	112	
546	1	T 150	215	40	40	P 112	176	112	112	
547	1	T 148	214	40	40	P 112	176	112	112	
548	1	T 146	213	40	40	P 112	176	112	112	
549	1	T 144	212	40	40	P 112	176	112	112	
550	1	T 142	211	40	40	P 112	176	96	112	
551	1	T 140	210	40	40	P 112	176	96	112	
552	1	T 138	209	40	40	P 112	176	96	112	
553	1	T 136	208	40	40	P 96	176	112	112	
554	1	T 134	207	40	40	P 96	176	112	112	
555	1	T 132	206	40	40	P 96	176	112	112	
556	1	T 130	205	40	40	P 96	176	112	96	
557	1	T 128	204	40	40	P 96	176	112	96	
558	1	T 126	203	40	40	P 96	176	96	96	
559	1	T 124	202	40	40	P 96	176	96	96	
560	1	T 122	201	40	40	P 96	160	96	112	
561	1	T 120	200	40	40	P 80	160	112	112	
562	1	T 118	199	40	40	P 80	160	112	112	
563	1	T 116	198	40	40	P 80	160	112	112	
564	1	T 114	197	40	40	P 80	160	112	112	
565	1	T 112	196	40	40	P 80	160	112	112	
566	1	T 110	195	40	40	P 80	160	96	112	
567	1	T 108	194	40	40	P 80	160	96	112	
568	1	T 106	193	40	40	P 80	160	96	112	
569	1	T 104	192	40	40	P 64	160	112	112	
570	1	T 102	191	40	40	P 64	160	112	112	
571	1	T 100	190	40	40	P 64	160	112	96	
572	1	T 98	189	40	40	P 64	160	112	96	
573	1	T 96	188	40	40	P 64	160	112	96	
574	1	T 94	187	40	40	P 64	160	96	96	
575	1	T 92	186	40	40	P 64	160	96	96	
576	1	T 90	185	40	40	P 64	144	96	112	
577	1	T 88	184	40	40	P 48	144	112	112	
578	1	T 86	183	40	40	P 48	144	112	112	
579	1	T 84	182	40	40	P 48	144	112	112	
580	1	T 82	181	40	40	P 48	144	112	112	
581	1	T 80	180	40	40	P 48	144	112	112	
582	1	T 78	179	40	40	P 48	144	96	112	
583	1	T 76	178	40	40	P 48	144	96	112	
584	1	T 74	177	40	40	P 48	144	96	112	
585	1	T 72	176	40	40	P 32	144	112	112	
586	1	T 70	175	40	40	P 32	144	112	112	
587	1	T 68	174	40	40	P 32	144	112	96	
588	1	T 66	173	40	40	P 32	144	112	96	
589	1	T 64	172	40	40	P 32	144	112	96	
590	1	T 62	171	40	40	P 32	144	96	96	
591	1	T 60	170	40	40	P 32	144	96	96	
592	1	T 58	169	40	40	P 32	128	96	112	
593	1	T 56	168	40	40	P 16	128	112	112	
594	1	T 54	167	40	40	P 16	128	112	112	
595	1	T 52	166	40	40	P 16	128	112	112	
596	1	T 50	165	40	40	P 16	128	112	112	
597	1	T 48	164	40	40	P 16	128	112	112	
598	1	T 46	163	40	40	P 16	128	96	112	
599	1	T 44	162	40	40	P 16	128	96	112	
600	1	T 42	161	40	40	P 16	128	96	112	
601	1	T 40	160	40	40	P 0	128	112	112	
602	1	T 38	159	40	40	P 0	128	112	112	
603	1	T 36	158	40	40	P 0	128	112	112	
604	1	T 34	157	40	40	P 0	128	112	96	
605	1	T 32	156	40	40	P 0	128	112	96	
606	1	T 30	155	40	40	P 0	128	96	96	
607	1	T 28	154	40	40	P 0	128	96	96	
608	1	T 26	153	40	40	P 0	112	96	112	
609	1	T 24	152	40	40	P 0	112	96	112	
610	1	T 22	151	40	40	P 0	112	96	112	
611	1	T 20	150	40	40	P 0	112	96	112	
612	1	T 22	149	40	40	P 0	112	96	112	
613	1	T 24	148	40	40	P 0	112	96	112	
614	1	T 26	147	40	40	P 0	112	96	112	
615	1	T 28	146	40	40	P 0	112	96	112	
616	1	T 30	145	40	40	P 0	112	96	112	
617	1	T 32	144	40	40	P 0	112	112	112	
618	1	T 34	143	40	40	P 0	112	112	112	
619	1	T 36	142	40	40	P 0	112	112	96	
620	1	T 38	141	40	40	P 0	112	112	96	
621	1	T 40	140	40	40	P 0	112	112	96	
622	1	T 42	139	40	40	P 16	112	96	96	
623	1	T 44	138	40	40	P 16	112	96	96	
624	1	T 46	137	40	40	P 16	96	96	112	
625	1	T 48	136	40	40	P 16	96	112	112	
626	1	T 50	135	40	40	P 16	96	112	112	
627	1	T 52	134	40	40	P 16	96	112	112	
628	1	T 54	133	40	40	P 16	96	112	112	
629	1	T 56	132	40	40	P 16	96	112	112	
630	1	T 58	131	40	40	P 32	96	96	112	
631	1	T 60	130	40	40	P 32	96	96	112	
632	1	T 62	129	40	40	P 32	96	96	112	
633	1	T 64	128	40	40	P 32	96	112	112	
634	1	T 66	127	40	40	P 32	96	112	112	
635	1	T 68	126	40	40	P 32	96	112	112	
636	1	T 70	125	40	40	P 32	96	112	96	
637	1	T 72	124	40	40	P 32	96	112	96	
638	1	T 74	123	40	40	P 48	96	96	96	
639	1	T 76	122	40	40	P 48	96	96	96	
640	1	T 78	121	40	40	P 48	80	96	112	
641	1	T 80	120	40	40	P 48	80	112	112	
642	1	T 82	119	40	40	P 48	80	112	112	
643	1	T 84	118	40	40	P 48	80	112	112	
644	1	T 86	117	40	40	P 48	80	112	112	
645	1	T 88	116	40	40	P 48	80	112	112	
646	1	T 90	115	40	40	P 64	80	96	112	
647	1	T 92	114	40	40	P 64	80	96	112	
648	1	T 94	113	40	40	P 64	80	96	112	
649	1	T 96	112	40	40	P 64	80	112	112	
650	1	T 98	111	40	40	P 64	80	112	112	
651	1	T 100	110	40	40	P 64	80	112	96	
652	1	T 102	109	40	40	P 64	80	112	96	
653	1	T 104	108	40	40	P 64	80	112	96	
654	1	T 106	107	40	40	P 80	80	96	96	
655	1	T 108	106	40	40	P 80	80	96	96	
656	1	T 110	105	40	40	P 80	64	96	112	
657	1	T 112	104	40	40	P 80	64	112	112	
658	1	T 114	103	40	40	P 80	64	112	112	
659	1	T 116	102	40	40	P 80	64	112	112	
660	1	T 118	101	40	40	P 80	64	112	112	
661	1	T 120	100	40	40	P 80	64	112	112	
662	1	T 122	99	40	40	P 96	64	96	112	
663	1	T 124	98	40	40	P 96	64	96	112	
664	1	T 126	97	40	40	P 96	64	96	112	
665	1	T 128	96	40	40	P 96	64	112	112	
666	1	T 130	95	40	40	P 96	64	112	112	
667	1	T 132	94	40	40	P 96	64	112	96	
668	1	T 134	93	40	40	P 96	64	112	96	
669	1	T 136	92	40	40	P 96	64	112	96	
670	1	T 138	91	40	40	P 112	64	96	96	
671	1	T 140	90	40	40	P 112	64	96	96	
672	1	T 142	89	40	40	P 112	48	96	112	
673	1	T 144	88	40	40	P 112	48	112	112	
674	1	T 146	87	40	40	P 112	48	112	112	
675	1	T 148	86	40	40	P 112	48	112	112	
676	1	T 150	85	40	40	P 112	48	112	112	
677	1	T 152	84	40	40	P 112	48	112	112	
678	1	T 154	83	40	40	P 128	48	96	112	
679	1	T 156	82	40	40	P 128	48	96	112	
680	1	T 158	81	40	40	P 128	48	96	112	
681	1	T 160	80	40	40	P 128	48	112	112	
682	1	T 162	79	40	40	P 128	48	112	112	
683	1	T 164	78	40	40	P 128	48	112	96	
684	1	T 166	77	40	40	P 128	48	112	96	
685	1	T 168	76	40	40	P 128	48	112	96	
686	1	T 170	75	40	40	P 144	48	96	96	
687	1	T 172	74	40	40	P 144	48	96	96	
688	1	T 174	73	40	40	P 144	32	96	112	
689	1	T 176	72	40	40	P 144	32	112	112	
690	1	T 178	71	40	40	P 144	32	112	112	
691	1	T 180	70	40	40	P 144	32	112	112	
692	1	T 182	69	40	40	P 144	32	112	112	
693	1	T 184	68	40	40	P 144	32	112	112	
694	1	T 186	67	40	40	P 160	32	96	112	
695	1	T 188	66	40	40	P 160	32	96	112	
696	1	T 190	65	40	40	P 160	32	96	112	
697	1	T 192	64	40	40	P 160	32	112	112	
698	1	T 194	63	40	40	P 160	32	112	112	
699	1	T 196	62	40	40	P 160	32	112	96	
700	1	T 198	61	40	40	P 160	32	112	96	
701	1	T 200	60	40	40	P 160	32	112	96	
702	1	T 202	59	40	40	P 176	32	96	96	
703	1	T 204	58	40	40	P 176	32	96	96	
704	1	T 206	57	40	40	P 176	16	96	112	
705	1	T 208	56	40	40	P 176	16	112	112	
706	1	T 210	55	40	40	P 176	16	112	112	
707	1	T 212	54	40	40	P 176	16	112	112	
708	1	T 214	53	40	40	P 176	16	112	112	
709	1	T 216	52	40	40	P 176	16	112	112	
710	1	T 218	51	40	40	P 192	16	96	112	
711	1	T 220	50	40	40	P 192	16	96	112	
712	1	T 222	49	40	40	P 192	16	96	112	
713	1	T 224	48	40	40	P 192	16	112	112	
714	1	T 226	47	40	40	P 192	16	112	112	
715	1	T 228	46	40	40	P 192	16	112	96	
716	1	T 230	45	40	40	P 192	16	112	96	
717	1	T 232	44	40	40	P 192	16	112	96	
718	1	T 234	43	40	40	P 208	16	96	96	
719	1	T 236	42	40	40	P 208	16	96	96	
720	1	T 238	41	40	40	P 208	0	96	112	
721	1	T 240	40	40	40	P 208	0	112	112	
722	1	T 242	39	40	40	P 208	0	112	112	
723	1	T 244	38	40	40	P 208	0	112	112	
724	1	T 246	37	40	40	P 208	0	112	112	
725	1	T 248	36	40	40	P 208	0	112	112	
726	1	T 250	35	40	40	P 224	0	96	112	
727	1	T 252	34	40	40	P 224	0	96	112	
728	1	T 254	33	40	40	P 224	0	96	112	
729	1	T 256	32	40	40	P 224	0	112	112	
730	1	T 258	31	40	40	P 224	0	112	112	
731	1	T 260	30	40	40	P 224	0	112	96	
732	1	T 262	29	40	40	P 224	0	112	96	
733	1	T 264	28	40	40	P 224	0	112	96	
734	1	T 266	27	40	40	P 240	0	96	96	
735	1	T 268	26	40	40	P 240	0	96	96	
736	1	T 270	25	40	40	P 240	0	96	96	
737	1	T 272	24	40	40	P 240	0	112	96	
738	1	T 274	23	40	40	P 240	0	112	96	
739	1	T 276	22	40	40	P 240	0	112	96	
740	1	T 278	21	40	40	P 240	0	112	96	
741	1	T 280	20	40	40	P 240	0	112	96	
742	1	T 282	21	40	40	P 256	0	96	96	
743	1	T 284	22	40	40	P 256	0	96	96	
744	1	T 286	23	40	40	P 256	0	96	96	
745	1	T 288	24	40	40	P 256	0	112	96	
746	1	T 290	25	40	40	P 256	0	112	96	
747	1	T 292	26	40	40	P 256	0	112	96	
748	1	T 294	27	40	40	P 256	0	112	96	
749	1	T 296	28	40	40	P 256	0	112	96	
750	1	T 298	29	40	40	P 272	0	96	96	
751	1	T 300	30	40	40	P 272	0	96	96	
752	1	T 302	31	40	40	P 272	0	96	112	
753	1	T 304	32	40	40	P 272	0	112	112	
754	1	T 306	33	40	40	P 272	0	112	112	
755	1	T 308	34	40	40	P 272	0	112	112	
756	1	T 310	35	40	40	P 272	0	112	112	
757	1	T 312	36	40	40	P 272	0	112	112	
758	1	T 314	37	40	40	P 288	0	96	112	
759	1	T 316	38	40	40	P 288	0	96	112	
760	1	T 318	39	40	40	P 288	0	96	112	
761	1	T 320	40	40	40	P 288	0	112	112	
762	1	T 322	41	40	40	P 288	0	112	112	
763	1	T 324	42	40	40	P 288	16	112	96	
764	1	T 326	43	40	40	P 288	16	112	96	
765	1	T 328	44	40	40	P 288	16	112	96	
766	1	T 330	45	40	40	P 304	16	96	96	
767	1	T 332	46	40	40	P 304	16	96	96	
768	1	T 334	47	40	40	P 304	16	96	112	
769	1	T 336	48	40	40	P 304	16	112	112	
770	1	T 338	49	40	40	P 304	16	112	112	
771	1	T 340	50	40	40	P 304	16	112	112	
772	1	T 342	51	40	40	P 304	16	112	112	
773	1	T 344	52	40	40	P 304	16	112	112	
774	1	T 346	53	40	40	P 320	16	96	112	
775	1	T 348	54	40	40	P 320	16	96	112	
776	1	T 350	55	40	40	P 320	16	96	112	
777	1	T 352	56	40	40	P 320	16	112	112	
778	1	T 354	57	40	40	P 320	16	112	112	
779	1	T 356	58	40	40	P 320	32	112	96	
780	1	T 358	59	40	40	P 320	32	112	96	
781	1	T 360	60	40	40	P 320	32	112	96	
782	1	T 362	61	40	40	P 336	32	96	96	
783	1	T 364	62	40	40	P 336	32	96	112	
784	1	T 366	63	40	40	P 336	32	96	112	
785	1	T 368	64	40	40	P 336	32	112	112	
786	1	T 370	65	40	40	P 336	32	112	112	
787	1	T 372	66	40	40	P 336	32	112	112	
788	1	T 374	67	40	40	P 336	32	112	112	
789	1	T 376	68	40	40	P 336	32	112	112	
790	1	T 378	69	40	40	P 352	32	96	112	
791	1	T 380	70	40	40	P 352	32	96	112	
792	1	T 382	71	40	40	P 352	32	96	112	
793	1	T 384	72	40	40	P 352	32	112	112	
794	1	T 386	73	40	40	P 352	32	112	112	
795	1	T 388	74	40	40	P 352	48	112	96	
796	1	T 390	75	40	40	P 352	48	112	96	
797	1	T 392	76	40	40	P 352	48	112	96	
798	1	T 394	77	40	40	P 368	48	96	96	
799	1	T 396	78	40	40	P 368	48	96	96	
800	1	T 398	79	40	40	P 368	48	96	112	
801	1	T 400	80	40	40	P 368	48	112	112	
802	1	T 402	81	40	40	P 368	48	112	112	
803	1	T 404	82	40	40	P 368	48	112	112	
804	1	T 406	83	40	40	P 368	48	112	112	
805	1	T 408	84	40	40	P 368	48	112	112	
806	1	T 410	85	40	40	P 384	48	96	112	
807	1	T 412	86	40	40	P 384	48	96	112	
808	1	T 414	87	40	40	P 384	48	96	112	
809	1	T 416	88	40	40	P 384	48	112	112	
810	1	T 418	89	40	40	P 384	48	112	112	
811	1	T 420	90	40	40	P 384	64	112	96	
812	1	T 422	91	40	40	P 384	64	112	96	
813	1	T 424	92	40	40	P 384	64	112	96	
814	1	T 426	93	40	40	P 400	64	96	96	
815	1	T 428	94	40	40	P 400	64	96	112	
816	1	T 430	95	40	40	P 400	64	96	112	
817	1	T 432	96	40	40	P 400	64	112	112	
818	1	T 434	97	40	40	P 400	64	112	112	
819	1	T 436	98	40	40	P 400	64	112	112	
820	1	T 438	99	40	40	P 400	64	112	112	
821	1	T 440	100	40	40	P 400	64	112	112	
822	1	T 442	101	40	40	P 416	64	96	112	
823	1	T 444	102	40	40	P 416	64	96	112	
824	1	T 446	103	40	40	P 416	64	96	112	
825	1	T 448	104	40	40	P 416	64	112	112	
826	1	T 450	105	40	40	P 416	64	112	112	
827	1	T 452	106	40	40	P 416	80	112	96	
828	1	T 454	107	40	40	P 416	80	112	96	
829	1	T 456	108	40	40	P 416	80	112	96	
830	1	T 458	109	40	40	P 432	80	96	96	
831	1	T 460	110	40	40	P 432	80	96	96	
832	1	T 462	111	40	40	P 432	80	96	112	
833	1	T 464	112	40	40	P 432	80	112	112	
834	1	T 466	113	40	40	P 432	80	112	112	
835	1	T 468	114	40	40	P 432	80	112	112	
836	1	T 470	115	40	40	P 432	80	112	112	
837	1	T 472	116	40	40	P 432	80	112	112	
838	1	T 474	117	40	40	P 448	80	96	112	
839	1	T 476	118	40	40	P 448	80	96	112	
840	1	T 478	119	40	40	P 448	80	112	112	
841	1	T 480	120	40	40	P 448	80	112	112	
842	1	T 482	121	40	40	P 448	80	112	112	
843	1	T 484	122	40	40	P 448	96	112	96	
844	1	T 486	123	40	40	P 448	96	112	96	
845	1	T 488	124	40	40	P 448	96	112	96	
846	1	T 490	125	40	40	P 464	96	96	96	
847	1	T 492	126	40	40	P 464	96	96	96	
848	1	T 494	127	40	40	P 464	96	96	112	
849	1	T 496	128	40	40	P 464	96	112	112	
850	1	T 498	129	40	40	P 464	96	112	112	
851	1	T 500	130	40	40	P 464	96	112	112	
852	1	T 502	131	40	40	P 464	96	112	112	
853	1	T 504	132	40	40	P 464	96	112	112	
854	1	T 506	133	40	40	P 480	96	96	112	
855	1	T 508	134	40	40	P 480	96	96	112	
856	1	T 510	135	40	40	P 480	96	96	112	
857	1	T 512	136	40	40	P 480	96	112	112	
858	1	T 514	137	40	40	P 480	96	112	112	
859	1	T 516	138	40	40	P 480	112	112	96	
860	1	T 518	139	40	40	P 480	112	112	96	
861	1	T 520	140	40	40	P 480	112	112	96	
862	1	T 522	141	40	40	P 496	112	96	96	
863	1	T 524	142	40	40	P 496	112	96	96	
864	1	T 526	143	40	40	P 496	112	112	112	
865	1	T 528	144	40	40	P 496	112	112	112	
866	1	T 530	145	40	40	P 496	112	112	112	
867	1	T 532	146	40	40	P 496	112	112	112	
868	1	T 534	147	40	40	P 496	112	112	112	
869	1	T 536	148	40	40	P 496	112	112	112	
870	1	T 538	149	40	40	P 512	112	96	112	
871	1	T 540	150	40	40	P 512	112	96	112	
872	1	T 542	151	40	40	P 512	112	96	112	
873	1	T 544	152	40	40	P 512	112	112	112	
874	1	T 546	153	40	40	P 512	112	112	112	
875	1	T 548	154	40	40	P 512	128	112	96	
876	1	T 550	155	40	40	P 512	128	112	96	
877	1	T 552	156	40	40	P 512	128	112	96	
878	1	T 554	157	40	40	P 528	128	96	96	
879	1	T 556	158	40	40	P 528	128	96	112	
880	1	T 558	159	40	40	P 528	128	96	112	
881	1	T 560	160	40	40	P 528	128	112	112	
882	1	T 562	161	40	40	P 528	128	112	112	
883	1	T 564	162	40	40	P 528	128	112	112	
884	1	T 566	163	40	40	P 528	128	112	112	
885	1	T 568	164	40	40	P 528	128	112	112	
886	1	T 570	165	40	40	P 544	128	96	112	
887	1	T 572	166	40	40	P 544	128	96	112	
888	1	T 574	167	40	40	P 544	128	96	112	
889	1	T 576	168	40	40	P 544	128	112	112	
890	1	T 578	169	40	40	P 544	128	112	112	
891	1	T 580	170	40	40	P 544	144	112	96	
892	1	T 582	171	40	40	P 544	144	112	96	
893	1	T 584	172	40	40	P 544	144	112	96	
894	1	T 586	173	40	40	P 560	144	96	96	
895	1	T 588	174	40	40	P 560	144	96	112	
896	1	T 590	175	40	40	P 560	144	96	112	
897	1	T 592	176	40	40	P 560	144	112	112	
898	1	T 594	177	40	40	P 560	144	112	112	
899	1	T 596	178	40	40	P 560	144	112	112	
900	1	T 598	179	40	40	P 560	144	112	112	
901	1	T 600	180	40	40	P 560	144	112	112	
902	1	T 602	181	40	40	P 576	144	96	112	
903	1	T 604	182	40	40	P 576	144	96	112	
904	1	T 606	183	40	40	P 576	144	96	112	
905	1	T 608	184	40	40	P 576	144	112	112	
906	1	T 610	185	40	40	P 576	144	112	112	
907	1	T 612	186	40	40	P 576	160	112	96	
908	1	T 614	187	40	40	P 576	160	112	96	
909	1	T 616	188	40	40	P 576	160	112	96	
910	1	T 618	189	40	40	P 592	160	96	96	
911	1	T 620	190	40	40	P 592	160	96	112	
912	1	T 622	191	40	40	P 592	160	96	112	
913	1	T 624	192	40	40	P 592	160	112	112	
914	1	T 626	193	40	40	P 592	160	112	112	
915	1	T 628	194	40	40	P 592	160	112	112	
916	1	T 630	195	40	40	P 592	160	112	112	
917	1	T 632	196	40	40	P 592	160	112	112	
918	1	T 634	197	40	40	P 608	160	96	112	
919	1	T 636	198	40	40	P 608	160	96	112	
920	1	T 638	199	40	40	P 608	160	112	112	
921	1	T 640	200	40	40	P 608	160	112	112	
922	1	T 642	201	40	40	P 608	160	112	112	
923	1	T 644	202	40	40	P 608	176	112	96	
924	1	T 646	203	40	40	P 608	176	112	96	
925	1	T 648	204	40	40	P 608	176	112	96	
926	1	T 650	205	40	40	P 624	176	96	96	
927	1	T 652	206	40	40	P 624	176	96	96	
928	1	T 654	207	40	40	P 624	176	96	112	
929	1	T 656	208	40	40	P 624	176	96	112	
930	1	T 658	209	40	40	P 624	176	96	112	
931	1	T 660	210	40	40	P 624	176	96	112	
932	1	T 658	211	40	40	P 624	176	96	112	
933	1	T 656	212	40	40	P 624	176	96	112	
934	1	T 654	213	40	40	P 624	176	96	112	
935	1	T 652	214	40	40	P 624	176	96	112	
936	1	T 650	215	40	40	P 624	176	96	112	
937	1	T 648	216	40	40	P 608	176	112	112	
938	1	T 646	217	40	40	P 608	176	112	112	
939	1	T 644	218	40	40	P 608	192	112	96	
940	1	T 642	219	40	40	P 608	192	112	96	
941	1	T 640	220	40	40	P 608	192	112	96	
942	1	T 638	221	40	40	P 608	192	96	96	
943	1	T 636	222	40	40	P 608	192	96	112	
944	1	T 634	223	40	40	P 608	192	96	112	
945	1	T 632	224	40	40	P 592	192	112	112	
946	1	T 630	225	40	40	P 592	192	112	112	
947	1	T 628	226	40	40	P 592	192	112	112	
948	1	T 626	227	40	40	P 592	192	112	112	
949	1	T 624	228	40	40	P 592	192	112	112	
950	1	T 622	229	40	40	P 592	192	96	112	
951	1	T 620	230	40	40	P 592	192	96	112	
952	1	T 618	231	40	40	P 592	192	96	112	
953	1	T 616	232	40	40	P 576	192	112	112	
954	1	T 614	233	40	40	P 576	192	112	112	
955	1	T 612	234	40	40	P 576	192	112	112	
956	1	T 610	235	40	40	P 576	208	112	96	
957	1	T 608	236	40	40	P 576	208	112	96	
958	1	T 606	237	40	40	P 576	208	96	96	
959	1	T 604	238	40	40	P 576	208	96	112	
960	1	T 602	239	40	40	P 576	208	96	112	
961	1	T 600	240	40	40	P 560	208	112	112	
962	1	T 598	241	40	40	P 560	208	112	112	
963	1	T 596	242	40	40	P 560	208	112	112	
964	1	T 594	243	40	40	P 560	208	112	112	
965	1	T 592	244	40	40	P 560	208	112	112	
966	1	T 590	245	40	40	P 560	208	96	112	
967	1	T 588	246	40	40	P 560	208	96	112	
968	1	T 586	247	40	40	P 560	208	96	112	
969	1	T 584	248	40	40	P 544	208	112	112	
970	1	T 582	249	40	40	P 544	208	112	112	
971	1	T 580	250	40	40	P 544	208	112	112	
972	1	T 578	251	40	40	P 544	224	112	96	
973	1	T 576	252	40	40	P 544	224	112	96	
974	1	T 574	253	40	40	P 544	224	96	96	
975	1	T 572	254	40	40	P 544	224	96	112	
976	1	T 570	255	40	40	P 528	224	112	112	
977	1	T 568	256	40	40	P 528	224	112	112	
978	1	T 566	257	40	40	P 528	224	112	112	
979	1	T 564	258	40	40	P 528	224	112	112	
980	1	T 562	259	40	40	P 528	224	112	112	
981	1	T 560	260	40	40	P 528	224	112	112	
982	1	T 558	261	40	40	P 528	224	96	112	
983	1	T 556	262	40	40	P 528	224	96	112	
984	1	T 554	263	40	40	P 528	224	96	112	
985	1	T 552	264	40	40	P 512	224	112	112	
986	1	T 550	265	40	40	P 512	224	112	112	
987	1	T 548	266	40	40	P 512	240	112	96	
988	1	T 546	267	40	40	P 512	240	112	96	
989	1	T 544	268	40	40	P 512	240	112	96	
990	1	T 542	269	40	40	P 512	240	96	96	
991	1	T 540	270	40	40	P 512	240	96	96	
992	1	T 538	271	40	40	P 512	240	96	112	
993	1	T 536	272	40	40	P 496	240	112	112	
994	1	T 534	273	40	40	P 496	240	112	112	
995	1	T 532	274	40	40	P 496	240	112	112	
996	1	T 530	275	40	40	P 496	240	112	112	
997	1	T 528	276	40	40	P 496	240	112	112	
998	1	T 526	277	40	40	P 496	240	96	112	
999	1	T 524	278	40	40	P 496	240	96	112	
1000	1	T 522	279	40	40	P 496	240	96	112	
1001	1	T 520	280	40	40	P 480	240	112	112	
1002	1	T 518	281	40	40	P 480	240	112	112	
1003	1	T 516	282	40	40	P 480	256	112	96	
1004	1	T 514	283	40	40	P 480	256	112	96	
1005	1	T 512	284	40	40	P 480	256	112	96	
1006	1	T 510	285	40	40	P 480	256	96	96	
1007	1	T 508	286	40	40	P 480	256	96	112	
1008	1	T 506	287	40	40	P 480	256	96	112	
1009	1	T 504	288	40	40	P 464	256	112	112	
1010	1	T 502	289	40	40	P 464	256	112	112	
1011	1	T 500	290	40	40	P 464	256	112	112	
1012	1	T 498	291	40	40	P 464	256	112	112	
1013	1	T 496	292	40	40	P 464	256	112	112	
1014	1	T 494	293	40	40	P 464	256	96	112	
1015	1	T 492	294	40	40	P 464	256	96	112	
1016	1	T 490	295	40	40	P 464	256	96	112	
1017	1	T 488	296	40	40	P 448	256	112	112	
1018	1	T 486	297	40	40	P 448	256	112	112	
1019	1	T 484	298	40	40	P 448	272	112	96	
1020	1	T 482	299	40	40	P 448	272	112	96	
1021	1	T 480	300	40	40	P 448	272	112	96	
1022	1	T 478	301	40	40	P 448	272	96	96	
1023	1	T 476	302	40	40	P 448	272	96	112	
1024	1	T 474	303	40	40	P 448	272	96	112	
1025	1	T 472	304	40	40	P 432	272	112	112	
1026	1	T 470	305	40	40	P 432	272	112	112	
1027	1	T 468	306	40	40	P 432	272	112	112	
1028	1	T 466	307	40	40	P 432	272	112	112	
1029	1	T 464	308	40	40	P 432	272	112	112	
1030	1	T 462	309	40	40	P 432	272	96	112	
1031	1	T 460	310	40	40	P 432	272	96	112	
1032	1	T 458	311	40	40	P 432	272	96	112	
1033	1	T 456	312	40	40	P 416	272	112	112	
1034	1	T 454	313	40	40	P 416	272	112	112	
1035	1	T 452	314	40	40	P 416	288	112	96	
1036	1	T 450	315	40	40	P 416	288	112	96	
1037	1	T 448	316	40	40	P 416	288	112	96	
1038	1	T 446	317	40	40	P 416	288	96	96	
1039	1	T 444	318	40	40	P 416	288	96	96	
1040	1	T 442	319	40	40	P 400	288	112	112	
1041	1	T 440	320	40	40	P 400	288	112	112	
1042	1	T 438	321	40	40	P 400	288	112	112	
1043	1	T 436	322	40	40	P 400	288	112	112	
1044	1	T 434	323	40	40	P 400	288	112	112	
1045	1	T 432	324	40	40	P 400	288	112	112	
1046	1	T 430	325	40	40	P 400	288	96	112	
1047	1	T 428	326	40	40	P 400	288	96	112	
1048	1	T 426	327	40	40	P 384	288	112	112	
1049	1	T 424	328	40	40	P 384	288	112	112	
1050	1	T 422	329	40	40	P 384	288	112	112	
1051	1	T 420	330	40	40	P 384	304	112	96	
1052	1	T 418	331	40	40	P 384	304	112	96	
1053	1	T 416	332	40	40	P 384	304	112	96	
1054	1	T 414	333	40	40	P 384	304	96	96	
1055	1	T 412	334	40	40	P 384	304	96	96	
1056	1	T 410	335	40	40	P 384	304	96	112	
1057	1	T 408	336	40	40	P 368	304	112	112	
1058	1	T 406	337	40	40	P 368	304	112	112	
1059	1	T 404	338	40	40	P 368	304	112	112	
1060	1	T 402	339	40	40	P 368	304	112	112	
1061	1	T 400	340	40	40	P 368	304	112	112	
1062	1	T 398	341	40	40	P 368	304	96	112	
1063	1	T 396	342	40	40	P 368	304	96	112	
1064	1	T 394	343	40	40	P 368	304	96	112	
1065	1	T 392	344	40	40	P 352	304	112	112	
1066	1	T 390	345	40	40	P 352	304	112	112	
1067	1	T 388	346	40	40	P 352	320	112	96	
1068	1	T 386	347	40	40	P 352	320	112	96	
1069	1	T 384	348	40	40	P 352	320	112	96	
1070	1	T 382	349	40	40	P 352	320	96	96	
1071	1	T 380	350	40	40	P 352	320	96	96	
1072	1	T 378	351	40	40	P 352	320	96	112	
1073	1	T 376	352	40	40	P 336	320	112	112	
1074	1	T 374	353	40	40	P 336	320	112	112	
1075	1	T 372	354	40	40	P 336	320	112	112	
1076	1	T 370	355	40	40	P 336	320	112	112	
1077	1	T 368	356	40	40	P 336	320	112	112	
1078	1	T 366	357	40	40	P 336	320	96	112	
1079	1	T 364	358	40	40	P 336	320	96	112	
1080	1	T 362	359	40	40	P 336	320	96	112	
1081	1	T 360	360	40	40	P 320	320	112	112	
1082	1	T 358	361	40	40	P 320	320	112	112	
1083	1	T 356	362	40	40	P 320	336	112	96	
1084	1	T 354	363	40	40	P 320	336	112	96	
1085	1	T 352	364	40	40	P 320	336	112	96	
1086	1	T 350	365	40	40	P 320	336	96	96	
1087	1	T 348	366	40	40	P 320	336	96	112	
1088	1	T 346	367	40	40	P 320	336	96	112	
1089	1	T 344	368	40	40	P 304	336	112	112	
1090	1	T 342	369	40	40	P 304	336	112	112	
1091	1	T 340	370	40	40	P 304	336	112	112	
1092	1	T 338	371	40	40	P 304	336	112	112	
1093	1	T 336	372	40	40	P 304	336	112	112	
1094	1	T 334	373	40	40	P 304	336	96	112	
1095	1	T 332	374	40	40	P 304	336	96	112	
1096	1	T 330	375	40	40	P 304	336	96	112	
1097	1	T 328	376	40	40	P 288	336	112	112	
1098	1	T 326	377	40	40	P 288	336	112	112	
1099	1	T 324	378	40	40	P 288	352	112	96	
1100	1	T 322	379	40	40	P 288	352	112	96	
1101	1	T 320	380	40	40	P 288	352	112	96	
1102	1	T 318	381	40	40	P 288	352	96	96	
1103	1	T 316	382	40	40	P 288	352	96	112	
1104	1	T 314	383	40	40	P 288	352	96	112	
1105	1	T 312	384	40	40	P 272	352	112	112	
1106	1	T 310	385	40	40	P 272	352	112	112	
1107	1	T 308	386	40	40	P 272	352	112	112	
1108	1	T 306	387	40	40	P 272	352	112	112	
1109	1	T 304	388	40	40	P 272	352	112	112	
1110	1	T 302	389	40	40	P 272	352	96	112	
1111	1	T 300	390	40	40	P 272	352	96	112	
1112	1	T 298	391	40	40	P 272	352	96	112	
1113	1	T 296	392	40	40	P 256	352	112	112	
1114	1	T 294	393	40	40	P 256	352	112	112	
1115	1	T 292	394	40	40	P 256	368	112	96	
1116	1	T 290	395	40	40	P 256	368	112	96	
1117	1	T 288	396	40	40	P 256	368	112	96	
1118	1	T 286	397	40	40	P 256	368	96	96	
1119	1	T 284	398	40	40	P 256	368	96	96	
1120	1	T 282	399	40	40	P 256	368	96	112	
1121	1	T 280	400	40	40	P 240	368	112	112	
1122	1	T 278	401	40	40	P 240	368	112	112	
1123	1	T 276	402	40	40	P 240	368	112	112	
1124	1	T 274	403	40	40	P 240	368	112	112	
1125	1	T 272	404	40	40	P 240	368	112	112	
1126	1	T 270	405	40	40	P 240	368	96	112	
1127	1	T 268	406	40	40	P 240	368	96	112	
1128	1	T 266	407	40	40	P 240	368	96	112	
1129	1	T 264	408	40	40	P 224	368	112	112	
1130	1	T 262	409	40	40	P 224	368	112	112	
1131	1	T 260	410	40	40	P 224	384	112	96	
1132	1	T 258	411	40	40	P 224	384	112	96	
1133	1	T 256	412	40	40	P 224	384	112	96	
1134	1	T 254	413	40	40	P 224	384	96	96	
1135	1	T 252	414	40	40	P 224	384	96	96	
1136	1	T 250	415	40	40	P 208	384	112	96	
1137	1	T 248	416	40	40	P 208	384	112	96	
1138	1	T 246	417	40	40	P 208	384	112	96	
1139	1	T 244	418	40	40	P 208	384	112	96	
1140	1	T 242	419	40	40	P 208	384	112	96	
1141	1	T 240	420	40	40	P 208	384	112	96	
1142	1	T 238	419	40	40	P 208	384	96	96	
1143	1	T 236	418	40	40	P 208	384	96	96	
1144	1	T 234	417	40	40	P 208	384	96	96	
1145	1	T 232	416	40	40	P 192	384	112	96	
1146	1	T 230	415	40	40	P 192	384	112	96	
1147	1	T 228	414	40	40	P 192	384	112	96	
1148	1	T 226	413	40	40	P 192	384	112	96	
1149	1	T 224	412	40	40	P 192	384	112	96	
1150	1	T 222	411	40	40	P 192	384	96	96	
1151	1	T 220	410	40	40	P 192	384	96	96	
1152	1	T 218	409	40	40	P 192	368	96	112	
1153	1	T 216	408	40	40	P 176	368	112	112	
1154	1	T 214	407	40	40	P 176	368	112	112	
1155	1	T 212	406	40	40	P 176	368	112	112	
1156	1	T 210	405	40	40	P 176	368	112	112	
1157	1	T 208	404	40	40	P 176	368	112	112	
1158	1	T 206	403	40	40	P 176	368	96	112	
1159	1	T 204	402	40	40	P 176	368	96	112	
1160	1	T 202	401	40	40	P 176	368	96	112	
1161	1	T 200	400	40	40	P 160	368	112	112	
1162	1	T 198	399	40	40	P 160	368	112	112	
1163	1	T 196	398	40	40	P 160	368	112	96	
1164	1	T 194	397	40	40	P 160	368	112	96	
1165	1	T 192	396	40	40	P 160	368	112	96	
1166	1	T 190	395	40	40	P 160	368	96	96	
1167	1	T 188	394	40	40	P 160	352	96	112	
1168	1	T 186	393	40	40	P 160	352	96	112	
1169	1	T 184	392	40	40	P 144	352	112	112	
1170	1	T 182	391	40	40	P 144	352	112	112	
1171	1	T 180	390	40	40	P 144	352	112	112	
1172	1	T 178	389	40	40	P 144	352	112	112	
1173	1	T 176	388	40	40	P 144	352	112	112	
1174	1	T 174	387	40	40	P 144	352	96	112	
1175	1	T 172	386	40	40	P 144	352	96	112	
1176	1	T 170	385	40	40	P 144	352	96	112	
1177	1	T 168	384	40	40	P 128	352	112	112	
1178	1	T 166	383	40	40	P 128	352	112	112	
1179	1	T 164	382	40	40	P 128	352	112	96	
1180	1	T 162	381	40	40	P 128	352	112	96	
1181	1	T 160	380	40	40	P 128	352	112	96	
1182	1	T 158	379	40	40	P 128	352	96	96	
1183	1	T 156	378	40	40	P 128	352	96	96	
1184	1	T 154	377	40	40	P 128	336	96	112	
1185	1	T 152	376	40	40	P 112	336	112	112	
1186	1	T 150	375	40	40	P 112	336	112	112	
1187	1	T 148	374	40	40	P 112	336	112	112	
1188	1	T 146	373	40	40	P 112	336	112	112	
1189	1	T 144	372	40	40	P 112	336	112	112	
1190	1	T 142	371	40	40	P 112	336	96	112	
1191	1	T 140	370	40	40	P 112	336	96	112	
1192	1	T 138	369	40	40	P 112	336	96	112	
1193	1	T 136	368	40	40	P 96	336	112	112	
1194	1	T 134	367	40	40	P 96	336	112	112	
1195	1	T 132	366	40	40	P 96	336	112	112	
1196	1	T 130	365	40	40	P 96	336	112	96	
1197	1	T 128	364	40	40	P 96	336	112	96	
1198	1	T 126	363	40	40	P 96	336	96	96	
1199	1	T 124	362	40	40	P 96	336	96	96	
1200	1	T 122	361	40	40	P 96	320	96	112	
1201	1	T 120	360	40	40	P 80	320	112	112	
1202	1	T 118	359	40	40	P 80	320	112	112	
1203	1	T 116	358	40	40	P 80	320	112	112	
1204	1	T 114	357	40	40	P 80	320	112	112	
1205	1	T 112	356	40	40	P 80	320	112	112	
1206	1	T 110	355	40	40	P 80	320	96	112	
1207	1	T 108	354	40	40	P 80	320	96	112	
1208	1	T 106	353	40	40	P 80	320	96	112	
1209	1	T 104	352	40	40	P 64	320	112	112	
1210	1	T 102	351	40	40	P 64	320	112	112	
1211	1	T 100	350	40	40	P 64	320	112	96	
1212	1	T 98	349	40	40	P 64	320	112	96	
1213	1	T 96	348	40	40	P 64	320	112	96	
1214	1	T 94	347	40	40	P 64	320	96	96	
1215	1	T 92	346	40	40	P 64	320	96	96	
1216	1	T 90	345	40	40	P 64	304	96	112	
1217	1	T 88	344	40	40	P 48	304	112	112	
1218	1	T 86	343	40	40	P 48	304	112	112	
1219	1	T 84	342	40	40	P 48	304	112	112	
1220	1	T 82	341	40	40	P 48	304	112	112	
1221	1	T 80	340	40	40	P 48	304	112	112	
1222	1	T 78	339	40	40	P 48	304	96	112	
1223	1	T 76	338	40	40	P 48	304	96	112	
1224	1	T 74	337	40	40	P 48	304	96	112	
1225	1	T 72	336	40	40	P 32	304	112	112	
1226	1	T 70	335	40	40	P 32	304	112	112	
1227	1	T 68	334	40	40	P 32	304	112	96	
1228	1	T 66	333	40	40	P 32	304	112	96	
1229	1	T 64	332	40	40	P 32	304	112	96	
1230	1	T 62	331	40	40	P 32	304	96	96	
1231	1	T 60	330	40	40	P 32	304	96	96	
1232	1	T 58	329	40	40	P 32	288	96	112	
1233	1	T 56	328	40	40	P 16	288	112	112	
1234	1	T 54	327	40	40	P 16	288	112	112	
1235	1	T 52	326	40	40	P 16	288	112	112	
1236	1	T 50	325	40	40	P 16	288	112	112	
1237	1	T 48	324	40	40	P 16	288	112	112	
1238	1	T 46	323	40	40	P 16	288	96	112	
1239	1	T 44	322	40	40	P 16	288	96	112	
1240	1	T 42	321	40	40	P 16	288	96	112	
1241	1	T 40	320	40	40	P 0	288	112	112	
1242	1	T 38	319	40	40	P 0	288	112	112	
1243	1	T 36	318	40	40	P 0	288	112	96	
1244	1	T 34	317	40	40	P 0	288	112	96	
1245	1	T 32	316	40	40	P 0	288	112	96	
1246	1	T 30	315	40	40	P 0	288	96	96	
1247	1	T 28	314	40	40	P 0	288	96	96	
1248	1	T 26	313	40	40	P 0	272	96	112	
1249	1	T 24	312	40	40	P 0	272	96	112	
1250	1	T 22	311	40	40	P 0	272	96	112	
1251	1	T 20	310	40	40	P 0	272	96	112	
1252	1	T 22	309	40	40	P 0	272	96	112	
1253	1	T 24	308	40	40	P 0	272	96	112	
1254	1	T 26	307	40	40	P 0	272	96	112	
1255	1	T 28	306	40	40	P 0	272	96	112	
1256	1	T 30	305	40	40	P 0	272	96	112	
1257	1	T 32	304	40	40	P 0	272	112	112	
1258	1	T 34	303	40	40	P 0	272	112	112	
1259	1	T 36	302	40	40	P 0	272	112	112	
1260	1	T 38	301	40	40	P 0	272	112	96	
1261	1	T 40	300	40	40	P 0	272	112	96	
1262	1	T 42	299	40	40	P 16	272	96	96	
1263	1	T 44	298	40	40	P 16	272	96	96	
1264	1	T 46	297	40	40	P 16	256	96	112	
1265	1	T 48	296	40	40	P 16	256	112	112	
1266	1	T 50	295	40	40	P 16	256	112	112	
1267	1	T 52	294	40	40	P 16	256	112	112	
1268	1	T 54	293	40	40	P 16	256	112	112	
1269	1	T 56	292	40	40	P 16	256	112	112	
1270	1	T 58	291	40	40	P 32	256	96	112	
1271	1	T 60	290	40	40	P 32	256	96	112	
1272	1	T 62	289	40	40	P 32	256	96	112	
1273	1	T 64	288	40	40	P 32	256	112	112	
1274	1	T 66	287	40	40	P 32	256	112	112	
1275	1	T 68	286	40	40	P 32	256	112	96	
1276	1	T 70	285	40	40	P 32	256	112	96	
1277	1	T 72	284	40	40	P 32	256	112	96	
1278	1	T 74	283	40	40	P 48	256	96	96	
1279	1	T 76	282	40	40	P 48	256	96	96	
1280	1	T 78	281	40	40	P 48	240	96	112	
1281	1	T 80	280	40	40	P 48	240	112	112	
1282	1	T 82	279	40	40	P 48	240	112	112	
1283	1	T 84	278	40	40	P 48	240	112	112	
1284	1	T 86	277	40	40	P 48	240	112	112	
1285	1	T 88	276	40	40	P 48	240	112	112	
1286	1	T 90	275	40	40	P 64	240	96	112	
1287	1	T 92	274	40	40	P 64	240	96	112	
1288	1	T 94	273	40	40	P 64	240	96	112	
1289	1	T 96	272	40	40	P 64	240	112	112	
1290	1	T 98	271	40	40	P 64	240	112	112	
1291	1	T 100	270	40	40	P 64	240	112	96	
1292	1	T 102	269	40	40	P 64	240	112	96	
1293	1	T 104	268	40	40	P 64	240	112	96	
1294	1	T 106	267	40	40	P 80	240	96	96	
1295	1	T 108	266	40	40	P 80	240	96	96	
1296	1	T 110	265	40	40	P 80	224	96	112	
1297	1	T 112	264	40	40	P 80	224	112	112	
1298	1	T 114	263	40	40	P 80	224	112	112	
1299	1	T 116	262	40	40	P 80	224	112	112	
1300	1	T 118	261	40	40	P 80	224	112	112	
1301	1	T 120	260	40	40	P 80	224	112	112	
1302	1	T 122	259	40	40	P 96	224	96	112	
1303	1	T 124	258	40	40	P 96	224	96	112	
1304	1	T 126	257	40	40	P 96	224	96	112	
1305	1	T 128	256	40	40	P 96	224	112	112	
1306	1	T 130	255	40	40	P 96	224	112	112	
1307	1	T 132	254	40	40	P 96	224	112	96	
1308	1	T 134	253	40	40	P 96	224	112	96	
1309	1	T 136	252	40	40	P 96	224	112	96	
1310	1	T 138	251	40	40	P 112	224	96	96	
1311	1	T 140	250	40	40	P 112	224	96	96	
1312	1	T 142	249	40	40	P 112	208	96	112	
1313	1	T 144	248	40	40	P 112	208	112	112	
1314	1	T 146	247	40	40	P 112	208	112	112	
1315	1	T 148	246	40	40	P 112	208	112	112	
1316	1	T 150	245	40	40	P 112	208	112	112	
1317	1	T 152	244	40	40	P 112	208	112	112	
1318	1	T 154	243	40	40	P 128	208	96	112	
1319	1	T 156	242	40	40	P 128	208	96	112	
1320	1	T 158	241	40	40	P 128	208	96	112	
1321	1	T 160	240	40	40	P 128	208	112	112	
1322	1	T 162	239	40	40	P 128	208	112	112	
1323	1	T 164	238	40	40	P 128	208	112	96	
1324	1	T 166	237	40	40	P 128	208	112	96	
1325	1	T 168	236	40	40	P 128	208	112	96	
1326	1	T 170	235	40	40	P 144	208	96	96	
1327	1	T 172	234	40	40	P 144	208	96	96	
1328	1	T 174	233	40	40	P 144	192	96	112	
1329	1	T 176	232	40	40	P 144	192	112	112	
1330	1	T 178	231	40	40	P 144	192	112	112	
1331	1	T 180	230	40	40	P 144	192	112	112	
1332	1	T 182	229	40	40	P 144	192	112	112	
1333	1	T 184	228	40	40	P 144	192	112	112	
1334	1	T 186	227	40	40	P 160	192	96	112	
1335	1	T 188	226	40	40	P 160	192	96	112	
1336	1	T 190	225	40	40	P 160	192	96	112	
1337	1	T 192	224	40	40	P 160	192	112	112	
1338	1	T 194	223	40	40	P 160	192	112	112	
1339	1	T 196	222	40	40	P 160	192	112	96	
1340	1	T 198	221	40	40	P 160	192	112	96	
1341	1	T 200	220	40	40	P 160	192	112	96	
1342	1	T 202	219	40	40	P 176	192	96	96	
1343	1	T 204	218	40	40	P 176	192	96	96	
1344	1	T 206	217	40	40	P 176	176	96	112	
1345	1	T 208	216	40	40	P 176	176	112	112	
1346	1	T 210	215	40	40	P 176	176	112	112	
1347	1	T 212	214	40	40	P 176	176	112	112	
1348	1	T 214	213	40	40	P 176	176	112	112	
1349	1	T 216	212	40	40	P 176	176	112	112	
1350	1	T 218	211	40	40	P 192	176	96	112	
1351	1	T 220	210	40	40	P 192	176	96	112	
1352	1	T 222	209	40	40	P 192	176	96	112	
1353	1	T 224	208	40	40	P 192	176	112	112	
1354	1	T 226	207	40	40	P 192	176	112	112	
1355	1	T 228	206	40	40	P 192	176	112	96	
1356	1	T 230	205	40	40	P 192	176	112	96	
1357	1	T 232	204	40	40	P 192	176	112	96	
1358	1	T 234	203	40	40	P 208	176	96	96	
1359	1	T 236	202	40	40	P 208	176	96	96	
1360	1	T 238	201	40	40	P 208	160	96	112	
1361	1	T 240	200	40	40	P 208	160	112	112	
1362	1	T 242	199	40	40	P 208	160	112	112	
1363	1	T 244	198	40	40	P 208	160	112	112	
1364	1	T 246	197	40	40	P 208	160	112	112	
1365	1	T 248	196	40	40	P 208	160	112	112	
1366	1	T 250	195	40	40	P 224	160	96	112	
1367	1	T 252	194	40	40	P 224	160	96	112	
1368	1	T 254	193	40	40	P 224	160	96	112	
1369	1	T 256	192	40	40	P 224	160	112	112	
1370	1	T 258	191	40	40	P 224	160	112	112	
1371	1	T 260	190	40	40	P 224	160	112	112	
1372	1	T 262	189	40	40	P 224	160	112	96	
1373	1	T 264	188	40	40	P 224	160	112	96	
1374	1	T 266	187	40	40	P 240	160	96	96	
1375	1	T 268	186	40	40	P 240	160	96	96	
1376	1	T 270	185	40	40	P 240	144	96	112	
1377	1	T 272	184	40	40	P 240	144	112	112	
1378	1	T 274	183	40	40	P 240	144	112	112	
1379	1	T 276	182	40	40	P 240	144	112	112	
1380	1	T 278	181	40	40	P 240	144	112	112	
1381	1	T 280	180	40	40	P 240	144	112	112	
1382	1	T 282	179	40	40	P 256	144	96	112	
1383	1	T 284	178	40	40	P 256	144	96	112	
1384	1	T 286	177	40	40	P 256	144	96	112	
1385	1	T 288	176	40	40	P 256	144	112	112	
1386	1	T 290	175	40	40	P 256	144	112	112	
1387	1	T 292	174	40	40	P 256	144	112	96	
1388	1	T 294	173	40	40	P 256	144	112	96	
1389	1	T 296	172	40	40	P 256	144	112	96	
1390	1	T 298	171	40	40	P 272	144	96	96	
1391	1	T 300	170	40	40	P 272	144	96	96	
1392	1	T 302	169	40	40	P 272	144	96	96	
1393	1	T 304	168	40	40	P 272	128	112	112	
1394	1	T 306	167	40	40	P 272	128	112	112	
1395	1	T 308	166	40	40	P 272	128	112	112	
1396	1	T 310	165	40	40	P 272	128	112	112	
1397	1	T 312	164	40	40	P 272	128	112	112	
1398	1	T 314	163	40	40	P 288	128	96	112	
1399	1	T 316	162	40	40	P 288	128	96	112	
1400	1	T 318	161	40	40	P 288	128	96	112	
1401	1	T 320	160	40	40	P 288	128	112	112	
1402	1	T 322	159	40	40	P 288	128	112	112	
1403	1	T 324	158	40	40	P 288	128	112	96	
1404	1	T 326	157	40	40	P 288	128	112	96	
1405	1	T 328	156	40	40	P 288	128	112	96	
1406	1	T 330	155	40	40	P 304	128	96	96	
1407	1	T 332	154	40	40	P 304	128	96	96	
1408	1	T 334	153	40	40	P 304	112	96	112	
1409	1	T 336	152	40	40	P 304	112	112	112	
1410	1	T 338	151	40	40	P 304	112	112	112	
1411	1	T 340	150	40	40	P 304	112	112	112	
1412	1	T 342	149	40	40	P 304	112	112	112	
1413	1	T 344	148	40	40	P 304	112	112	112	
1414	1	T 346	147	40	40	P 320	112	96	112	
1415	1	T 348	146	40	40	P 320	112	96	112	
1416	1	T 350	145	40	40	P 320	112	96	112	
1417	1	T 352	144	40	40	P 320	112	112	112	
1418	1	T 354	143	40	40	P 320	112	112	112	
1419	1	T 356	142	40	40	P 320	112	112	96	
1420	1	T 358	141	40	40	P 320	112	112	96	
1421	1	T 360	140	40	40	P 320	112	112	96	
1422	1	T 362	139	40	40	P 336	112	96	96	
1423	1	T 364	138	40	40	P 336	112	96	96	
1424	1	T 366	137	40	40	P 336	96	96	112	
1425	1	T 368	136	40	40	P 336	96	112	112	
1426	1	T 370	135	40	40	P 336	96	112	112	
1427	1	T 372	134	40	40	P 336	96	112	112	
1428	1	T 374	133	40	40	P 336	96	112	112	
1429	1	T 376	132	40	40	P 336	96	112	112	
1430	1	T 378	131	40	40	P 352	96	96	112	
1431	1	T 380	130	40	40	P 352	96	96	112	
1432	1	T 382	129	40	40	P 352	96	96	112	
1433	1	T 384	128	40	40	P 352	96	112	112	
1434	1	T 386	127	40	40	P 352	96	112	112	
1435	1	T 388	126	40	40	P 352	96	112	96	
1436	1	T 390	125	40	40	P 352	96	112	96	
1437	1	T 392	124	40	40	P 352	96	112	96	
1438	1	T 394	123	40	40	P 368	96	96	96	
1439	1	T 396	122	40	40	P 368	96	96	96	
1440	1	T 398	121	40	40	P 368	80	96	112	
1441	1	T 400	120	40	40	P 368	80	112	112	
1442	1	T 402	119	40	40	P 368	80	112	112	
1443	1	T 404	118	40	40	P 368	80	112	112	
1444	1	T 406	117	40	40	P 368	80	112	112	
1445	1	T 408	116	40	40	P 368	80	112	112	
1446	1	T 410	115	40	40	P 384	80	96	112	
1447	1	T 412	114	40	40	P 384	80	96	112	
1448	1	T 414	113	40	40	P 384	80	96	112	
1449	1	T 416	112	40	40	P 384	80	112	112	
1450	1	T 418	111	40	40	P 384	80	112	112	
1451	1	T 420	110	40	40	P 384	80	112	96	
1452	1	T 422	109	40	40	P 384	80	112	96	
1453	1	T 424	108	40	40	P 384	80	112	96	
1454	1	T 426	107	40	40	P 400	80	96	96	
1455	1	T 428	106	40	40	P 400	80	96	96	
1456	1	T 430	105	40	40	P 400	64	96	112	
1457	1	T 432	104	40	40	P 400	64	112	112	
1458	1	T 434	103	40	40	P 400	64	112	112	
1459	1	T 436	102	40	40	P 400	64	112	112	
1460	1	T 438	101	40	40	P 400	64	112	112	
1461	1	T 440	100	40	40	P 400	64	112	112	
1462	1	T 442	99	40	40	P 416	64	96	112	
1463	1	T 444	98	40	40	P 416	64	96	112	
1464	1	T 446	97	40	40	P 416	64	96	112	
1465	1	T 448	96	40	40	P 416	64	112	112	
1466	1	T 450	95	40	40	P 416	64	112	112	
1467	1	T 452	94	40	40	P 416	64	112	96	
1468	1	T 454	93	40	40	P 416	64	112	96	
1469	1	T 456	92	40	40	P 416	64	112	96	
1470	1	T 458	91	40	40	P 432	64	96	96	
1471	1	T 460	90	40	40	P 432	64	96	96	
1472	1	T 462	89	40	40	P 432	48	96	112	
1473	1	T 464	88	40	40	P 432	48	112	112	
1474	1	T 466	87	40	40	P 432	48	112	112	
1475	1	T 468	86	40	40	P 432	48	112	112	
1476	1	T 470	85	40	40	P 432	48	112	112	
1477	1	T 472	84	40	40	P 432	48	112	112	
1478	1	T 474	83	40	40	P 432	48	112	112	
1479	1	T 476	82	40	40	P 448	48	96	112	
1480	1	T 478	81	40	40	P 448	48	96	112	
1481	1	T 480	80	40	40	P 448	48	112	112	
1482	1	T 482	79	40	40	P 448	48	112	112	
1483	1	T 484	78	40	40	P 448	48	112	96	
1484	1	T 486	77	40	40	P 448	48	112	96	
1485	1	T 488	76	40	40	P 448	48	112	96	
1486	1	T 490	75	40	40	P 464	48	96	96	
1487	1	T 492	74	40	40	P 464	48	96	96	
1488	1	T 494	73	40	40	P 464	32	112	112	
1489	1	T 496	72	40	40	P 464	32	112	112	
1490	1	T 498	71	40	40	P 464	32	112	112	
1491	1	T 500	70	40	40	P 464	32	112	112	
1492	1	T 502	69	40	40	P 464	32	112	112	
1493	1	T 504	68	40	40	P 464	32	112	112	
1494	1	T 506	67	40	40	P 480	32	96	112	
1495	1	T 508	66	40	40	P 480	32	96	112	
1496	1	T 510	65	40	40	P 480	32	96	112	
1497	1	T 512	64	40	40	P 480	32	112	112	
1498	1	T 514	63	40	40	P 480	32	112	112	
1499	1	T 516	62	40	40	P 480	32	112	96	
1500	1	T 518	61	40	40	P 480	32	112	96	
1501	1	T 520	60	40	40	P 480	32	112	96	
1502	1	T 522	59	40	40	P 496	32	96	96	
1503	1	T 524	58	40	40	P 496	32	96	96	
1504	1	T 526	57	40	40	P 496	16	96	112	
1505	1	T 528	56	40	40	P 496	16	112	112	
1506	1	T 530	55	40	40	P 496	16	112	112	
1507	1	T 532	54	40	40	P 496	16	112	112	
1508	1	T 534	53	40	40	P 496	16	112	112	
1509	1	T 536	52	40	40	P 496	16	112	112	
1510	1	T 538	51	40	40	P 512	16	96	112	
1511	1	T 540	50	40	40	P 512	16	96	112	
1512	1	T 542	49	40	40	P 512	16	96	112	
1513	1	T 544	48	40	40	P 512	16	112	112	
1514	1	T 546	47	40	40	P 512	16	112	112	
1515	1	T 548	46	40	40	P 512	16	112	96	
1516	1	T 550	45	40	40	P 512	16	112	96	
1517	1	T 552	44	40	40	P 512	16	112	96	
1518	1	T 554	43	40	40	P 528	16	96	96	
1519	1	T 556	42	40	40	P 528	16	96	96	
1520	1	T 558	41	40	40	P 528	0	96	112	
1521	1	T 560	40	40	40	P 528	0	112	112	
1522	1	T 562	39	40	40	P 528	0	112	112	
1523	1	T 564	38	40	40	P 528	0	112	112	
1524	1	T 566	37	40	40	P 528	0	112	112	
1525	1	T 568	36	40	40	P 528	0	112	112	
1526	1	T 570	35	40	40	P 544	0	96	112	
1527	1	T 572	34	40	40	P 544	0	96	112	
1528	1	T 574	33	40	40	P 544	0	96	112	
1529	1	T 576	32	40	40	P 544	0	112	112	
1530	1	T 578	31	40	40	P 544	0	112	112	
1531	1	T 580	30	40	40	P 544	0	112	96	
1532	1	T 582	29	40	40	P 544	0	112	96	
1533	1	T 584	28	40	40	P 544	0	112	96	
1534	1	T 586	27	40	40	P 560	0	96	96	
1535	1	T 588	26	40	40	P 560	0	96	96	
1536	1	T 590	25	40	40	P 560	0	96	96	
1537	1	T 592	24	40	40	P 560	0	112	96	
1538	1	T 594	23	40	40	P 560	0	112	96	
1539	1	T 596	22	40	40	P 560	0	112	96	
1540	1	T 598	21	40	40	P 560	0	112	96	
1541	1	T 600	20	40	40	P 560	0	112	96	
1542	1	T 602	21	40	40	P 576	0	96	96	
1543	1	T 604	22	40	40	P 576	0	96	96	
1544	1	T 606	23	40	40	P 576	0	96	96	
1545	1	T 608	24	40	40	P 576	0	112	96	
1546	1	T 610	25	40	40	P 576	0	112	96	
1547	1	T 612	26	40	40	P 576	0	112	96	
1548	1	T 614	27	40	40	P 576	0	112	96	
1549	1	T 616	28	40	40	P 576	0	112	96	
1550	1	T 618	29	40	40	P 592	0	96	96	
1551	1	T 620	30	40	40	P 592	0	96	96	
1552	1	T 622	31	40	40	P 592	0	96	112	
1553	1	T 624	32	40	40	P 592	0	112	112	
1554	1	T 626	33	40	40	P 592	0	112	112	
1555	1	T 628	34	40	40	P 592	0	112	112	
1556	1	T 630	35	40	40	P 592	0	112	112	
1557	1	T 632	36	40	40	P 592	0	112	112	
1558	1	T 634	37	40	40	P 608	0	96	112	
1559	1	T 636	38	40	40	P 608	0	96	112	
1560	1	T 638	39	40	40	P 608	0	96	112	
1561	1	T 640	40	40	40	P 608	0	112	112	
1562	1	T 642	41	40	40	P 608	0	112	112	
1563	1	T 644	42	40	40	P 608	16	112	96	
1564	1	T 646	43	40	40	P 608	16	112	96	
1565	1	T 648	44	40	40	P 608	16	112	96	
1566	1	T 650	45	40	40	P 624	16	96	96	
1567	1	T 652	46	40	40	P 624	16	96	112	
1568	1	T 654	47	40	40	P 624	16	96	112	
1569	1	T 656	48	40	40	P 624	16	96	112	
1570	1	T 658	49	40	40	P 624	16	96	112	
1571	1	T 660	50	40	40	P 624	16	96	112	
1572	1	T 658	51	40	40	P 624	16	96	112	
1573	1	T 656	52	40	40	P 624	16	96	112	
1574	1	T 654	53	40	40	P 624	16	96	112	
1575	1	T 652	54	40	40	P 624	16	96	112	
1576	1	T 650	55	40	40	P 624	16	96	112	
1577	1	T 648	56	40	40	P 608	16	112	112	
1578	1	T 646	57	40	40	P 608	16	112	112	
1579	1	T 644	58	40	40	P 608	32	112	96	
1580	1	T 642	59	40	40	P 608	32	112	96	
1581	1	T 640	60	40	40	P 608	32	112	96	
1582	1	T 638	61	40	40	P 608	32	96	96	
1583	1	T 636	62	40	40	P 608	32	96	96	
1584	1	T 634	63	40	40	P 608	32	96	112	
1585	1	T 632	64	40	40	P 592	32	112	112	
1586	1	T 630	65	40	40	P 592	32	112	112	
1587	1	T 628	66	40	40	P 592	32	112	112	
1588	1	T 626	67	40	40	P 592	32	112	112	
1589	1	T 624	68	40	40	P 592	32	112	112	
1590	1	T 622	69	40	40	P 592	32	96	112	
1591	1	T 620	70	40	40	P 592	32	96	112	
1592	1	T 618	71	40	40	P 592	32	96	112	
1593	1	T 616	72	40	40	P 576	32	112	112	
1594	1	T 614	73	40	40	P 576	32	112	112	
1595	1	T 612	74	40	40	P 576	48	112	96	
1596	1	T 610	75	40	40	P 576	48	112	96	
1597	1	T 608	76	40	40	P 576	48	112	96	
1598	1	T 606	77	40	40	P 576	48	96	96	
1599	1	T 604	78	40	40	P 576	48	96	96	
1600	1	T 602	79	40	40	P 576	48	96	112	
1601	1	T 600	80	40	40	P 560	48	112	112	
1602	1	T 598	81	40	40	P 560	48	112	112	
1603	1	T 596	82	40	40	P 560	48	112	112	
1604	1	T 594	83	40	40	P 560	48	112	112	
1605	1	T 592	84	40	40	P 560	48	112	112	
1606	1	T 590	85	40	40	P 560	48	96	112	
1607	1	T 588	86	40	40	P 560	48	96	112	
1608	1	T 586	87	40	40	P 560	48	96	112	
1609	1	T 584	88	40	40	P 544	48	112	112	
1610	1	T 582	89	40	40	P 544	48	112	112	
1611	1	T 580	90	40	40	P 544	64	112	96	
1612	1	T 578	91	40	40	P 544	64	112	96	
1613	1	T 576	92	40	40	P 544	64	112	96	
1614	1	T 574	93	40	40	P 544	64	96	96	
1615	1	T 572	94	40	40	P 544	64	96	96	
1616	1	T 570	95	40	40	P 544	64	96	112	
1617	1	T 568	96	40	40	P 528	64	112	112	
1618	1	T 566	97	40	40	P 528	64	112	112	
1619	1	T 564	98	40	40	P 528	64	112	112	
1620	1	T 562	99	40	40	P 528	64	112	112	
1621	1	T 560	100	40	40	P 528	64	112	112	
1622	1	T 558	101	40	40	P 528	64	96	112	
1623	1	T 556	102	40	40	P 528	64	96	112	
1624	1	T 554	103	40	40	P 528	64	96	112	
1625	1	T 552	104	40	40	P 512	64	112	112	
1626	1	T 550	105	40	40	P 512	64	112	112	
1627	1	T 548	106	40	40	P 512	80	112	96	
1628	1	T 546	107	40	40	P 512	80	112	96	
1629	1	T 544	108	40	40	P 512	80	112	96	
1630	1	T 542	109	40	40	P 512	80	96	96	
1631	1	T 540	110	40	40	P 512	80	96	96	
1632	1	T 538	111	40	40	P 512	80	96	112	
1633	1	T 536	112	40	40	P 496	80	112	112	
1634	1	T 534	113	40	40	P 496	80	112	112	
1635	1	T 532	114	40	40	P 496	80	112	112	
1636	1	T 530	115	40	40	P 496	80	112	112	
1637	1	T 528	116	40	40	P 496	80	112	112	
1638	1	T 526	117	40	40	P 496	80	96	112	
1639	1	T 524	118	40	40	P 496	80	96	112	
1640	1	T 522	119	40	40	P 496	80	96	112	
1641	1	T 520	120	40	40	P 480	80	112	112	
1642	1	T 518	121	40	40	P 480	80	112	112	
1643	1	T 516	122	40	40	P 480	96	112	96	
1644	1	T 514	123	40	40	P 480	96	112	96	
1645	1	T 512	124	40	40	P 480	96	112	96	
1646	1	T 510	125	40	40	P 480	96	96	96	
1647	1	T 508	126	40	40	P 480	96	96	96	
1648	1	T 506	127	40	40	P 480	96	96	112	
1649	1	T 504	128	40	40	P 464	96	112	112	
1650	1	T 502	129	40	40	P 464	96	112	112	
1651	1	T 500	130	40	40	P 464	96	112	112	
1652	1	T 498	131	40	40	P 464	96	112	112	
1653	1	T 496	132	40	40	P 464	96	112	112	
1654	1	T 494	133	40	40	P 464	96	96	112	
1655	1	T 492	134	40	40	P 464	96	96	112	
1656	1	T 490	135	40	40	P 464	96	96	112	
1657	1	T 488	136	40	40	P 448	96	112	112	
1658	1	T 486	137	40	40	P 448	96	112	112	
1659	1	T 484	138	40	40	P 448	112	112	96	
1660	1	T 482	139	40	40	P 448	112	112	96	
1661	1	T 480	140	40	40	P 448	112	112	96	
1662	1	T 478	141	40	40	P 448	112	96	96	
1663	1	T 476	142	40	40	P 448	112	96	96	
1664	1	T 474	143	40	40	P 448	112	96	112	
1665	1	T 472	144	40	40	P 432	112	112	112	
1666	1	T 470	145	40	40	P 432	112	112	112	
1667	1	T 468	146	40	40	P 432	112	112	112	
1668	1	T 466	147	40	40	P 432	112	112	112	
1669	1	T 464	148	40	40	P 432	112	112	112	
1670	1	T 462	149	40	40	P 432	112	96	112	
1671	1	T 460	150	40	40	P 432	112	96	112	
1672	1	T 458	151	40	40	P 432	112	96	112	
1673	1	T 456	152	40	40	P 416	112	112	112	
1674	1	T 454	153	40	40	P 416	112	112	112	
1675	1	T 452	154	40	40	P 416	112	112	112	
1676	1	T 450	155	40	40	P 416	128	112	96	
1677	1	T 448	156	40	40	P 416	128	112	96	
1678	1	T 446	157	40	40	P 416	128	96	96	
1679	1	T 444	158	40	40	P 416	128	96	96	
1680	1	T 442	159	40	40	P 416	128	96	112	
1681	1	T 440	160	40	40	P 400	128	112	112	
1682	1	T 438	161	40	40	P 400	128	112	112	
1683	1	T 436	162	40	40	P 400	128	112	112	
1684	1	T 434	163	40	40	P 400	128	112	112	
1685	1	T 432	164	40	40	P 400	128	112	112	
1686	1	T 430	165	40	40	P 400	128	96	112	
1687	1	T 428	166	40	40	P 400	128	96	112	
1688	1	T 426	167	40	40	P 400	128	96	112	
1689	1	T 424	168	40	40	P 384	128	112	112	
1690	1	T 422	169	40	40	P 384	128	112	112	
1691	1	T 420	170	40	40	P 384	144	112	96	
1692	1	T 418	171	40	40	P 384	144	112	96	
1693	1	T 416	172	40	40	P 384	144	112	96	
1694	1	T 414	173	40	40	P 384	144	96	96	
1695	1	T 412	174	40	40	P 384	144	96	96	
1696	1	T 410	175	40	40	P 384	144	96	112	
1697	1	T 408	176	40	40	P 368	144	112	112	
1698	1	T 406	177	40	40	P 368	144	112	112	
1699	1	T 404	178	40	40	P 368	144	112	112	
1700	1	T 402	179	40	40	P 368	144	112	112	
1701	1	T 400	180	40	40	P 368	144	112	112	
1702	1	T 398	181	40	40	P 368	144	96	112	
1703	1	T 396	182	40	40	P 368	144	96	112	
1704	1	T 394	183	40	40	P 368	144	96	112	
1705	1	T 392	184	40	40	P 352	144	112	112	
1706	1	T 390	185	40	40	P 352	144	112	112	
1707	1	T 388	186	40	40	P 352	160	112	96	
1708	1	T 386	187	40	40	P 352	160	112	96	
1709	1	T 384	188	40	40	P 352	160	112	96	
1710	1	T 382	189	40	40	P 352	160	96	96	
1711	1	T 380	190	40	40	P 352	160	96	96	
1712	1	T 378	191	40	40	P 336	160	112	112	
1713	1	T 376	192	40	40	P 336	160	112	112	
1714	1	T 374	193	40	40	P 336	160	112	112	
1715	1	T 372	194	40	40	P 336	160	112	112	
1716	1	T 370	195	40	40	P 336	160	112	112	
1717	1	T 368	196	40	40	P 336	160	112	112	
1718	1	T 366	197	40	40	P 336	160	96	112	
1719	1	T 364	198	40	40	P 336	160	96	112	
1720	1	T 362	199	40	40	P 320	160	112	112	
1721	1	T 360	200	40	40	P 320	160	112	112	
1722	1	T 358	201	40	40	P 320	160	112	112	
1723	1	T 356	202	40	40	P 320	176	112	96	
1724	1	T 354	203	40	40	P 320	176	112	96	
1725	1	T 352	204	40	40	P 320	176	112	96	
1726	1	T 350	205	40	40	P 320	176	96	96	
1727	1	T 348	206	40	40	P 320	176	96	96	
1728	1	T 346	207	40	40	P 320	176	96	112	
1729	1	T 344	208	40	40	P 304	176	112	112	
1730	1	T 342	209	40	40	P 304	176	112	112	
1731	1	T 340	210	40	40	P 304	176	112	112	
1732	1	T 338	211	40	40	P 304	176	112	112	
1733	1	T 336	212	40	40	P 304	176	112	112	
1734	1	T 334	213	40	40	P 304	176	96	112	
1735	1	T 332	214	40	40	P 304	176	96	112	
1736	1	T 330	215	40	40	P 304	176	96	112	
1737	1	T 328	216	40	40	P 288	176	112	112	
1738	1	T 326	217	40	40	P 288	176	112	112	
1739	1	T 324	218	40	40	P 288	192	112	96	
1740	1	T 322	219	40	40	P 288	192	112	96	
1741	1	T 320	220	40	40	P 288	192	112	96	
1742	1	T 318	221	40	40	P 288	192	96	96	
1743	1	T 316	222	40	40	P 288	192	96	96	
1744	1	T 314	223	40	40	P 288	192	96	112	
1745	1	T 312	224	40	40	P 272	192	112	112	
1746	1	T 310	225	40	40	P 272	192	112	112	
1747	1	T 308	226	40	40	P 272	192	112	112	
1748	1	T 306	227	40	40	P 272	192	112	112	
1749	1	T 304	228	40	40	P 272	192	112	112	
1750	1	T 302	229	40	40	P 272	192	96	112	
1751	1	T 300	230	40	40	P 272	192	96	112	
1752	1	T 298	231	40	40	P 272	192	96	112	
1753	1	T 296	232	40	40	P 256	192	112	112	
1754	1	T 294	233	40	40	P 256	192	112	112	
1755	1	T 292	234	40	40	P 256	208	112	96	
1756	1	T 290	235	40	40	P 256	208	112	96	
1757	1	T 288	236	40	40	P 256	208	112	96	
1758	1	T 286	237	40	40	P 256	208	96	96	
1759	1	T 284	238	40	40	P 256	208	96	96	
1760	1	T 282	239	40	40	P 256	208	96	112	
1761	1	T 280	240	40	40	P 240	208	112	112	
1762	1	T 278	241	40	40	P 240	208	112	112	
1763	1	T 276	242	40	40	P 240	208	112	112	
1764	1	T 274	243	40	40	P 240	208	112	112	
1765	1	T 272	244	40	40	P 240	208	112	112	
1766	1	T 270	245	40	40	P 240	208	96	112	
1767	1	T 268	246	40	40	P 240	208	96	112	
1768	1	T 266	247	40	40	P 240	208	96	112	
1769	1	T 264	248	40	40	P 224	208	112	112	
1770	1	T 262	249	40	40	P 224	208	112	112	
1771	1	T 260	250	40	40	P 224	224	112	96	
1772	1	T 258	251	40	40	P 224	224	112	96	
1773	1	T 256	252	40	40	P 224	224	112	96	
1774	1	T 254	253	40	40	P 224	224	96	96	
1775	1	T 252	254	40	40	P 224	224	96	96	
1776	1	T 250	255	40	40	P 224	224	96	112	
1777	1	T 248	256	40	40	P 208	224	112	112	
1778	1	T 246	257	40	40	P 208	224	112	112	
1779	1	T 244	258	40	40	P 208	224	112	112	
1780	1	T 242	259	40	40	P 208	224	112	112	
1781	1	T 240	260	40	40	P 208	224	112	112	
1782	1	T 238	261	40	40	P 208	224	96	112	
1783	1	T 236	262	40	40	P 208	224	96	112	
1784	1	T 234	263	40	40	P 208	224	96	112	
1785	1	T 232	264	40	40	P 192	224	112	112	
1786	1	T 230	265	40	40	P 192	240	112	96	
1787	1	T 228	266	40	40	P 192	240	112	96	
1788	1	T 226	267	40	40	P 192	240	112	96	
1789	1	T 224	268	40	40	P 192	240	112	96	
1790	1	T 222	269	40	40	P 192	240	96	96	
1791	1	T 220	270	40	40	P 192	240	96	96	
1792	1	T 218	271	40	40	P 192	240	96	112	
1793	1	T 216	272	40	40	P 176	240	112	112	
1794	1	T 214	273	40	40	P 176	240	112	112	
1795	1	T 212	274	40	40	P 176	240	112	112	
1796	1	T 210	275	40	40	P 176	240	112	112	
1797	1	T 208	276	40	40	P 176	240	112	112	
1798	1	T 206	277	40	40	P 176	240	96	112	
1799	1	T 204	278	40	40	P 176	240	96	112	
1800	1	T 202	279	40	40	P 176	240	96	112	
1801	1	T 200	280	40	40	P 160	240	112	112	
1802	1	T 198	281	40	40	P 160	256	112	96	
1803	1	T 196	282	40	40	P 160	256	112	96	
1804	1	T 194	283	40	40	P 160	256	112	96	
1805	1	T 192	284	40	40	P 160	256	112	96	
1806	1	T 190	285	40	40	P 160	256	96	96	
1807	1	T 188	286	40	40	P 160	256	96	96	
1808	1	T 186	287	40	40	P 160	256	96	112	
1809	1	T 184	288	40	40	P 144	256	112	112	
1810	1	T 182	289	40	40	P 144	256	112	112	
1811	1	T 180	290	40	40	P 144	256	112	112	
1812	1	T 178	291	40	40	P 144	256	112	112	
1813	1	T 176	292	40	40	P 144	256	112	112	
1814	1	T 174	293	40	40	P 144	256	96	112	
1815	1	T 172	294	40	40	P 144	256	96	112	
1816	1	T 170	295	40	40	P 144	256	96	112	
1817	1	T 168	296	40	40	P 128	256	112	112	
1818	1	T 166	297	40	40	P 128	256	112	112	
1819	1	T 164	298	40	40	P 128	272	112	96	
1820	1	T 162	299	40	40	P 128	272	112	96	
1821	1	T 160	300	40	40	P 128	272	112	96	
1822	1	T 158	301	40	40	P 128	272	96	96	
1823	1	T 156	302	40	40	P 128	272	96	96	
1824	1	T 154	303	40	40	P 128	272	96	112	
1825	1	T 152	304	40	40	P 112	272	112	112	
1826	1	T 150	305	40	40	P 112	272	112	112	
1827	1	T 148	306	40	40	P 112	272	112	112	
1828	1	T 146	307	40	40	P 112	272	112	112	
1829	1	T 144	308	40	40	P 112	272	112	112	
1830	1	T 142	309	40	40	P 112	272	96	112	
1831	1	T 140	310	40	40	P 112	272	96	112	
1832	1	T 138	311	40	40	P 112	272	96	112	
1833	1	T 136	312	40	40	P 96	272	112	112	
1834	1	T 134	313	40	40	P 96	272	112	112	
1835	1	T 132	314	40	40	P 96	272	112	112	
1836	1	T 130	315	40	40	P 96	288	112	96	
1837	1	T 128	316	40	40	P 96	288	112	96	
1838	1	T 126	317	40	40	P 96	288	96	96	
1839	1	T 124	318	40	40	P 96	288	96	96	
1840	1	T 122	319	40	40	P 96	288	96	112	
1841	1	T 120	320	40	40	P 80	288	112	112	
1842	1	T 118	321	40	40	P 80	288	112	112	
1843	1	T 116	322	40	40	P 80	288	112	112	
1844	1	T 114	323	40	40	P 80	288	112	112	
1845	1	T 112	324	40	40	P 80	288	112	112	
1846	1	T 110	325	40	40	P 80	288	96	112	
1847	1	T 108	326	40	40	P 80	288	96	112	
1848	1	T 106	327	40	40	P 80	288	96	112	
1849	1	T 104	328	40	40	P 64	288	112	112	
1850	1	T 102	329	40	40	P 64	288	112	112	
1851	1	T 100	330	40	40	P 64	304	112	96	
1852	1	T 98	331	40	40	P 64	304	112	96	
1853	1	T 96	332	40	40	P 64	304	112	96	
1854	1	T 94	333	40	40	P 64	304	96	96	
1855	1	T 92	334	40	40	P 64	304	96	96	
1856	1	T 90	335	40	40	P 48	304	112	112	
1857	1	T 88	336	40	40	P 48	304	112	112	
1858	1	T 86	337	40	40	P 48	304	112	112	
1859	1	T 84	338	40	40	P 48	304	112	112	
1860	1	T 82	339	40	40	P 48	304	112	112	
1861	1	T 80	340	40	40	P 48	304	112	112	
1862	1	T 78	341	40	40	P 48	304	96	112	
1863	1	T 76	342	40	40	P 48	304	96	112	
1864	1	T 74	343	40	40	P 48	304	96	112	
1865	1	T 72	344	40	40	P 32	304	112	112	
1866	1	T 70	345	40	40	P 32	304	112	112	
1867	1	T 68	346	40	40	P 32	304	112	112	
1868	1	T 66	347	40	40	P 32	320	112	96	
1869	1	T 64	348	40	40	P 32	320	112	96	
1870	1	T 62	349	40	40	P 32	320	96	96	
1871	1	T 60	350	40	40	P 32	320	96	112	
1872	1	T 58	351	40	40	P 32	320	96	112	
1873	1	T 56	352	40	40	P 16	320	112	112	
1874	1	T 54	353	40	40	P 16	320	112	112	
1875	1	T 52	354	40	40	P 16	320	112	112	
1876	1	T 50	355	40	40	P 16	320	112	112	
1877	1	T 48	356	40	40	P 16	320	112	112	
1878	1	T 46	357	40	40	P 16	320	96	112	
1879	1	T 44	358	40	40	P 16	320	96	112	
1880	1	T 42	359	40	40	P 0	320	112	112	
1881	1	T 40	360	40	40	P 0	320	112	112	
1882	1	T 38	361	40	40	P 0	320	112	112	
1883	1	T 36	362	40	40	P 0	336	112	96	
1884	1	T 34	363	40	40	P 0	336	112	96	
1885	1	T 32	364	40	40	P 0	336	112	96	
1886	1	T 30	365	40	40	P 0	336	96	96	
1887	1	T 28	366	40	40	P 0	336	96	96	
1888	1	T 26	367	40	40	P 0	336	96	112	
1889	1	T 24	368	40	40	P 0	336	96	112	
1890	1	T 22	369	40	40	P 0	336	96	112	
1891	1	T 20	370	40	40	P 0	336	96	112	
1892	1	T 22	371	40	40	P 0	336	96	112	
1893	1	T 24	372	40	40	P 0	336	96	112	
1894	1	T 26	373	40	40	P 0	336	96	112	
1895	1	T 28	374	40	40	P 0	336	96	112	
1896	1	T 30	375	40	40	P 0	336	96	112	
1897	1	T 32	376	40	40	P 0	336	112	112	
1898	1	T 34	377	40	40	P 0	336	112	112	
1899	1	T 36	378	40	40	P 0	352	112	96	
1900	1	T 38	379	40	40	P 0	352	112	96	
1901	1	T 40	380	40	40	P 0	352	112	96	
1902	1	T 42	381	40	40	P 16	352	96	96	
1903	1	T 44	382	40	40	P 16	352	96	96	
1904	1	T 46	383	40	40	P 16	352	96	112	
1905	1	T 48	384	40	40	P 16	352	112	112	
1906	1	T 50	385	40	40	P 16	352	112	112	
1907	1	T 52	386	40	40	P 16	352	112	112	
1908	1	T 54	387	40	40	P 16	352	112	112	
1909	1	T 56	388	40	40	P 16	352	112	112	
1910	1	T 58	389	40	40	P 32	352	96	112	
1911	1	T 60	390	40	40	P 32	352	96	112	
1912	1	T 62	391	40	40	P 32	352	96	112	
1913	1	T 64	392	40	40	P 32	352	112	112	
1914	1	T 66	393	40	40	P 32	352	112	112	
1915	1	T 68	394	40	40	P 32	368	112	96	
1916	1	T 70	395	40	40	P 32	368	112	96	
1917	1	T 72	396	40	40	P 32	368	112	96	
1918	1	T 74	397	40	40	P 48	368	96	96	
1919	1	T 76	398	40	40	P 48	368	96	96	
1920	1	T 78	399	40	40	P 48	368	112	112	
1921	1	T 80	400	40	40	P 48	368	112	112	
1922	1	T 82	401	40	40	P 48	368	112	112	
1923	1	T 84	402	40	40	P 48	368	112	112	
1924	1	T 86	403	40	40	P 48	368	112	112	
1925	1	T 88	404	40	40	P 48	368	112	112	
1926	1	T 90	405	40	40	P 64	368	96	112	
1927	1	T 92	406	40	40	P 64	368	96	112	
1928	1	T 94	407	40	40	P 64	368	96	112	
1929	1	T 96	408	40	40	P 64	368	112	112	
1930	1	T 98	409	40	40	P 64	368	112	112	
1931	1	T 100	410	40	40	P 64	384	112	96	
1932	1	T 102	411	40	40	P 64	384	112	96	
1933	1	T 104	412	40	40	P 64	384	112	96	
1934	1	T 106	413	40	40	P 80	384	96	96	
1935	1	T 108	414	40	40	P 80	384	96	96	
1936	1	T 110	415	40	40	P 80	384	96	96	
1937	1	T 112	416	40	40	P 80	384	112	96	
1938	1	T 114	417	40	40	P 80	384	112	96	
1939	1	T 116	418	40	40	P 80	384	112	96	
1940	1	T 118	419	40	40	P 80	384	112	96	
1941	1	T 120	420	40	40	P 80	384	112	96	
1942	1	T 122	419	40	40	P 96	384	96	96	
1943	1	T 124	418	40	40	P 96	384	96	96	
1944	1	T 126	417	40	40	P 96	384	96	96	
1945	1	T 128	416	40	40	P 96	384	112	96	
1946	1	T 130	415	40	40	P 96	384	112	96	
1947	1	T 132	414	40	40	P 96	384	112	96	
1948	1	T 134	413	40	40	P 96	384	112	96	
1949	1	T 136	412	40	40	P 96	384	112	96	
1950	1	T 138	411	40	40	P 112	384	96	96	
1951	1	T 140	410	40	40	P 112	384	96	96	
1952	1	T 142	409	40	40	P 112	368	112	112	
1953	1	T 144	408	40	40	P 112	368	112	112	
1954	1	T 146	407	40	40	P 112	368	112	112	
1955	1	T 148	406	40	40	P 112	368	112	112	
1956	1	T 150	405	40	40	P 112	368	112	112	
1957	1	T 152	404	40	40	P 112	368	112	112	
1958	1	T 154	403	40	40	P 128	368	96	112	
1959	1	T 156	402	40	40	P 128	368	96	112	
1960	1	T 158	401	40	40	P 128	368	96	112	
1961	1	T 160	400	40	40	P 128	368	112	112	
1962	1	T 162	399	40	40	P 128	368	112	112	
1963	1	T 164	398	40	40	P 128	368	112	96	
1964	1	T 166	397	40	40	P 128	368	112	96	
1965	1	T 168	396	40	40	P 128	368	112	96	
1966	1	T 170	395	40	40	P 144	368	96	96	
1967	1	T 172	394	40	40	P 144	352	96	112	
1968	1	T 174	393	40	40	P 144	352	96	112	
1969	1	T 176	392	40	40	P 144	352	112	112	
1970	1	T 178	391	40	40	P 144	352	112	112	
1971	1	T 180	390	40	40	P 144	352	112	112	
1972	1	T 182	389	40	40	P 144	352	112	112	
1973	1	T 184	388	40	40	P 144	352	112	112	
1974	1	T 186	387	40	40	P 160	352	96	112	
1975	1	T 188	386	40	40	P 160	352	96	112	
1976	1	T 190	385	40	40	P 160	352	96	112	
1977	1	T 192	384	40	40	P 160	352	112	112	
1978	1	T 194	383	40	40	P 160	352	112	112	
1979	1	T 196	382	40	40	P 160	352	112	96	
1980	1	T 198	381	40	40	P 160	352	112	96	
1981	1	T 200	380	40	40	P 160	352	112	96	
1982	1	T 202	379	40	40	P 176	352	96	96	
1983	1	T 204	378	40	40	P 176	352	96	96	
1984	1	T 206	377	40	40	P 176	352	96	96	
1985	1	T 208	376	40	40	P 176	336	112	112	
1986	1	T 210	375	40	40	P 176	336	112	112	
1987	1	T 212	374	40	40	P 176	336	112	112	
1988	1	T 214	373	40	40	P 176	336	112	112	
1989	1	T 216	372	40	40	P 176	336	112	112	
1990	1	T 218	371	40	40	P 192	336	96	112	
1991	1	T 220	370	40	40	P 192	336	96	112	
1992	1	T 222	369	40	40	P 192	336	112	112	
1993	1	T 224	368	40	40	P 192	336	112	112	
1994	1	T 226	367	40	40	P 192	336	112	112	
1995	1	T 228	366	40	40	P 192	336	112	96	
1996	1	T 230	365	40	40	P 192	336	112	96	
1997	1	T 232	364	40	40	P 192	336	112	96	
1998	1	T 234	363	40	40	P 208	336	96	96	
1999	1	T 236	362	40	40	P 208	336	96	96	
2000	1	T 238	361	40	40	P 208	320	96	112	
