frame	IoU
1	0.390625
25	0.390625
29	0.390625
30	0.390625
31	0.390625
32	0.390625
41	0.390625
45	0.390625
46	0.390625
47	0.390625
48	0.390625
49	0.390625
61	0.390625
62	0.390625
63	0.390625
64	0.390625
65	0.390625
72	0.390625
73	0.390625
77	0.390625
79	0.390625
80	0.390625
88	0.390625
93	0.390625
94	0.390625
95	0.390625
96	0.390625
110	0.390625
111	0.390625
112	0.390625
113	0.390625
121	0.390625
126	0.390625
127	0.390625
128	0.390625
129	0.390625
137	0.390625
142	0.390625
143	0.390625
144	0.390625
145	0.390625
151	0.390625
153	0.390625
157	0.390625
158	0.390625
159	0.390625
160	0.390625
161	0.390625
167	0.390625
169	0.390625
173	0.390625
174	0.390625
175	0.390625
176	0.390625
177	0.390625
184	0.390625
185	0.390625
189	0.390625
190	0.390625
191	0.390625
192	0.390625
193	0.390625
200	0.390625
202	0.390625
206	0.390625
207	0.390625
208	0.390625
209	0.390625
216	0.390625
217	0.390625
221	0.390625
222	0.390625
224	0.390625
225	0.390625
237	0.390625
238	0.390625
239	0.390625
240	0.390625
241	0.390625
248	0.390625
253	0.390625
254	0.390625
255	0.390625
256	0.390625
257	0.390625
269	0.390625
270	0.390625
271	0.390625
272	0.390625
286	0.390625
287	0.390625
288	0.390625
289	0.390625
301	0.390625
302	0.390625
303	0.390625
304	0.390625
305	0.390625
311	0.390625
317	0.390625
318	0.390625
319	0.390625
333	0.390625
334	0.390625
335	0.390625
343	0.390625
345	0.390625
349	0.390625
350	0.390625
351	0.390625
352	0.390625
359	0.390625
361	0.390625
365	0.390625
366	0.390625
367	0.390625
375	0.390625
376	0.390625
381	0.390625
382	0.390625
391	0.390625
397	0.390625
398	0.390625
399	0.390625
400	0.390625
409	0.390625
413	0.390625
414	0.390625
415	0.390625
425	0.390625
429	0.390625
430	0.390625
431	0.390625
432	0.390625
445	0.390625
446	0.390625
447	0.390625
454	0.390625
455	0.390625
456	0.390625
458	0.390625
461	0.390625
462	0.390625
463	0.390625
464	0.390625
471	0.390625
472	0.390625
477	0.390625
478	0.390625
479	0.390625
488	0.390625
490	0.390625
493	0.390625
494	0.390625
495	0.390625
504	0.390625
508	0.390625
509	0.390625
510	0.390625
511	0.390625
525	0.390625
526	0.390625
527	0.390625
528	0.390625
540	0.390625
541	0.390625
542	0.390625
543	0.390625
544	0.390625
545	0.390625
553	0.390625
556	0.390625
557	0.390625
558	0.390625
559	0.390625
573	0.390625
574	0.390625
576	0.390625
589	0.390625
590	0.390625
591	0.390625
592	0.390625
600	0.390625
604	0.390625
605	0.390625
606	0.390625
607	0.390625
616	0.390625
617	0.390625
622	0.390625
623	0.390625
624	0.390625
632	0.390625
633	0.390625
637	0.390625
638	0.390625
639	0.390625
640	0.390625
648	0.390625
649	0.390625
653	0.390625
654	0.390625
656	0.390625
657	0.390625
670	0.390625
671	0.390625
672	0.390625
673	0.390625
680	0.390625
681	0.390625
682	0.390625
685	0.390625
686	0.390625
687	0.390625
688	0.390625
689	0.390625
696	0.390625
701	0.390625
702	0.390625
703	0.390625
704	0.390625
713	0.390625
717	0.390625
719	0.390625
720	0.390625
721	0.390625
729	0.390625
730	0.390625
733	0.390625
735	0.390625
736	0.390625
750	0.390625
751	0.390625
752	0.390625
753	0.390625
761	0.390625
765	0.390625
766	0.390625
767	0.390625
768	0.390625
769	0.390625
776	0.390625
777	0.390625
781	0.390625
782	0.390625
783	0.390625
784	0.390625
785	0.390625
793	0.390625
797	0.390625
798	0.390625
799	0.390625
800	0.390625
809	0.390625
813	0.390625
814	0.390625
815	0.390625
816	0.390625
823	0.390625
825	0.390625
831	0.390625
832	0.390625
833	0.390625
840	0.390625
845	0.390625
846	0.390625
847	0.390625
848	0.390625
849	0.390625
856	0.390625
857	0.390625
861	0.390625
862	0.390625
863	0.390625
864	0.390625
865	0.390625
872	0.390625
873	0.390625
878	0.390625
879	0.390625
880	0.390625
881	0.390625
888	0.390625
889	0.390625
893	0.390625
894	0.390625
895	0.390625
896	0.390625
897	0.390625
909	0.390625
910	0.390625
911	0.390625
912	0.390625
913	0.390625
920	0.390625
921	0.390625
926	0.390625
927	0.390625
928	0.390625
929	0.390625
941	0.390625
942	0.390625
943	0.390625
944	0.390625
956	0.390625
957	0.390625
958	0.390625
959	0.390625
960	0.390625
973	0.390625
974	0.390625
975	0.390625
976	0.390625
989	0.390625
990	0.390625
991	0.390625
992	0.390625
1005	0.390625
1006	0.390625
1007	0.390625
1008	0.390625
1015	0.390625
1017	0.390625
1020	0.390625
1021	0.390625
1022	0.390625
1023	0.390625
1025	0.390625
1037	0.390625
1038	0.390625
1039	0.390625
1040	0.390625
1041	0.390625
1053	0.390625
1054	0.390625
1055	0.390625
1070	0.390625
1071	0.390625
1072	0.390625
1084	0.390625
1086	0.390625
1087	0.390625
1088	0.390625
1095	0.390625
1101	0.390625
1102	0.390625
1103	0.390625
1104	0.390625
1117	0.390625
1118	0.390625
1120	0.390625
1121	0.390625
1133	0.390625
1134	0.390625
1135	0.390625
1136	0.390625
1144	0.390625
1148	0.390625
1149	0.390625
1150	0.390625
1151	0.390625
1152	0.390625
1160	0.390625
1161	0.390625
1164	0.390625
1166	0.390625
1167	0.390625
1168	0.390625
1176	0.390625
1181	0.390625
1182	0.390625
1193	0.390625
1196	0.390625
1197	0.390625
1198	0.390625
1199	0.390625
1201	0.390625
1212	0.390625
1213	0.390625
1214	0.390625
1215	0.390625
1229	0.390625
1230	0.390625
1231	0.390625
1232	0.390625
1245	0.390625
1246	0.390625
1247	0.390625
1256	0.390625
1257	0.390625
1258	0.390625
1260	0.390625
1263	0.390625
1264	0.390625
1265	0.390625
1272	0.390625
1273	0.390625
1277	0.390625
1278	0.390625
1279	0.390625
1280	0.390625
1287	0.390625
1288	0.390625
1293	0.390625
1294	0.390625
1295	0.390625
1297	0.390625
1304	0.390625
1305	0.390625
1309	0.390625
1310	0.390625
1311	0.390625
1312	0.390625
1313	0.390625
1327	0.390625
1328	0.390625
1336	0.390625
1337	0.390625
1341	0.390625
1342	0.390625
1343	0.390625
1344	0.390625
1352	0.390625
1357	0.390625
1358	0.390625
1359	0.390625
1360	0.390625
1368	0.390625
1369	0.390625
1374	0.390625
1375	0.390625
1376	0.390625
1377	0.390625
1384	0.390625
1385	0.390625
1386	0.390625
1389	0.390625
1390	0.390625
1391	0.390625
1392	0.390625
1393	0.390625
1401	0.390625
1404	0.390625
1405	0.390625
1406	0.390625
1407	0.390625
1408	0.390625
1415	0.390625
1416	0.390625
1417	0.390625
1421	0.390625
1422	0.390625
1423	0.390625
1424	0.390625
1425	0.390625
1432	0.390625
1433	0.390625
1437	0.390625
1438	0.390625
1439	0.390625
1440	0.390625
1448	0.390625
1449	0.390625
1453	0.390625
1454	0.390625
1455	0.390625
1456	0.390625
1457	0.390625
1464	0.390625
1465	0.390625
1468	0.390625
1470	0.390625
1471	0.390625
1472	0.390625
1480	0.390625
1481	0.390625
1485	0.390625
1486	0.390625
1487	0.390625
1488	0.390625
1489	0.390625
1495	0.390625
1496	0.390625
1498	0.390625
1501	0.390625
1502	0.390625
1503	0.390625
1504	0.390625
1512	0.390625
1513	0.390625
1516	0.390625
1517	0.390625
1518	0.390625
1519	0.390625
1520	0.390625
1528	0.390625
1533	0.390625
1534	0.390625
1535	0.390625
1537	0.390625
1549	0.390625
1550	0.390625
1551	0.390625
1552	0.390625
1553	0.390625
1567	0.390625
1568	0.390625
1569	0.390625
1580	0.390625
1581	0.390625
1582	0.390625
1583	0.390625
1584	0.390625
1585	0.390625
1596	0.390625
1597	0.390625
1598	0.390625
1599	0.390625
1600	0.390625
1612	0.390625
1614	0.390625
1615	0.390625
1616	0.390625
1629	0.390625
1630	0.390625
1631	0.390625
1632	0.390625
1645	0.390625
1646	0.390625
1647	0.390625
1648	0.390625
1660	0.390625
1661	0.390625
1662	0.390625
1663	0.390625
1664	0.390625
1665	0.390625
1671	0.390625
1676	0.390625
1677	0.390625
1678	0.390625
1679	0.390625
1680	0.390625
1681	0.390625
1693	0.390625
1694	0.390625
1695	0.390625
1696	0.390625
1709	0.390625
1710	0.390625
1712	0.390625
1725	0.390625
1726	0.390625
1727	0.390625
1728	0.390625
1740	0.390625
1741	0.390625
1742	0.390625
1743	0.390625
1745	0.390625
1756	0.390625
1757	0.390625
1758	0.390625
1759	0.390625
1760	0.390625
1772	0.390625
1773	0.390625
1774	0.390625
1775	0.390625
1776	0.390625
1789	0.390625
1790	0.390625
1791	0.390625
1805	0.390625
1806	0.390625
1807	0.390625
1808	0.390625
1821	0.390625
1822	0.390625
1823	0.390625
1837	0.390625
1838	0.390625
1839	0.390625
1840	0.390625
1852	0.390625
1853	0.390625
1854	0.390625
1855	0.390625
1856	0.390625
1869	0.390625
1870	0.390625
1873	0.390625
1885	0.390625
1886	0.390625
1887	0.390625
1888	0.390625
1889	0.390625
1902	0.390625
1903	0.390625
1904	0.390625
1905	0.390625
1913	0.390625
1917	0.390625
1918	0.390625
1919	0.390625
1921	0.390625
1927	0.390625
1928	0.390625
1929	0.390625
1933	0.390625
1934	0.390625
1935	0.390625
1936	0.390625
1937	0.390625
1943	0.390625
1945	0.390625
1946	0.390625
1951	0.390625
1953	0.390625
1960	0.390625
1961	0.390625
1966	0.390625
1968	0.390625
1969	0.390625
1975	0.390625
1976	0.390625
1977	0.390625
1980	0.390625
1981	0.390625
1983	0.390625
1984	0.390625
1991	0.390625
1998	0.390625
1999	0.390625
2000	0.390625
