1	0	T 80	80	40	40	
2	0	T 82	81	40	40	
3	1	T 84	82	40	40	P 46	69	115	69	
4	1	T 86	83	40	40	P 69	69	92	69	
5	1	T 88	84	40	40	P 69	46	92	115	
6	1	T 90	85	40	40	P 69	69	92	92	
7	1	T 92	86	40	40	P 69	46	92	115	
8	1	T 94	87	40	40	P 92	69	69	92	
9	1	T 96	88	40	40	P 69	69	92	92	
10	1	T 98	89	40	40	P 69	69	92	92	
11	1	T 100	90	40	40	P 69	69	92	92	
12	1	T 102	91	40	40	P 69	69	115	92	
13	1	T 104	92	40	40	P 69	69	115	92	
14	1	T 106	93	40	40	P 69	69	115	92	
15	1	T 108	94	40	40	P 69	69	115	92	
16	1	T 110	95	40	40	P 69	69	115	92	
17	1	T 112	96	40	40	P 92	69	92	92	
18	1	T 114	97	40	40	P 92	69	92	92	
19	1	T 116	98	40	40	P 92	69	92	92	
20	1	T 118	99	40	40	P 92	69	92	92	
21	1	T 120	100	40	40	P 92	69	92	92	
22	1	T 122	101	40	40	P 92	69	92	92	
23	1	T 124	102	40	40	P 92	69	92	92	
24	1	T 126	103	40	40	P 115	92	69	69	
25	1	T 128	104	40	40	P 115	92	92	69	
26	1	T 130	105	40	40	P 92	92	92	69	
27	1	T 132	106	40	40	P 115	92	69	69	
28	1	T 134	107	40	40	P 115	92	92	92	
29	1	T 136	108	40	40	P 115	92	92	92	
30	1	T 138	109	40	40	P 115	92	92	92	
31	1	T 140	110	40	40	P 115	92	92	92	
32	1	T 142	111	40	40	P 115	92	92	92	
33	1	T 144	112	40	40	P 115	92	92	92	
34	1	T 146	113	40	40	P 138	115	69	46	
35	1	T 148	114	40	40	P 115	92	115	92	
36	1	T 150	115	40	40	P 115	92	115	92	
37	1	T 152	116	40	40	P 115	92	115	92	
38	1	T 154	117	40	40	P 138	92	92	92	
39	1	T 156	118	40	40	P 138	92	92	92	
40	1	T 158	119	40	40	P 138	92	92	92	
41	1	T 160	120	40	40	P 138	92	92	92	
42	1	T 162	121	40	40	P 138	92	92	92	
43	1	T 164	122	40	40	P 138	92	92	92	
44	1	T 166	123	40	40	P 161	92	69	92	
45	1	T 168	124	40	40	P 138	92	92	92	
46	1	T 170	125	40	40	P 161	92	69	92	
47	1	T 172	126	40	40	P 138	92	115	92	
48	1	T 174	127	40	40	P 138	92	92	92	
49	1	T 176	128	40	40	P 161	115	92	69	
50	1	T 178	129	40	40	P 161	115	92	69	
51	1	T 180	130	40	40	P 161	115	92	92	
52	1	T 182	131	40	40	P 161	115	92	92	
53	1	T 184	132	40	40	P 184	92	69	92	
54	1	T 186	133	40	40	P 161	115	92	92	
55	1	T 188	134	40	40	P 161	115	92	92	
56	1	T 190	135	40	40	P 161	115	92	92	
57	1	T 192	136	40	40	P 161	115	92	92	
58	1	T 194	137	40	40	P 161	115	92	92	
59	1	T 196	138	40	40	P 161	115	115	92	
60	1	T 198	139	40	40	P 161	115	115	92	
61	1	T 200	140	40	40	P 161	138	115	69	
62	1	T 202	141	40	40	P 184	115	92	92	
63	1	T 204	142	40	40	P 184	115	92	92	
64	1	T 206	143	40	40	P 184	115	92	92	
65	1	T 208	144	40	40	P 184	115	92	92	
66	1	T 210	145	40	40	P 184	115	92	92	
67	1	T 212	146	40	40	P 184	115	92	92	
68	1	T 214	147	40	40	P 184	115	92	92	
69	1	T 216	148	40	40	P 184	115	92	92	
70	1	T 218	149	40	40	P 184	138	92	69	
71	1	T 220	150	40	40	P 184	138	115	92	
72	1	T 222	151	40	40	P 207	138	92	69	
73	1	T 224	152	40	40	P 207	115	69	115	
74	1	T 226	153	40	40	P 207	138	92	92	
75	1	T 228	154	40	40	P 207	138	92	92	
76	1	T 230	155	40	40	P 207	115	92	115	
77	1	T 232	156	40	40	P 207	138	92	92	
78	1	T 234	157	40	40	P 207	138	92	92	
79	1	T 236	158	40	40	P 207	138	92	92	
80	1	T 238	159	40	40	P 207	138	92	92	
81	1	T 240	160	40	40	P 207	138	115	92	
82	1	T 242	161	40	40	P 207	138	115	92	
83	1	T 244	162	40	40	P 207	138	115	92	
84	1	T 246	163	40	40	P 207	138	115	92	
85	1	T 248	164	40	40	P 230	138	92	92	
86	1	T 250	165	40	40	P 230	138	92	92	
87	1	T 252	166	40	40	P 230	138	92	92	
88	1	T 254	167	40	40	P 230	138	92	92	
89	1	T 256	168	40	40	P 230	138	92	92	
90	1	T 258	169	40	40	P 230	138	92	92	
91	1	T 260	170	40	40	P 230	138	92	92	
92	1	T 262	171	40	40	P 230	138	92	92	
93	1	T 264	172	40	40	P 253	138	69	92	
94	1	T 266	173	40	40	P 230	161	115	69	
95	1	T 268	174	40	40	P 253	161	92	92	
96	1	T 270	175	40	40	P 253	138	92	115	
97	1	T 272	176	40	40	P 253	138	69	92	
98	1	T 274	177	40	40	P 253	161	92	92	
99	1	T 276	178	40	40	P 253	161	92	92	
100	1	T 278	179	40	40	P 253	161	92	92	
101	1	T 280	180	40	40	P 253	161	92	92	
102	1	T 282	181	40	40	P 253	161	92	92	
103	1	T 284	182	40	40	P 253	161	92	92	
104	1	T 286	183	40	40	P 253	161	115	92	
105	1	T 288	184	40	40	P 253	161	115	92	
106	1	T 290	185	40	40	P 253	161	115	92	
107	1	T 292	186	40	40	P 253	161	115	92	
108	1	T 294	187	40	40	P 276	161	92	92	
109	1	T 296	188	40	40	P 276	161	92	92	
110	1	T 298	189	40	40	P 276	161	92	92	
111	1	T 300	190	40	40	P 276	161	92	92	
112	1	T 302	191	40	40	P 276	161	92	92	
113	1	T 304	192	40	40	P 276	161	92	92	
114	1	T 306	193	40	40	P 276	184	92	69	
115	1	T 308	194	40	40	P 276	161	92	92	
116	1	T 310	195	40	40	P 299	184	69	69	
117	1	T 312	196	40	40	P 299	161	69	92	
118	1	T 314	197	40	40	P 299	184	69	69	
119	1	T 316	198	40	40	P 299	184	92	69	
120	1	T 318	199	40	40	P 299	184	92	92	
121	1	T 320	200	40	40	P 299	184	92	92	
122	1	T 322	201	40	40	P 299	184	92	92	
123	1	T 324	202	40	40	P 299	184	92	92	
124	1	T 326	203	40	40	P 299	184	92	92	
125	1	T 328	204	40	40	P 299	184	92	92	
126	1	T 330	205	40	40	P 299	184	92	92	
127	1	T 332	206	40	40	P 299	184	92	92	
128	1	T 334	207	40	40	P 299	184	115	92	
129	1	T 336	208	40	40	P 299	184	115	92	
130	1	T 338	209	40	40	P 322	207	92	69	
131	1	T 340	210	40	40	P 299	184	115	92	
132	1	T 342	211	40	40	P 322	184	92	92	
133	1	T 344	212	40	40	P 322	184	92	92	
134	1	T 346	213	40	40	P 322	184	92	92	
135	1	T 348	214	40	40	P 322	184	92	92	
136	1	T 350	215	40	40	P 322	184	92	92	
137	1	T 352	216	40	40	P 322	184	92	92	
138	1	T 354	217	40	40	P 322	184	92	92	
139	1	T 356	218	40	40	P 322	184	115	92	
140	1	T 358	219	40	40	P 345	184	69	92	
141	1	T 360	220	40	40	P 345	207	92	69	
142	1	T 362	221	40	40	P 345	207	92	69	
143	1	T 364	222	40	40	P 345	207	92	69	
144	1	T 366	223	40	40	P 345	184	92	115	
145	1	T 368	224	40	40	P 345	184	92	115	
146	1	T 370	225	40	40	P 345	207	92	92	
147	1	T 372	226	40	40	P 345	207	92	92	
148	1	T 374	227	40	40	P 345	207	92	92	
149	1	T 376	228	40	40	P 345	207	92	92	
150	1	T 378	229	40	40	P 345	207	115	92	
151	1	T 380	230	40	40	P 345	207	92	92	
152	1	T 382	231	40	40	P 345	230	115	69	
153	1	T 384	232	40	40	P 368	207	92	92	
154	1	T 386	233	40	40	P 368	207	92	92	
155	1	T 388	234	40	40	P 368	207	92	92	
156	1	T 390	235	40	40	P 368	207	92	92	
157	1	T 392	236	40	40	P 368	207	92	92	
158	1	T 394	237	40	40	P 368	207	92	92	
159	1	T 396	238	40	40	P 368	207	92	92	
160	1	T 398	239	40	40	P 368	207	92	92	
161	1	T 400	240	40	40	P 391	230	69	69	
162	1	T 402	241	40	40	P 391	207	69	92	
163	1	T 404	242	40	40	P 391	207	92	115	
164	1	T 406	243	40	40	P 391	230	92	92	
165	1	T 408	244	40	40	P 391	230	92	69	
166	1	T 410	245	40	40	P 414	207	69	115	
167	1	T 412	246	40	40	P 391	230	92	92	
168	1	T 414	247	40	40	P 391	230	92	92	
169	1	T 416	248	40	40	P 414	207	69	115	
170	1	T 418	249	40	40	P 391	207	92	115	
171	1	T 420	250	40	40	P 391	230	92	92	
172	1	T 422	251	40	40	P 391	230	92	92	
173	1	T 424	252	40	40	P 391	230	92	92	
174	1	T 426	253	40	40	P 414	230	92	92	
175	1	T 428	254	40	40	P 391	230	115	92	
176	1	T 430	255	40	40	P 414	253	92	69	
177	1	T 432	256	40	40	P 391	230	115	92	
178	1	T 434	257	40	40	P 414	230	92	92	
179	1	T 436	258	40	40	P 414	230	92	92	
180	1	T 438	259	40	40	P 414	230	92	92	
181	1	T 440	260	40	40	P 414	253	92	69	
182	1	T 442	261	40	40	P 414	230	92	92	
183	1	T 444	262	40	40	P 414	230	92	92	
184	1	T 446	263	40	40	P 414	230	92	92	
185	1	T 448	264	40	40	P 414	230	92	92	
186	1	T 450	265	40	40	P 437	253	92	69	
187	1	T 452	266	40	40	P 437	230	92	92	
188	1	T 454	267	40	40	P 437	253	92	92	
189	1	T 456	268	40	40	P 460	253	69	92	
190	1	T 458	269	40	40	P 437	253	92	92	
191	1	T 460	270	40	40	P 437	230	92	115	
192	1	T 462	271	40	40	P 437	253	92	92	
193	1	T 464	272	40	40	P 437	253	92	92	
194	1	T 466	273	40	40	P 437	253	92	92	
195	1	T 468	274	40	40	P 437	253	92	92	
196	1	T 470	275	40	40	P 437	253	115	92	
197	1	T 472	276	40	40	P 437	253	115	92	
198	1	T 474	277	40	40	P 437	253	115	69	
199	1	T 476	278	40	40	P 437	253	115	92	
200	1	T 478	279	40	40	P 437	253	115	92	
201	1	T 480	280	40	40	P 460	253	92	92	
202	1	T 482	281	40	40	P 460	253	92	92	
203	1	T 484	282	40	40	P 460	276	92	69	
204	1	T 486	283	40	40	P 460	253	92	92	
205	1	T 488	284	40	40	P 460	253	92	92	
206	1	T 490	285	40	40	P 460	276	92	69	
207	1	T 492	286	40	40	P 460	276	92	69	
208	1	T 494	287	40	40	P 460	253	92	92	
209	1	T 496	288	40	40	P 483	253	69	92	
210	1	T 498	289	40	40	P 483	253	92	92	
211	1	T 500	290	40	40	P 483	276	92	92	
212	1	T 502	291	40	40	P 483	253	92	92	
213	1	T 504	292	40	40	P 483	276	92	92	
214	1	T 506	293	40	40	P 483	276	92	92	
215	1	T 508	294	40	40	P 483	276	92	92	
216	1	T 510	295	40	40	P 483	276	92	92	
217	1	T 512	296	40	40	P 483	276	92	92	
218	1	T 514	297	40	40	P 483	276	92	92	
219	1	T 516	298	40	40	P 483	276	115	92	
220	1	T 518	299	40	40	P 483	276	115	92	
221	1	T 520	300	40	40	P 483	276	115	92	
222	1	T 522	301	40	40	P 483	276	115	92	
223	1	T 524	302	40	40	P 483	276	115	92	
224	1	T 526	303	40	40	P 506	276	92	92	
225	1	T 528	304	40	40	P 506	276	92	92	
226	1	T 530	305	40	40	P 506	299	92	69	
227	1	T 532	306	40	40	P 506	276	92	92	
228	1	T 534	307	40	40	P 506	276	92	92	
229	1	T 536	308	40	40	P 506	276	92	92	
230	1	T 538	309	40	40	P 529	299	69	69	
231	1	T 540	310	40	40	P 506	276	92	92	
232	1	T 542	311	40	40	P 529	299	69	92	
233	1	T 544	312	40	40	P 529	299	92	69	
234	1	T 546	313	40	40	P 529	299	92	69	
235	1	T 548	314	40	40	P 529	276	69	115	
236	1	T 550	315	40	40	P 552	299	69	69	
237	1	T 552	316	40	40	P 529	299	92	69	
238	1	T 554	317	40	40	P 529	299	92	92	
239	1	T 556	318	40	40	P 529	299	92	92	
240	1	T 558	319	40	40	P 529	299	92	92	
241	1	T 560	320	40	40	P 529	299	92	92	
242	1	T 562	321	40	40	P 529	299	115	92	
243	1	T 564	322	40	40	P 529	299	115	92	
244	1	T 566	323	40	40	P 529	299	115	92	
245	1	T 568	324	40	40	P 552	299	92	92	
246	1	T 570	325	40	40	P 529	299	115	92	
247	1	T 572	326	40	40	P 552	299	92	92	
248	1	T 574	327	40	40	P 552	299	92	92	
249	1	T 576	328	40	40	P 552	299	92	92	
250	1	T 578	329	40	40	P 552	299	92	92	
251	1	T 580	330	40	40	P 552	299	92	92	
252	1	T 582	331	40	40	P 552	299	92	92	
253	1	T 584	332	40	40	P 552	299	92	92	
254	1	T 586	333	40	40	P 552	322	92	69	
255	1	T 588	334	40	40	P 575	322	92	69	
256	1	T 590	335	40	40	P 575	322	92	69	
257	1	T 592	336	40	40	P 575	299	69	92	
258	1	T 594	337	40	40	P 598	322	69	92	
259	1	T 596	338	40	40	P 575	322	92	92	
260	1	T 598	339	40	40	P 575	322	92	92	
261	1	T 600	340	40	40	P 598	299	69	115	
262	1	T 602	341	40	40	P 575	322	92	92	
263	1	T 604	342	40	40	P 575	322	92	92	
264	1	T 606	343	40	40	P 575	322	92	92	
265	1	T 608	344	40	40	P 575	322	92	92	
266	1	T 610	345	40	40	P 575	322	115	92	
267	1	T 612	346	40	40	P 575	322	115	92	
268	1	T 614	347	40	40	P 575	322	115	69	
269	1	T 616	348	40	40	P 598	322	92	92	
270	1	T 618	349	40	40	P 598	322	92	92	
271	1	T 620	350	40	40	P 598	322	92	92	
272	1	T 622	351	40	40	P 598	322	92	92	
273	1	T 624	352	40	40	P 598	322	92	92	
274	1	T 626	353	40	40	P 598	322	92	92	
275	1	T 628	354	40	40	P 621	322	69	115	
276	1	T 630	355	40	40	P 598	322	92	92	
277	1	T 632	356	40	40	P 598	322	92	92	
278	1	T 634	357	40	40	P 621	345	69	69	
279	1	T 636	358	40	40	P 621	345	92	69	
280	1	T 638	359	40	40	P 621	345	92	69	
281	1	T 640	360	40	40	P 621	322	92	115	
282	1	T 642	361	40	40	P 621	345	92	92	
283	1	T 644	362	40	40	P 621	345	92	92	
284	1	T 646	363	40	40	P 621	345	92	92	
285	1	T 648	364	40	40	P 621	345	92	92	
286	1	T 650	365	40	40	P 621	345	92	92	
287	1	T 652	366	40	40	P 621	345	92	92	
288	1	T 654	367	40	40	P 621	345	92	92	
289	1	T 656	368	40	40	P 621	345	92	92	
290	1	T 658	369	40	40	P 644	345	69	92	
291	1	T 660	370	40	40	P 644	345	69	92	
292	1	T 658	371	40	40	P 621	368	92	46	
293	1	T 656	372	40	40	P 621	345	92	92	
294	1	T 654	373	40	40	P 621	345	92	92	
295	1	T 652	374	40	40	P 621	345	92	92	
296	1	T 650	375	40	40	P 621	345	92	92	
297	1	T 648	376	40	40	P 621	345	92	92	
298	1	T 646	377	40	40	P 621	345	92	92	
299	1	T 644	378	40	40	P 621	345	92	92	
300	1	T 642	379	40	40	P 621	345	92	92	
301	1	T 640	380	40	40	P 621	345	92	92	
302	1	T 638	381	40	40	P 621	368	92	69	
303	1	T 636	382	40	40	P 621	368	69	69	
304	1	T 634	383	40	40	P 598	368	92	92	
305	1	T 632	384	40	40	P 598	368	92	92	
306	1	T 630	385	40	40	P 598	368	92	92	
307	1	T 628	386	40	40	P 598	368	92	92	
308	1	T 626	387	40	40	P 598	368	92	92	
309	1	T 624	388	40	40	P 598	368	92	92	
310	1	T 622	389	40	40	P 598	368	92	92	
311	1	T 620	390	40	40	P 598	368	92	92	
312	1	T 618	391	40	40	P 598	368	92	92	
313	1	T 616	392	40	40	P 575	368	115	92	
314	1	T 614	393	40	40	P 575	368	115	92	
315	1	T 612	394	40	40	P 575	368	115	92	
316	1	T 610	395	40	40	P 575	368	115	92	
317	1	T 608	396	40	40	P 575	368	115	92	
318	1	T 606	397	40	40	P 575	368	92	92	
319	1	T 604	398	40	40	P 575	368	92	92	
320	1	T 602	399	40	40	P 575	368	92	92	
321	1	T 600	400	40	40	P 575	368	92	92	
322	1	T 598	401	40	40	P 575	368	69	92	
323	1	T 596	402	40	40	P 575	368	92	92	
324	1	T 594	403	40	40	P 575	391	69	69	
325	1	T 592	404	40	40	P 575	368	69	92	
326	1	T 590	405	40	40	P 552	391	92	69	
327	1	T 588	406	40	40	P 552	391	92	69	
328	1	T 586	407	40	40	P 552	391	92	69	
329	1	T 584	408	40	40	P 552	391	115	69	
330	1	T 582	409	40	40	P 552	368	92	92	
331	1	T 580	410	40	40	P 552	391	92	69	
332	1	T 578	411	40	40	P 552	391	92	69	
333	1	T 576	412	40	40	P 552	391	92	69	
334	1	T 574	413	40	40	P 552	391	92	69	
335	1	T 572	414	40	40	P 552	391	92	69	
336	1	T 570	415	40	40	P 529	391	115	69	
337	1	T 568	416	40	40	P 529	391	115	69	
338	1	T 566	417	40	40	P 529	391	115	69	
339	1	T 564	418	40	40	P 529	391	115	69	
340	1	T 562	419	40	40	P 529	391	115	69	
341	1	T 560	420	40	40	P 529	391	92	69	
342	1	T 558	419	40	40	P 529	391	92	69	
343	1	T 556	418	40	40	P 529	391	92	69	
344	1	T 554	417	40	40	P 529	391	92	69	
345	1	T 552	416	40	40	P 529	391	69	69	
346	1	T 550	415	40	40	P 529	391	92	69	
347	1	T 548	414	40	40	P 529	391	92	69	
348	1	T 546	413	40	40	P 529	391	92	69	
349	1	T 544	412	40	40	P 506	391	92	69	
350	1	T 542	411	40	40	P 506	391	92	69	
351	1	T 540	410	40	40	P 506	391	92	69	
352	1	T 538	409	40	40	P 506	391	92	69	
353	1	T 536	408	40	40	P 506	391	92	69	
354	1	T 534	407	40	40	P 506	368	92	92	
355	1	T 532	406	40	40	P 506	368	92	92	
356	1	T 530	405	40	40	P 506	368	69	92	
357	1	T 528	404	40	40	P 506	391	92	69	
358	1	T 526	403	40	40	P 506	391	69	69	
359	1	T 524	402	40	40	P 506	368	69	92	
360	1	T 522	401	40	40	P 483	368	115	92	
361	1	T 520	400	40	40	P 483	368	92	92	
362	1	T 518	399	40	40	P 483	368	92	92	
363	1	T 516	398	40	40	P 483	368	115	92	
364	1	T 514	397	40	40	P 483	368	69	69	
365	1	T 512	396	40	40	P 483	368	92	92	
366	1	T 510	395	40	40	P 483	368	92	92	
367	1	T 508	394	40	40	P 483	368	92	92	
368	1	T 506	393	40	40	P 483	368	92	92	
369	1	T 504	392	40	40	P 483	368	92	69	
370	1	T 502	391	40	40	P 483	368	92	92	
371	1	T 500	390	40	40	P 483	368	92	69	
372	1	T 498	389	40	40	P 460	368	92	69	
373	1	T 496	388	40	40	P 460	368	115	92	
374	1	T 494	387	40	40	P 483	345	92	92	
375	1	T 492	386	40	40	P 460	368	92	92	
376	1	T 490	385	40	40	P 460	368	92	92	
377	1	T 488	384	40	40	P 460	345	92	92	
378	1	T 486	383	40	40	P 460	345	92	115	
379	1	T 484	382	40	40	P 460	345	92	115	
380	1	T 482	381	40	40	P 460	345	92	115	
381	1	T 480	380	40	40	P 460	368	69	69	
382	1	T 478	379	40	40	P 460	368	69	69	
383	1	T 476	378	40	40	P 437	345	115	92	
384	1	T 474	377	40	40	P 437	345	92	92	
385	1	T 472	376	40	40	P 437	345	92	92	
386	1	T 470	375	40	40	P 437	345	92	92	
387	1	T 468	374	40	40	P 437	345	92	92	
388	1	T 466	373	40	40	P 437	345	92	92	
389	1	T 464	372	40	40	P 437	345	92	92	
390	1	T 462	371	40	40	P 437	345	92	92	
391	1	T 460	370	40	40	P 437	345	92	92	
392	1	T 458	369	40	40	P 437	345	92	92	
393	1	T 456	368	40	40	P 437	345	92	69	
394	1	T 454	367	40	40	P 414	345	115	92	
395	1	T 452	366	40	40	P 414	345	92	69	
396	1	T 450	365	40	40	P 414	345	115	92	
397	1	T 448	364	40	40	P 414	345	92	92	
398	1	T 446	363	40	40	P 414	345	92	92	
399	1	T 444	362	40	40	P 414	345	92	92	
400	1	T 442	361	40	40	P 414	345	92	92	
401	1	T 440	360	40	40	P 414	322	69	92	
402	1	T 438	359	40	40	P 414	345	92	92	
403	1	T 436	358	40	40	P 414	322	92	115	
404	1	T 434	357	40	40	P 414	322	69	92	
405	1	T 432	356	40	40	P 391	345	115	92	
406	1	T 430	355	40	40	P 414	345	69	69	
407	1	T 428	354	40	40	P 391	345	92	69	
408	1	T 426	353	40	40	P 414	345	92	69	
409	1	T 424	352	40	40	P 391	322	92	92	
410	1	T 422	351	40	40	P 391	322	92	92	
411	1	T 420	350	40	40	P 391	322	92	92	
412	1	T 418	349	40	40	P 391	322	92	92	
413	1	T 416	348	40	40	P 391	322	92	92	
414	1	T 414	347	40	40	P 391	322	92	92	
415	1	T 412	346	40	40	P 391	322	92	92	
416	1	T 410	345	40	40	P 391	322	92	92	
417	1	T 408	344	40	40	P 368	322	115	92	
418	1	T 406	343	40	40	P 368	322	115	92	
419	1	T 404	342	40	40	P 368	322	115	69	
420	1	T 402	341	40	40	P 368	322	92	92	
421	1	T 400	340	40	40	P 368	299	92	115	
422	1	T 398	339	40	40	P 368	299	92	115	
423	1	T 396	338	40	40	P 368	322	92	92	
424	1	T 394	337	40	40	P 368	299	92	92	
425	1	T 392	336	40	40	P 368	322	69	92	
426	1	T 390	335	40	40	P 368	299	69	115	
427	1	T 388	334	40	40	P 368	299	92	92	
428	1	T 386	333	40	40	P 368	322	92	69	
429	1	T 384	332	40	40	P 345	322	92	69	
430	1	T 382	331	40	40	P 345	299	92	92	
431	1	T 380	330	40	40	P 345	299	92	92	
432	1	T 378	329	40	40	P 345	299	92	92	
433	1	T 376	328	40	40	P 345	299	92	92	
434	1	T 374	327	40	40	P 345	299	92	92	
435	1	T 372	326	40	40	P 345	299	92	92	
436	1	T 370	325	40	40	P 345	299	92	92	
437	1	T 368	324	40	40	P 345	299	92	92	
438	1	T 366	323	40	40	P 345	299	69	69	
439	1	T 364	322	40	40	P 345	299	92	92	
440	1	T 362	321	40	40	P 322	299	92	92	
441	1	T 360	320	40	40	P 345	299	92	69	
442	1	T 358	319	40	40	P 322	299	92	69	
443	1	T 356	318	40	40	P 322	299	92	69	
444	1	T 354	317	40	40	P 322	276	92	115	
445	1	T 352	316	40	40	P 322	299	92	92	
446	1	T 350	315	40	40	P 322	276	92	115	
447	1	T 348	314	40	40	P 322	276	92	115	
448	1	T 346	313	40	40	P 322	276	69	115	
449	1	T 344	312	40	40	P 322	276	69	115	
450	1	T 342	311	40	40	P 322	276	92	92	
451	1	T 340	310	40	40	P 322	276	92	92	
452	1	T 338	309	40	40	P 322	276	92	92	
453	1	T 336	308	40	40	P 299	299	92	69	
454	1	T 334	307	40	40	P 299	299	92	69	
455	1	T 332	306	40	40	P 299	276	92	92	
456	1	T 330	305	40	40	P 299	276	92	92	
457	1	T 328	304	40	40	P 299	276	92	92	
458	1	T 326	303	40	40	P 299	276	92	92	
459	1	T 324	302	40	40	P 299	276	92	92	
460	1	T 322	301	40	40	P 299	276	92	92	
461	1	T 320	300	40	40	P 299	276	92	92	
462	1	T 318	299	40	40	P 299	276	92	92	
463	1	T 316	298	40	40	P 299	276	92	92	
464	1	T 314	297	40	40	P 276	276	115	92	
465	1	T 312	296	40	40	P 276	276	115	92	
466	1	T 310	295	40	40	P 276	276	115	92	
467	1	T 308	294	40	40	P 276	276	92	92	
468	1	T 306	293	40	40	P 276	276	92	92	
469	1	T 304	292	40	40	P 276	276	69	92	
470	1	T 302	291	40	40	P 276	253	92	115	
471	1	T 300	290	40	40	P 276	253	92	115	
472	1	T 298	289	40	40	P 276	253	69	92	
473	1	T 296	288	40	40	P 276	253	69	115	
474	1	T 294	287	40	40	P 276	253	92	92	
475	1	T 292	286	40	40	P 253	276	92	69	
476	1	T 290	285	40	40	P 276	276	69	69	
477	1	T 288	284	40	40	P 253	253	92	92	
478	1	T 286	283	40	40	P 253	253	115	92	
479	1	T 284	282	40	40	P 253	253	92	92	
480	1	T 282	281	40	40	P 253	253	92	92	
481	1	T 280	280	40	40	P 253	253	92	92	
482	1	T 278	279	40	40	P 253	253	92	92	
483	1	T 276	278	40	40	P 253	253	92	92	
484	1	T 274	277	40	40	P 253	253	92	92	
485	1	T 272	276	40	40	P 253	253	92	92	
486	1	T 270	275	40	40	P 230	253	115	92	
487	1	T 268	274	40	40	P 253	276	92	69	
488	1	T 266	273	40	40	P 230	253	92	92	
489	1	T 264	272	40	40	P 230	253	115	92	
490	1	T 262	271	40	40	P 230	253	92	92	
491	1	T 260	270	40	40	P 230	253	92	92	
492	1	T 258	269	40	40	P 230	230	92	115	
493	1	T 256	268	40	40	P 230	230	92	115	
494	1	T 254	267	40	40	P 230	230	92	92	
495	1	T 252	266	40	40	P 230	230	69	92	
496	1	T 250	265	40	40	P 230	230	69	115	
497	1	T 248	264	40	40	P 230	230	69	92	
498	1	T 246	263	40	40	P 230	253	92	69	
499	1	T 244	262	40	40	P 207	253	92	69	
500	1	T 242	261	40	40	P 207	230	92	92	
501	1	T 240	260	40	40	P 207	230	115	92	
502	1	T 238	259	40	40	P 207	230	92	92	
503	1	T 236	258	40	40	P 207	230	92	92	
504	1	T 234	257	40	40	P 207	230	92	92	
505	1	T 232	256	40	40	P 207	230	92	92	
506	1	T 230	255	40	40	P 207	230	92	92	
507	1	T 228	254	40	40	P 207	230	69	92	
508	1	T 226	253	40	40	P 207	230	92	92	
509	1	T 224	252	40	40	P 184	230	115	92	
510	1	T 222	251	40	40	P 184	230	115	69	
511	1	T 220	250	40	40	P 184	230	115	92	
512	1	T 218	249	40	40	P 184	230	92	92	
513	1	T 216	248	40	40	P 184	230	92	92	
514	1	T 214	247	40	40	P 184	207	92	92	
515	1	T 212	246	40	40	P 184	207	69	92	
516	1	T 210	245	40	40	P 184	230	92	92	
517	1	T 208	244	40	40	P 184	207	92	115	
518	1	T 206	243	40	40	P 184	207	92	115	
519	1	T 204	242	40	40	P 184	230	92	69	
520	1	T 202	241	40	40	P 161	207	115	92	
521	1	T 200	240	40	40	P 161	207	92	92	
522	1	T 198	239	40	40	P 184	230	92	69	
523	1	T 196	238	40	40	P 161	207	92	92	
524	1	T 194	237	40	40	P 161	230	92	69	
525	1	T 192	236	40	40	P 161	207	92	92	
526	1	T 190	235	40	40	P 161	207	92	92	
527	1	T 188	234	40	40	P 161	207	92	92	
528	1	T 186	233	40	40	P 161	207	92	92	
529	1	T 184	232	40	40	P 161	207	92	92	
530	1	T 182	231	40	40	P 161	207	92	92	
531	1	T 180	230	40	40	P 138	207	115	92	
532	1	T 178	229	40	40	P 161	207	92	92	
533	1	T 176	228	40	40	P 138	207	115	92	
534	1	T 174	227	40	40	P 138	207	92	69	
535	1	T 172	226	40	40	P 138	207	92	92	
536	1	T 170	225	40	40	P 138	207	92	69	
537	1	T 168	224	40	40	P 138	207	92	92	
538	1	T 166	223	40	40	P 138	184	92	115	
539	1	T 164	222	40	40	P 138	184	92	92	
540	1	T 162	221	40	40	P 138	184	69	92	
541	1	T 160	220	40	40	P 138	207	92	92	
542	1	T 158	219	40	40	P 138	184	69	92	
543	1	T 156	218	40	40	P 138	207	69	69	
544	1	T 154	217	40	40	P 115	184	115	92	
545	1	T 152	216	40	40	P 115	184	115	92	
546	1	T 150	215	40	40	P 115	207	115	69	
547	1	T 148	214	40	40	P 115	184	115	92	
548	1	T 146	213	40	40	P 115	184	92	92	
549	1	T 144	212	40	40	P 115	184	92	92	
550	1	T 142	211	40	40	P 115	184	92	92	
551	1	T 140	210	40	40	P 115	184	92	92	
552	1	T 138	209	40	40	P 115	184	92	92	
553	1	T 136	208	40	40	P 115	184	92	92	
554	1	T 134	207	40	40	P 92	184	115	92	
555	1	T 132	206	40	40	P 92	184	115	92	
556	1	T 130	205	40	40	P 92	184	92	69	
557	1	T 128	204	40	40	P 92	184	92	92	
558	1	T 126	203	40	40	P 92	184	92	92	
559	1	T 124	202	40	40	P 92	184	92	92	
560	1	T 122	201	40	40	P 92	184	92	92	
561	1	T 120	200	40	40	P 92	161	69	115	
562	1	T 118	199	40	40	P 92	184	92	92	
563	1	T 116	198	40	40	P 92	161	92	115	
564	1	T 114	197	40	40	P 92	161	92	92	
565	1	T 112	196	40	40	P 92	161	69	92	
566	1	T 110	195	40	40	P 92	161	69	92	
567	1	T 108	194	40	40	P 69	184	92	69	
568	1	T 106	193	40	40	P 69	161	115	92	
569	1	T 104	192	40	40	P 69	161	115	92	
570	1	T 102	191	40	40	P 69	161	92	92	
571	1	T 100	190	40	40	P 69	161	92	92	
572	1	T 98	189	40	40	P 69	161	92	92	
573	1	T 96	188	40	40	P 69	161	92	92	
574	1	T 94	187	40	40	P 69	161	92	92	
575	1	T 92	186	40	40	P 69	161	92	92	
576	1	T 90	185	40	40	P 69	161	92	92	
577	1	T 88	184	40	40	P 69	161	92	69	
578	1	T 86	183	40	40	P 69	161	92	92	
579	1	T 84	182	40	40	P 46	161	115	92	
580	1	T 82	181	40	40	P 46	161	115	69	
581	1	T 80	180	40	40	P 46	161	92	69	
582	1	T 78	179	40	40	P 46	161	92	92	
583	1	T 76	178	40	40	P 46	161	92	92	
584	1	T 74	177	40	40	P 46	138	92	115	
585	1	T 72	176	40	40	P 46	138	92	92	
586	1	T 70	175	40	40	P 46	138	69	115	
587	1	T 68	174	40	40	P 46	138	92	92	
588	1	T 66	173	40	40	P 46	138	69	92	
589	1	T 64	172	40	40	P 46	161	92	69	
590	1	T 62	171	40	40	P 23	138	92	92	
591	1	T 60	170	40	40	P 23	138	115	92	
592	1	T 58	169	40	40	P 23	161	92	69	
593	1	T 56	168	40	40	P 23	138	92	92	
594	1	T 54	167	40	40	P 23	138	92	92	
595	1	T 52	166	40	40	P 23	138	92	92	
596	1	T 50	165	40	40	P 23	138	92	92	
597	1	T 48	164	40	40	P 23	138	92	92	
598	1	T 46	163	40	40	P 23	138	92	92	
599	1	T 44	162	40	40	P 23	138	92	92	
600	1	T 42	161	40	40	P 23	138	92	92	
601	1	T 40	160	40	40	P 0	161	115	69	
602	1	T 38	159	40	40	P 0	138	115	92	
603	1	T 36	158	40	40	P 0	138	115	69	
604	1	T 34	157	40	40	P 0	138	92	92	
605	1	T 32	156	40	40	P 0	138	92	92	
606	1	T 30	155	40	40	P 0	115	92	115	
607	1	T 28	154	40	40	P 0	115	92	115	
608	1	T 26	153	40	40	P 0	138	92	92	
609	1	T 24	152	40	40	P 0	115	92	92	
610	1	T 22	151	40	40	P 0	115	69	92	
611	1	T 20	150	40	40	P 0	115	92	92	
612	1	T 22	149	40	40	P 0	115	69	69	
613	1	T 24	148	40	40	P 0	115	92	92	
614	1	T 26	147	40	40	P 23	138	69	69	
615	1	T 28	146	40	40	P 0	115	92	92	
616	1	T 30	145	40	40	P 0	115	92	92	
617	1	T 32	144	40	40	P 0	115	92	92	
618	1	T 34	143	40	40	P 0	138	115	69	
619	1	T 36	142	40	40	P 0	115	115	92	
620	1	T 38	141	40	40	P 0	115	115	92	
621	1	T 40	140	40	40	P 0	115	115	92	
622	1	T 42	139	40	40	P 23	115	92	92	
623	1	T 44	138	40	40	P 23	115	92	92	
624	1	T 46	137	40	40	P 23	115	92	92	
625	1	T 48	136	40	40	P 23	115	92	92	
626	1	T 50	135	40	40	P 23	115	92	92	
627	1	T 52	134	40	40	P 23	115	92	92	
628	1	T 54	133	40	40	P 23	115	92	69	
629	1	T 56	132	40	40	P 23	115	92	92	
630	1	T 58	131	40	40	P 23	115	92	69	
631	1	T 60	130	40	40	P 46	115	92	69	
632	1	T 62	129	40	40	P 23	92	115	115	
633	1	T 64	128	40	40	P 46	92	92	92	
634	1	T 66	127	40	40	P 46	92	92	92	
635	1	T 68	126	40	40	P 46	92	92	92	
636	1	T 70	125	40	40	P 46	92	92	92	
637	1	T 72	124	40	40	P 69	92	69	92	
638	1	T 74	123	40	40	P 46	92	92	92	
639	1	T 76	122	40	40	P 46	92	92	92	
640	1	T 78	121	40	40	P 46	92	92	92	
641	1	T 80	120	40	40	P 46	92	92	92	
642	1	T 82	119	40	40	P 46	92	115	92	
643	1	T 84	118	40	40	P 46	92	115	92	
644	1	T 86	117	40	40	P 46	92	115	92	
645	1	T 88	116	40	40	P 46	92	115	92	
646	1	T 90	115	40	40	P 69	92	92	92	
647	1	T 92	114	40	40	P 69	92	92	92	
648	1	T 94	113	40	40	P 69	92	92	92	
649	1	T 96	112	40	40	P 69	92	92	92	
650	1	T 98	111	40	40	P 69	92	92	92	
651	1	T 100	110	40	40	P 69	92	92	92	
652	1	T 102	109	40	40	P 92	92	69	69	
653	1	T 104	108	40	40	P 69	92	115	69	
654	1	T 106	107	40	40	P 92	92	69	69	
655	1	T 108	106	40	40	P 92	69	92	92	
656	1	T 110	105	40	40	P 92	92	92	69	
657	1	T 112	104	40	40	P 92	69	92	115	
658	1	T 114	103	40	40	P 92	69	92	115	
659	1	T 116	102	40	40	P 92	69	92	92	
660	1	T 118	101	40	40	P 115	69	69	92	
661	1	T 120	100	40	40	P 92	69	92	92	
662	1	T 122	99	40	40	P 92	69	92	92	
663	1	T 124	98	40	40	P 115	69	69	92	
664	1	T 126	97	40	40	P 92	69	92	92	
665	1	T 128	96	40	40	P 92	69	115	92	
666	1	T 130	95	40	40	P 92	69	115	92	
667	1	T 132	94	40	40	P 92	69	115	92	
668	1	T 134	93	40	40	P 115	69	92	92	
669	1	T 136	92	40	40	P 115	69	92	92	
670	1	T 138	91	40	40	P 115	69	92	92	
671	1	T 140	90	40	40	P 115	69	92	92	
672	1	T 142	89	40	40	P 115	69	92	92	
673	1	T 144	88	40	40	P 138	69	69	92	
674	1	T 146	87	40	40	P 115	69	92	92	
675	1	T 148	86	40	40	P 138	69	69	69	
676	1	T 150	85	40	40	P 138	69	69	69	
677	1	T 152	84	40	40	P 138	69	92	69	
678	1	T 154	83	40	40	P 115	69	115	92	
679	1	T 156	82	40	40	P 138	46	92	92	
680	1	T 158	81	40	40	P 138	46	92	92	
681	1	T 160	80	40	40	P 138	46	92	92	
682	1	T 162	79	40	40	P 161	46	69	92	
683	1	T 164	78	40	40	P 138	46	92	92	
684	1	T 166	77	40	40	P 138	46	92	92	
685	1	T 168	76	40	40	P 138	46	92	92	
686	1	T 170	75	40	40	P 138	46	92	92	
687	1	T 172	74	40	40	P 138	46	92	92	
688	1	T 174	73	40	40	P 138	46	115	92	
689	1	T 176	72	40	40	P 138	46	115	92	
690	1	T 178	71	40	40	P 138	46	115	69	
691	1	T 180	70	40	40	P 161	46	92	92	
692	1	T 182	69	40	40	P 161	46	92	92	
693	1	T 184	68	40	40	P 161	46	92	92	
694	1	T 186	67	40	40	P 161	46	92	92	
695	1	T 188	66	40	40	P 161	46	92	92	
696	1	T 190	65	40	40	P 161	46	92	92	
697	1	T 192	64	40	40	P 161	46	92	92	
698	1	T 194	63	40	40	P 161	46	92	92	
699	1	T 196	62	40	40	P 161	46	92	92	
700	1	T 198	61	40	40	P 161	46	115	92	
701	1	T 200	60	40	40	P 184	46	92	69	
702	1	T 202	59	40	40	P 184	23	92	115	
703	1	T 204	58	40	40	P 184	23	92	115	
704	1	T 206	57	40	40	P 184	23	92	92	
705	1	T 208	56	40	40	P 184	23	92	92	
706	1	T 210	55	40	40	P 184	23	92	92	
707	1	T 212	54	40	40	P 184	23	92	92	
708	1	T 214	53	40	40	P 184	23	92	92	
709	1	T 216	52	40	40	P 184	23	92	92	
710	1	T 218	51	40	40	P 184	23	92	92	
711	1	T 220	50	40	40	P 207	46	92	69	
712	1	T 222	49	40	40	P 184	46	115	69	
713	1	T 224	48	40	40	P 184	23	115	92	
714	1	T 226	47	40	40	P 184	23	115	92	
715	1	T 228	46	40	40	P 230	23	69	92	
716	1	T 230	45	40	40	P 207	23	92	92	
717	1	T 232	44	40	40	P 207	23	92	92	
718	1	T 234	43	40	40	P 207	23	92	92	
719	1	T 236	42	40	40	P 207	23	92	92	
720	1	T 238	41	40	40	P 207	23	92	69	
721	1	T 240	40	40	40	P 230	23	69	69	
722	1	T 242	39	40	40	P 207	23	92	69	
723	1	T 244	38	40	40	P 230	23	69	69	
724	1	T 246	37	40	40	P 230	23	92	69	
725	1	T 248	36	40	40	P 230	0	92	92	
726	1	T 250	35	40	40	P 230	0	92	92	
727	1	T 252	34	40	40	P 230	23	92	69	
728	1	T 254	33	40	40	P 230	0	92	92	
729	1	T 256	32	40	40	P 230	0	92	92	
730	1	T 258	31	40	40	P 230	0	92	92	
731	1	T 260	30	40	40	P 230	0	92	92	
732	1	T 262	29	40	40	P 253	0	92	92	
733	1	T 264	28	40	40	P 230	0	92	92	
734	1	T 266	27	40	40	P 230	0	115	92	
735	1	T 268	26	40	40	P 230	0	115	92	
736	1	T 270	25	40	40	P 230	0	115	92	
737	1	T 272	24	40	40	P 253	0	92	69	
738	1	T 274	23	40	40	P 253	0	92	92	
739	1	T 276	22	40	40	P 253	0	92	92	
740	1	T 278	21	40	40	P 253	0	92	92	
741	1	T 280	20	40	40	P 253	0	92	92	
742	1	T 282	21	40	40	P 253	0	92	69	
743	1	T 284	22	40	40	P 253	0	92	92	
744	1	T 286	23	40	40	P 253	0	92	92	
745	1	T 288	24	40	40	P 253	0	115	92	
746	1	T 290	25	40	40	P 253	0	115	92	
747	1	T 292	26	40	40	P 253	0	115	92	
748	1	T 294	27	40	40	P 253	0	115	92	
749	1	T 296	28	40	40	P 276	0	92	92	
750	1	T 298	29	40	40	P 276	0	92	92	
751	1	T 300	30	40	40	P 276	0	92	92	
752	1	T 302	31	40	40	P 276	0	92	92	
753	1	T 304	32	40	40	P 276	0	92	92	
754	1	T 306	33	40	40	P 276	0	92	92	
755	1	T 308	34	40	40	P 299	0	69	92	
756	1	T 310	35	40	40	P 299	0	69	92	
757	1	T 312	36	40	40	P 299	23	92	69	
758	1	T 314	37	40	40	P 276	23	115	69	
759	1	T 316	38	40	40	P 299	23	92	92	
760	1	T 318	39	40	40	P 299	23	92	69	
761	1	T 320	40	40	40	P 322	23	69	92	
762	1	T 322	41	40	40	P 299	23	92	92	
763	1	T 324	42	40	40	P 299	23	92	92	
764	1	T 326	43	40	40	P 299	23	92	92	
765	1	T 328	44	40	40	P 299	23	92	92	
766	1	T 330	45	40	40	P 299	23	92	92	
767	1	T 332	46	40	40	P 299	23	115	92	
768	1	T 334	47	40	40	P 299	23	115	92	
769	1	T 336	48	40	40	P 299	46	115	69	
770	1	T 338	49	40	40	P 299	23	115	92	
771	1	T 340	50	40	40	P 299	23	115	92	
772	1	T 342	51	40	40	P 322	23	92	92	
773	1	T 344	52	40	40	P 322	23	92	92	
774	1	T 346	53	40	40	P 322	23	92	92	
775	1	T 348	54	40	40	P 322	23	92	92	
776	1	T 350	55	40	40	P 322	23	92	92	
777	1	T 352	56	40	40	P 322	23	92	92	
778	1	T 354	57	40	40	P 322	23	92	92	
779	1	T 356	58	40	40	P 322	46	92	69	
780	1	T 358	59	40	40	P 345	46	92	69	
781	1	T 360	60	40	40	P 345	46	92	69	
782	1	T 362	61	40	40	P 345	23	92	92	
783	1	T 364	62	40	40	P 345	46	92	92	
784	1	T 366	63	40	40	P 345	23	92	115	
785	1	T 368	64	40	40	P 345	46	92	92	
786	1	T 370	65	40	40	P 345	46	92	92	
787	1	T 372	66	40	40	P 345	46	92	92	
788	1	T 374	67	40	40	P 345	46	92	92	
789	1	T 376	68	40	40	P 345	46	92	92	
790	1	T 378	69	40	40	P 345	46	92	69	
791	1	T 380	70	40	40	P 345	46	115	92	
792	1	T 382	71	40	40	P 345	46	115	92	
793	1	T 384	72	40	40	P 368	46	92	92	
794	1	T 386	73	40	40	P 345	46	115	92	
795	1	T 388	74	40	40	P 368	46	92	92	
796	1	T 390	75	40	40	P 368	46	92	92	
797	1	T 392	76	40	40	P 368	46	92	92	
798	1	T 394	77	40	40	P 368	69	92	69	
799	1	T 396	78	40	40	P 368	46	92	92	
800	1	T 398	79	40	40	P 368	69	92	69	
801	1	T 400	80	40	40	P 391	69	69	69	
802	1	T 402	81	40	40	P 391	46	69	92	
803	1	T 404	82	40	40	P 368	69	115	69	
804	1	T 406	83	40	40	P 391	69	69	69	
805	1	T 408	84	40	40	P 391	69	92	69	
806	1	T 410	85	40	40	P 391	69	92	92	
807	1	T 412	86	40	40	P 391	69	92	92	
808	1	T 414	87	40	40	P 391	69	92	92	
809	1	T 416	88	40	40	P 391	69	92	92	
810	1	T 418	89	40	40	P 391	69	92	92	
811	1	T 420	90	40	40	P 391	69	92	92	
812	1	T 422	91	40	40	P 391	69	92	92	
813	1	T 424	92	40	40	P 391	69	92	92	
814	1	T 426	93	40	40	P 391	69	115	92	
815	1	T 428	94	40	40	P 391	92	115	69	
816	1	T 430	95	40	40	P 414	69	92	92	
817	1	T 432	96	40	40	P 414	69	92	92	
818	1	T 434	97	40	40	P 414	69	92	92	
819	1	T 436	98	40	40	P 414	69	92	92	
820	1	T 438	99	40	40	P 414	69	92	92	
821	1	T 440	100	40	40	P 414	69	92	92	
822	1	T 442	101	40	40	P 414	69	69	92	
823	1	T 444	102	40	40	P 414	69	92	92	
824	1	T 446	103	40	40	P 437	92	69	69	
825	1	T 448	104	40	40	P 437	92	69	69	
826	1	T 450	105	40	40	P 414	92	115	69	
827	1	T 452	106	40	40	P 414	69	115	92	
828	1	T 454	107	40	40	P 437	92	92	92	
829	1	T 456	108	40	40	P 437	92	92	69	
830	1	T 458	109	40	40	P 437	92	92	92	
831	1	T 460	110	40	40	P 437	92	92	92	
832	1	T 462	111	40	40	P 437	92	92	92	
833	1	T 464	112	40	40	P 460	92	69	92	
834	1	T 466	113	40	40	P 437	92	92	92	
835	1	T 468	114	40	40	P 460	92	69	92	
836	1	T 470	115	40	40	P 437	92	92	92	
837	1	T 472	116	40	40	P 437	92	115	92	
838	1	T 474	117	40	40	P 460	92	92	92	
839	1	T 476	118	40	40	P 437	92	115	92	
840	1	T 478	119	40	40	P 460	92	92	92	
841	1	T 480	120	40	40	P 460	92	92	92	
842	1	T 482	121	40	40	P 460	92	92	92	
843	1	T 484	122	40	40	P 460	92	92	92	
844	1	T 486	123	40	40	P 460	92	92	92	
845	1	T 488	124	40	40	P 460	115	92	69	
846	1	T 490	125	40	40	P 460	92	92	92	
847	1	T 492	126	40	40	P 460	92	92	92	
848	1	T 494	127	40	40	P 483	115	69	69	
849	1	T 496	128	40	40	P 483	115	92	69	
850	1	T 498	129	40	40	P 460	115	115	92	
851	1	T 500	130	40	40	P 483	115	92	92	
852	1	T 502	131	40	40	P 483	115	92	92	
853	1	T 504	132	40	40	P 483	115	92	92	
854	1	T 506	133	40	40	P 483	115	92	92	
855	1	T 508	134	40	40	P 483	115	92	92	
856	1	T 510	135	40	40	P 483	115	92	92	
857	1	T 512	136	40	40	P 483	115	92	92	
858	1	T 514	137	40	40	P 483	115	115	92	
859	1	T 516	138	40	40	P 483	115	92	92	
860	1	T 518	139	40	40	P 483	115	115	92	
861	1	T 520	140	40	40	P 483	115	115	69	
862	1	T 522	141	40	40	P 506	115	92	92	
863	1	T 524	142	40	40	P 506	115	92	92	
864	1	T 526	143	40	40	P 506	115	92	92	
865	1	T 528	144	40	40	P 506	115	92	92	
866	1	T 530	145	40	40	P 529	138	69	69	
867	1	T 532	146	40	40	P 529	138	69	69	
868	1	T 534	147	40	40	P 506	138	92	69	
869	1	T 536	148	40	40	P 506	138	92	92	
870	1	T 538	149	40	40	P 529	115	69	92	
871	1	T 540	150	40	40	P 506	138	92	69	
872	1	T 542	151	40	40	P 506	138	92	92	
873	1	T 544	152	40	40	P 529	138	92	92	
874	1	T 546	153	40	40	P 529	138	92	92	
875	1	T 548	154	40	40	P 506	138	115	92	
876	1	T 550	155	40	40	P 552	138	69	92	
877	1	T 552	156	40	40	P 529	138	92	92	
878	1	T 554	157	40	40	P 529	138	92	92	
879	1	T 556	158	40	40	P 529	138	92	92	
880	1	T 558	159	40	40	P 529	138	92	92	
881	1	T 560	160	40	40	P 529	138	92	92	
882	1	T 562	161	40	40	P 529	138	115	92	
883	1	T 564	162	40	40	P 529	138	115	92	
884	1	T 566	163	40	40	P 529	138	115	92	
885	1	T 568	164	40	40	P 552	138	92	92	
886	1	T 570	165	40	40	P 552	138	92	92	
887	1	T 572	166	40	40	P 552	138	92	92	
888	1	T 574	167	40	40	P 552	138	92	92	
889	1	T 576	168	40	40	P 552	138	92	92	
890	1	T 578	169	40	40	P 552	138	92	92	
891	1	T 580	170	40	40	P 552	138	92	92	
892	1	T 582	171	40	40	P 552	138	92	115	
893	1	T 584	172	40	40	P 575	138	69	92	
894	1	T 586	173	40	40	P 552	138	92	92	
895	1	T 588	174	40	40	P 575	161	92	69	
896	1	T 590	175	40	40	P 575	161	92	69	
897	1	T 592	176	40	40	P 575	161	92	69	
898	1	T 594	177	40	40	P 575	161	92	92	
899	1	T 596	178	40	40	P 575	161	92	69	
900	1	T 598	179	40	40	P 575	161	92	92	
901	1	T 600	180	40	40	P 575	161	92	92	
902	1	T 602	181	40	40	P 575	161	92	92	
903	1	T 604	182	40	40	P 575	161	92	92	
904	1	T 606	183	40	40	P 575	161	115	92	
905	1	T 608	184	40	40	P 575	161	92	92	
906	1	T 610	185	40	40	P 575	161	115	92	
907	1	T 612	186	40	40	P 575	184	115	46	
908	1	T 614	187	40	40	P 598	161	92	92	
909	1	T 616	188	40	40	P 598	161	92	92	
910	1	T 618	189	40	40	P 598	161	92	92	
911	1	T 620	190	40	40	P 598	161	92	92	
912	1	T 622	191	40	40	P 598	161	92	92	
913	1	T 624	192	40	40	P 598	161	92	92	
914	1	T 626	193	40	40	P 598	161	92	92	
915	1	T 628	194	40	40	P 598	161	92	92	
916	1	T 630	195	40	40	P 621	184	69	69	
917	1	T 632	196	40	40	P 598	161	115	92	
918	1	T 634	197	40	40	P 621	184	92	69	
919	1	T 636	198	40	40	P 621	184	69	69	
920	1	T 638	199	40	40	P 621	184	69	69	
921	1	T 640	200	40	40	P 621	184	92	92	
922	1	T 642	201	40	40	P 621	184	92	92	
923	1	T 644	202	40	40	P 621	161	92	115	
924	1	T 646	203	40	40	P 621	184	92	92	
925	1	T 648	204	40	40	P 621	184	92	92	
926	1	T 650	205	40	40	P 621	184	92	92	
927	1	T 652	206	40	40	P 621	184	92	92	
928	1	T 654	207	40	40	P 621	184	92	92	
929	1	T 656	208	40	40	P 621	184	92	92	
930	1	T 658	209	40	40	P 621	184	92	92	
931	1	T 660	210	40	40	P 621	207	92	69	
932	1	T 658	211	40	40	P 644	207	69	69	
933	1	T 656	212	40	40	P 621	184	92	92	
934	1	T 654	213	40	40	P 621	184	92	92	
935	1	T 652	214	40	40	P 621	207	92	69	
936	1	T 650	215	40	40	P 621	184	92	92	
937	1	T 648	216	40	40	P 621	184	92	92	
938	1	T 646	217	40	40	P 621	184	92	92	
939	1	T 644	218	40	40	P 621	184	92	115	
940	1	T 642	219	40	40	P 621	184	92	92	
941	1	T 640	220	40	40	P 621	207	69	69	
942	1	T 638	221	40	40	P 621	207	92	92	
943	1	T 636	222	40	40	P 598	207	92	69	
944	1	T 634	223	40	40	P 598	207	92	92	
945	1	T 632	224	40	40	P 598	207	92	69	
946	1	T 630	225	40	40	P 598	207	92	92	
947	1	T 628	226	40	40	P 598	207	92	92	
948	1	T 626	227	40	40	P 598	207	92	92	
949	1	T 624	228	40	40	P 598	207	92	92	
950	1	T 622	229	40	40	P 598	207	92	92	
951	1	T 620	230	40	40	P 598	207	92	92	
952	1	T 618	231	40	40	P 575	207	115	92	
953	1	T 616	232	40	40	P 575	207	115	92	
954	1	T 614	233	40	40	P 575	207	115	92	
955	1	T 612	234	40	40	P 575	207	115	92	
956	1	T 610	235	40	40	P 575	207	92	92	
957	1	T 608	236	40	40	P 575	207	115	92	
958	1	T 606	237	40	40	P 575	207	92	92	
959	1	T 604	238	40	40	P 575	207	92	92	
960	1	T 602	239	40	40	P 575	207	92	92	
961	1	T 600	240	40	40	P 575	207	92	92	
962	1	T 598	241	40	40	P 575	207	92	92	
963	1	T 596	242	40	40	P 575	207	69	115	
964	1	T 594	243	40	40	P 575	207	92	92	
965	1	T 592	244	40	40	P 552	207	92	92	
966	1	T 590	245	40	40	P 552	230	92	92	
967	1	T 588	246	40	40	P 552	230	92	69	
968	1	T 586	247	40	40	P 552	230	92	92	
969	1	T 584	248	40	40	P 552	230	92	92	
970	1	T 582	249	40	40	P 552	230	92	92	
971	1	T 580	250	40	40	P 552	230	92	92	
972	1	T 578	251	40	40	P 552	230	92	92	
973	1	T 576	252	40	40	P 552	230	92	92	
974	1	T 574	253	40	40	P 552	230	92	92	
975	1	T 572	254	40	40	P 552	230	92	92	
976	1	T 570	255	40	40	P 552	230	92	92	
977	1	T 568	256	40	40	P 529	230	115	69	
978	1	T 566	257	40	40	P 529	230	115	92	
979	1	T 564	258	40	40	P 529	230	92	92	
980	1	T 562	259	40	40	P 529	253	92	69	
981	1	T 560	260	40	40	P 529	230	92	92	
982	1	T 558	261	40	40	P 529	230	92	92	
983	1	T 556	262	40	40	P 529	230	92	92	
984	1	T 554	263	40	40	P 529	230	92	92	
985	1	T 552	264	40	40	P 529	230	92	115	
986	1	T 550	265	40	40	P 529	230	69	115	
987	1	T 548	266	40	40	P 529	230	92	115	
988	1	T 546	267	40	40	P 529	253	69	92	
989	1	T 544	268	40	40	P 506	253	92	69	
990	1	T 542	269	40	40	P 506	253	92	92	
991	1	T 540	270	40	40	P 506	253	115	92	
992	1	T 538	271	40	40	P 506	253	92	92	
993	1	T 536	272	40	40	P 506	253	92	92	
994	1	T 534	273	40	40	P 506	253	92	92	
995	1	T 532	274	40	40	P 506	253	92	92	
996	1	T 530	275	40	40	P 506	253	92	92	
997	1	T 528	276	40	40	P 506	253	92	92	
998	1	T 526	277	40	40	P 506	253	92	92	
999	1	T 524	278	40	40	P 483	253	115	92	
1000	1	T 522	279	40	40	P 483	253	115	92	
1001	1	T 520	280	40	40	P 483	276	115	69	
1002	1	T 518	281	40	40	P 483	253	115	92	
1003	1	T 516	282	40	40	P 483	253	92	92	
1004	1	T 514	283	40	40	P 483	253	92	92	
1005	1	T 512	284	40	40	P 483	253	92	92	
1006	1	T 510	285	40	40	P 483	253	92	92	
1007	1	T 508	286	40	40	P 483	253	92	92	
1008	1	T 506	287	40	40	P 483	253	92	92	
1009	1	T 504	288	40	40	P 483	276	69	69	
1010	1	T 502	289	40	40	P 483	276	69	69	
1011	1	T 500	290	40	40	P 460	253	92	115	
1012	1	T 498	291	40	40	P 483	276	69	69	
1013	1	T 496	292	40	40	P 460	276	92	69	
1014	1	T 494	293	40	40	P 460	276	92	69	
1015	1	T 492	294	40	40	P 460	276	92	92	
1016	1	T 490	295	40	40	P 460	276	92	92	
1017	1	T 488	296	40	40	P 460	276	92	92	
1018	1	T 486	297	40	40	P 460	276	92	92	
1019	1	T 484	298	40	40	P 460	276	92	92	
1020	1	T 482	299	40	40	P 460	276	92	92	
1021	1	T 480	300	40	40	P 437	276	115	92	
1022	1	T 478	301	40	40	P 437	276	115	92	
1023	1	T 476	302	40	40	P 437	276	115	92	
1024	1	T 474	303	40	40	P 437	276	115	92	
1025	1	T 472	304	40	40	P 437	276	115	92	
1026	1	T 470	305	40	40	P 437	276	115	92	
1027	1	T 468	306	40	40	P 437	276	92	92	
1028	1	T 466	307	40	40	P 437	276	92	92	
1029	1	T 464	308	40	40	P 437	276	92	92	
1030	1	T 462	309	40	40	P 437	276	92	92	
1031	1	T 460	310	40	40	P 437	276	92	92	
1032	1	T 458	311	40	40	P 437	276	69	92	
1033	1	T 456	312	40	40	P 437	276	69	92	
1034	1	T 454	313	40	40	P 437	299	69	92	
1035	1	T 452	314	40	40	P 437	299	69	69	
1036	1	T 450	315	40	40	P 414	299	115	92	
1037	1	T 448	316	40	40	P 414	299	69	69	
1038	1	T 446	317	40	40	P 414	299	92	92	
1039	1	T 444	318	40	40	P 414	299	92	92	
1040	1	T 442	319	40	40	P 414	299	92	92	
1041	1	T 440	320	40	40	P 414	299	92	92	
1042	1	T 438	321	40	40	P 414	299	92	92	
1043	1	T 436	322	40	40	P 414	299	92	92	
1044	1	T 434	323	40	40	P 391	299	115	92	
1045	1	T 432	324	40	40	P 414	299	92	92	
1046	1	T 430	325	40	40	P 391	299	115	92	
1047	1	T 428	326	40	40	P 391	299	115	92	
1048	1	T 426	327	40	40	P 391	299	115	92	
1049	1	T 424	328	40	40	P 391	299	92	69	
1050	1	T 422	329	40	40	P 391	299	115	92	
1051	1	T 420	330	40	40	P 391	322	92	69	
1052	1	T 418	331	40	40	P 391	299	92	92	
1053	1	T 416	332	40	40	P 391	322	92	69	
1054	1	T 414	333	40	40	P 391	299	92	92	
1055	1	T 412	334	40	40	P 391	299	92	115	
1056	1	T 410	335	40	40	P 391	299	69	92	
1057	1	T 408	336	40	40	P 391	322	69	69	
1058	1	T 406	337	40	40	P 391	322	92	69	
1059	1	T 404	338	40	40	P 368	322	92	92	
1060	1	T 402	339	40	40	P 368	322	115	92	
1061	1	T 400	340	40	40	P 368	322	92	92	
1062	1	T 398	341	40	40	P 368	322	92	92	
1063	1	T 396	342	40	40	P 368	322	92	92	
1064	1	T 394	343	40	40	P 368	322	92	92	
1065	1	T 392	344	40	40	P 368	322	92	92	
1066	1	T 390	345	40	40	P 368	322	92	92	
1067	1	T 388	346	40	40	P 368	322	92	92	
1068	1	T 386	347	40	40	P 345	322	115	92	
1069	1	T 384	348	40	40	P 345	345	115	69	
1070	1	T 382	349	40	40	P 345	322	115	92	
1071	1	T 380	350	40	40	P 345	322	115	69	
1072	1	T 378	351	40	40	P 345	322	92	92	
1073	1	T 376	352	40	40	P 345	322	92	92	
1074	1	T 374	353	40	40	P 345	322	92	92	
1075	1	T 372	354	40	40	P 345	322	92	92	
1076	1	T 370	355	40	40	P 345	322	92	92	
1077	1	T 368	356	40	40	P 345	322	92	92	
1078	1	T 366	357	40	40	P 345	345	69	69	
1079	1	T 364	358	40	40	P 345	322	69	92	
1080	1	T 362	359	40	40	P 322	345	115	69	
1081	1	T 360	360	40	40	P 322	345	115	92	
1082	1	T 358	361	40	40	P 322	345	92	92	
1083	1	T 356	362	40	40	P 322	368	92	69	
1084	1	T 354	363	40	40	P 322	345	92	92	
1085	1	T 352	364	40	40	P 322	345	92	92	
1086	1	T 350	365	40	40	P 322	345	92	92	
1087	1	T 348	366	40	40	P 322	345	92	92	
1088	1	T 346	367	40	40	P 322	345	92	92	
1089	1	T 344	368	40	40	P 322	345	92	92	
1090	1	T 342	369	40	40	P 299	345	115	69	
1091	1	T 340	370	40	40	P 299	345	115	92	
1092	1	T 338	371	40	40	P 299	345	115	92	
1093	1	T 336	372	40	40	P 299	345	115	92	
1094	1	T 334	373	40	40	P 299	368	92	69	
1095	1	T 332	374	40	40	P 299	345	115	92	
1096	1	T 330	375	40	40	P 299	345	92	92	
1097	1	T 328	376	40	40	P 299	345	92	92	
1098	1	T 326	377	40	40	P 299	345	92	92	
1099	1	T 324	378	40	40	P 299	345	92	92	
1100	1	T 322	379	40	40	P 299	345	69	92	
1101	1	T 320	380	40	40	P 299	345	92	115	
1102	1	T 318	381	40	40	P 299	368	92	69	
1103	1	T 316	382	40	40	P 299	368	92	69	
1104	1	T 314	383	40	40	P 299	368	69	69	
1105	1	T 312	384	40	40	P 276	368	115	92	
1106	1	T 310	385	40	40	P 276	368	92	92	
1107	1	T 308	386	40	40	P 276	368	92	92	
1108	1	T 306	387	40	40	P 276	368	92	92	
1109	1	T 304	388	40	40	P 276	368	92	92	
1110	1	T 302	389	40	40	P 276	368	92	92	
1111	1	T 300	390	40	40	P 276	368	92	92	
1112	1	T 298	391	40	40	P 276	368	92	92	
1113	1	T 296	392	40	40	P 276	368	92	92	
1114	1	T 294	393	40	40	P 253	368	115	92	
1115	1	T 292	394	40	40	P 276	391	69	69	
1116	1	T 290	395	40	40	P 253	368	115	92	
1117	1	T 288	396	40	40	P 253	368	115	92	
1118	1	T 286	397	40	40	P 253	368	92	92	
1119	1	T 284	398	40	40	P 253	368	92	92	
1120	1	T 282	399	40	40	P 253	368	92	92	
1121	1	T 280	400	40	40	P 253	391	92	69	
1122	1	T 278	401	40	40	P 253	368	92	92	
1123	1	T 276	402	40	40	P 253	368	92	92	
1124	1	T 274	403	40	40	P 253	391	69	69	
1125	1	T 272	404	40	40	P 253	391	69	69	
1126	1	T 270	405	40	40	P 230	368	115	92	
1127	1	T 268	406	40	40	P 230	391	92	69	
1128	1	T 266	407	40	40	P 230	391	92	69	
1129	1	T 264	408	40	40	P 230	391	92	69	
1130	1	T 262	409	40	40	P 230	391	92	69	
1131	1	T 260	410	40	40	P 230	391	92	69	
1132	1	T 258	411	40	40	P 230	391	92	69	
1133	1	T 256	412	40	40	P 230	391	92	69	
1134	1	T 254	413	40	40	P 230	391	92	69	
1135	1	T 252	414	40	40	P 230	391	92	69	
1136	1	T 250	415	40	40	P 230	391	92	69	
1137	1	T 248	416	40	40	P 207	391	115	69	
1138	1	T 246	417	40	40	P 207	391	115	69	
1139	1	T 244	418	40	40	P 207	414	115	46	
1140	1	T 242	419	40	40	P 207	391	115	69	
1141	1	T 240	420	40	40	P 207	391	92	69	
1142	1	T 238	419	40	40	P 207	391	92	69	
1143	1	T 236	418	40	40	P 207	391	92	69	
1144	1	T 234	417	40	40	P 207	391	92	69	
1145	1	T 232	416	40	40	P 207	391	92	69	
1146	1	T 230	415	40	40	P 207	391	92	69	
1147	1	T 228	414	40	40	P 207	391	92	69	
1148	1	T 226	413	40	40	P 184	391	115	69	
1149	1	T 224	412	40	40	P 184	391	92	69	
1150	1	T 222	411	40	40	P 184	391	115	69	
1151	1	T 220	410	40	40	P 184	391	92	69	
1152	1	T 218	409	40	40	P 184	391	92	69	
1153	1	T 216	408	40	40	P 184	391	92	69	
1154	1	T 214	407	40	40	P 184	391	92	69	
1155	1	T 212	406	40	40	P 184	368	92	92	
1156	1	T 210	405	40	40	P 207	368	69	92	
1157	1	T 208	404	40	40	P 184	368	92	92	
1158	1	T 206	403	40	40	P 184	368	69	92	
1159	1	T 204	402	40	40	P 184	368	92	92	
1160	1	T 202	401	40	40	P 161	368	115	92	
1161	1	T 200	400	40	40	P 184	391	69	69	
1162	1	T 198	399	40	40	P 161	368	115	92	
1163	1	T 196	398	40	40	P 161	368	115	92	
1164	1	T 194	397	40	40	P 161	368	115	92	
1165	1	T 192	396	40	40	P 161	368	92	69	
1166	1	T 190	395	40	40	P 161	368	92	92	
1167	1	T 188	394	40	40	P 161	368	92	92	
1168	1	T 186	393	40	40	P 161	368	92	92	
1169	1	T 184	392	40	40	P 161	368	92	92	
1170	1	T 182	391	40	40	P 161	368	69	92	
1171	1	T 180	390	40	40	P 161	368	92	92	
1172	1	T 178	389	40	40	P 138	368	115	92	
1173	1	T 176	388	40	40	P 138	368	92	69	
1174	1	T 174	387	40	40	P 138	368	92	69	
1175	1	T 172	386	40	40	P 138	368	92	69	
1176	1	T 170	385	40	40	P 138	368	92	92	
1177	1	T 168	384	40	40	P 138	345	92	115	
1178	1	T 166	383	40	40	P 138	345	92	92	
1179	1	T 164	382	40	40	P 138	345	92	115	
1180	1	T 162	381	40	40	P 138	345	92	115	
1181	1	T 160	380	40	40	P 138	345	69	92	
1182	1	T 158	379	40	40	P 138	345	92	92	
1183	1	T 156	378	40	40	P 138	345	69	92	
1184	1	T 154	377	40	40	P 115	345	115	92	
1185	1	T 152	376	40	40	P 115	345	115	92	
1186	1	T 150	375	40	40	P 115	345	92	92	
1187	1	T 148	374	40	40	P 115	345	92	92	
1188	1	T 146	373	40	40	P 115	345	92	92	
1189	1	T 144	372	40	40	P 115	345	92	92	
1190	1	T 142	371	40	40	P 115	345	92	92	
1191	1	T 140	370	40	40	P 115	345	92	92	
1192	1	T 138	369	40	40	P 115	345	92	92	
1193	1	T 136	368	40	40	P 115	345	92	69	
1194	1	T 134	367	40	40	P 92	345	115	92	
1195	1	T 132	366	40	40	P 92	345	115	92	
1196	1	T 130	365	40	40	P 115	345	92	69	
1197	1	T 128	364	40	40	P 92	345	115	69	
1198	1	T 126	363	40	40	P 92	345	92	69	
1199	1	T 124	362	40	40	P 92	345	92	69	
1200	1	T 122	361	40	40	P 92	345	92	92	
1201	1	T 120	360	40	40	P 92	322	92	115	
1202	1	T 118	359	40	40	P 92	345	92	92	
1203	1	T 116	358	40	40	P 92	322	92	92	
1204	1	T 114	357	40	40	P 92	322	92	115	
1205	1	T 112	356	40	40	P 92	322	92	115	
1206	1	T 110	355	40	40	P 92	322	92	92	
1207	1	T 108	354	40	40	P 69	322	92	92	
1208	1	T 106	353	40	40	P 69	322	115	92	
1209	1	T 104	352	40	40	P 69	322	92	92	
1210	1	T 102	351	40	40	P 69	322	92	92	
1211	1	T 100	350	40	40	P 69	322	92	92	
1212	1	T 98	349	40	40	P 69	322	92	92	
1213	1	T 96	348	40	40	P 69	322	92	92	
1214	1	T 94	347	40	40	P 69	322	92	92	
1215	1	T 92	346	40	40	P 69	322	92	92	
1216	1	T 90	345	40	40	P 69	322	92	92	
1217	1	T 88	344	40	40	P 46	322	115	92	
1218	1	T 86	343	40	40	P 46	322	115	92	
1219	1	T 84	342	40	40	P 69	322	92	69	
1220	1	T 82	341	40	40	P 46	322	115	69	
1221	1	T 80	340	40	40	P 46	322	92	92	
1222	1	T 78	339	40	40	P 46	322	92	92	
1223	1	T 76	338	40	40	P 46	322	69	69	
1224	1	T 74	337	40	40	P 46	322	92	92	
1225	1	T 72	336	40	40	P 46	299	92	92	
1226	1	T 70	335	40	40	P 46	299	92	115	
1227	1	T 68	334	40	40	P 46	299	69	92	
1228	1	T 66	333	40	40	P 46	299	92	115	
1229	1	T 64	332	40	40	P 46	299	92	92	
1230	1	T 62	331	40	40	P 46	299	92	92	
1231	1	T 60	330	40	40	P 23	299	115	92	
1232	1	T 58	329	40	40	P 23	299	92	92	
1233	1	T 56	328	40	40	P 23	299	115	92	
1234	1	T 54	327	40	40	P 23	299	92	92	
1235	1	T 52	326	40	40	P 23	299	92	92	
1236	1	T 50	325	40	40	P 23	299	92	92	
1237	1	T 48	324	40	40	P 23	299	92	92	
1238	1	T 46	323	40	40	P 23	299	92	92	
1239	1	T 44	322	40	40	P 23	299	92	92	
1240	1	T 42	321	40	40	P 23	299	92	92	
1241	1	T 40	320	40	40	P 0	299	115	92	
1242	1	T 38	319	40	40	P 0	299	115	69	
1243	1	T 36	318	40	40	P 0	299	115	69	
1244	1	T 34	317	40	40	P 0	299	92	69	
1245	1	T 32	316	40	40	P 0	299	92	69	
1246	1	T 30	315	40	40	P 0	299	92	69	
1247	1	T 28	314	40	40	P 0	299	92	92	
1248	1	T 26	313	40	40	P 0	276	92	115	
1249	1	T 24	312	40	40	P 0	276	69	92	
1250	1	T 22	311	40	40	P 0	276	92	92	
1251	1	T 20	310	40	40	P 0	276	92	92	
1252	1	T 22	309	40	40	P 0	276	69	92	
1253	1	T 24	308	40	40	P 0	276	92	92	
1254	1	T 26	307	40	40	P 0	276	92	92	
1255	1	T 28	306	40	40	P 0	276	92	92	
1256	1	T 30	305	40	40	P 0	276	92	92	
1257	1	T 32	304	40	40	P 0	276	115	92	
1258	1	T 34	303	40	40	P 0	276	92	69	
1259	1	T 36	302	40	40	P 0	276	115	92	
1260	1	T 38	301	40	40	P 0	276	115	92	
1261	1	T 40	300	40	40	P 0	276	115	92	
1262	1	T 42	299	40	40	P 23	276	92	92	
1263	1	T 44	298	40	40	P 23	276	92	92	
1264	1	T 46	297	40	40	P 23	276	92	92	
1265	1	T 48	296	40	40	P 23	276	92	92	
1266	1	T 50	295	40	40	P 23	276	92	92	
1267	1	T 52	294	40	40	P 23	276	92	92	
1268	1	T 54	293	40	40	P 46	276	69	69	
1269	1	T 56	292	40	40	P 23	276	115	69	
1270	1	T 58	291	40	40	P 46	276	92	92	
1271	1	T 60	290	40	40	P 23	253	115	92	
1272	1	T 62	289	40	40	P 46	253	92	92	
1273	1	T 64	288	40	40	P 46	253	92	115	
1274	1	T 66	287	40	40	P 69	276	69	69	
1275	1	T 68	286	40	40	P 46	253	92	92	
1276	1	T 70	285	40	40	P 46	253	92	92	
1277	1	T 72	284	40	40	P 46	253	92	92	
1278	1	T 74	283	40	40	P 46	253	92	92	
1279	1	T 76	282	40	40	P 46	253	92	92	
1280	1	T 78	281	40	40	P 46	253	115	92	
1281	1	T 80	280	40	40	P 46	253	92	69	
1282	1	T 82	279	40	40	P 69	253	92	92	
1283	1	T 84	278	40	40	P 46	253	115	92	
1284	1	T 86	277	40	40	P 46	253	115	92	
1285	1	T 88	276	40	40	P 69	253	92	92	
1286	1	T 90	275	40	40	P 69	253	92	92	
1287	1	T 92	274	40	40	P 69	253	92	92	
1288	1	T 94	273	40	40	P 69	253	92	92	
1289	1	T 96	272	40	40	P 69	253	92	92	
1290	1	T 98	271	40	40	P 69	253	92	69	
1291	1	T 100	270	40	40	P 92	253	69	69	
1292	1	T 102	269	40	40	P 92	253	69	69	
1293	1	T 104	268	40	40	P 92	253	69	69	
1294	1	T 106	267	40	40	P 69	253	115	69	
1295	1	T 108	266	40	40	P 92	253	69	69	
1296	1	T 110	265	40	40	P 92	230	92	92	
1297	1	T 112	264	40	40	P 92	230	92	92	
1298	1	T 114	263	40	40	P 92	230	92	92	
1299	1	T 116	262	40	40	P 92	230	92	92	
1300	1	T 118	261	40	40	P 92	230	92	92	
1301	1	T 120	260	40	40	P 92	230	92	92	
1302	1	T 122	259	40	40	P 92	230	92	92	
1303	1	T 124	258	40	40	P 92	230	115	92	
1304	1	T 126	257	40	40	P 92	230	92	92	
1305	1	T 128	256	40	40	P 92	230	115	92	
1306	1	T 130	255	40	40	P 92	230	115	69	
1307	1	T 132	254	40	40	P 92	230	115	92	
1308	1	T 134	253	40	40	P 115	230	92	92	
1309	1	T 136	252	40	40	P 115	230	92	92	
1310	1	T 138	251	40	40	P 115	230	92	92	
1311	1	T 140	250	40	40	P 115	230	92	92	
1312	1	T 142	249	40	40	P 115	230	92	92	
1313	1	T 144	248	40	40	P 115	230	92	92	
1314	1	T 146	247	40	40	P 138	230	69	69	
1315	1	T 148	246	40	40	P 138	230	69	69	
1316	1	T 150	245	40	40	P 138	230	69	69	
1317	1	T 152	244	40	40	P 161	230	69	69	
1318	1	T 154	243	40	40	P 138	207	92	92	
1319	1	T 156	242	40	40	P 138	230	69	69	
1320	1	T 158	241	40	40	P 138	207	92	115	
1321	1	T 160	240	40	40	P 138	207	92	115	
1322	1	T 162	239	40	40	P 138	207	92	92	
1323	1	T 164	238	40	40	P 138	207	92	92	
1324	1	T 166	237	40	40	P 138	207	92	92	
1325	1	T 168	236	40	40	P 138	207	92	92	
1326	1	T 170	235	40	40	P 138	207	92	92	
1327	1	T 172	234	40	40	P 138	207	115	92	
1328	1	T 174	233	40	40	P 138	207	115	92	
1329	1	T 176	232	40	40	P 138	207	115	69	
1330	1	T 178	231	40	40	P 138	207	115	92	
1331	1	T 180	230	40	40	P 161	207	92	92	
1332	1	T 182	229	40	40	P 161	207	92	69	
1333	1	T 184	228	40	40	P 161	207	92	92	
1334	1	T 186	227	40	40	P 161	207	92	92	
1335	1	T 188	226	40	40	P 184	207	69	92	
1336	1	T 190	225	40	40	P 161	207	92	92	
1337	1	T 192	224	40	40	P 161	184	92	115	
1338	1	T 194	223	40	40	P 161	207	92	92	
1339	1	T 196	222	40	40	P 161	207	115	69	
1340	1	T 198	221	40	40	P 184	184	92	115	
1341	1	T 200	220	40	40	P 184	207	92	69	
1342	1	T 202	219	40	40	P 184	184	92	92	
1343	1	T 204	218	40	40	P 184	184	92	92	
1344	1	T 206	217	40	40	P 184	184	92	92	
1345	1	T 208	216	40	40	P 184	184	92	92	
1346	1	T 210	215	40	40	P 207	184	69	92	
1347	1	T 212	214	40	40	P 184	184	92	92	
1348	1	T 214	213	40	40	P 184	184	92	92	
1349	1	T 216	212	40	40	P 184	184	92	92	
1350	1	T 218	211	40	40	P 184	184	115	92	
1351	1	T 220	210	40	40	P 184	184	115	92	
1352	1	T 222	209	40	40	P 207	184	92	92	
1353	1	T 224	208	40	40	P 184	184	115	69	
1354	1	T 226	207	40	40	P 207	184	92	92	
1355	1	T 228	206	40	40	P 207	184	92	92	
1356	1	T 230	205	40	40	P 207	184	92	92	
1357	1	T 232	204	40	40	P 207	184	92	92	
1358	1	T 234	203	40	40	P 207	184	92	92	
1359	1	T 236	202	40	40	P 207	184	92	92	
1360	1	T 238	201	40	40	P 207	161	92	92	
1361	1	T 240	200	40	40	P 230	184	69	69	
1362	1	T 242	199	40	40	P 207	184	115	69	
1363	1	T 244	198	40	40	P 230	184	69	92	
1364	1	T 246	197	40	40	P 230	161	92	92	
1365	1	T 248	196	40	40	P 230	161	92	92	
1366	1	T 250	195	40	40	P 230	161	92	92	
1367	1	T 252	194	40	40	P 230	161	92	92	
1368	1	T 254	193	40	40	P 230	161	92	115	
1369	1	T 256	192	40	40	P 230	161	92	92	
1370	1	T 258	191	40	40	P 230	161	92	92	
1371	1	T 260	190	40	40	P 230	161	92	92	
1372	1	T 262	189	40	40	P 230	161	92	92	
1373	1	T 264	188	40	40	P 230	161	115	92	
1374	1	T 266	187	40	40	P 230	161	115	92	
1375	1	T 268	186	40	40	P 230	161	115	92	
1376	1	T 270	185	40	40	P 230	161	115	92	
1377	1	T 272	184	40	40	P 253	161	92	92	
1378	1	T 274	183	40	40	P 253	161	92	92	
1379	1	T 276	182	40	40	P 253	161	92	92	
1380	1	T 278	181	40	40	P 276	161	69	69	
1381	1	T 280	180	40	40	P 253	161	92	92	
1382	1	T 282	179	40	40	P 253	161	92	69	
1383	1	T 284	178	40	40	P 253	138	92	115	
1384	1	T 286	177	40	40	P 253	161	92	92	
1385	1	T 288	176	40	40	P 276	161	69	69	
1386	1	T 290	175	40	40	P 276	161	92	69	
1387	1	T 292	174	40	40	P 276	138	92	92	
1388	1	T 294	173	40	40	P 276	138	92	115	
1389	1	T 296	172	40	40	P 276	138	92	92	
1390	1	T 298	171	40	40	P 276	138	92	92	
1391	1	T 300	170	40	40	P 276	138	92	92	
1392	1	T 302	169	40	40	P 276	138	92	92	
1393	1	T 304	168	40	40	P 276	138	92	92	
1394	1	T 306	167	40	40	P 276	138	92	92	
1395	1	T 308	166	40	40	P 276	138	92	92	
1396	1	T 310	165	40	40	P 276	138	115	92	
1397	1	T 312	164	40	40	P 299	161	92	69	
1398	1	T 314	163	40	40	P 276	138	115	92	
1399	1	T 316	162	40	40	P 299	138	92	92	
1400	1	T 318	161	40	40	P 299	138	92	92	
1401	1	T 320	160	40	40	P 299	138	92	92	
1402	1	T 322	159	40	40	P 299	138	92	69	
1403	1	T 324	158	40	40	P 299	138	92	92	
1404	1	T 326	157	40	40	P 322	138	69	92	
1405	1	T 328	156	40	40	P 299	138	92	92	
1406	1	T 330	155	40	40	P 299	115	92	115	
1407	1	T 332	154	40	40	P 322	115	69	115	
1408	1	T 334	153	40	40	P 299	138	115	92	
1409	1	T 336	152	40	40	P 299	138	115	69	
1410	1	T 338	151	40	40	P 322	115	92	92	
1411	1	T 340	150	40	40	P 322	115	92	92	
1412	1	T 342	149	40	40	P 322	115	92	92	
1413	1	T 344	148	40	40	P 322	115	92	92	
1414	1	T 346	147	40	40	P 322	138	92	69	
1415	1	T 348	146	40	40	P 345	115	69	92	
1416	1	T 350	145	40	40	P 322	115	92	92	
1417	1	T 352	144	40	40	P 322	115	92	92	
1418	1	T 354	143	40	40	P 322	115	92	92	
1419	1	T 356	142	40	40	P 322	115	115	92	
1420	1	T 358	141	40	40	P 322	115	115	69	
1421	1	T 360	140	40	40	P 322	115	115	92	
1422	1	T 362	139	40	40	P 322	115	115	92	
1423	1	T 364	138	40	40	P 322	115	115	92	
1424	1	T 366	137	40	40	P 345	115	92	92	
1425	1	T 368	136	40	40	P 345	115	92	92	
1426	1	T 370	135	40	40	P 345	115	92	92	
1427	1	T 372	134	40	40	P 345	115	92	92	
1428	1	T 374	133	40	40	P 368	115	69	92	
1429	1	T 376	132	40	40	P 368	115	69	92	
1430	1	T 378	131	40	40	P 368	115	69	69	
1431	1	T 380	130	40	40	P 345	115	115	92	
1432	1	T 382	129	40	40	P 345	92	92	92	
1433	1	T 384	128	40	40	P 368	92	92	92	
1434	1	T 386	127	40	40	P 368	115	92	69	
1435	1	T 388	126	40	40	P 368	92	92	115	
1436	1	T 390	125	40	40	P 368	92	92	92	
1437	1	T 392	124	40	40	P 368	92	92	92	
1438	1	T 394	123	40	40	P 368	92	92	92	
1439	1	T 396	122	40	40	P 368	92	92	92	
1440	1	T 398	121	40	40	P 391	92	69	92	
1441	1	T 400	120	40	40	P 368	92	92	92	
1442	1	T 402	119	40	40	P 368	92	115	92	
1443	1	T 404	118	40	40	P 368	92	115	92	
1444	1	T 406	117	40	40	P 368	92	115	69	
1445	1	T 408	116	40	40	P 368	92	115	92	
1446	1	T 410	115	40	40	P 391	92	92	92	
1447	1	T 412	114	40	40	P 391	115	92	69	
1448	1	T 414	113	40	40	P 391	92	92	92	
1449	1	T 416	112	40	40	P 391	92	92	92	
1450	1	T 418	111	40	40	P 391	69	92	115	
1451	1	T 420	110	40	40	P 391	92	92	92	
1452	1	T 422	109	40	40	P 391	69	92	92	
1453	1	T 424	108	40	40	P 414	92	69	92	
1454	1	T 426	107	40	40	P 391	92	92	92	
1455	1	T 428	106	40	40	P 414	92	92	69	
1456	1	T 430	105	40	40	P 414	69	92	92	
1457	1	T 432	104	40	40	P 414	69	92	92	
1458	1	T 434	103	40	40	P 414	69	92	92	
1459	1	T 436	102	40	40	P 414	69	92	92	
1460	1	T 438	101	40	40	P 414	69	92	92	
1461	1	T 440	100	40	40	P 414	69	92	92	
1462	1	T 442	99	40	40	P 414	69	92	92	
1463	1	T 444	98	40	40	P 414	69	92	92	
1464	1	T 446	97	40	40	P 414	69	115	92	
1465	1	T 448	96	40	40	P 414	69	115	92	
1466	1	T 450	95	40	40	P 437	69	92	92	
1467	1	T 452	94	40	40	P 437	69	92	69	
1468	1	T 454	93	40	40	P 414	69	115	92	
1469	1	T 456	92	40	40	P 437	69	92	92	
1470	1	T 458	91	40	40	P 437	69	92	92	
1471	1	T 460	90	40	40	P 437	69	92	92	
1472	1	T 462	89	40	40	P 437	69	92	92	
1473	1	T 464	88	40	40	P 437	69	92	92	
1474	1	T 466	87	40	40	P 437	69	92	69	
1475	1	T 468	86	40	40	P 437	69	92	92	
1476	1	T 470	85	40	40	P 460	69	69	69	
1477	1	T 472	84	40	40	P 460	69	69	92	
1478	1	T 474	83	40	40	P 460	46	92	92	
1479	1	T 476	82	40	40	P 460	46	69	92	
1480	1	T 478	81	40	40	P 460	46	92	92	
1481	1	T 480	80	40	40	P 460	46	92	92	
1482	1	T 482	79	40	40	P 460	46	92	92	
1483	1	T 484	78	40	40	P 460	46	92	92	
1484	1	T 486	77	40	40	P 460	46	92	92	
1485	1	T 488	76	40	40	P 460	46	92	92	
1486	1	T 490	75	40	40	P 460	46	92	92	
1487	1	T 492	74	40	40	P 460	46	92	92	
1488	1	T 494	73	40	40	P 460	46	115	92	
1489	1	T 496	72	40	40	P 460	46	115	92	
1490	1	T 498	71	40	40	P 483	46	92	92	
1491	1	T 500	70	40	40	P 483	46	92	92	
1492	1	T 502	69	40	40	P 460	46	115	92	
1493	1	T 504	68	40	40	P 483	46	92	92	
1494	1	T 506	67	40	40	P 483	46	92	92	
1495	1	T 508	66	40	40	P 506	46	69	92	
1496	1	T 510	65	40	40	P 483	46	92	92	
1497	1	T 512	64	40	40	P 506	46	69	92	
1498	1	T 514	63	40	40	P 483	46	92	92	
1499	1	T 516	62	40	40	P 483	46	92	69	
1500	1	T 518	61	40	40	P 506	46	92	69	
1501	1	T 520	60	40	40	P 483	23	115	92	
1502	1	T 522	59	40	40	P 506	46	69	69	
1503	1	T 524	58	40	40	P 506	23	92	92	
1504	1	T 526	57	40	40	P 506	23	92	92	
1505	1	T 528	56	40	40	P 506	23	92	92	
1506	1	T 530	55	40	40	P 506	23	92	115	
1507	1	T 532	54	40	40	P 506	23	92	92	
1508	1	T 534	53	40	40	P 506	23	92	92	
1509	1	T 536	52	40	40	P 506	23	92	92	
1510	1	T 538	51	40	40	P 506	23	92	92	
1511	1	T 540	50	40	40	P 506	23	115	92	
1512	1	T 542	49	40	40	P 506	23	115	92	
1513	1	T 544	48	40	40	P 506	23	115	92	
1514	1	T 546	47	40	40	P 506	23	115	92	
1515	1	T 548	46	40	40	P 529	23	92	92	
1516	1	T 550	45	40	40	P 529	23	92	92	
1517	1	T 552	44	40	40	P 529	23	92	92	
1518	1	T 554	43	40	40	P 529	23	92	92	
1519	1	T 556	42	40	40	P 529	23	92	92	
1520	1	T 558	41	40	40	P 552	23	69	92	
1521	1	T 560	40	40	40	P 529	23	92	92	
1522	1	T 562	39	40	40	P 529	23	92	69	
1523	1	T 564	38	40	40	P 552	23	69	69	
1524	1	T 566	37	40	40	P 552	23	92	69	
1525	1	T 568	36	40	40	P 552	23	92	69	
1526	1	T 570	35	40	40	P 552	0	92	92	
1527	1	T 572	34	40	40	P 552	0	92	92	
1528	1	T 574	33	40	40	P 552	0	92	92	
1529	1	T 576	32	40	40	P 552	0	92	92	
1530	1	T 578	31	40	40	P 552	0	92	92	
1531	1	T 580	30	40	40	P 552	0	92	92	
1532	1	T 582	29	40	40	P 552	0	92	92	
1533	1	T 584	28	40	40	P 552	0	92	92	
1534	1	T 586	27	40	40	P 552	0	115	92	
1535	1	T 588	26	40	40	P 575	0	92	92	
1536	1	T 590	25	40	40	P 552	0	115	92	
1537	1	T 592	24	40	40	P 552	0	115	92	
1538	1	T 594	23	40	40	P 552	0	115	92	
1539	1	T 596	22	40	40	P 575	0	92	92	
1540	1	T 598	21	40	40	P 575	0	92	92	
1541	1	T 600	20	40	40	P 575	0	92	92	
1542	1	T 602	21	40	40	P 575	0	92	92	
1543	1	T 604	22	40	40	P 575	0	92	92	
1544	1	T 606	23	40	40	P 575	0	92	92	
1545	1	T 608	24	40	40	P 575	0	115	92	
1546	1	T 610	25	40	40	P 575	0	115	92	
1547	1	T 612	26	40	40	P 575	23	115	69	
1548	1	T 614	27	40	40	P 575	0	115	92	
1549	1	T 616	28	40	40	P 598	0	92	92	
1550	1	T 618	29	40	40	P 598	23	92	69	
1551	1	T 620	30	40	40	P 598	0	92	92	
1552	1	T 622	31	40	40	P 598	0	92	92	
1553	1	T 624	32	40	40	P 598	0	92	92	
1554	1	T 626	33	40	40	P 598	0	92	92	
1555	1	T 628	34	40	40	P 598	0	92	92	
1556	1	T 630	35	40	40	P 621	23	69	69	
1557	1	T 632	36	40	40	P 598	23	92	69	
1558	1	T 634	37	40	40	P 621	23	69	92	
1559	1	T 636	38	40	40	P 598	23	115	92	
1560	1	T 638	39	40	40	P 621	23	92	92	
1561	1	T 640	40	40	40	P 621	23	92	69	
1562	1	T 642	41	40	40	P 621	23	92	92	
1563	1	T 644	42	40	40	P 621	23	92	92	
1564	1	T 646	43	40	40	P 621	23	92	92	
1565	1	T 648	44	40	40	P 621	23	92	92	
1566	1	T 650	45	40	40	P 621	23	92	92	
1567	1	T 652	46	40	40	P 621	23	92	69	
1568	1	T 654	47	40	40	P 621	23	92	92	
1569	1	T 656	48	40	40	P 621	46	92	69	
1570	1	T 658	49	40	40	P 621	23	92	92	
1571	1	T 660	50	40	40	P 621	23	92	92	
1572	1	T 658	51	40	40	P 644	23	69	92	
1573	1	T 656	52	40	40	P 621	23	92	92	
1574	1	T 654	53	40	40	P 621	46	92	69	
1575	1	T 652	54	40	40	P 621	23	92	92	
1576	1	T 650	55	40	40	P 621	46	69	69	
1577	1	T 648	56	40	40	P 621	23	92	92	
1578	1	T 646	57	40	40	P 621	23	92	92	
1579	1	T 644	58	40	40	P 621	23	92	92	
1580	1	T 642	59	40	40	P 621	23	69	115	
1581	1	T 640	60	40	40	P 621	46	69	92	
1582	1	T 638	61	40	40	P 621	46	92	92	
1583	1	T 636	62	40	40	P 621	46	69	92	
1584	1	T 634	63	40	40	P 598	46	92	92	
1585	1	T 632	64	40	40	P 598	46	92	92	
1586	1	T 630	65	40	40	P 598	46	92	92	
1587	1	T 628	66	40	40	P 598	46	92	92	
1588	1	T 626	67	40	40	P 598	46	92	92	
1589	1	T 624	68	40	40	P 598	46	92	92	
1590	1	T 622	69	40	40	P 598	46	92	92	
1591	1	T 620	70	40	40	P 598	46	92	92	
1592	1	T 618	71	40	40	P 598	46	92	92	
1593	1	T 616	72	40	40	P 598	46	92	92	
1594	1	T 614	73	40	40	P 575	46	115	92	
1595	1	T 612	74	40	40	P 575	46	115	92	
1596	1	T 610	75	40	40	P 575	46	115	92	
1597	1	T 608	76	40	40	P 575	46	92	92	
1598	1	T 606	77	40	40	P 575	46	92	92	
1599	1	T 604	78	40	40	P 575	46	92	92	
1600	1	T 602	79	40	40	P 575	46	92	92	
1601	1	T 600	80	40	40	P 575	46	92	92	
1602	1	T 598	81	40	40	P 575	46	69	115	
1603	1	T 596	82	40	40	P 575	69	92	92	
1604	1	T 594	83	40	40	P 575	46	69	92	
1605	1	T 592	84	40	40	P 552	69	92	69	
1606	1	T 590	85	40	40	P 575	69	92	69	
1607	1	T 588	86	40	40	P 552	69	92	92	
1608	1	T 586	87	40	40	P 552	69	92	92	
1609	1	T 584	88	40	40	P 552	69	92	92	
1610	1	T 582	89	40	40	P 552	69	92	92	
1611	1	T 580	90	40	40	P 552	69	92	92	
1612	1	T 578	91	40	40	P 552	69	92	92	
1613	1	T 576	92	40	40	P 552	69	92	92	
1614	1	T 574	93	40	40	P 552	69	92	92	
1615	1	T 572	94	40	40	P 552	69	92	92	
1616	1	T 570	95	40	40	P 529	69	115	92	
1617	1	T 568	96	40	40	P 529	69	115	92	
1618	1	T 566	97	40	40	P 529	69	115	92	
1619	1	T 564	98	40	40	P 529	69	115	92	
1620	1	T 562	99	40	40	P 529	69	92	92	
1621	1	T 560	100	40	40	P 529	92	92	69	
1622	1	T 558	101	40	40	P 529	69	92	92	
1623	1	T 556	102	40	40	P 529	69	92	92	
1624	1	T 554	103	40	40	P 529	69	92	92	
1625	1	T 552	104	40	40	P 529	92	69	69	
1626	1	T 550	105	40	40	P 529	69	92	92	
1627	1	T 548	106	40	40	P 529	69	92	92	
1628	1	T 546	107	40	40	P 529	92	92	92	
1629	1	T 544	108	40	40	P 506	92	92	92	
1630	1	T 542	109	40	40	P 506	92	92	92	
1631	1	T 540	110	40	40	P 506	92	115	92	
1632	1	T 538	111	40	40	P 506	92	115	92	
1633	1	T 536	112	40	40	P 506	92	92	92	
1634	1	T 534	113	40	40	P 506	92	92	92	
1635	1	T 532	114	40	40	P 506	92	92	92	
1636	1	T 530	115	40	40	P 506	92	92	92	
1637	1	T 528	116	40	40	P 506	92	92	92	
1638	1	T 526	117	40	40	P 506	92	92	92	
1639	1	T 524	118	40	40	P 483	92	115	92	
1640	1	T 522	119	40	40	P 483	92	115	92	
1641	1	T 520	120	40	40	P 483	92	115	92	
1642	1	T 518	121	40	40	P 483	115	115	69	
1643	1	T 516	122	40	40	P 483	92	115	92	
1644	1	T 514	123	40	40	P 483	92	92	92	
1645	1	T 512	124	40	40	P 483	92	92	92	
1646	1	T 510	125	40	40	P 483	92	92	92	
1647	1	T 508	126	40	40	P 483	92	92	115	
1648	1	T 506	127	40	40	P 483	92	92	115	
1649	1	T 504	128	40	40	P 483	92	92	92	
1650	1	T 502	129	40	40	P 483	115	69	69	
1651	1	T 500	130	40	40	P 483	115	69	92	
1652	1	T 498	131	40	40	P 460	115	92	69	
1653	1	T 496	132	40	40	P 460	115	92	69	
1654	1	T 494	133	40	40	P 460	115	92	69	
1655	1	T 492	134	40	40	P 460	115	92	92	
1656	1	T 490	135	40	40	P 460	115	92	92	
1657	1	T 488	136	40	40	P 460	115	92	92	
1658	1	T 486	137	40	40	P 460	115	92	92	
1659	1	T 484	138	40	40	P 460	115	92	92	
1660	1	T 482	139	40	40	P 460	115	92	92	
1661	1	T 480	140	40	40	P 460	115	92	92	
1662	1	T 478	141	40	40	P 437	115	115	92	
1663	1	T 476	142	40	40	P 460	115	92	92	
1664	1	T 474	143	40	40	P 437	138	115	69	
1665	1	T 472	144	40	40	P 437	115	115	92	
1666	1	T 470	145	40	40	P 437	115	92	92	
1667	1	T 468	146	40	40	P 437	115	92	92	
1668	1	T 466	147	40	40	P 437	115	92	92	
1669	1	T 464	148	40	40	P 437	115	92	92	
1670	1	T 462	149	40	40	P 437	115	92	115	
1671	1	T 460	150	40	40	P 437	115	92	115	
1672	1	T 458	151	40	40	P 437	138	69	69	
1673	1	T 456	152	40	40	P 437	138	69	69	
1674	1	T 454	153	40	40	P 437	138	92	69	
1675	1	T 452	154	40	40	P 414	115	92	115	
1676	1	T 450	155	40	40	P 414	138	92	69	
1677	1	T 448	156	40	40	P 414	138	92	92	
1678	1	T 446	157	40	40	P 414	138	92	69	
1679	1	T 444	158	40	40	P 414	138	92	92	
1680	1	T 442	159	40	40	P 414	138	92	92	
1681	1	T 440	160	40	40	P 414	138	92	92	
1682	1	T 438	161	40	40	P 414	138	92	92	
1683	1	T 436	162	40	40	P 414	138	92	92	
1684	1	T 434	163	40	40	P 414	138	92	92	
1685	1	T 432	164	40	40	P 391	138	115	92	
1686	1	T 430	165	40	40	P 391	138	115	92	
1687	1	T 428	166	40	40	P 391	161	92	69	
1688	1	T 426	167	40	40	P 391	138	115	92	
1689	1	T 424	168	40	40	P 391	138	92	92	
1690	1	T 422	169	40	40	P 391	138	92	92	
1691	1	T 420	170	40	40	P 391	138	92	115	
1692	1	T 418	171	40	40	P 391	138	92	92	
1693	1	T 416	172	40	40	P 391	138	92	115	
1694	1	T 414	173	40	40	P 391	138	92	92	
1695	1	T 412	174	40	40	P 391	161	69	92	
1696	1	T 410	175	40	40	P 391	138	92	92	
1697	1	T 408	176	40	40	P 368	138	115	115	
1698	1	T 406	177	40	40	P 368	161	92	69	
1699	1	T 404	178	40	40	P 368	161	92	92	
1700	1	T 402	179	40	40	P 368	161	92	69	
1701	1	T 400	180	40	40	P 368	161	92	92	
1702	1	T 398	181	40	40	P 368	161	92	92	
1703	1	T 396	182	40	40	P 368	161	92	92	
1704	1	T 394	183	40	40	P 368	161	92	92	
1705	1	T 392	184	40	40	P 368	161	92	92	
1706	1	T 390	185	40	40	P 368	161	92	92	
1707	1	T 388	186	40	40	P 345	161	115	92	
1708	1	T 386	187	40	40	P 368	161	92	92	
1709	1	T 384	188	40	40	P 345	161	115	92	
1710	1	T 382	189	40	40	P 345	184	115	69	
1711	1	T 380	190	40	40	P 345	161	92	92	
1712	1	T 378	191	40	40	P 345	161	115	92	
1713	1	T 376	192	40	40	P 345	161	92	92	
1714	1	T 374	193	40	40	P 345	161	92	92	
1715	1	T 372	194	40	40	P 345	161	92	92	
1716	1	T 370	195	40	40	P 345	161	92	115	
1717	1	T 368	196	40	40	P 345	161	92	115	
1718	1	T 366	197	40	40	P 345	184	69	92	
1719	1	T 364	198	40	40	P 345	161	92	115	
1720	1	T 362	199	40	40	P 345	184	92	69	
1721	1	T 360	200	40	40	P 322	184	92	69	
1722	1	T 358	201	40	40	P 345	184	69	92	
1723	1	T 356	202	40	40	P 322	184	92	92	
1724	1	T 354	203	40	40	P 322	184	92	92	
1725	1	T 352	204	40	40	P 322	184	92	92	
1726	1	T 350	205	40	40	P 322	184	92	92	
1727	1	T 348	206	40	40	P 322	184	92	92	
1728	1	T 346	207	40	40	P 322	184	92	92	
1729	1	T 344	208	40	40	P 322	184	92	92	
1730	1	T 342	209	40	40	P 322	184	92	92	
1731	1	T 340	210	40	40	P 322	184	92	92	
1732	1	T 338	211	40	40	P 299	184	115	69	
1733	1	T 336	212	40	40	P 299	184	115	92	
1734	1	T 334	213	40	40	P 299	184	115	92	
1735	1	T 332	214	40	40	P 299	184	115	92	
1736	1	T 330	215	40	40	P 299	184	92	92	
1737	1	T 328	216	40	40	P 299	184	92	92	
1738	1	T 326	217	40	40	P 299	184	92	92	
1739	1	T 324	218	40	40	P 299	184	92	92	
1740	1	T 322	219	40	40	P 299	184	69	92	
1741	1	T 320	220	40	40	P 299	184	69	92	
1742	1	T 318	221	40	40	P 299	184	92	115	
1743	1	T 316	222	40	40	P 299	207	92	92	
1744	1	T 314	223	40	40	P 276	207	92	92	
1745	1	T 312	224	40	40	P 276	207	92	69	
1746	1	T 310	225	40	40	P 276	207	69	92	
1747	1	T 308	226	40	40	P 276	207	92	92	
1748	1	T 306	227	40	40	P 276	207	92	92	
1749	1	T 304	228	40	40	P 276	207	92	92	
1750	1	T 302	229	40	40	P 276	207	92	92	
1751	1	T 300	230	40	40	P 276	207	92	92	
1752	1	T 298	231	40	40	P 276	207	92	92	
1753	1	T 296	232	40	40	P 276	207	92	92	
1754	1	T 294	233	40	40	P 276	207	92	92	
1755	1	T 292	234	40	40	P 253	207	115	92	
1756	1	T 290	235	40	40	P 253	207	115	92	
1757	1	T 288	236	40	40	P 253	207	92	92	
1758	1	T 286	237	40	40	P 253	230	92	69	
1759	1	T 284	238	40	40	P 253	207	92	92	
1760	1	T 282	239	40	40	P 253	207	92	92	
1761	1	T 280	240	40	40	P 253	207	92	92	
1762	1	T 278	241	40	40	P 253	207	92	92	
1763	1	T 276	242	40	40	P 253	207	69	92	
1764	1	T 274	243	40	40	P 253	230	92	69	
1765	1	T 272	244	40	40	P 253	230	69	69	
1766	1	T 270	245	40	40	P 230	230	92	69	
1767	1	T 268	246	40	40	P 230	230	92	69	
1768	1	T 266	247	40	40	P 230	230	92	69	
1769	1	T 264	248	40	40	P 230	230	92	69	
1770	1	T 262	249	40	40	P 230	230	92	69	
1771	1	T 260	250	40	40	P 230	230	92	92	
1772	1	T 258	251	40	40	P 230	230	92	92	
1773	1	T 256	252	40	40	P 230	230	92	92	
1774	1	T 254	253	40	40	P 230	230	92	92	
1775	1	T 252	254	40	40	P 230	230	92	92	
1776	1	T 250	255	40	40	P 230	230	92	92	
1777	1	T 248	256	40	40	P 230	230	92	92	
1778	1	T 246	257	40	40	P 230	253	92	69	
1779	1	T 244	258	40	40	P 207	230	115	92	
1780	1	T 242	259	40	40	P 207	230	92	92	
1781	1	T 240	260	40	40	P 207	230	92	92	
1782	1	T 238	261	40	40	P 207	230	92	92	
1783	1	T 236	262	40	40	P 207	230	92	92	
1784	1	T 234	263	40	40	P 207	230	92	92	
1785	1	T 232	264	40	40	P 207	230	92	92	
1786	1	T 230	265	40	40	P 207	253	69	69	
1787	1	T 228	266	40	40	P 207	230	92	115	
1788	1	T 226	267	40	40	P 207	230	92	115	
1789	1	T 224	268	40	40	P 207	253	69	69	
1790	1	T 222	269	40	40	P 184	253	92	69	
1791	1	T 220	270	40	40	P 184	253	115	92	
1792	1	T 218	271	40	40	P 184	253	92	92	
1793	1	T 216	272	40	40	P 184	253	92	92	
1794	1	T 214	273	40	40	P 184	253	92	92	
1795	1	T 212	274	40	40	P 184	253	92	92	
1796	1	T 210	275	40	40	P 184	253	92	92	
1797	1	T 208	276	40	40	P 184	253	92	92	
1798	1	T 206	277	40	40	P 184	253	92	92	
1799	1	T 204	278	40	40	P 184	253	92	69	
1800	1	T 202	279	40	40	P 161	253	115	69	
1801	1	T 200	280	40	40	P 161	253	115	92	
1802	1	T 198	281	40	40	P 161	253	115	92	
1803	1	T 196	282	40	40	P 161	253	115	92	
1804	1	T 194	283	40	40	P 161	253	115	92	
1805	1	T 192	284	40	40	P 161	253	92	92	
1806	1	T 190	285	40	40	P 161	253	92	92	
1807	1	T 188	286	40	40	P 161	253	92	92	
1808	1	T 186	287	40	40	P 161	276	69	69	
1809	1	T 184	288	40	40	P 161	253	92	115	
1810	1	T 182	289	40	40	P 161	253	92	115	
1811	1	T 180	290	40	40	P 161	253	92	92	
1812	1	T 178	291	40	40	P 138	253	92	115	
1813	1	T 176	292	40	40	P 161	276	92	69	
1814	1	T 174	293	40	40	P 161	276	69	92	
1815	1	T 172	294	40	40	P 138	276	92	92	
1816	1	T 170	295	40	40	P 138	276	92	69	
1817	1	T 168	296	40	40	P 138	276	92	92	
1818	1	T 166	297	40	40	P 138	276	92	92	
1819	1	T 164	298	40	40	P 138	276	92	92	
1820	1	T 162	299	40	40	P 138	276	92	92	
1821	1	T 160	300	40	40	P 138	276	92	92	
1822	1	T 158	301	40	40	P 138	276	92	92	
1823	1	T 156	302	40	40	P 115	276	115	92	
1824	1	T 154	303	40	40	P 115	276	115	92	
1825	1	T 152	304	40	40	P 115	299	92	69	
1826	1	T 150	305	40	40	P 115	276	115	92	
1827	1	T 148	306	40	40	P 115	276	92	92	
1828	1	T 146	307	40	40	P 115	276	92	92	
1829	1	T 144	308	40	40	P 115	276	92	92	
1830	1	T 142	309	40	40	P 115	299	92	92	
1831	1	T 140	310	40	40	P 115	276	92	92	
1832	1	T 138	311	40	40	P 115	276	92	115	
1833	1	T 136	312	40	40	P 115	276	69	115	
1834	1	T 134	313	40	40	P 115	276	92	92	
1835	1	T 132	314	40	40	P 115	299	69	92	
1836	1	T 130	315	40	40	P 92	299	115	92	
1837	1	T 128	316	40	40	P 92	299	92	69	
1838	1	T 126	317	40	40	P 92	299	92	92	
1839	1	T 124	318	40	40	P 92	299	92	92	
1840	1	T 122	319	40	40	P 92	299	92	92	
1841	1	T 120	320	40	40	P 92	299	92	92	
1842	1	T 118	321	40	40	P 92	299	92	92	
1843	1	T 116	322	40	40	P 92	299	92	92	
1844	1	T 114	323	40	40	P 92	299	92	92	
1845	1	T 112	324	40	40	P 92	299	92	92	
1846	1	T 110	325	40	40	P 92	299	92	92	
1847	1	T 108	326	40	40	P 69	299	92	92	
1848	1	T 106	327	40	40	P 69	299	115	92	
1849	1	T 104	328	40	40	P 69	299	115	92	
1850	1	T 102	329	40	40	P 69	299	115	92	
1851	1	T 100	330	40	40	P 69	299	92	92	
1852	1	T 98	331	40	40	P 69	299	92	92	
1853	1	T 96	332	40	40	P 69	299	92	92	
1854	1	T 94	333	40	40	P 69	299	92	92	
1855	1	T 92	334	40	40	P 69	299	69	115	
1856	1	T 90	335	40	40	P 69	299	92	115	
1857	1	T 88	336	40	40	P 69	322	69	69	
1858	1	T 86	337	40	40	P 46	322	115	92	
1859	1	T 84	338	40	40	P 69	322	92	92	
1860	1	T 82	339	40	40	P 46	322	92	92	
1861	1	T 80	340	40	40	P 46	322	115	92	
1862	1	T 78	341	40	40	P 46	322	92	92	
1863	1	T 76	342	40	40	P 46	322	92	92	
1864	1	T 74	343	40	40	P 46	322	92	92	
1865	1	T 72	344	40	40	P 46	322	92	92	
1866	1	T 70	345	40	40	P 46	322	92	92	
1867	1	T 68	346	40	40	P 46	322	92	92	
1868	1	T 66	347	40	40	P 46	322	92	92	
1869	1	T 64	348	40	40	P 46	322	92	92	
1870	1	T 62	349	40	40	P 23	345	115	69	
1871	1	T 60	350	40	40	P 23	322	115	92	
1872	1	T 58	351	40	40	P 23	345	115	69	
1873	1	T 56	352	40	40	P 23	322	92	92	
1874	1	T 54	353	40	40	P 23	322	92	92	
1875	1	T 52	354	40	40	P 23	345	92	69	
1876	1	T 50	355	40	40	P 23	322	92	92	
1877	1	T 48	356	40	40	P 23	322	92	115	
1878	1	T 46	357	40	40	P 23	345	69	69	
1879	1	T 44	358	40	40	P 23	322	92	92	
1880	1	T 42	359	40	40	P 23	345	69	69	
1881	1	T 40	360	40	40	P 23	345	92	92	
1882	1	T 38	361	40	40	P 0	345	92	92	
1883	1	T 36	362	40	40	P 0	345	92	92	
1884	1	T 34	363	40	40	P 0	345	92	69	
1885	1	T 32	364	40	40	P 0	345	92	92	
1886	1	T 30	365	40	40	P 0	345	92	92	
1887	1	T 28	366	40	40	P 0	345	92	92	
1888	1	T 26	367	40	40	P 0	345	92	92	
1889	1	T 24	368	40	40	P 0	345	92	92	
1890	1	T 22	369	40	40	P 0	345	92	92	
1891	1	T 20	370	40	40	P 0	345	92	92	
1892	1	T 22	371	40	40	P 0	368	92	69	
1893	1	T 24	372	40	40	P 0	345	92	92	
1894	1	T 26	373	40	40	P 0	345	92	92	
1895	1	T 28	374	40	40	P 0	345	92	92	
1896	1	T 30	375	40	40	P 0	345	92	92	
1897	1	T 32	376	40	40	P 0	345	92	92	
1898	1	T 34	377	40	40	P 23	345	92	92	
1899	1	T 36	378	40	40	P 23	368	92	69	
1900	1	T 38	379	40	40	P 23	368	92	69	
1901	1	T 40	380	40	40	P 23	368	92	69	
1902	1	T 42	381	40	40	P 23	345	92	92	
1903	1	T 44	382	40	40	P 23	368	92	69	
1904	1	T 46	383	40	40	P 23	368	92	92	
1905	1	T 48	384	40	40	P 23	368	92	92	
1906	1	T 50	385	40	40	P 23	368	92	92	
1907	1	T 52	386	40	40	P 23	345	92	115	
1908	1	T 54	387	40	40	P 23	368	92	92	
1909	1	T 56	388	40	40	P 23	368	92	92	
1910	1	T 58	389	40	40	P 23	368	115	92	
1911	1	T 60	390	40	40	P 23	368	115	92	
1912	1	T 62	391	40	40	P 46	368	92	69	
1913	1	T 64	392	40	40	P 23	368	115	92	
1914	1	T 66	393	40	40	P 46	368	92	92	
1915	1	T 68	394	40	40	P 46	368	92	92	
1916	1	T 70	395	40	40	P 46	368	92	92	
1917	1	T 72	396	40	40	P 46	368	92	92	
1918	1	T 74	397	40	40	P 46	368	92	92	
1919	1	T 76	398	40	40	P 46	368	92	92	
1920	1	T 78	399	40	40	P 46	368	92	92	
1921	1	T 80	400	40	40	P 46	368	115	92	
1922	1	T 82	401	40	40	P 46	368	115	92	
1923	1	T 84	402	40	40	P 69	368	92	92	
1924	1	T 86	403	40	40	P 69	391	69	69	
1925	1	T 88	404	40	40	P 69	391	92	69	
1926	1	T 90	405	40	40	P 69	391	92	69	
1927	1	T 92	406	40	40	P 69	368	92	92	
1928	1	T 94	407	40	40	P 69	368	92	92	
1929	1	T 96	408	40	40	P 69	368	92	92	
1930	1	T 98	409	40	40	P 69	391	92	69	
1931	1	T 100	410	40	40	P 69	391	92	69	
1932	1	T 102	411	40	40	P 69	391	92	69	
1933	1	T 104	412	40	40	P 69	391	115	69	
1934	1	T 106	413	40	40	P 69	414	115	46	
1935	1	T 108	414	40	40	P 69	391	115	69	
1936	1	T 110	415	40	40	P 92	391	92	69	
1937	1	T 112	416	40	40	P 92	391	92	69	
1938	1	T 114	417	40	40	P 92	391	92	69	
1939	1	T 116	418	40	40	P 92	391	92	69	
1940	1	T 118	419	40	40	P 92	391	92	69	
1941	1	T 120	420	40	40	P 92	391	92	69	
1942	1	T 122	419	40	40	P 92	391	92	69	
1943	1	T 124	418	40	40	P 92	391	92	69	
1944	1	T 126	417	40	40	P 92	391	115	69	
1945	1	T 128	416	40	40	P 92	391	115	69	
1946	1	T 130	415	40	40	P 115	391	92	69	
1947	1	T 132	414	40	40	P 92	391	115	69	
1948	1	T 134	413	40	40	P 115	391	92	69	
1949	1	T 136	412	40	40	P 115	391	92	69	
1950	1	T 138	411	40	40	P 115	391	92	69	
1951	1	T 140	410	40	40	P 115	391	92	69	
1952	1	T 142	409	40	40	P 138	391	69	69	
1953	1	T 144	408	40	40	P 115	391	92	69	
1954	1	T 146	407	40	40	P 115	391	92	69	
1955	1	T 148	406	40	40	P 115	391	92	69	
1956	1	T 150	405	40	40	P 138	391	69	69	
1957	1	T 152	404	40	40	P 138	368	92	92	
1958	1	T 154	403	40	40	P 138	368	92	92	
1959	1	T 156	402	40	40	P 138	391	92	69	
1960	1	T 158	401	40	40	P 138	368	92	92	
1961	1	T 160	400	40	40	P 138	368	92	92	
1962	1	T 162	399	40	40	P 138	368	92	92	
1963	1	T 164	398	40	40	P 138	368	92	92	
1964	1	T 166	397	40	40	P 138	368	92	92	
1965	1	T 168	396	40	40	P 138	368	92	92	
1966	1	T 170	395	40	40	P 138	368	92	92	
1967	1	T 172	394	40	40	P 138	368	115	92	
1968	1	T 174	393	40	40	P 138	368	115	92	
1969	1	T 176	392	40	40	P 161	368	92	92	
1970	1	T 178	391	40	40	P 161	368	92	92	
1971	1	T 180	390	40	40	P 161	368	92	92	
1972	1	T 182	389	40	40	P 161	368	92	92	
1973	1	T 184	388	40	40	P 161	368	92	92	
1974	1	T 186	387	40	40	P 161	368	92	92	
1975	1	T 188	386	40	40	P 184	345	69	115	
1976	1	T 190	385	40	40	P 161	345	92	115	
1977	1	T 192	384	40	40	P 161	368	92	69	
1978	1	T 194	383	40	40	P 184	368	69	69	
1979	1	T 196	382	40	40	P 184	345	69	92	
1980	1	T 198	381	40	40	P 184	345	92	92	
1981	1	T 200	380	40	40	P 161	345	115	92	
1982	1	T 202	379	40	40	P 184	345	92	92	
1983	1	T 204	378	40	40	P 184	345	92	92	
1984	1	T 206	377	40	40	P 184	345	92	92	
1985	1	T 208	376	40	40	P 184	345	92	92	
1986	1	T 210	375	40	40	P 207	345	69	92	
1987	1	T 212	374	40	40	P 184	345	92	92	
1988	1	T 214	373	40	40	P 184	345	92	92	
1989	1	T 216	372	40	40	P 184	345	115	92	
1990	1	T 218	371	40	40	P 184	345	115	92	
1991	1	T 220	370	40	40	P 184	345	115	92	
1992	1	T 222	369	40	40	P 207	368	92	46	
1993	1	T 224	368	40	40	P 184	368	115	69	
1994	1	T 226	367	40	40	P 207	345	92	92	
1995	1	T 228	366	40	40	P 207	345	92	69	
1996	1	T 230	365	40	40	P 207	345	92	92	
1997	1	T 232	364	40	40	P 207	345	92	69	
1998	1	T 234	363	40	40	P 207	345	92	92	
1999	1	T 236	362	40	40	P 207	345	92	92	
2000	1	T 238	361	40	40	P 207	322	92	92	
