1	0	T 80	80	40	40	
2	0	T 82	81	40	40	
3	0	T 84	82	40	40	
4	2	T 86	83	40	40	P 76	76	16	44	P 120	80	12	48	
5	2	T 88	84	40	40	P 80	76	16	52	P 120	80	16	52	
6	4	T 90	85	40	40	P 80	76	16	48	P 120	92	16	24	P 124	80	12	20	P 128	124	8	8	
7	1	T 92	86	40	40	P 84	80	56	52	
8	4	T 94	87	40	40	P 84	80	36	56	P 124	92	16	24	P 128	80	12	20	P 128	124	12	8	
9	1	T 96	88	40	40	P 88	80	56	56	
10	1	T 98	89	40	40	P 88	80	56	56	
11	1	T 100	90	40	40	P 88	80	60	56	
12	1	T 102	91	40	40	P 92	84	56	56	
13	1	T 104	92	40	40	P 92	84	60	56	
14	1	T 106	93	40	40	P 96	84	56	56	
15	1	T 108	94	40	40	P 96	84	60	56	
16	1	T 110	95	40	40	P 96	84	60	60	
17	1	T 112	96	40	40	P 100	88	60	56	
18	1	T 114	97	40	40	P 100	88	60	56	
19	1	T 116	98	40	40	P 104	88	60	56	
20	2	T 118	99	40	40	P 104	88	24	40	P 112	92	52	40	
21	3	T 120	100	40	40	P 104	88	24	40	P 112	92	56	44	P 160	140	8	8	
22	2	T 122	101	40	40	P 108	88	20	40	P 116	96	52	52	
23	2	T 124	102	40	40	P 108	92	20	36	P 116	96	56	52	
24	3	T 126	103	40	40	P 112	92	16	36	P 120	96	52	56	P 144	144	16	8	
25	3	T 128	104	40	40	P 112	92	16	36	P 120	96	56	44	P 168	144	8	8	
26	2	T 130	105	40	40	P 112	92	16	36	P 124	100	52	52	
27	1	T 132	106	40	40	P 124	100	56	52	
28	2	T 134	107	40	40	P 128	100	52	56	P 152	148	16	8	
29	2	T 136	108	40	40	P 128	100	56	56	P 152	148	16	8	
30	1	T 138	109	40	40	P 132	104	52	52	
31	1	T 140	110	40	40	P 132	104	56	52	
32	1	T 142	111	40	40	P 136	104	52	56	
33	2	T 144	112	40	40	P 136	104	56	56	P 160	152	16	8	
34	1	T 146	113	40	40	P 140	108	52	52	
35	1	T 148	114	40	40	P 140	108	56	52	
36	2	T 150	115	40	40	P 144	108	52	56	P 168	152	20	12	
37	1	T 152	116	40	40	P 144	108	56	56	
38	1	T 154	117	40	40	P 148	112	52	52	
39	1	T 156	118	40	40	P 148	112	56	52	
40	2	T 158	119	40	40	P 152	112	52	56	P 176	156	20	12	
41	1	T 160	120	40	40	P 152	112	56	56	
42	1	T 162	121	40	40	P 156	116	52	52	
43	1	T 164	122	40	40	P 156	116	56	52	
44	1	T 166	123	40	40	P 160	116	52	56	
45	1	T 168	124	40	40	P 160	116	56	56	
46	1	T 170	125	40	40	P 164	120	52	52	
47	1	T 172	126	40	40	P 164	120	56	52	
48	1	T 174	127	40	40	P 168	120	52	56	
49	1	T 176	128	40	40	P 168	120	56	56	
50	1	T 178	129	40	40	P 172	124	52	52	
51	1	T 180	130	40	40	P 172	124	56	52	
52	1	T 182	131	40	40	P 176	124	52	56	
53	1	T 184	132	40	40	P 176	124	56	56	
54	1	T 186	133	40	40	P 180	128	52	52	
55	1	T 188	134	40	40	P 180	128	56	52	
56	1	T 190	135	40	40	P 184	128	52	56	
57	1	T 192	136	40	40	P 184	128	56	56	
58	1	T 194	137	40	40	P 188	132	52	52	
59	1	T 196	138	40	40	P 188	132	56	52	
60	1	T 198	139	40	40	P 192	132	52	56	
61	1	T 200	140	40	40	P 192	132	56	56	
62	1	T 202	141	40	40	P 196	136	52	52	
63	1	T 204	142	40	40	P 196	136	56	52	
64	2	T 206	143	40	40	P 200	136	52	56	P 200	176	40	16	
65	1	T 208	144	40	40	P 200	136	56	56	
66	1	T 210	145	40	40	P 204	140	52	52	
67	1	T 212	146	40	40	P 204	140	56	52	
68	2	T 214	147	40	40	P 208	140	52	56	P 208	180	40	16	
69	2	T 216	148	40	40	P 208	140	56	56	P 208	184	36	12	
70	1	T 218	149	40	40	P 212	144	52	52	
71	1	T 220	150	40	40	P 212	144	56	52	
72	2	T 222	151	40	40	P 216	144	52	56	P 216	184	40	16	
73	2	T 224	152	40	40	P 216	144	56	56	P 216	188	36	12	
74	2	T 226	153	40	40	P 220	148	52	52	P 220	188	36	12	
75	1	T 228	154	40	40	P 220	148	56	52	
76	2	T 230	155	40	40	P 224	148	52	56	P 224	188	40	16	
77	2	T 232	156	40	40	P 224	148	56	56	P 224	188	40	16	
78	2	T 234	157	40	40	P 228	152	52	52	P 228	188	40	16	
79	2	T 236	158	40	40	P 228	152	56	52	P 228	192	36	12	
80	2	T 238	159	40	40	P 232	152	52	56	P 232	192	40	16	
81	2	T 240	160	40	40	P 232	152	56	56	P 232	192	40	16	
82	2	T 242	161	40	40	P 236	156	52	52	P 236	192	40	16	
83	2	T 244	162	40	40	P 236	156	56	52	P 236	196	36	12	
84	2	T 246	163	40	40	P 240	156	52	56	P 240	192	44	20	
85	2	T 248	164	40	40	P 240	156	56	56	P 240	196	40	16	
86	2	T 250	165	40	40	P 244	160	52	52	P 244	196	40	16	
87	2	T 252	166	40	40	P 244	160	56	52	P 244	196	40	16	
88	2	T 254	167	40	40	P 248	160	52	56	P 248	196	44	20	
89	2	T 256	168	40	40	P 248	160	56	56	P 248	200	40	16	
90	2	T 258	169	40	40	P 252	164	52	52	P 252	200	40	16	
91	2	T 260	170	40	40	P 252	164	56	52	P 252	200	40	16	
92	2	T 262	171	40	40	P 256	164	52	56	P 256	192	36	28	
93	2	T 264	172	40	40	P 256	164	56	56	P 256	204	40	16	
94	1	T 266	173	40	40	P 260	168	52	52	
95	2	T 268	174	40	40	P 260	168	56	52	P 260	204	40	16	
96	2	T 270	175	40	40	P 264	168	52	56	P 264	196	36	28	
97	2	T 272	176	40	40	P 264	168	56	40	P 264	196	56	28	
98	1	T 274	177	40	40	P 268	172	52	52	
99	2	T 276	178	40	40	P 268	172	56	52	P 268	204	44	20	
100	2	T 278	179	40	40	P 272	172	52	56	P 272	204	32	24	
101	2	T 280	180	40	40	P 272	172	56	40	P 272	200	56	28	
102	1	T 282	181	40	40	P 276	176	52	52	
103	2	T 284	182	40	40	P 276	176	56	52	P 276	208	44	20	
104	1	T 286	183	40	40	P 280	176	52	56	
105	2	T 288	184	40	40	P 280	176	56	56	P 280	208	48	24	
106	1	T 290	185	40	40	P 284	180	52	52	
107	1	T 292	186	40	40	P 284	180	56	52	
108	1	T 294	187	40	40	P 288	180	52	56	
109	1	T 296	188	40	40	P 288	180	56	56	
110	1	T 298	189	40	40	P 292	184	52	52	
111	1	T 300	190	40	40	P 292	184	56	52	
112	1	T 302	191	40	40	P 296	184	52	56	
113	1	T 304	192	40	40	P 296	184	56	56	
114	1	T 306	193	40	40	P 300	188	52	52	
115	1	T 308	194	40	40	P 300	188	56	52	
116	1	T 310	195	40	40	P 304	188	52	56	
117	1	T 312	196	40	40	P 304	188	56	56	
118	1	T 314	197	40	40	P 308	192	52	52	
119	1	T 316	198	40	40	P 308	192	56	52	
120	1	T 318	199	40	40	P 312	192	52	56	
121	1	T 320	200	40	40	P 312	192	56	56	
122	1	T 322	201	40	40	P 316	196	52	52	
123	1	T 324	202	40	40	P 316	196	56	52	
124	1	T 326	203	40	40	P 320	196	52	56	
125	1	T 328	204	40	40	P 320	196	56	56	
126	1	T 330	205	40	40	P 324	200	52	52	
127	1	T 332	206	40	40	P 324	200	56	52	
128	1	T 334	207	40	40	P 328	200	52	56	
129	1	T 336	208	40	40	P 328	200	56	56	
130	1	T 338	209	40	40	P 332	204	52	52	
131	1	T 340	210	40	40	P 332	204	56	52	
132	1	T 342	211	40	40	P 336	204	52	56	
133	1	T 344	212	40	40	P 336	204	56	56	
134	1	T 346	213	40	40	P 340	208	52	52	
135	1	T 348	214	40	40	P 340	208	56	52	
136	1	T 350	215	40	40	P 344	208	52	56	
137	1	T 352	216	40	40	P 344	208	56	56	
138	1	T 354	217	40	40	P 348	212	52	52	
139	1	T 356	218	40	40	P 348	212	56	52	
140	1	T 358	219	40	40	P 352	212	52	56	
141	1	T 360	220	40	40	P 352	212	56	56	
142	1	T 362	221	40	40	P 356	216	52	52	
143	1	T 364	222	40	40	P 356	216	56	52	
144	1	T 366	223	40	40	P 354	216	60	60	
145	1	T 368	224	40	40	P 352	208	73	73	
146	1	T 370	225	40	40	P 360	208	65	73	
147	1	T 372	226	40	40	P 360	216	65	65	
148	1	T 374	227	40	40	P 360	216	65	65	
149	1	T 376	228	40	40	P 360	216	73	65	
150	1	T 378	229	40	40	P 366	222	60	60	
151	1	T 380	230	40	40	P 372	224	56	52	
152	1	T 382	231	40	40	P 378	228	48	48	
153	1	T 384	232	40	40	P 380	228	48	48	
154	1	T 386	233	40	40	P 382	230	48	48	
155	1	T 388	234	40	40	P 384	230	48	48	
156	1	T 390	235	40	40	P 386	232	48	48	
157	1	T 392	236	40	40	P 388	232	48	48	
158	1	T 394	237	40	40	P 390	234	48	48	
159	1	T 396	238	40	40	P 392	234	48	48	
160	1	T 398	239	40	40	P 394	236	48	48	
161	1	T 400	240	40	40	P 396	236	48	48	
162	1	T 402	241	40	40	P 398	238	48	48	
163	1	T 404	242	40	40	P 400	238	48	48	
164	1	T 406	243	40	40	P 402	240	48	48	
165	1	T 408	244	40	40	P 404	240	48	48	
166	1	T 410	245	40	40	P 406	242	48	48	
167	1	T 412	246	40	40	P 408	242	48	48	
168	1	T 414	247	40	40	P 410	244	48	48	
169	1	T 416	248	40	40	P 412	244	48	48	
170	1	T 418	249	40	40	P 414	246	48	48	
171	1	T 420	250	40	40	P 416	246	48	48	
172	1	T 422	251	40	40	P 418	248	48	48	
173	1	T 424	252	40	40	P 420	248	48	48	
174	1	T 426	253	40	40	P 422	250	48	48	
175	1	T 428	254	40	40	P 424	250	48	48	
176	1	T 430	255	40	40	P 426	252	48	48	
177	1	T 432	256	40	40	P 428	252	48	48	
178	1	T 434	257	40	40	P 430	254	48	48	
179	1	T 436	258	40	40	P 432	254	48	48	
180	1	T 438	259	40	40	P 434	256	48	48	
181	1	T 440	260	40	40	P 436	256	48	48	
182	1	T 442	261	40	40	P 438	258	48	48	
183	1	T 444	262	40	40	P 440	258	48	48	
184	1	T 446	263	40	40	P 442	260	48	48	
185	1	T 448	264	40	40	P 444	260	48	48	
186	1	T 450	265	40	40	P 446	262	48	48	
187	1	T 452	266	40	40	P 448	262	48	48	
188	1	T 454	267	40	40	P 450	264	48	48	
189	1	T 456	268	40	40	P 452	264	48	48	
190	1	T 458	269	40	40	P 454	266	48	48	
191	1	T 460	270	40	40	P 456	266	48	48	
192	1	T 462	271	40	40	P 458	268	48	48	
193	1	T 464	272	40	40	P 460	268	48	48	
194	1	T 466	273	40	40	P 462	270	48	48	
195	1	T 468	274	40	40	P 464	270	48	48	
196	1	T 470	275	40	40	P 466	272	48	48	
197	1	T 472	276	40	40	P 468	272	48	48	
198	1	T 474	277	40	40	P 470	274	48	48	
199	1	T 476	278	40	40	P 472	274	48	48	
200	1	T 478	279	40	40	P 474	276	48	48	
201	1	T 480	280	40	40	P 476	276	48	48	
202	1	T 482	281	40	40	P 478	278	48	48	
203	1	T 484	282	40	40	P 480	278	48	48	
204	1	T 486	283	40	40	P 482	280	48	48	
205	1	T 488	284	40	40	P 484	280	48	48	
206	1	T 490	285	40	40	P 486	282	48	48	
207	1	T 492	286	40	40	P 488	282	48	48	
208	1	T 494	287	40	40	P 490	284	48	48	
209	1	T 496	288	40	40	P 492	284	48	48	
210	1	T 498	289	40	40	P 494	286	48	48	
211	1	T 500	290	40	40	P 496	286	48	48	
212	1	T 502	291	40	40	P 498	288	48	48	
213	1	T 504	292	40	40	P 500	288	48	48	
214	1	T 506	293	40	40	P 502	290	48	48	
215	1	T 508	294	40	40	P 504	290	48	48	
216	1	T 510	295	40	40	P 506	292	48	48	
217	1	T 512	296	40	40	P 508	292	48	48	
218	1	T 514	297	40	40	P 510	294	48	48	
219	1	T 516	298	40	40	P 512	294	48	48	
220	1	T 518	299	40	40	P 514	296	48	48	
221	1	T 520	300	40	40	P 516	296	48	48	
222	1	T 522	301	40	40	P 518	298	48	48	
223	1	T 524	302	40	40	P 520	298	48	48	
224	1	T 526	303	40	40	P 522	300	48	48	
225	1	T 528	304	40	40	P 524	300	48	48	
226	1	T 530	305	40	40	P 526	302	48	48	
227	1	T 532	306	40	40	P 528	302	48	48	
228	1	T 534	307	40	40	P 530	304	48	48	
229	1	T 536	308	40	40	P 532	304	48	48	
230	1	T 538	309	40	40	P 534	306	48	48	
231	1	T 540	310	40	40	P 536	306	48	48	
232	1	T 542	311	40	40	P 538	308	48	48	
233	1	T 544	312	40	40	P 540	308	48	48	
234	1	T 546	313	40	40	P 542	310	48	48	
235	1	T 548	314	40	40	P 544	310	48	48	
236	1	T 550	315	40	40	P 546	312	48	48	
237	1	T 552	316	40	40	P 548	312	48	48	
238	1	T 554	317	40	40	P 550	314	48	48	
239	1	T 556	318	40	40	P 552	314	48	48	
240	1	T 558	319	40	40	P 554	316	48	48	
241	1	T 560	320	40	40	P 556	316	48	48	
242	1	T 562	321	40	40	P 558	318	48	48	
243	1	T 564	322	40	40	P 560	318	48	48	
244	1	T 566	323	40	40	P 562	320	48	48	
245	1	T 568	324	40	40	P 564	320	48	48	
246	1	T 570	325	40	40	P 566	322	48	48	
247	1	T 572	326	40	40	P 568	322	48	48	
248	1	T 574	327	40	40	P 570	324	48	48	
249	1	T 576	328	40	40	P 572	324	48	48	
250	1	T 578	329	40	40	P 574	326	48	48	
251	1	T 580	330	40	40	P 576	326	48	48	
252	1	T 582	331	40	40	P 578	328	48	48	
253	1	T 584	332	40	40	P 580	328	48	48	
254	1	T 586	333	40	40	P 582	330	48	48	
255	1	T 588	334	40	40	P 584	330	48	48	
256	1	T 590	335	40	40	P 586	332	48	48	
257	1	T 592	336	40	40	P 588	332	48	48	
258	1	T 594	337	40	40	P 590	334	48	48	
259	1	T 596	338	40	40	P 592	334	48	48	
260	1	T 598	339	40	40	P 594	336	48	48	
261	1	T 600	340	40	40	P 596	336	48	48	
262	1	T 602	341	40	40	P 598	338	48	48	
263	1	T 604	342	40	40	P 600	338	48	48	
264	1	T 606	343	40	40	P 602	340	48	48	
265	1	T 608	344	40	40	P 604	340	48	48	
266	1	T 610	345	40	40	P 606	342	48	48	
267	1	T 612	346	40	40	P 608	342	48	48	
268	1	T 614	347	40	40	P 610	344	48	48	
269	1	T 616	348	40	40	P 612	344	48	48	
270	1	T 618	349	40	40	P 614	346	48	48	
271	1	T 620	350	40	40	P 616	346	48	48	
272	1	T 622	351	40	40	P 618	348	48	48	
273	1	T 624	352	40	40	P 620	348	48	48	
274	1	T 626	353	40	40	P 622	350	48	48	
275	1	T 628	354	40	40	P 624	350	48	48	
276	1	T 630	355	40	40	P 626	352	48	48	
277	1	T 632	356	40	40	P 628	352	48	48	
278	1	T 634	357	40	40	P 630	354	48	48	
279	1	T 636	358	40	40	P 632	354	48	48	
280	1	T 638	359	40	40	P 634	356	48	48	
281	1	T 640	360	40	40	P 636	356	48	48	
282	1	T 642	361	40	40	P 638	358	48	48	
283	1	T 644	362	40	40	P 640	358	48	48	
284	1	T 646	363	40	40	P 642	360	48	48	
285	1	T 648	364	40	40	P 644	360	48	48	
286	1	T 650	365	40	40	P 646	362	48	48	
287	1	T 652	366	40	40	P 648	362	48	48	
288	1	T 654	367	40	40	P 650	364	48	48	
289	1	T 656	368	40	40	P 652	364	48	48	
290	1	T 658	369	40	40	P 654	366	48	48	
291	1	T 660	370	40	40	P 656	366	48	48	
292	1	T 658	371	40	40	P 654	368	48	48	
293	1	T 656	372	40	40	P 652	368	48	48	
294	1	T 654	373	40	40	P 650	370	48	48	
295	1	T 652	374	40	40	P 648	370	48	48	
296	1	T 650	375	40	40	P 646	372	48	48	
297	1	T 648	376	40	40	P 644	372	48	48	
298	1	T 646	377	40	40	P 642	374	48	48	
299	1	T 644	378	40	40	P 640	374	48	48	
300	1	T 642	379	40	40	P 638	376	48	48	
301	1	T 640	380	40	40	P 636	376	48	48	
302	1	T 638	381	40	40	P 634	378	48	48	
303	1	T 636	382	40	40	P 632	378	48	48	
304	1	T 634	383	40	40	P 630	380	48	48	
305	1	T 632	384	40	40	P 628	380	48	48	
306	1	T 630	385	40	40	P 626	382	48	48	
307	1	T 628	386	40	40	P 624	382	48	48	
308	1	T 626	387	40	40	P 622	384	48	48	
309	1	T 624	388	40	40	P 620	384	48	48	
310	1	T 622	389	40	40	P 618	386	48	48	
311	1	T 620	390	40	40	P 616	386	48	48	
312	1	T 618	391	40	40	P 614	388	48	48	
313	1	T 616	392	40	40	P 612	388	48	48	
314	1	T 614	393	40	40	P 610	390	48	48	
315	1	T 612	394	40	40	P 608	390	48	48	
316	1	T 610	395	40	40	P 606	392	48	48	
317	1	T 608	396	40	40	P 604	392	48	48	
318	1	T 606	397	40	40	P 602	394	48	48	
319	1	T 604	398	40	40	P 600	394	48	48	
320	1	T 602	399	40	40	P 598	396	48	48	
321	1	T 600	400	40	40	P 596	396	48	48	
322	1	T 598	401	40	40	P 594	398	48	48	
323	1	T 596	402	40	40	P 592	398	48	48	
324	1	T 594	403	40	40	P 590	400	48	48	
325	1	T 592	404	40	40	P 588	400	48	48	
326	1	T 590	405	40	40	P 586	402	48	48	
327	1	T 588	406	40	40	P 584	402	48	48	
328	1	T 586	407	40	40	P 582	404	48	48	
329	1	T 584	408	40	40	P 580	404	48	48	
330	1	T 582	409	40	40	P 578	406	48	48	
331	1	T 580	410	40	40	P 576	406	48	48	
332	1	T 578	411	40	40	P 574	408	48	48	
333	1	T 576	412	40	40	P 572	408	48	48	
334	1	T 574	413	40	40	P 570	410	48	48	
335	1	T 572	414	40	40	P 568	410	48	48	
336	1	T 570	415	40	40	P 566	412	48	48	
337	1	T 568	416	40	40	P 564	412	48	48	
338	1	T 566	417	40	40	P 562	414	48	48	
339	1	T 564	418	40	40	P 560	414	48	48	
340	1	T 562	419	40	40	P 558	416	48	48	
341	1	T 560	420	40	40	P 556	416	48	48	
342	1	T 558	419	40	40	P 554	416	48	48	
343	1	T 556	418	40	40	P 552	414	48	48	
344	1	T 554	417	40	40	P 550	414	48	48	
345	1	T 552	416	40	40	P 548	412	48	48	
346	1	T 550	415	40	40	P 546	412	48	48	
347	1	T 548	414	40	40	P 544	410	48	48	
348	1	T 546	413	40	40	P 542	410	48	48	
349	1	T 544	412	40	40	P 540	408	48	48	
350	1	T 542	411	40	40	P 538	408	48	48	
351	1	T 540	410	40	40	P 536	406	48	48	
352	1	T 538	409	40	40	P 534	406	48	48	
353	1	T 536	408	40	40	P 532	404	48	48	
354	1	T 534	407	40	40	P 530	404	48	48	
355	1	T 532	406	40	40	P 528	402	48	48	
356	1	T 530	405	40	40	P 526	402	48	48	
357	1	T 528	404	40	40	P 524	400	48	48	
358	1	T 526	403	40	40	P 522	400	48	48	
359	1	T 524	402	40	40	P 520	398	48	48	
360	1	T 522	401	40	40	P 518	398	48	48	
361	1	T 520	400	40	40	P 516	396	48	48	
362	1	T 518	399	40	40	P 514	396	48	48	
363	1	T 516	398	40	40	P 512	394	48	48	
364	1	T 514	397	40	40	P 510	394	48	48	
365	1	T 512	396	40	40	P 508	392	48	48	
366	1	T 510	395	40	40	P 506	392	48	48	
367	1	T 508	394	40	40	P 504	390	48	48	
368	1	T 506	393	40	40	P 502	390	48	48	
369	1	T 504	392	40	40	P 500	388	48	48	
370	1	T 502	391	40	40	P 498	388	48	48	
371	1	T 500	390	40	40	P 496	386	48	48	
372	1	T 498	389	40	40	P 494	386	48	48	
373	1	T 496	388	40	40	P 492	384	48	48	
374	1	T 494	387	40	40	P 490	384	48	48	
375	1	T 492	386	40	40	P 488	382	48	48	
376	1	T 490	385	40	40	P 486	382	48	48	
377	1	T 488	384	40	40	P 484	380	48	48	
378	1	T 486	383	40	40	P 482	380	48	48	
379	1	T 484	382	40	40	P 480	378	48	48	
380	1	T 482	381	40	40	P 478	378	48	48	
381	1	T 480	380	40	40	P 476	376	48	48	
382	1	T 478	379	40	40	P 474	376	48	48	
383	1	T 476	378	40	40	P 472	374	48	48	
384	1	T 474	377	40	40	P 470	374	48	48	
385	1	T 472	376	40	40	P 468	372	48	48	
386	1	T 470	375	40	40	P 466	372	48	48	
387	1	T 468	374	40	40	P 464	370	48	48	
388	1	T 466	373	40	40	P 462	370	48	48	
389	1	T 464	372	40	40	P 460	368	48	48	
390	1	T 462	371	40	40	P 458	368	48	48	
391	1	T 460	370	40	40	P 456	366	48	48	
392	1	T 458	369	40	40	P 454	366	48	48	
393	1	T 456	368	40	40	P 452	364	48	48	
394	1	T 454	367	40	40	P 450	364	48	48	
395	1	T 452	366	40	40	P 448	362	48	48	
396	1	T 450	365	40	40	P 446	362	48	48	
397	1	T 448	364	40	40	P 444	360	48	48	
398	1	T 446	363	40	40	P 442	360	48	48	
399	1	T 444	362	40	40	P 440	358	48	48	
400	1	T 442	361	40	40	P 438	358	48	48	
401	1	T 440	360	40	40	P 436	356	48	48	
402	1	T 438	359	40	40	P 434	356	48	48	
403	1	T 436	358	40	40	P 432	354	48	48	
404	1	T 434	357	40	40	P 430	354	48	48	
405	1	T 432	356	40	40	P 428	352	48	48	
406	1	T 430	355	40	40	P 426	352	48	48	
407	1	T 428	354	40	40	P 424	350	48	48	
408	1	T 426	353	40	40	P 422	350	48	48	
409	1	T 424	352	40	40	P 420	348	48	48	
410	1	T 422	351	40	40	P 418	348	48	48	
411	1	T 420	350	40	40	P 416	346	48	48	
412	1	T 418	349	40	40	P 414	346	48	48	
413	1	T 416	348	40	40	P 412	344	48	48	
414	1	T 414	347	40	40	P 410	344	48	48	
415	1	T 412	346	40	40	P 408	342	48	48	
416	1	T 410	345	40	40	P 406	342	48	48	
417	1	T 408	344	40	40	P 404	340	48	48	
418	1	T 406	343	40	40	P 402	340	48	48	
419	1	T 404	342	40	40	P 400	338	48	48	
420	1	T 402	341	40	40	P 398	338	48	48	
421	1	T 400	340	40	40	P 396	336	48	48	
422	1	T 398	339	40	40	P 394	336	48	48	
423	1	T 396	338	40	40	P 392	334	48	48	
424	1	T 394	337	40	40	P 390	334	48	48	
425	1	T 392	336	40	40	P 388	332	48	48	
426	1	T 390	335	40	40	P 386	332	48	48	
427	1	T 388	334	40	40	P 384	330	48	48	
428	1	T 386	333	40	40	P 382	330	48	48	
429	1	T 384	332	40	40	P 380	328	48	48	
430	1	T 382	331	40	40	P 378	328	48	48	
431	1	T 380	330	40	40	P 376	326	48	48	
432	1	T 378	329	40	40	P 374	326	48	48	
433	1	T 376	328	40	40	P 372	324	48	48	
434	1	T 374	327	40	40	P 370	324	48	48	
435	1	T 372	326	40	40	P 368	322	48	48	
436	1	T 370	325	40	40	P 366	322	48	48	
437	1	T 368	324	40	40	P 364	320	48	48	
438	1	T 366	323	40	40	P 362	320	48	48	
439	1	T 364	322	40	40	P 360	318	48	48	
440	1	T 362	321	40	40	P 358	318	48	48	
441	1	T 360	320	40	40	P 356	316	48	48	
442	1	T 358	319	40	40	P 354	316	48	48	
443	1	T 356	318	40	40	P 352	314	48	48	
444	1	T 354	317	40	40	P 350	314	48	48	
445	1	T 352	316	40	40	P 348	312	48	48	
446	1	T 350	315	40	40	P 346	312	48	48	
447	1	T 348	314	40	40	P 344	310	48	48	
448	1	T 346	313	40	40	P 342	310	48	48	
449	1	T 344	312	40	40	P 340	308	48	48	
450	1	T 342	311	40	40	P 338	308	48	48	
451	1	T 340	310	40	40	P 336	306	48	48	
452	1	T 338	309	40	40	P 334	306	48	48	
453	1	T 336	308	40	40	P 332	304	48	48	
454	1	T 334	307	40	40	P 330	304	48	48	
455	1	T 332	306	40	40	P 328	302	48	48	
456	1	T 330	305	40	40	P 326	302	48	48	
457	1	T 328	304	40	40	P 324	300	48	48	
458	1	T 326	303	40	40	P 322	300	48	48	
459	1	T 324	302	40	40	P 320	298	48	48	
460	1	T 322	301	40	40	P 318	298	48	48	
461	1	T 320	300	40	40	P 316	296	48	48	
462	1	T 318	299	40	40	P 314	296	48	48	
463	1	T 316	298	40	40	P 312	294	48	48	
464	1	T 314	297	40	40	P 310	294	48	48	
465	1	T 312	296	40	40	P 308	292	48	48	
466	1	T 310	295	40	40	P 306	292	48	48	
467	1	T 308	294	40	40	P 304	290	48	48	
468	1	T 306	293	40	40	P 302	290	48	48	
469	1	T 304	292	40	40	P 300	288	48	48	
470	1	T 302	291	40	40	P 298	288	48	48	
471	1	T 300	290	40	40	P 296	286	48	48	
472	1	T 298	289	40	40	P 294	286	48	48	
473	1	T 296	288	40	40	P 292	284	48	48	
474	1	T 294	287	40	40	P 290	284	48	48	
475	1	T 292	286	40	40	P 288	282	48	48	
476	1	T 290	285	40	40	P 286	282	48	48	
477	1	T 288	284	40	40	P 284	280	48	48	
478	1	T 286	283	40	40	P 282	280	48	48	
479	1	T 284	282	40	40	P 280	278	48	48	
480	1	T 282	281	40	40	P 278	278	48	48	
481	1	T 280	280	40	40	P 276	276	48	48	
482	1	T 278	279	40	40	P 274	276	48	48	
483	1	T 276	278	40	40	P 272	274	48	48	
484	1	T 274	277	40	40	P 270	274	48	48	
485	1	T 272	276	40	40	P 268	272	48	48	
486	1	T 270	275	40	40	P 266	272	48	48	
487	1	T 268	274	40	40	P 264	270	48	48	
488	1	T 266	273	40	40	P 262	270	48	48	
489	1	T 264	272	40	40	P 260	268	48	48	
490	1	T 262	271	40	40	P 258	268	48	48	
491	1	T 260	270	40	40	P 256	266	48	48	
492	1	T 258	269	40	40	P 254	266	48	48	
493	1	T 256	268	40	40	P 252	264	48	48	
494	1	T 254	267	40	40	P 250	264	48	48	
495	1	T 252	266	40	40	P 248	262	48	48	
496	1	T 250	265	40	40	P 246	262	48	48	
497	1	T 248	264	40	40	P 244	260	48	48	
498	1	T 246	263	40	40	P 242	260	48	48	
499	1	T 244	262	40	40	P 240	258	48	48	
500	1	T 242	261	40	40	P 238	258	48	48	
501	1	T 240	260	40	40	P 236	256	48	48	
502	1	T 238	259	40	40	P 234	256	48	48	
503	1	T 236	258	40	40	P 232	254	48	48	
504	1	T 234	257	40	40	P 230	254	48	48	
505	1	T 232	256	40	40	P 228	252	48	48	
506	1	T 230	255	40	40	P 226	252	48	48	
507	1	T 228	254	40	40	P 224	250	48	48	
508	1	T 226	253	40	40	P 222	250	48	48	
509	1	T 224	252	40	40	P 220	248	48	48	
510	1	T 222	251	40	40	P 218	248	48	48	
511	1	T 220	250	40	40	P 216	246	48	48	
512	1	T 218	249	40	40	P 214	246	48	48	
513	1	T 216	248	40	40	P 212	244	48	48	
514	1	T 214	247	40	40	P 210	244	48	48	
515	1	T 212	246	40	40	P 208	242	48	48	
516	1	T 210	245	40	40	P 206	242	48	48	
517	1	T 208	244	40	40	P 204	240	48	48	
518	1	T 206	243	40	40	P 202	240	48	48	
519	1	T 204	242	40	40	P 200	238	48	48	
520	1	T 202	241	40	40	P 198	238	48	48	
521	1	T 200	240	40	40	P 196	236	48	48	
522	1	T 198	239	40	40	P 194	236	48	48	
523	1	T 196	238	40	40	P 192	234	48	48	
524	1	T 194	237	40	40	P 190	234	48	48	
525	1	T 192	236	40	40	P 188	232	48	48	
526	1	T 190	235	40	40	P 186	232	48	48	
527	1	T 188	234	40	40	P 184	230	48	48	
528	1	T 186	233	40	40	P 182	230	48	48	
529	1	T 184	232	40	40	P 180	228	48	48	
530	1	T 182	231	40	40	P 178	228	48	48	
531	1	T 180	230	40	40	P 176	226	48	48	
532	1	T 178	229	40	40	P 174	226	48	48	
533	1	T 176	228	40	40	P 172	224	48	48	
534	1	T 174	227	40	40	P 170	224	48	48	
535	1	T 172	226	40	40	P 168	222	48	48	
536	1	T 170	225	40	40	P 166	222	48	48	
537	1	T 168	224	40	40	P 164	220	48	48	
538	1	T 166	223	40	40	P 162	220	48	48	
539	1	T 164	222	40	40	P 160	218	48	48	
540	1	T 162	221	40	40	P 158	218	48	48	
541	1	T 160	220	40	40	P 156	216	48	48	
542	1	T 158	219	40	40	P 154	216	48	48	
543	1	T 156	218	40	40	P 152	214	48	48	
544	1	T 154	217	40	40	P 150	214	48	48	
545	1	T 152	216	40	40	P 148	212	48	48	
546	1	T 150	215	40	40	P 146	212	48	48	
547	1	T 148	214	40	40	P 144	210	48	48	
548	1	T 146	213	40	40	P 142	210	48	48	
549	1	T 144	212	40	40	P 140	208	48	48	
550	1	T 142	211	40	40	P 138	208	48	48	
551	1	T 140	210	40	40	P 136	206	48	48	
552	1	T 138	209	40	40	P 134	206	48	48	
553	1	T 136	208	40	40	P 132	204	48	48	
554	1	T 134	207	40	40	P 130	204	48	48	
555	1	T 132	206	40	40	P 128	202	48	48	
556	1	T 130	205	40	40	P 126	202	48	48	
557	1	T 128	204	40	40	P 124	200	48	48	
558	1	T 126	203	40	40	P 122	200	48	48	
559	1	T 124	202	40	40	P 120	198	48	48	
560	1	T 122	201	40	40	P 118	198	48	48	
561	1	T 120	200	40	40	P 116	196	48	48	
562	1	T 118	199	40	40	P 114	196	48	48	
563	1	T 116	198	40	40	P 112	194	48	48	
564	1	T 114	197	40	40	P 110	194	48	48	
565	1	T 112	196	40	40	P 108	192	48	48	
566	1	T 110	195	40	40	P 106	192	48	48	
567	1	T 108	194	40	40	P 104	190	48	48	
568	1	T 106	193	40	40	P 102	190	48	48	
569	1	T 104	192	40	40	P 100	188	48	48	
570	1	T 102	191	40	40	P 98	188	48	48	
571	1	T 100	190	40	40	P 96	186	48	48	
572	1	T 98	189	40	40	P 94	186	48	48	
573	1	T 96	188	40	40	P 92	184	48	48	
574	1	T 94	187	40	40	P 90	184	48	48	
575	1	T 92	186	40	40	P 88	182	48	48	
576	1	T 90	185	40	40	P 86	182	48	48	
577	1	T 88	184	40	40	P 84	180	48	48	
578	1	T 86	183	40	40	P 82	180	48	48	
579	1	T 84	182	40	40	P 80	178	48	48	
580	1	T 82	181	40	40	P 78	178	48	48	
581	1	T 80	180	40	40	P 76	176	48	48	
582	1	T 78	179	40	40	P 74	176	48	48	
583	1	T 76	178	40	40	P 72	174	48	48	
584	1	T 74	177	40	40	P 70	174	48	48	
585	1	T 72	176	40	40	P 68	172	48	48	
586	1	T 70	175	40	40	P 66	172	48	48	
587	1	T 68	174	40	40	P 64	170	48	48	
588	1	T 66	173	40	40	P 62	170	48	48	
589	1	T 64	172	40	40	P 60	168	48	48	
590	1	T 62	171	40	40	P 58	168	48	48	
591	1	T 60	170	40	40	P 56	166	48	48	
592	1	T 58	169	40	40	P 54	166	48	48	
593	1	T 56	168	40	40	P 52	164	48	48	
594	1	T 54	167	40	40	P 50	164	48	48	
595	1	T 52	166	40	40	P 48	162	48	48	
596	1	T 50	165	40	40	P 46	162	48	48	
597	1	T 48	164	40	40	P 44	160	48	48	
598	1	T 46	163	40	40	P 42	160	48	48	
599	1	T 44	162	40	40	P 40	158	48	48	
600	1	T 42	161	40	40	P 38	158	48	48	
601	1	T 40	160	40	40	P 36	156	48	48	
602	1	T 38	159	40	40	P 34	156	48	48	
603	1	T 36	158	40	40	P 32	154	48	48	
604	1	T 34	157	40	40	P 30	154	48	48	
605	1	T 32	156	40	40	P 28	152	48	48	
606	1	T 30	155	40	40	P 26	152	48	48	
607	1	T 28	154	40	40	P 24	150	48	48	
608	1	T 26	153	40	40	P 22	150	48	48	
609	1	T 24	152	40	40	P 20	148	48	48	
610	1	T 22	151	40	40	P 18	148	48	48	
611	1	T 20	150	40	40	P 16	146	48	48	
612	1	T 22	149	40	40	P 18	146	48	48	
613	1	T 24	148	40	40	P 20	144	48	48	
614	1	T 26	147	40	40	P 22	144	48	48	
615	1	T 28	146	40	40	P 24	142	48	48	
616	1	T 30	145	40	40	P 26	142	48	48	
617	1	T 32	144	40	40	P 28	140	48	48	
618	1	T 34	143	40	40	P 30	140	48	48	
619	1	T 36	142	40	40	P 32	138	48	48	
620	1	T 38	141	40	40	P 34	138	48	48	
621	1	T 40	140	40	40	P 36	136	48	50	
622	1	T 42	139	40	40	P 38	136	48	48	
623	1	T 44	138	40	40	P 40	134	48	48	
624	1	T 46	137	40	40	P 42	134	48	48	
625	1	T 48	136	40	40	P 44	132	48	48	
626	1	T 50	135	40	40	P 46	132	48	48	
627	1	T 52	134	40	40	P 48	130	48	48	
628	1	T 54	133	40	40	P 50	130	48	48	
629	1	T 56	132	40	40	P 52	128	48	48	
630	1	T 58	131	40	40	P 54	128	48	48	
631	1	T 60	130	40	40	P 56	126	48	48	
632	1	T 62	129	40	40	P 58	126	48	48	
633	1	T 64	128	40	40	P 60	124	48	48	
634	1	T 66	127	40	40	P 62	124	48	48	
635	1	T 68	126	40	40	P 64	122	48	48	
636	1	T 70	125	40	40	P 66	122	48	48	
637	1	T 72	124	40	40	P 68	120	48	48	
638	1	T 74	123	40	40	P 70	120	48	48	
639	1	T 76	122	40	40	P 72	118	48	48	
640	1	T 78	121	40	40	P 74	118	48	48	
641	1	T 80	120	40	40	P 76	116	48	48	
642	1	T 82	119	40	40	P 78	116	48	48	
643	1	T 84	118	40	40	P 80	114	48	48	
644	1	T 86	117	40	40	P 82	114	48	48	
645	1	T 88	116	40	40	P 84	112	48	48	
646	1	T 90	115	40	40	P 86	112	48	48	
647	1	T 92	114	40	40	P 88	110	48	48	
648	1	T 94	113	40	40	P 90	110	48	48	
649	1	T 96	112	40	40	P 92	108	48	48	
650	1	T 98	111	40	40	P 94	108	48	48	
651	1	T 100	110	40	40	P 96	106	48	48	
652	1	T 102	109	40	40	P 98	106	48	48	
653	1	T 104	108	40	40	P 100	104	48	48	
654	1	T 106	107	40	40	P 102	104	48	48	
655	2	T 108	106	40	40	P 104	102	48	40	P 104	120	48	30	
656	2	T 110	105	40	40	P 106	102	48	40	P 106	120	48	30	
657	2	T 112	104	40	40	P 108	108	48	40	P 120	100	36	18	
658	3	T 114	103	40	40	P 110	106	16	22	P 110	122	48	26	P 120	100	38	26	
659	2	T 116	102	40	40	P 112	98	48	48	P 120	98	32	12	
660	2	T 118	101	40	40	P 114	98	48	40	P 118	98	40	12	
661	3	T 120	100	40	40	P 116	104	14	32	P 118	96	46	40	P 128	130	36	14	
662	2	T 122	99	40	40	P 118	96	48	48	P 118	116	44	28	
663	1	T 124	98	40	40	P 120	94	48	48	
664	1	T 126	97	40	40	P 122	94	48	48	
665	1	T 128	96	40	40	P 124	92	48	48	
666	1	T 130	95	40	40	P 126	92	48	48	
667	1	T 132	94	40	40	P 128	90	48	48	
668	1	T 134	93	40	40	P 130	90	48	48	
669	1	T 136	92	40	40	P 132	88	48	48	
670	1	T 138	91	40	40	P 134	88	48	48	
671	1	T 140	90	40	40	P 136	86	48	48	
672	1	T 142	89	40	40	P 138	86	48	48	
673	1	T 144	88	40	40	P 140	84	48	48	
674	1	T 146	87	40	40	P 142	84	48	48	
675	1	T 148	86	40	40	P 144	82	48	48	
676	1	T 150	85	40	40	P 146	82	48	48	
677	1	T 152	84	40	40	P 148	80	48	48	
678	1	T 154	83	40	40	P 150	80	48	48	
679	1	T 156	82	40	40	P 152	78	48	48	
680	1	T 158	81	40	40	P 154	78	48	48	
681	1	T 160	80	40	40	P 156	76	48	48	
682	1	T 162	79	40	40	P 158	76	48	48	
683	1	T 164	78	40	40	P 160	74	48	48	
684	1	T 166	77	40	40	P 162	74	48	48	
685	1	T 168	76	40	40	P 164	72	48	48	
686	1	T 170	75	40	40	P 166	72	48	48	
687	1	T 172	74	40	40	P 168	70	48	48	
688	1	T 174	73	40	40	P 170	70	48	48	
689	1	T 176	72	40	40	P 172	68	48	48	
690	1	T 178	71	40	40	P 174	68	48	48	
691	1	T 180	70	40	40	P 176	66	48	48	
692	1	T 182	69	40	40	P 178	66	48	48	
693	1	T 184	68	40	40	P 180	64	48	48	
694	1	T 186	67	40	40	P 182	64	48	48	
695	1	T 188	66	40	40	P 184	62	48	48	
696	1	T 190	65	40	40	P 186	62	48	48	
697	1	T 192	64	40	40	P 188	60	48	48	
698	1	T 194	63	40	40	P 190	60	48	48	
699	1	T 196	62	40	40	P 192	58	48	48	
700	1	T 198	61	40	40	P 194	58	48	48	
701	1	T 200	60	40	40	P 196	56	48	48	
702	1	T 202	59	40	40	P 198	56	48	48	
703	1	T 204	58	40	40	P 200	54	48	48	
704	1	T 206	57	40	40	P 202	54	48	48	
705	1	T 208	56	40	40	P 204	52	48	48	
706	1	T 210	55	40	40	P 206	52	48	48	
707	1	T 212	54	40	40	P 208	50	48	48	
708	1	T 214	53	40	40	P 210	50	48	48	
709	1	T 216	52	40	40	P 212	48	48	48	
710	1	T 218	51	40	40	P 214	48	48	48	
711	1	T 220	50	40	40	P 216	46	48	48	
712	1	T 222	49	40	40	P 218	46	48	48	
713	1	T 224	48	40	40	P 220	44	48	48	
714	1	T 226	47	40	40	P 222	44	48	48	
715	1	T 228	46	40	40	P 224	42	48	48	
716	1	T 230	45	40	40	P 226	42	48	48	
717	1	T 232	44	40	40	P 228	40	48	48	
718	1	T 234	43	40	40	P 230	40	48	48	
719	1	T 236	42	40	40	P 232	38	48	48	
720	1	T 238	41	40	40	P 234	38	48	48	
721	1	T 240	40	40	40	P 236	36	48	48	
722	1	T 242	39	40	40	P 238	36	48	48	
723	1	T 244	38	40	40	P 240	34	48	48	
724	1	T 246	37	40	40	P 242	34	48	48	
725	1	T 248	36	40	40	P 244	32	48	48	
726	1	T 250	35	40	40	P 246	32	48	48	
727	1	T 252	34	40	40	P 248	30	48	48	
728	1	T 254	33	40	40	P 250	30	48	48	
729	1	T 256	32	40	40	P 252	28	48	48	
730	1	T 258	31	40	40	P 254	28	48	48	
731	1	T 260	30	40	40	P 256	26	48	48	
732	1	T 262	29	40	40	P 258	26	48	48	
733	1	T 264	28	40	40	P 260	24	48	48	
734	1	T 266	27	40	40	P 262	24	48	48	
735	1	T 268	26	40	40	P 264	22	48	48	
736	1	T 270	25	40	40	P 266	22	48	48	
737	1	T 272	24	40	40	P 268	20	48	48	
738	1	T 274	23	40	40	P 270	20	48	48	
739	1	T 276	22	40	40	P 272	18	48	48	
740	1	T 278	21	40	40	P 274	18	48	48	
741	1	T 280	20	40	40	P 276	16	48	48	
742	1	T 282	21	40	40	P 278	18	48	48	
743	1	T 284	22	40	40	P 280	18	48	48	
744	1	T 286	23	40	40	P 282	20	48	48	
745	1	T 288	24	40	40	P 284	20	48	48	
746	1	T 290	25	40	40	P 286	22	48	48	
747	1	T 292	26	40	40	P 288	22	48	48	
748	1	T 294	27	40	40	P 290	24	48	48	
749	1	T 296	28	40	40	P 292	24	48	48	
750	1	T 298	29	40	40	P 294	26	48	48	
751	1	T 300	30	40	40	P 296	26	48	48	
752	1	T 302	31	40	40	P 298	28	48	48	
753	1	T 304	32	40	40	P 300	28	48	48	
754	1	T 306	33	40	40	P 302	30	48	48	
755	1	T 308	34	40	40	P 304	30	48	48	
756	1	T 310	35	40	40	P 306	32	48	48	
757	1	T 312	36	40	40	P 308	32	48	48	
758	1	T 314	37	40	40	P 310	34	48	48	
759	1	T 316	38	40	40	P 312	34	48	48	
760	1	T 318	39	40	40	P 314	36	48	48	
761	1	T 320	40	40	40	P 316	36	48	48	
762	1	T 322	41	40	40	P 318	38	48	48	
763	1	T 324	42	40	40	P 320	38	48	48	
764	1	T 326	43	40	40	P 322	40	48	48	
765	1	T 328	44	40	40	P 324	40	48	48	
766	1	T 330	45	40	40	P 326	42	48	48	
767	1	T 332	46	40	40	P 328	42	48	48	
768	1	T 334	47	40	40	P 330	44	48	48	
769	1	T 336	48	40	40	P 332	44	48	48	
770	1	T 338	49	40	40	P 334	46	48	48	
771	1	T 340	50	40	40	P 336	46	48	48	
772	1	T 342	51	40	40	P 338	48	48	48	
773	1	T 344	52	40	40	P 340	48	48	48	
774	1	T 346	53	40	40	P 342	50	48	48	
775	1	T 348	54	40	40	P 344	50	48	48	
776	1	T 350	55	40	40	P 346	52	48	48	
777	1	T 352	56	40	40	P 348	52	48	48	
778	1	T 354	57	40	40	P 350	54	48	48	
779	1	T 356	58	40	40	P 352	54	48	48	
780	1	T 358	59	40	40	P 354	56	48	48	
781	1	T 360	60	40	40	P 356	56	48	48	
782	1	T 362	61	40	40	P 358	58	48	48	
783	1	T 364	62	40	40	P 360	58	48	48	
784	1	T 366	63	40	40	P 362	60	48	48	
785	1	T 368	64	40	40	P 364	60	48	48	
786	1	T 370	65	40	40	P 366	62	48	48	
787	1	T 372	66	40	40	P 368	62	48	48	
788	1	T 374	67	40	40	P 370	64	48	48	
789	1	T 376	68	40	40	P 372	64	48	48	
790	1	T 378	69	40	40	P 374	66	48	48	
791	1	T 380	70	40	40	P 376	66	48	48	
792	1	T 382	71	40	40	P 378	68	48	48	
793	1	T 384	72	40	40	P 380	68	48	48	
794	1	T 386	73	40	40	P 382	70	48	48	
795	1	T 388	74	40	40	P 384	70	48	48	
796	1	T 390	75	40	40	P 386	72	48	48	
797	1	T 392	76	40	40	P 388	72	48	48	
798	1	T 394	77	40	40	P 390	74	48	48	
799	1	T 396	78	40	40	P 392	74	48	48	
800	1	T 398	79	40	40	P 394	76	48	48	
801	1	T 400	80	40	40	P 396	76	48	48	
802	1	T 402	81	40	40	P 398	78	48	48	
803	1	T 404	82	40	40	P 400	78	48	48	
804	1	T 406	83	40	40	P 402	80	48	48	
805	1	T 408	84	40	40	P 404	80	48	48	
806	1	T 410	85	40	40	P 406	82	48	48	
807	1	T 412	86	40	40	P 408	82	48	48	
808	1	T 414	87	40	40	P 410	84	48	48	
809	1	T 416	88	40	40	P 412	84	48	48	
810	1	T 418	89	40	40	P 414	86	48	48	
811	1	T 420	90	40	40	P 416	86	48	48	
812	1	T 422	91	40	40	P 418	88	48	48	
813	1	T 424	92	40	40	P 420	88	48	48	
814	1	T 426	93	40	40	P 422	90	48	48	
815	1	T 428	94	40	40	P 424	90	48	48	
816	1	T 430	95	40	40	P 426	92	48	48	
817	1	T 432	96	40	40	P 428	92	48	48	
818	1	T 434	97	40	40	P 430	94	48	48	
819	1	T 436	98	40	40	P 432	94	48	48	
820	1	T 438	99	40	40	P 434	96	48	48	
821	1	T 440	100	40	40	P 436	96	48	48	
822	1	T 442	101	40	40	P 438	98	48	48	
823	1	T 444	102	40	40	P 440	98	48	48	
824	1	T 446	103	40	40	P 442	100	48	48	
825	1	T 448	104	40	40	P 444	100	48	48	
826	1	T 450	105	40	40	P 446	102	48	48	
827	1	T 452	106	40	40	P 448	102	48	48	
828	1	T 454	107	40	40	P 450	104	48	48	
829	1	T 456	108	40	40	P 452	104	48	48	
830	1	T 458	109	40	40	P 454	106	48	48	
831	1	T 460	110	40	40	P 456	106	48	48	
832	1	T 462	111	40	40	P 458	108	48	48	
833	1	T 464	112	40	40	P 460	108	48	48	
834	1	T 466	113	40	40	P 462	110	48	48	
835	1	T 468	114	40	40	P 464	110	48	48	
836	1	T 470	115	40	40	P 466	112	48	48	
837	1	T 472	116	40	40	P 468	112	48	48	
838	1	T 474	117	40	40	P 470	114	48	48	
839	1	T 476	118	40	40	P 472	114	48	48	
840	1	T 478	119	40	40	P 474	116	48	48	
841	1	T 480	120	40	40	P 476	116	48	48	
842	1	T 482	121	40	40	P 478	118	48	48	
843	1	T 484	122	40	40	P 480	118	48	48	
844	1	T 486	123	40	40	P 482	120	48	48	
845	1	T 488	124	40	40	P 484	120	48	48	
846	1	T 490	125	40	40	P 486	122	48	48	
847	1	T 492	126	40	40	P 488	122	48	48	
848	1	T 494	127	40	40	P 490	124	48	48	
849	1	T 496	128	40	40	P 492	124	48	48	
850	1	T 498	129	40	40	P 494	126	48	48	
851	1	T 500	130	40	40	P 496	126	48	48	
852	1	T 502	131	40	40	P 498	128	48	48	
853	1	T 504	132	40	40	P 500	128	48	48	
854	1	T 506	133	40	40	P 502	130	48	48	
855	1	T 508	134	40	40	P 504	130	48	48	
856	1	T 510	135	40	40	P 506	132	48	48	
857	1	T 512	136	40	40	P 508	132	48	48	
858	1	T 514	137	40	40	P 510	134	48	48	
859	1	T 516	138	40	40	P 512	134	48	48	
860	1	T 518	139	40	40	P 514	136	48	48	
861	1	T 520	140	40	40	P 516	136	48	48	
862	1	T 522	141	40	40	P 518	138	48	48	
863	1	T 524	142	40	40	P 520	138	48	48	
864	1	T 526	143	40	40	P 522	140	48	48	
865	1	T 528	144	40	40	P 524	140	48	48	
866	1	T 530	145	40	40	P 526	142	48	48	
867	1	T 532	146	40	40	P 528	142	48	48	
868	1	T 534	147	40	40	P 530	144	48	48	
869	1	T 536	148	40	40	P 532	144	48	48	
870	1	T 538	149	40	40	P 534	146	48	48	
871	1	T 540	150	40	40	P 536	146	48	48	
872	1	T 542	151	40	40	P 538	148	48	48	
873	1	T 544	152	40	40	P 540	148	48	48	
874	1	T 546	153	40	40	P 542	150	48	48	
875	1	T 548	154	40	40	P 544	150	48	48	
876	1	T 550	155	40	40	P 546	152	48	48	
877	1	T 552	156	40	40	P 548	152	48	48	
878	1	T 554	157	40	40	P 550	154	48	48	
879	1	T 556	158	40	40	P 552	154	48	48	
880	1	T 558	159	40	40	P 554	156	48	48	
881	1	T 560	160	40	40	P 556	156	48	48	
882	1	T 562	161	40	40	P 558	158	48	48	
883	1	T 564	162	40	40	P 560	158	48	48	
884	1	T 566	163	40	40	P 562	160	48	48	
885	1	T 568	164	40	40	P 564	160	48	48	
886	1	T 570	165	40	40	P 566	162	48	48	
887	1	T 572	166	40	40	P 568	162	48	48	
888	1	T 574	167	40	40	P 570	164	48	48	
889	1	T 576	168	40	40	P 572	164	48	48	
890	1	T 578	169	40	40	P 574	166	48	48	
891	1	T 580	170	40	40	P 576	166	48	48	
892	1	T 582	171	40	40	P 578	168	48	48	
893	1	T 584	172	40	40	P 580	168	48	48	
894	1	T 586	173	40	40	P 582	170	48	48	
895	1	T 588	174	40	40	P 584	170	48	48	
896	1	T 590	175	40	40	P 586	172	48	48	
897	1	T 592	176	40	40	P 588	172	48	48	
898	1	T 594	177	40	40	P 590	174	48	48	
899	1	T 596	178	40	40	P 592	174	48	48	
900	1	T 598	179	40	40	P 594	176	48	48	
901	1	T 600	180	40	40	P 596	176	48	48	
902	1	T 602	181	40	40	P 598	178	48	48	
903	1	T 604	182	40	40	P 600	178	48	48	
904	1	T 606	183	40	40	P 602	180	48	48	
905	1	T 608	184	40	40	P 604	180	48	48	
906	1	T 610	185	40	40	P 606	182	48	48	
907	1	T 612	186	40	40	P 608	182	48	48	
908	1	T 614	187	40	40	P 610	184	48	48	
909	1	T 616	188	40	40	P 612	184	48	48	
910	1	T 618	189	40	40	P 614	186	48	48	
911	1	T 620	190	40	40	P 616	186	48	48	
912	1	T 622	191	40	40	P 618	188	48	48	
913	1	T 624	192	40	40	P 620	188	48	48	
914	1	T 626	193	40	40	P 622	190	48	48	
915	1	T 628	194	40	40	P 624	190	48	48	
916	1	T 630	195	40	40	P 626	192	48	48	
917	1	T 632	196	40	40	P 628	192	48	48	
918	1	T 634	197	40	40	P 630	194	48	48	
919	1	T 636	198	40	40	P 632	194	48	48	
920	1	T 638	199	40	40	P 634	196	48	48	
921	1	T 640	200	40	40	P 636	196	48	48	
922	1	T 642	201	40	40	P 638	198	48	48	
923	1	T 644	202	40	40	P 640	198	48	48	
924	1	T 646	203	40	40	P 642	200	48	48	
925	1	T 648	204	40	40	P 644	200	48	48	
926	1	T 650	205	40	40	P 646	202	48	48	
927	1	T 652	206	40	40	P 648	202	48	48	
928	1	T 654	207	40	40	P 650	204	48	48	
929	1	T 656	208	40	40	P 652	204	48	48	
930	1	T 658	209	40	40	P 654	206	48	48	
931	1	T 660	210	40	40	P 656	206	48	48	
932	1	T 658	211	40	40	P 654	208	48	48	
933	1	T 656	212	40	40	P 652	208	48	48	
934	1	T 654	213	40	40	P 650	210	48	48	
935	1	T 652	214	40	40	P 648	210	48	48	
936	1	T 650	215	40	40	P 646	212	48	48	
937	1	T 648	216	40	40	P 644	212	48	48	
938	1	T 646	217	40	40	P 642	214	48	48	
939	1	T 644	218	40	40	P 640	214	48	48	
940	1	T 642	219	40	40	P 638	216	48	48	
941	1	T 640	220	40	40	P 636	216	48	48	
942	1	T 638	221	40	40	P 634	218	48	48	
943	1	T 636	222	40	40	P 632	218	48	48	
944	1	T 634	223	40	40	P 630	220	48	48	
945	1	T 632	224	40	40	P 628	220	48	48	
946	1	T 630	225	40	40	P 626	222	48	48	
947	1	T 628	226	40	40	P 624	222	48	48	
948	1	T 626	227	40	40	P 622	224	48	48	
949	1	T 624	228	40	40	P 620	224	48	48	
950	1	T 622	229	40	40	P 618	226	48	48	
951	1	T 620	230	40	40	P 616	226	48	48	
952	1	T 618	231	40	40	P 614	228	48	48	
953	1	T 616	232	40	40	P 612	228	48	48	
954	1	T 614	233	40	40	P 610	230	48	48	
955	1	T 612	234	40	40	P 608	230	48	48	
956	1	T 610	235	40	40	P 606	232	48	48	
957	1	T 608	236	40	40	P 604	232	48	48	
958	1	T 606	237	40	40	P 602	234	48	48	
959	1	T 604	238	40	40	P 600	234	48	48	
960	1	T 602	239	40	40	P 598	236	48	48	
961	1	T 600	240	40	40	P 596	236	48	48	
962	1	T 598	241	40	40	P 594	238	48	48	
963	1	T 596	242	40	40	P 592	238	48	48	
964	1	T 594	243	40	40	P 590	240	48	48	
965	1	T 592	244	40	40	P 588	240	48	48	
966	1	T 590	245	40	40	P 586	242	48	48	
967	1	T 588	246	40	40	P 584	242	48	48	
968	1	T 586	247	40	40	P 582	244	48	48	
969	1	T 584	248	40	40	P 580	244	48	48	
970	1	T 582	249	40	40	P 578	246	48	48	
971	1	T 580	250	40	40	P 576	246	48	48	
972	1	T 578	251	40	40	P 574	248	48	48	
973	1	T 576	252	40	40	P 572	248	48	48	
974	1	T 574	253	40	40	P 570	250	48	48	
975	1	T 572	254	40	40	P 568	250	48	48	
976	1	T 570	255	40	40	P 566	252	48	48	
977	1	T 568	256	40	40	P 564	252	48	48	
978	1	T 566	257	40	40	P 562	254	48	48	
979	1	T 564	258	40	40	P 560	254	48	48	
980	1	T 562	259	40	40	P 558	256	48	48	
981	1	T 560	260	40	40	P 556	256	48	48	
982	1	T 558	261	40	40	P 554	258	48	48	
983	1	T 556	262	40	40	P 552	258	48	48	
984	1	T 554	263	40	40	P 550	260	48	48	
985	1	T 552	264	40	40	P 548	260	48	48	
986	1	T 550	265	40	40	P 546	262	48	48	
987	1	T 548	266	40	40	P 544	262	48	48	
988	1	T 546	267	40	40	P 542	264	48	48	
989	1	T 544	268	40	40	P 540	264	48	48	
990	1	T 542	269	40	40	P 538	266	48	48	
991	1	T 540	270	40	40	P 536	266	48	48	
992	1	T 538	271	40	40	P 534	268	48	48	
993	1	T 536	272	40	40	P 532	268	48	48	
994	1	T 534	273	40	40	P 530	270	48	48	
995	1	T 532	274	40	40	P 528	270	48	48	
996	1	T 530	275	40	40	P 526	272	48	48	
997	1	T 528	276	40	40	P 524	272	48	48	
998	1	T 526	277	40	40	P 522	274	48	48	
999	1	T 524	278	40	40	P 520	274	48	48	
1000	1	T 522	279	40	40	P 518	276	48	48	
1001	1	T 520	280	40	40	P 516	276	48	48	
1002	1	T 518	281	40	40	P 514	278	48	48	
1003	1	T 516	282	40	40	P 512	278	48	48	
1004	1	T 514	283	40	40	P 510	280	48	48	
1005	1	T 512	284	40	40	P 508	280	48	48	
1006	1	T 510	285	40	40	P 506	282	48	48	
1007	1	T 508	286	40	40	P 504	282	48	48	
1008	1	T 506	287	40	40	P 502	284	48	48	
1009	1	T 504	288	40	40	P 500	284	48	48	
1010	1	T 502	289	40	40	P 498	286	48	48	
1011	1	T 500	290	40	40	P 496	286	48	48	
1012	1	T 498	291	40	40	P 494	288	48	48	
1013	1	T 496	292	40	40	P 492	288	48	48	
1014	1	T 494	293	40	40	P 490	290	48	48	
1015	1	T 492	294	40	40	P 488	290	48	48	
1016	1	T 490	295	40	40	P 486	292	48	48	
1017	1	T 488	296	40	40	P 484	292	48	48	
1018	1	T 486	297	40	40	P 482	294	48	48	
1019	1	T 484	298	40	40	P 480	294	48	48	
1020	1	T 482	299	40	40	P 478	296	48	48	
1021	1	T 480	300	40	40	P 476	296	48	48	
1022	1	T 478	301	40	40	P 474	298	48	48	
1023	1	T 476	302	40	40	P 472	298	48	48	
1024	1	T 474	303	40	40	P 470	300	48	48	
1025	1	T 472	304	40	40	P 468	300	48	48	
1026	1	T 470	305	40	40	P 466	302	48	48	
1027	1	T 468	306	40	40	P 464	302	48	48	
1028	1	T 466	307	40	40	P 462	304	48	48	
1029	1	T 464	308	40	40	P 460	304	48	48	
1030	1	T 462	309	40	40	P 458	306	48	48	
1031	1	T 460	310	40	40	P 456	306	48	48	
1032	1	T 458	311	40	40	P 454	308	48	48	
1033	1	T 456	312	40	40	P 452	308	48	48	
1034	1	T 454	313	40	40	P 450	310	48	48	
1035	1	T 452	314	40	40	P 448	310	48	48	
1036	1	T 450	315	40	40	P 446	312	48	48	
1037	1	T 448	316	40	40	P 444	312	48	48	
1038	1	T 446	317	40	40	P 442	314	48	48	
1039	1	T 444	318	40	40	P 440	314	48	48	
1040	1	T 442	319	40	40	P 438	316	48	48	
1041	1	T 440	320	40	40	P 436	316	48	48	
1042	1	T 438	321	40	40	P 434	318	48	48	
1043	1	T 436	322	40	40	P 432	318	48	48	
1044	1	T 434	323	40	40	P 430	320	48	48	
1045	1	T 432	324	40	40	P 428	320	48	48	
1046	1	T 430	325	40	40	P 426	322	48	48	
1047	1	T 428	326	40	40	P 424	322	48	48	
1048	1	T 426	327	40	40	P 422	324	48	48	
1049	1	T 424	328	40	40	P 420	324	48	48	
1050	1	T 422	329	40	40	P 418	326	48	48	
1051	1	T 420	330	40	40	P 416	326	48	48	
1052	1	T 418	331	40	40	P 414	328	48	48	
1053	1	T 416	332	40	40	P 412	328	48	48	
1054	1	T 414	333	40	40	P 410	330	48	48	
1055	1	T 412	334	40	40	P 408	330	48	48	
1056	1	T 410	335	40	40	P 406	332	48	48	
1057	1	T 408	336	40	40	P 404	332	48	48	
1058	1	T 406	337	40	40	P 402	334	48	48	
1059	1	T 404	338	40	40	P 400	334	48	48	
1060	1	T 402	339	40	40	P 398	336	48	48	
1061	1	T 400	340	40	40	P 396	336	48	48	
1062	1	T 398	341	40	40	P 394	338	48	48	
1063	1	T 396	342	40	40	P 392	338	48	48	
1064	1	T 394	343	40	40	P 390	340	48	48	
1065	1	T 392	344	40	40	P 388	340	48	48	
1066	1	T 390	345	40	40	P 386	342	48	48	
1067	1	T 388	346	40	40	P 384	342	48	48	
1068	1	T 386	347	40	40	P 382	344	48	48	
1069	1	T 384	348	40	40	P 380	344	48	48	
1070	1	T 382	349	40	40	P 378	346	48	48	
1071	1	T 380	350	40	40	P 376	346	48	48	
1072	1	T 378	351	40	40	P 374	348	48	48	
1073	1	T 376	352	40	40	P 372	348	48	48	
1074	1	T 374	353	40	40	P 370	350	48	48	
1075	1	T 372	354	40	40	P 368	350	48	48	
1076	1	T 370	355	40	40	P 366	352	48	48	
1077	1	T 368	356	40	40	P 364	352	48	48	
1078	1	T 366	357	40	40	P 362	354	48	48	
1079	1	T 364	358	40	40	P 360	354	48	48	
1080	1	T 362	359	40	40	P 358	356	48	48	
1081	1	T 360	360	40	40	P 356	356	48	48	
1082	1	T 358	361	40	40	P 354	358	48	48	
1083	1	T 356	362	40	40	P 352	358	48	48	
1084	1	T 354	363	40	40	P 350	360	48	48	
1085	1	T 352	364	40	40	P 348	360	48	48	
1086	1	T 350	365	40	40	P 346	362	48	48	
1087	1	T 348	366	40	40	P 344	362	48	48	
1088	1	T 346	367	40	40	P 342	364	48	48	
1089	1	T 344	368	40	40	P 340	364	48	48	
1090	1	T 342	369	40	40	P 338	366	48	48	
1091	1	T 340	370	40	40	P 336	366	48	48	
1092	1	T 338	371	40	40	P 334	368	48	48	
1093	1	T 336	372	40	40	P 332	368	48	48	
1094	1	T 334	373	40	40	P 330	370	48	48	
1095	1	T 332	374	40	40	P 328	370	48	48	
1096	1	T 330	375	40	40	P 326	372	48	48	
1097	1	T 328	376	40	40	P 324	372	48	48	
1098	1	T 326	377	40	40	P 322	374	48	48	
1099	1	T 324	378	40	40	P 320	374	48	48	
1100	1	T 322	379	40	40	P 318	376	48	48	
1101	1	T 320	380	40	40	P 316	376	48	48	
1102	1	T 318	381	40	40	P 314	378	48	48	
1103	1	T 316	382	40	40	P 312	378	48	48	
1104	1	T 314	383	40	40	P 310	380	48	48	
1105	1	T 312	384	40	40	P 308	380	48	48	
1106	1	T 310	385	40	40	P 306	382	48	48	
1107	1	T 308	386	40	40	P 304	382	48	48	
1108	1	T 306	387	40	40	P 302	384	48	48	
1109	1	T 304	388	40	40	P 300	384	48	48	
1110	1	T 302	389	40	40	P 298	386	48	48	
1111	1	T 300	390	40	40	P 296	386	48	48	
1112	1	T 298	391	40	40	P 294	388	48	48	
1113	1	T 296	392	40	40	P 292	388	48	48	
1114	1	T 294	393	40	40	P 290	390	48	48	
1115	1	T 292	394	40	40	P 288	390	48	48	
1116	1	T 290	395	40	40	P 286	392	48	48	
1117	1	T 288	396	40	40	P 284	392	48	48	
1118	1	T 286	397	40	40	P 282	394	48	48	
1119	1	T 284	398	40	40	P 280	394	48	48	
1120	1	T 282	399	40	40	P 278	396	48	48	
1121	1	T 280	400	40	40	P 276	396	48	48	
1122	1	T 278	401	40	40	P 274	398	48	48	
1123	1	T 276	402	40	40	P 272	398	48	48	
1124	1	T 274	403	40	40	P 270	400	48	48	
1125	1	T 272	404	40	40	P 268	400	48	48	
1126	1	T 270	405	40	40	P 266	402	48	48	
1127	1	T 268	406	40	40	P 264	402	48	48	
1128	1	T 266	407	40	40	P 262	404	48	48	
1129	1	T 264	408	40	40	P 260	404	48	48	
1130	1	T 262	409	40	40	P 258	406	48	48	
1131	1	T 260	410	40	40	P 256	406	48	48	
1132	1	T 258	411	40	40	P 254	408	48	48	
1133	1	T 256	412	40	40	P 252	408	48	48	
1134	1	T 254	413	40	40	P 250	410	48	48	
1135	1	T 252	414	40	40	P 248	410	48	48	
1136	1	T 250	415	40	40	P 246	412	48	48	
1137	1	T 248	416	40	40	P 244	412	48	48	
1138	1	T 246	417	40	40	P 242	414	48	48	
1139	1	T 244	418	40	40	P 240	414	48	48	
1140	1	T 242	419	40	40	P 238	416	48	48	
1141	1	T 240	420	40	40	P 236	416	48	48	
1142	1	T 238	419	40	40	P 234	416	48	48	
1143	1	T 236	418	40	40	P 232	414	48	48	
1144	1	T 234	417	40	40	P 230	414	48	48	
1145	1	T 232	416	40	40	P 228	412	48	48	
1146	1	T 230	415	40	40	P 226	412	48	48	
1147	1	T 228	414	40	40	P 224	410	48	48	
1148	1	T 226	413	40	40	P 222	410	48	48	
1149	1	T 224	412	40	40	P 220	408	48	48	
1150	1	T 222	411	40	40	P 218	408	48	48	
1151	1	T 220	410	40	40	P 216	406	48	48	
1152	1	T 218	409	40	40	P 214	406	48	48	
1153	1	T 216	408	40	40	P 212	404	48	48	
1154	1	T 214	407	40	40	P 210	404	48	48	
1155	1	T 212	406	40	40	P 208	402	48	48	
1156	1	T 210	405	40	40	P 206	402	48	48	
1157	1	T 208	404	40	40	P 204	400	48	48	
1158	1	T 206	403	40	40	P 202	400	48	48	
1159	1	T 204	402	40	40	P 200	398	48	48	
1160	1	T 202	401	40	40	P 198	398	48	48	
1161	1	T 200	400	40	40	P 196	396	48	48	
1162	1	T 198	399	40	40	P 194	396	48	48	
1163	1	T 196	398	40	40	P 192	394	48	48	
1164	1	T 194	397	40	40	P 190	394	48	48	
1165	1	T 192	396	40	40	P 188	392	48	48	
1166	1	T 190	395	40	40	P 186	392	48	48	
1167	1	T 188	394	40	40	P 184	390	48	48	
1168	1	T 186	393	40	40	P 182	390	48	48	
1169	1	T 184	392	40	40	P 180	388	48	48	
1170	1	T 182	391	40	40	P 178	388	48	48	
1171	1	T 180	390	40	40	P 176	386	48	48	
1172	1	T 178	389	40	40	P 174	386	48	48	
1173	1	T 176	388	40	40	P 172	384	48	48	
1174	1	T 174	387	40	40	P 170	384	48	48	
1175	1	T 172	386	40	40	P 168	382	48	48	
1176	1	T 170	385	40	40	P 166	382	48	48	
1177	1	T 168	384	40	40	P 164	380	48	48	
1178	1	T 166	383	40	40	P 162	380	48	48	
1179	1	T 164	382	40	40	P 160	378	48	48	
1180	1	T 162	381	40	40	P 158	378	48	48	
1181	1	T 160	380	40	40	P 156	376	48	48	
1182	1	T 158	379	40	40	P 154	376	48	48	
1183	1	T 156	378	40	40	P 152	374	48	48	
1184	1	T 154	377	40	40	P 150	374	48	48	
1185	1	T 152	376	40	40	P 148	372	48	48	
1186	1	T 150	375	40	40	P 146	372	48	48	
1187	1	T 148	374	40	40	P 144	370	48	48	
1188	1	T 146	373	40	40	P 142	370	48	48	
1189	1	T 144	372	40	40	P 140	368	48	48	
1190	1	T 142	371	40	40	P 138	368	48	48	
1191	1	T 140	370	40	40	P 136	366	48	48	
1192	1	T 138	369	40	40	P 134	366	48	48	
1193	1	T 136	368	40	40	P 132	364	48	48	
1194	1	T 134	367	40	40	P 130	364	48	48	
1195	1	T 132	366	40	40	P 128	362	48	48	
1196	1	T 130	365	40	40	P 126	362	48	48	
1197	1	T 128	364	40	40	P 124	360	48	48	
1198	1	T 126	363	40	40	P 122	360	48	48	
1199	1	T 124	362	40	40	P 120	358	48	48	
1200	1	T 122	361	40	40	P 118	358	48	48	
1201	1	T 120	360	40	40	P 116	356	48	48	
1202	1	T 118	359	40	40	P 114	356	48	48	
1203	1	T 116	358	40	40	P 112	354	48	48	
1204	1	T 114	357	40	40	P 110	354	48	48	
1205	1	T 112	356	40	40	P 108	352	48	48	
1206	1	T 110	355	40	40	P 106	352	48	48	
1207	1	T 108	354	40	40	P 104	350	48	48	
1208	1	T 106	353	40	40	P 102	350	48	48	
1209	1	T 104	352	40	40	P 100	348	48	48	
1210	1	T 102	351	40	40	P 98	348	48	48	
1211	1	T 100	350	40	40	P 96	346	48	48	
1212	1	T 98	349	40	40	P 94	346	48	48	
1213	1	T 96	348	40	40	P 92	344	48	48	
1214	1	T 94	347	40	40	P 90	344	48	48	
1215	1	T 92	346	40	40	P 88	342	48	48	
1216	1	T 90	345	40	40	P 86	342	48	48	
1217	1	T 88	344	40	40	P 84	340	48	48	
1218	1	T 86	343	40	40	P 82	340	48	48	
1219	1	T 84	342	40	40	P 80	338	48	48	
1220	1	T 82	341	40	40	P 78	338	48	48	
1221	1	T 80	340	40	40	P 76	336	48	48	
1222	1	T 78	339	40	40	P 74	336	48	48	
1223	1	T 76	338	40	40	P 72	334	48	48	
1224	1	T 74	337	40	40	P 70	334	48	48	
1225	1	T 72	336	40	40	P 68	332	48	48	
1226	1	T 70	335	40	40	P 66	332	48	48	
1227	1	T 68	334	40	40	P 64	330	48	48	
1228	1	T 66	333	40	40	P 62	330	48	48	
1229	1	T 64	332	40	40	P 60	328	48	48	
1230	1	T 62	331	40	40	P 58	328	48	48	
1231	1	T 60	330	40	40	P 56	326	48	48	
1232	1	T 58	329	40	40	P 54	326	48	48	
1233	1	T 56	328	40	40	P 52	324	48	48	
1234	1	T 54	327	40	40	P 50	324	48	48	
1235	1	T 52	326	40	40	P 48	322	48	48	
1236	1	T 50	325	40	40	P 46	322	48	48	
1237	1	T 48	324	40	40	P 44	320	48	48	
1238	1	T 46	323	40	40	P 42	320	48	48	
1239	1	T 44	322	40	40	P 40	318	48	48	
1240	1	T 42	321	40	40	P 38	318	48	48	
1241	1	T 40	320	40	40	P 36	316	48	48	
1242	1	T 38	319	40	40	P 34	316	48	48	
1243	1	T 36	318	40	40	P 32	314	48	48	
1244	1	T 34	317	40	40	P 30	314	48	48	
1245	1	T 32	316	40	40	P 28	312	48	48	
1246	1	T 30	315	40	40	P 26	312	48	48	
1247	1	T 28	314	40	40	P 24	310	48	48	
1248	1	T 26	313	40	40	P 22	310	48	48	
1249	1	T 24	312	40	40	P 20	308	48	48	
1250	1	T 22	311	40	40	P 18	308	48	48	
1251	1	T 20	310	40	40	P 16	306	48	48	
1252	1	T 22	309	40	40	P 18	306	48	48	
1253	1	T 24	308	40	40	P 20	304	48	48	
1254	1	T 26	307	40	40	P 22	304	48	48	
1255	1	T 28	306	40	40	P 24	302	48	48	
1256	1	T 30	305	40	40	P 26	302	48	48	
1257	1	T 32	304	40	40	P 28	300	48	48	
1258	1	T 34	303	40	40	P 30	300	48	48	
1259	1	T 36	302	40	40	P 32	298	48	48	
1260	1	T 38	301	40	40	P 34	298	48	48	
1261	1	T 40	300	40	40	P 36	296	48	48	
1262	1	T 42	299	40	40	P 38	296	48	48	
1263	1	T 44	298	40	40	P 40	294	48	48	
1264	1	T 46	297	40	40	P 42	294	48	48	
1265	1	T 48	296	40	40	P 44	292	48	48	
1266	1	T 50	295	40	40	P 46	292	48	48	
1267	1	T 52	294	40	40	P 48	290	48	48	
1268	1	T 54	293	40	40	P 50	290	48	48	
1269	1	T 56	292	40	40	P 52	288	48	48	
1270	1	T 58	291	40	40	P 54	288	48	48	
1271	1	T 60	290	40	40	P 56	286	48	48	
1272	1	T 62	289	40	40	P 58	286	48	48	
1273	1	T 64	288	40	40	P 60	284	48	48	
1274	1	T 66	287	40	40	P 62	284	48	48	
1275	1	T 68	286	40	40	P 64	282	48	48	
1276	1	T 70	285	40	40	P 66	282	48	48	
1277	1	T 72	284	40	40	P 68	280	48	48	
1278	1	T 74	283	40	40	P 70	280	48	48	
1279	1	T 76	282	40	40	P 72	278	48	48	
1280	1	T 78	281	40	40	P 74	278	48	48	
1281	1	T 80	280	40	40	P 76	276	48	48	
1282	1	T 82	279	40	40	P 78	276	48	48	
1283	1	T 84	278	40	40	P 80	274	48	48	
1284	1	T 86	277	40	40	P 82	274	48	48	
1285	1	T 88	276	40	40	P 84	272	48	48	
1286	1	T 90	275	40	40	P 86	272	48	48	
1287	1	T 92	274	40	40	P 88	270	48	48	
1288	1	T 94	273	40	40	P 90	270	48	48	
1289	1	T 96	272	40	40	P 92	268	48	48	
1290	1	T 98	271	40	40	P 94	268	48	48	
1291	1	T 100	270	40	40	P 96	266	48	48	
1292	1	T 102	269	40	40	P 98	266	48	48	
1293	1	T 104	268	40	40	P 100	264	48	48	
1294	1	T 106	267	40	40	P 102	264	48	48	
1295	1	T 108	266	40	40	P 104	262	48	48	
1296	1	T 110	265	40	40	P 106	262	48	48	
1297	1	T 112	264	40	40	P 108	260	48	48	
1298	1	T 114	263	40	40	P 110	260	48	48	
1299	1	T 116	262	40	40	P 112	258	48	48	
1300	1	T 118	261	40	40	P 114	258	48	48	
1301	1	T 120	260	40	40	P 116	256	48	48	
1302	1	T 122	259	40	40	P 118	256	48	48	
1303	1	T 124	258	40	40	P 120	254	48	48	
1304	1	T 126	257	40	40	P 122	254	48	48	
1305	1	T 128	256	40	40	P 124	252	48	48	
1306	1	T 130	255	40	40	P 126	252	48	48	
1307	1	T 132	254	40	40	P 128	250	48	48	
1308	1	T 134	253	40	40	P 130	250	48	48	
1309	1	T 136	252	40	40	P 132	248	48	48	
1310	1	T 138	251	40	40	P 134	248	48	48	
1311	1	T 140	250	40	40	P 136	246	48	48	
1312	1	T 142	249	40	40	P 138	246	48	48	
1313	1	T 144	248	40	40	P 140	244	48	48	
1314	1	T 146	247	40	40	P 142	244	48	48	
1315	1	T 148	246	40	40	P 144	242	48	48	
1316	1	T 150	245	40	40	P 146	242	48	48	
1317	1	T 152	244	40	40	P 148	240	48	48	
1318	1	T 154	243	40	40	P 150	240	48	48	
1319	1	T 156	242	40	40	P 152	238	48	48	
1320	1	T 158	241	40	40	P 154	238	48	48	
1321	1	T 160	240	40	40	P 156	236	48	48	
1322	1	T 162	239	40	40	P 158	236	48	48	
1323	1	T 164	238	40	40	P 160	234	48	48	
1324	1	T 166	237	40	40	P 162	234	48	48	
1325	1	T 168	236	40	40	P 164	232	48	48	
1326	1	T 170	235	40	40	P 166	232	48	48	
1327	1	T 172	234	40	40	P 168	230	48	48	
1328	1	T 174	233	40	40	P 170	230	48	48	
1329	1	T 176	232	40	40	P 172	228	48	48	
1330	1	T 178	231	40	40	P 174	228	48	48	
1331	1	T 180	230	40	40	P 176	226	48	48	
1332	1	T 182	229	40	40	P 178	226	48	48	
1333	1	T 184	228	40	40	P 180	224	48	48	
1334	1	T 186	227	40	40	P 182	224	48	48	
1335	1	T 188	226	40	40	P 184	222	48	48	
1336	1	T 190	225	40	40	P 186	222	48	48	
1337	1	T 192	224	40	40	P 188	220	48	48	
1338	1	T 194	223	40	40	P 190	220	48	48	
1339	1	T 196	222	40	40	P 192	218	48	48	
1340	1	T 198	221	40	40	P 194	218	48	48	
1341	1	T 200	220	40	40	P 196	216	48	48	
1342	1	T 202	219	40	40	P 198	216	48	48	
1343	1	T 204	218	40	40	P 200	214	48	48	
1344	1	T 206	217	40	40	P 202	214	48	48	
1345	1	T 208	216	40	40	P 204	212	48	48	
1346	1	T 210	215	40	40	P 206	212	48	48	
1347	1	T 212	214	40	40	P 208	210	48	48	
1348	1	T 214	213	40	40	P 210	210	48	48	
1349	1	T 216	212	40	40	P 212	208	48	48	
1350	1	T 218	211	40	40	P 214	208	48	48	
1351	1	T 220	210	40	40	P 216	206	48	48	
1352	1	T 222	209	40	40	P 218	206	48	48	
1353	1	T 224	208	40	40	P 220	204	48	48	
1354	1	T 226	207	40	40	P 222	204	48	48	
1355	1	T 228	206	40	40	P 224	202	48	48	
1356	1	T 230	205	40	40	P 226	202	48	48	
1357	1	T 232	204	40	40	P 228	200	48	48	
1358	1	T 234	203	40	40	P 230	200	48	48	
1359	1	T 236	202	40	40	P 232	198	48	48	
1360	1	T 238	201	40	40	P 234	198	48	48	
1361	1	T 240	200	40	40	P 236	196	48	48	
1362	1	T 242	199	40	40	P 238	196	48	48	
1363	1	T 244	198	40	40	P 240	194	48	48	
1364	1	T 246	197	40	40	P 242	194	48	48	
1365	1	T 248	196	40	40	P 244	192	48	48	
1366	1	T 250	195	40	40	P 246	192	48	48	
1367	1	T 252	194	40	40	P 248	190	48	48	
1368	1	T 254	193	40	40	P 250	190	48	48	
1369	1	T 256	192	40	40	P 252	188	48	48	
1370	1	T 258	191	40	40	P 254	188	48	48	
1371	1	T 260	190	40	40	P 256	186	48	48	
1372	1	T 262	189	40	40	P 258	186	48	48	
1373	1	T 264	188	40	40	P 260	184	48	48	
1374	1	T 266	187	40	40	P 262	184	48	48	
1375	1	T 268	186	40	40	P 264	182	48	48	
1376	1	T 270	185	40	40	P 266	182	48	48	
1377	1	T 272	184	40	40	P 268	180	48	48	
1378	1	T 274	183	40	40	P 270	180	48	48	
1379	1	T 276	182	40	40	P 272	178	48	48	
1380	1	T 278	181	40	40	P 274	178	48	48	
1381	1	T 280	180	40	40	P 276	176	48	48	
1382	1	T 282	179	40	40	P 278	176	48	48	
1383	1	T 284	178	40	40	P 280	174	48	48	
1384	1	T 286	177	40	40	P 282	174	48	48	
1385	1	T 288	176	40	40	P 284	172	48	48	
1386	1	T 290	175	40	40	P 286	172	48	48	
1387	1	T 292	174	40	40	P 288	170	48	48	
1388	1	T 294	173	40	40	P 290	170	48	48	
1389	1	T 296	172	40	40	P 292	168	48	48	
1390	1	T 298	171	40	40	P 294	168	48	48	
1391	1	T 300	170	40	40	P 296	166	48	48	
1392	1	T 302	169	40	40	P 298	166	48	48	
1393	1	T 304	168	40	40	P 300	164	48	48	
1394	1	T 306	167	40	40	P 302	164	48	48	
1395	1	T 308	166	40	40	P 304	162	48	48	
1396	1	T 310	165	40	40	P 306	162	48	48	
1397	1	T 312	164	40	40	P 308	160	48	48	
1398	1	T 314	163	40	40	P 310	160	48	48	
1399	1	T 316	162	40	40	P 312	158	48	48	
1400	1	T 318	161	40	40	P 314	158	48	48	
1401	1	T 320	160	40	40	P 316	156	48	48	
1402	1	T 322	159	40	40	P 318	156	48	48	
1403	1	T 324	158	40	40	P 320	154	48	48	
1404	1	T 326	157	40	40	P 322	154	48	48	
1405	1	T 328	156	40	40	P 324	152	48	48	
1406	1	T 330	155	40	40	P 326	152	48	48	
1407	1	T 332	154	40	40	P 328	150	48	48	
1408	1	T 334	153	40	40	P 330	150	48	48	
1409	1	T 336	152	40	40	P 332	148	48	48	
1410	1	T 338	151	40	40	P 334	148	48	48	
1411	1	T 340	150	40	40	P 336	146	48	48	
1412	1	T 342	149	40	40	P 338	146	48	48	
1413	1	T 344	148	40	40	P 340	144	48	48	
1414	1	T 346	147	40	40	P 342	144	48	48	
1415	1	T 348	146	40	40	P 344	142	48	48	
1416	1	T 350	145	40	40	P 346	142	48	48	
1417	1	T 352	144	40	40	P 348	140	48	48	
1418	1	T 354	143	40	40	P 350	140	48	48	
1419	1	T 356	142	40	40	P 352	138	48	48	
1420	1	T 358	141	40	40	P 354	138	48	48	
1421	1	T 360	140	40	40	P 356	136	48	48	
1422	1	T 362	139	40	40	P 358	136	48	48	
1423	1	T 364	138	40	40	P 360	134	48	48	
1424	1	T 366	137	40	40	P 362	134	48	48	
1425	1	T 368	136	40	40	P 364	132	48	48	
1426	1	T 370	135	40	40	P 366	132	48	48	
1427	1	T 372	134	40	40	P 368	130	48	48	
1428	1	T 374	133	40	40	P 370	130	48	48	
1429	1	T 376	132	40	40	P 372	128	48	48	
1430	1	T 378	131	40	40	P 374	128	48	48	
1431	1	T 380	130	40	40	P 376	126	48	48	
1432	1	T 382	129	40	40	P 378	126	48	48	
1433	1	T 384	128	40	40	P 380	124	48	48	
1434	1	T 386	127	40	40	P 382	124	48	48	
1435	1	T 388	126	40	40	P 384	122	48	48	
1436	1	T 390	125	40	40	P 386	122	48	48	
1437	1	T 392	124	40	40	P 388	120	48	48	
1438	1	T 394	123	40	40	P 390	120	48	48	
1439	1	T 396	122	40	40	P 392	118	48	48	
1440	1	T 398	121	40	40	P 394	118	48	48	
1441	1	T 400	120	40	40	P 396	116	48	48	
1442	1	T 402	119	40	40	P 398	116	48	48	
1443	1	T 404	118	40	40	P 400	114	48	48	
1444	1	T 406	117	40	40	P 402	114	48	48	
1445	1	T 408	116	40	40	P 404	112	48	48	
1446	1	T 410	115	40	40	P 406	112	48	48	
1447	1	T 412	114	40	40	P 408	110	48	48	
1448	1	T 414	113	40	40	P 410	110	48	48	
1449	1	T 416	112	40	40	P 412	108	48	48	
1450	1	T 418	111	40	40	P 414	108	48	48	
1451	1	T 420	110	40	40	P 416	106	48	48	
1452	1	T 422	109	40	40	P 418	106	48	48	
1453	1	T 424	108	40	40	P 420	104	48	48	
1454	1	T 426	107	40	40	P 422	104	48	48	
1455	1	T 428	106	40	40	P 424	102	48	48	
1456	1	T 430	105	40	40	P 426	102	48	48	
1457	1	T 432	104	40	40	P 428	100	48	48	
1458	1	T 434	103	40	40	P 430	100	48	48	
1459	1	T 436	102	40	40	P 432	98	48	48	
1460	1	T 438	101	40	40	P 434	98	48	48	
1461	1	T 440	100	40	40	P 436	96	48	48	
1462	1	T 442	99	40	40	P 438	96	48	48	
1463	1	T 444	98	40	40	P 440	94	48	48	
1464	1	T 446	97	40	40	P 442	94	48	48	
1465	1	T 448	96	40	40	P 444	92	48	48	
1466	1	T 450	95	40	40	P 446	92	48	48	
1467	1	T 452	94	40	40	P 448	90	48	48	
1468	1	T 454	93	40	40	P 450	90	48	48	
1469	1	T 456	92	40	40	P 452	88	48	48	
1470	1	T 458	91	40	40	P 454	88	48	48	
1471	1	T 460	90	40	40	P 456	86	48	48	
1472	1	T 462	89	40	40	P 458	86	48	48	
1473	1	T 464	88	40	40	P 460	84	48	48	
1474	1	T 466	87	40	40	P 462	84	48	48	
1475	1	T 468	86	40	40	P 464	82	48	48	
1476	1	T 470	85	40	40	P 466	82	48	48	
1477	1	T 472	84	40	40	P 468	80	48	48	
1478	1	T 474	83	40	40	P 470	80	48	48	
1479	1	T 476	82	40	40	P 472	78	48	48	
1480	1	T 478	81	40	40	P 474	78	48	48	
1481	1	T 480	80	40	40	P 476	76	48	48	
1482	1	T 482	79	40	40	P 478	76	48	48	
1483	1	T 484	78	40	40	P 480	74	48	48	
1484	1	T 486	77	40	40	P 482	74	48	48	
1485	1	T 488	76	40	40	P 484	72	48	48	
1486	1	T 490	75	40	40	P 486	72	48	48	
1487	1	T 492	74	40	40	P 488	70	48	48	
1488	1	T 494	73	40	40	P 490	70	48	48	
1489	1	T 496	72	40	40	P 492	68	48	48	
1490	1	T 498	71	40	40	P 494	68	48	48	
1491	1	T 500	70	40	40	P 496	66	48	48	
1492	1	T 502	69	40	40	P 498	66	48	48	
1493	1	T 504	68	40	40	P 500	64	48	48	
1494	1	T 506	67	40	40	P 502	64	48	48	
1495	1	T 508	66	40	40	P 504	62	48	48	
1496	1	T 510	65	40	40	P 506	62	48	48	
1497	1	T 512	64	40	40	P 508	60	48	48	
1498	1	T 514	63	40	40	P 510	60	48	48	
1499	1	T 516	62	40	40	P 512	58	48	48	
1500	1	T 518	61	40	40	P 514	58	48	48	
1501	1	T 520	60	40	40	P 516	56	48	48	
1502	1	T 522	59	40	40	P 518	56	48	48	
1503	1	T 524	58	40	40	P 520	54	48	48	
1504	1	T 526	57	40	40	P 522	54	48	48	
1505	1	T 528	56	40	40	P 524	52	48	48	
1506	1	T 530	55	40	40	P 526	52	48	48	
1507	1	T 532	54	40	40	P 528	50	48	48	
1508	1	T 534	53	40	40	P 530	50	48	48	
1509	1	T 536	52	40	40	P 532	48	48	48	
1510	1	T 538	51	40	40	P 534	48	48	48	
1511	1	T 540	50	40	40	P 536	46	48	48	
1512	1	T 542	49	40	40	P 538	46	48	48	
1513	1	T 544	48	40	40	P 540	44	48	48	
1514	1	T 546	47	40	40	P 542	44	48	48	
1515	1	T 548	46	40	40	P 544	42	48	48	
1516	1	T 550	45	40	40	P 546	42	48	48	
1517	1	T 552	44	40	40	P 548	40	48	48	
1518	1	T 554	43	40	40	P 550	40	48	48	
1519	1	T 556	42	40	40	P 552	38	48	48	
1520	1	T 558	41	40	40	P 554	38	48	48	
1521	1	T 560	40	40	40	P 556	36	48	48	
1522	1	T 562	39	40	40	P 558	36	48	48	
1523	1	T 564	38	40	40	P 560	34	48	48	
1524	1	T 566	37	40	40	P 562	34	48	48	
1525	1	T 568	36	40	40	P 564	32	48	48	
1526	1	T 570	35	40	40	P 566	32	48	48	
1527	1	T 572	34	40	40	P 568	30	48	48	
1528	1	T 574	33	40	40	P 570	30	48	48	
1529	1	T 576	32	40	40	P 572	28	48	48	
1530	1	T 578	31	40	40	P 574	28	48	48	
1531	1	T 580	30	40	40	P 576	26	48	48	
1532	1	T 582	29	40	40	P 578	26	48	48	
1533	1	T 584	28	40	40	P 580	24	48	48	
1534	1	T 586	27	40	40	P 582	24	48	48	
1535	1	T 588	26	40	40	P 584	22	48	48	
1536	1	T 590	25	40	40	P 586	22	48	48	
1537	1	T 592	24	40	40	P 588	20	48	48	
1538	1	T 594	23	40	40	P 590	20	48	48	
1539	1	T 596	22	40	40	P 592	18	48	48	
1540	1	T 598	21	40	40	P 594	18	48	48	
1541	1	T 600	20	40	40	P 596	16	48	48	
1542	1	T 602	21	40	40	P 598	18	48	48	
1543	1	T 604	22	40	40	P 600	18	48	48	
1544	1	T 606	23	40	40	P 602	20	48	48	
1545	1	T 608	24	40	40	P 604	20	48	48	
1546	1	T 610	25	40	40	P 606	22	48	48	
1547	1	T 612	26	40	40	P 608	22	48	48	
1548	1	T 614	27	40	40	P 610	24	48	48	
1549	1	T 616	28	40	40	P 612	24	48	48	
1550	1	T 618	29	40	40	P 614	26	48	48	
1551	1	T 620	30	40	40	P 616	26	48	48	
1552	1	T 622	31	40	40	P 618	28	48	48	
1553	1	T 624	32	40	40	P 620	28	48	48	
1554	1	T 626	33	40	40	P 622	30	48	48	
1555	1	T 628	34	40	40	P 624	30	48	48	
1556	1	T 630	35	40	40	P 626	32	48	48	
1557	1	T 632	36	40	40	P 628	32	48	48	
1558	1	T 634	37	40	40	P 630	34	48	48	
1559	1	T 636	38	40	40	P 632	34	48	48	
1560	1	T 638	39	40	40	P 634	36	48	48	
1561	1	T 640	40	40	40	P 636	36	48	48	
1562	1	T 642	41	40	40	P 638	38	48	48	
1563	1	T 644	42	40	40	P 640	38	48	48	
1564	1	T 646	43	40	40	P 642	40	48	48	
1565	1	T 648	44	40	40	P 644	40	48	48	
1566	1	T 650	45	40	40	P 646	42	48	48	
1567	1	T 652	46	40	40	P 648	42	48	48	
1568	1	T 654	47	40	40	P 650	44	48	48	
1569	1	T 656	48	40	40	P 652	44	48	48	
1570	1	T 658	49	40	40	P 654	46	48	48	
1571	1	T 660	50	40	40	P 656	46	48	48	
1572	1	T 658	51	40	40	P 654	48	48	48	
1573	1	T 656	52	40	40	P 652	48	48	48	
1574	1	T 654	53	40	40	P 650	50	48	48	
1575	1	T 652	54	40	40	P 648	50	48	48	
1576	1	T 650	55	40	40	P 646	52	48	48	
1577	1	T 648	56	40	40	P 644	52	48	48	
1578	1	T 646	57	40	40	P 642	54	48	48	
1579	1	T 644	58	40	40	P 640	54	48	48	
1580	1	T 642	59	40	40	P 638	56	48	48	
1581	1	T 640	60	40	40	P 636	56	48	48	
1582	1	T 638	61	40	40	P 634	58	48	48	
1583	1	T 636	62	40	40	P 632	58	48	48	
1584	1	T 634	63	40	40	P 630	60	48	48	
1585	1	T 632	64	40	40	P 628	60	48	48	
1586	1	T 630	65	40	40	P 626	62	48	48	
1587	1	T 628	66	40	40	P 624	62	48	48	
1588	1	T 626	67	40	40	P 622	64	48	48	
1589	1	T 624	68	40	40	P 620	64	48	48	
1590	1	T 622	69	40	40	P 618	66	48	48	
1591	1	T 620	70	40	40	P 616	66	48	48	
1592	1	T 618	71	40	40	P 614	68	48	48	
1593	1	T 616	72	40	40	P 612	68	48	48	
1594	1	T 614	73	40	40	P 610	70	48	48	
1595	1	T 612	74	40	40	P 608	70	48	48	
1596	1	T 610	75	40	40	P 606	72	48	48	
1597	1	T 608	76	40	40	P 604	72	50	48	
1598	1	T 606	77	40	40	P 602	74	48	48	
1599	1	T 604	78	40	40	P 600	74	48	48	
1600	1	T 602	79	40	40	P 598	76	48	48	
1601	1	T 600	80	40	40	P 596	76	48	48	
1602	1	T 598	81	40	40	P 594	78	48	48	
1603	1	T 596	82	40	40	P 592	78	48	48	
1604	1	T 594	83	40	40	P 590	80	48	48	
1605	1	T 592	84	40	40	P 588	80	48	48	
1606	1	T 590	85	40	40	P 586	82	48	48	
1607	1	T 588	86	40	40	P 584	82	48	48	
1608	1	T 586	87	40	40	P 582	84	48	48	
1609	1	T 584	88	40	40	P 580	84	48	48	
1610	1	T 582	89	40	40	P 578	86	48	48	
1611	1	T 580	90	40	40	P 576	86	48	48	
1612	1	T 578	91	40	40	P 574	88	48	48	
1613	1	T 576	92	40	40	P 572	88	48	48	
1614	1	T 574	93	40	40	P 570	90	48	48	
1615	1	T 572	94	40	40	P 568	90	48	48	
1616	1	T 570	95	40	40	P 566	92	48	48	
1617	1	T 568	96	40	40	P 564	92	48	48	
1618	1	T 566	97	40	40	P 562	94	48	48	
1619	1	T 564	98	40	40	P 560	94	48	48	
1620	1	T 562	99	40	40	P 558	96	48	48	
1621	1	T 560	100	40	40	P 556	96	48	48	
1622	1	T 558	101	40	40	P 554	98	48	48	
1623	1	T 556	102	40	40	P 552	98	48	48	
1624	1	T 554	103	40	40	P 550	100	48	48	
1625	1	T 552	104	40	40	P 548	100	48	48	
1626	1	T 550	105	40	40	P 546	102	48	48	
1627	1	T 548	106	40	40	P 544	102	48	48	
1628	1	T 546	107	40	40	P 542	104	48	48	
1629	1	T 544	108	40	40	P 540	104	48	48	
1630	1	T 542	109	40	40	P 538	106	48	48	
1631	1	T 540	110	40	40	P 536	106	48	48	
1632	1	T 538	111	40	40	P 534	108	48	48	
1633	1	T 536	112	40	40	P 532	108	48	48	
1634	1	T 534	113	40	40	P 530	110	48	48	
1635	1	T 532	114	40	40	P 528	110	48	48	
1636	1	T 530	115	40	40	P 526	112	48	48	
1637	1	T 528	116	40	40	P 524	112	48	48	
1638	1	T 526	117	40	40	P 522	114	48	48	
1639	1	T 524	118	40	40	P 520	114	48	48	
1640	1	T 522	119	40	40	P 518	116	48	48	
1641	1	T 520	120	40	40	P 516	116	48	48	
1642	1	T 518	121	40	40	P 514	118	48	48	
1643	1	T 516	122	40	40	P 512	118	48	48	
1644	1	T 514	123	40	40	P 510	120	48	48	
1645	1	T 512	124	40	40	P 508	120	48	48	
1646	1	T 510	125	40	40	P 506	122	48	48	
1647	1	T 508	126	40	40	P 504	122	48	48	
1648	1	T 506	127	40	40	P 502	124	48	48	
1649	1	T 504	128	40	40	P 500	124	48	48	
1650	1	T 502	129	40	40	P 498	126	48	48	
1651	1	T 500	130	40	40	P 496	126	48	48	
1652	1	T 498	131	40	40	P 494	128	48	48	
1653	1	T 496	132	40	40	P 492	128	48	48	
1654	1	T 494	133	40	40	P 490	130	48	48	
1655	1	T 492	134	40	40	P 488	130	48	48	
1656	1	T 490	135	40	40	P 486	132	48	48	
1657	1	T 488	136	40	40	P 484	132	48	48	
1658	1	T 486	137	40	40	P 482	134	48	48	
1659	1	T 484	138	40	40	P 480	134	48	48	
1660	1	T 482	139	40	40	P 478	136	48	48	
1661	1	T 480	140	40	40	P 476	136	48	48	
1662	1	T 478	141	40	40	P 474	138	48	48	
1663	1	T 476	142	40	40	P 472	138	48	48	
1664	1	T 474	143	40	40	P 470	140	48	48	
1665	1	T 472	144	40	40	P 468	140	48	48	
1666	1	T 470	145	40	40	P 466	142	48	48	
1667	1	T 468	146	40	40	P 464	142	48	48	
1668	1	T 466	147	40	40	P 462	144	48	48	
1669	1	T 464	148	40	40	P 460	144	48	48	
1670	1	T 462	149	40	40	P 458	146	48	48	
1671	1	T 460	150	40	40	P 456	146	48	48	
1672	1	T 458	151	40	40	P 454	148	48	48	
1673	1	T 456	152	40	40	P 452	148	48	48	
1674	1	T 454	153	40	40	P 450	150	48	48	
1675	1	T 452	154	40	40	P 448	150	48	48	
1676	1	T 450	155	40	40	P 446	152	48	48	
1677	1	T 448	156	40	40	P 444	152	48	48	
1678	1	T 446	157	40	40	P 442	154	48	48	
1679	1	T 444	158	40	40	P 440	154	48	48	
1680	1	T 442	159	40	40	P 438	156	48	48	
1681	1	T 440	160	40	40	P 436	156	48	48	
1682	1	T 438	161	40	40	P 434	158	48	48	
1683	1	T 436	162	40	40	P 432	158	48	48	
1684	1	T 434	163	40	40	P 430	160	48	48	
1685	1	T 432	164	40	40	P 428	160	48	48	
1686	1	T 430	165	40	40	P 426	162	48	48	
1687	1	T 428	166	40	40	P 424	162	48	48	
1688	1	T 426	167	40	40	P 422	164	48	48	
1689	1	T 424	168	40	40	P 420	164	48	48	
1690	1	T 422	169	40	40	P 418	166	48	48	
1691	1	T 420	170	40	40	P 416	166	48	48	
1692	1	T 418	171	40	40	P 414	168	48	48	
1693	1	T 416	172	40	40	P 412	168	48	48	
1694	1	T 414	173	40	40	P 410	170	48	48	
1695	1	T 412	174	40	40	P 408	170	48	48	
1696	1	T 410	175	40	40	P 406	172	48	48	
1697	1	T 408	176	40	40	P 404	172	48	48	
1698	1	T 406	177	40	40	P 402	174	48	48	
1699	1	T 404	178	40	40	P 400	174	48	48	
1700	1	T 402	179	40	40	P 398	176	48	48	
1701	1	T 400	180	40	40	P 396	176	48	48	
1702	1	T 398	181	40	40	P 394	178	48	48	
1703	1	T 396	182	40	40	P 392	178	48	48	
1704	1	T 394	183	40	40	P 390	180	48	48	
1705	1	T 392	184	40	40	P 388	180	48	48	
1706	1	T 390	185	40	40	P 386	182	48	48	
1707	1	T 388	186	40	40	P 384	182	48	48	
1708	1	T 386	187	40	40	P 382	184	48	48	
1709	1	T 384	188	40	40	P 380	184	48	48	
1710	1	T 382	189	40	40	P 378	186	48	48	
1711	1	T 380	190	40	40	P 376	186	48	48	
1712	1	T 378	191	40	40	P 374	188	48	48	
1713	1	T 376	192	40	40	P 372	188	48	48	
1714	1	T 374	193	40	40	P 370	190	48	48	
1715	1	T 372	194	40	40	P 368	190	48	48	
1716	1	T 370	195	40	40	P 366	192	48	48	
1717	1	T 368	196	40	40	P 364	192	48	48	
1718	1	T 366	197	40	40	P 362	194	48	48	
1719	1	T 364	198	40	40	P 360	194	48	48	
1720	1	T 362	199	40	40	P 358	196	48	48	
1721	1	T 360	200	40	40	P 356	196	48	48	
1722	1	T 358	201	40	40	P 354	198	48	48	
1723	1	T 356	202	40	40	P 352	198	48	48	
1724	1	T 354	203	40	40	P 350	200	48	48	
1725	1	T 352	204	40	40	P 348	200	48	48	
1726	1	T 350	205	40	40	P 346	202	48	48	
1727	1	T 348	206	40	40	P 344	202	48	48	
1728	1	T 346	207	40	40	P 342	204	48	48	
1729	1	T 344	208	40	40	P 340	204	48	48	
1730	1	T 342	209	40	40	P 338	204	48	48	
1731	1	T 340	210	40	40	P 336	206	48	48	
1732	1	T 338	211	40	40	P 334	208	48	48	
1733	1	T 336	212	40	40	P 332	208	48	48	
1734	1	T 334	213	40	40	P 330	210	48	48	
1735	1	T 332	214	40	40	P 328	210	48	48	
1736	1	T 330	215	40	40	P 326	212	48	48	
1737	1	T 328	216	40	40	P 324	212	48	48	
1738	1	T 326	217	40	40	P 322	214	48	48	
1739	1	T 324	218	40	40	P 320	214	48	48	
1740	1	T 322	219	40	40	P 318	216	48	48	
1741	1	T 320	220	40	40	P 316	216	48	48	
1742	1	T 318	221	40	40	P 314	218	48	48	
1743	1	T 316	222	40	40	P 312	218	48	48	
1744	1	T 314	223	40	40	P 310	220	48	48	
1745	1	T 312	224	40	40	P 308	220	48	48	
1746	1	T 310	225	40	40	P 306	222	48	48	
1747	1	T 308	226	40	40	P 304	222	48	48	
1748	1	T 306	227	40	40	P 302	224	48	48	
1749	1	T 304	228	40	40	P 300	224	48	48	
1750	1	T 302	229	40	40	P 298	226	48	48	
1751	1	T 300	230	40	40	P 296	226	48	48	
1752	1	T 298	231	40	40	P 294	228	48	48	
1753	1	T 296	232	40	40	P 292	228	48	48	
1754	1	T 294	233	40	40	P 290	230	48	48	
1755	1	T 292	234	40	40	P 288	230	48	48	
1756	1	T 290	235	40	40	P 286	232	48	48	
1757	1	T 288	236	40	40	P 284	232	48	48	
1758	1	T 286	237	40	40	P 282	234	48	48	
1759	1	T 284	238	40	40	P 280	234	48	48	
1760	1	T 282	239	40	40	P 278	236	48	48	
1761	1	T 280	240	40	40	P 276	236	48	48	
1762	1	T 278	241	40	40	P 274	238	48	48	
1763	1	T 276	242	40	40	P 272	238	48	48	
1764	1	T 274	243	40	40	P 270	240	48	48	
1765	1	T 272	244	40	40	P 268	240	48	48	
1766	1	T 270	245	40	40	P 266	242	48	48	
1767	1	T 268	246	40	40	P 264	242	48	48	
1768	1	T 266	247	40	40	P 262	244	48	48	
1769	1	T 264	248	40	40	P 260	244	48	48	
1770	1	T 262	249	40	40	P 258	246	48	48	
1771	1	T 260	250	40	40	P 256	246	48	48	
1772	1	T 258	251	40	40	P 254	248	48	48	
1773	1	T 256	252	40	40	P 252	248	48	48	
1774	1	T 254	253	40	40	P 250	250	48	48	
1775	1	T 252	254	40	40	P 248	250	48	48	
1776	1	T 250	255	40	40	P 246	252	48	48	
1777	1	T 248	256	40	40	P 244	252	48	48	
1778	1	T 246	257	40	40	P 242	254	48	48	
1779	1	T 244	258	40	40	P 240	254	48	48	
1780	1	T 242	259	40	40	P 238	256	48	48	
1781	1	T 240	260	40	40	P 236	256	48	48	
1782	1	T 238	261	40	40	P 234	258	48	48	
1783	1	T 236	262	40	40	P 232	258	48	48	
1784	1	T 234	263	40	40	P 230	260	48	48	
1785	1	T 232	264	40	40	P 228	260	48	48	
1786	1	T 230	265	40	40	P 226	262	48	48	
1787	1	T 228	266	40	40	P 224	262	48	48	
1788	1	T 226	267	40	40	P 222	264	48	48	
1789	1	T 224	268	40	40	P 220	264	48	48	
1790	1	T 222	269	40	40	P 218	266	48	48	
1791	1	T 220	270	40	40	P 216	266	48	48	
1792	1	T 218	271	40	40	P 214	268	48	48	
1793	1	T 216	272	40	40	P 212	268	48	48	
1794	1	T 214	273	40	40	P 210	270	48	48	
1795	1	T 212	274	40	40	P 208	270	48	48	
1796	1	T 210	275	40	40	P 206	272	48	48	
1797	1	T 208	276	40	40	P 204	272	48	48	
1798	1	T 206	277	40	40	P 202	274	48	48	
1799	1	T 204	278	40	40	P 200	274	48	48	
1800	1	T 202	279	40	40	P 198	276	48	48	
1801	1	T 200	280	40	40	P 196	276	48	48	
1802	1	T 198	281	40	40	P 194	278	48	48	
1803	1	T 196	282	40	40	P 192	278	48	48	
1804	1	T 194	283	40	40	P 190	280	48	48	
1805	1	T 192	284	40	40	P 188	280	48	48	
1806	1	T 190	285	40	40	P 186	282	48	48	
1807	1	T 188	286	40	40	P 184	282	48	48	
1808	1	T 186	287	40	40	P 182	284	48	48	
1809	1	T 184	288	40	40	P 180	284	48	48	
1810	1	T 182	289	40	40	P 178	286	48	48	
1811	1	T 180	290	40	40	P 176	286	48	48	
1812	1	T 178	291	40	40	P 174	288	48	48	
1813	1	T 176	292	40	40	P 172	288	48	48	
1814	1	T 174	293	40	40	P 170	290	48	48	
1815	1	T 172	294	40	40	P 168	290	48	48	
1816	1	T 170	295	40	40	P 166	292	48	48	
1817	1	T 168	296	40	40	P 164	292	48	48	
1818	1	T 166	297	40	40	P 162	294	48	48	
1819	1	T 164	298	40	40	P 160	294	48	48	
1820	1	T 162	299	40	40	P 158	296	48	48	
1821	1	T 160	300	40	40	P 156	296	48	48	
1822	1	T 158	301	40	40	P 154	298	48	48	
1823	1	T 156	302	40	40	P 152	298	48	48	
1824	1	T 154	303	40	40	P 150	300	48	48	
1825	1	T 152	304	40	40	P 148	300	48	48	
1826	1	T 150	305	40	40	P 146	302	48	48	
1827	1	T 148	306	40	40	P 144	302	48	48	
1828	1	T 146	307	40	40	P 142	304	48	48	
1829	1	T 144	308	40	40	P 140	304	48	48	
1830	1	T 142	309	40	40	P 138	306	48	48	
1831	1	T 140	310	40	40	P 136	306	48	48	
1832	1	T 138	311	40	40	P 134	308	48	48	
1833	1	T 136	312	40	40	P 132	308	48	48	
1834	1	T 134	313	40	40	P 130	310	48	48	
1835	1	T 132	314	40	40	P 128	310	48	48	
1836	1	T 130	315	40	40	P 126	312	48	48	
1837	1	T 128	316	40	40	P 124	312	48	48	
1838	1	T 126	317	40	40	P 122	314	48	48	
1839	1	T 124	318	40	40	P 120	314	48	48	
1840	1	T 122	319	40	40	P 118	316	48	48	
1841	1	T 120	320	40	40	P 116	316	48	48	
1842	1	T 118	321	40	40	P 114	318	48	48	
1843	1	T 116	322	40	40	P 112	318	48	48	
1844	1	T 114	323	40	40	P 110	320	48	48	
1845	1	T 112	324	40	40	P 108	320	48	48	
1846	1	T 110	325	40	40	P 106	322	48	48	
1847	1	T 108	326	40	40	P 104	322	48	48	
1848	1	T 106	327	40	40	P 102	324	48	48	
1849	1	T 104	328	40	40	P 100	324	48	48	
1850	1	T 102	329	40	40	P 98	326	48	48	
1851	1	T 100	330	40	40	P 96	326	48	48	
1852	1	T 98	331	40	40	P 94	328	48	48	
1853	1	T 96	332	40	40	P 92	328	48	48	
1854	1	T 94	333	40	40	P 90	330	48	48	
1855	1	T 92	334	40	40	P 88	330	48	48	
1856	1	T 90	335	40	40	P 86	332	48	48	
1857	1	T 88	336	40	40	P 84	332	48	48	
1858	1	T 86	337	40	40	P 82	334	48	48	
1859	1	T 84	338	40	40	P 80	334	48	48	
1860	1	T 82	339	40	40	P 78	336	48	48	
1861	1	T 80	340	40	40	P 76	336	48	48	
1862	1	T 78	341	40	40	P 74	338	48	48	
1863	1	T 76	342	40	40	P 72	338	48	48	
1864	1	T 74	343	40	40	P 70	340	48	48	
1865	1	T 72	344	40	40	P 68	340	48	48	
1866	1	T 70	345	40	40	P 66	342	48	48	
1867	1	T 68	346	40	40	P 64	342	48	48	
1868	1	T 66	347	40	40	P 62	344	48	48	
1869	1	T 64	348	40	40	P 60	344	48	48	
1870	1	T 62	349	40	40	P 58	346	48	48	
1871	1	T 60	350	40	40	P 56	346	48	48	
1872	1	T 58	351	40	40	P 54	348	48	48	
1873	1	T 56	352	40	40	P 52	348	48	48	
1874	1	T 54	353	40	40	P 50	350	48	48	
1875	1	T 52	354	40	40	P 48	350	48	48	
1876	1	T 50	355	40	40	P 46	352	48	48	
1877	1	T 48	356	40	40	P 44	352	48	48	
1878	1	T 46	357	40	40	P 42	354	48	48	
1879	1	T 44	358	40	40	P 40	354	48	48	
1880	1	T 42	359	40	40	P 38	356	48	48	
1881	1	T 40	360	40	40	P 36	356	48	48	
1882	1	T 38	361	40	40	P 34	358	48	48	
1883	1	T 36	362	40	40	P 32	358	48	48	
1884	1	T 34	363	40	40	P 30	360	48	48	
1885	1	T 32	364	40	40	P 28	360	48	48	
1886	1	T 30	365	40	40	P 26	362	48	48	
1887	1	T 28	366	40	40	P 24	362	48	48	
1888	1	T 26	367	40	40	P 22	364	48	48	
1889	1	T 24	368	40	40	P 20	364	48	48	
1890	1	T 22	369	40	40	P 18	366	48	48	
1891	1	T 20	370	40	40	P 16	366	48	48	
1892	1	T 22	371	40	40	P 18	368	48	48	
1893	1	T 24	372	40	40	P 20	368	48	48	
1894	1	T 26	373	40	40	P 22	370	48	48	
1895	1	T 28	374	40	40	P 24	370	48	48	
1896	1	T 30	375	40	40	P 26	372	48	48	
1897	1	T 32	376	40	40	P 28	372	48	48	
1898	1	T 34	377	40	40	P 30	374	48	48	
1899	1	T 36	378	40	40	P 32	374	48	48	
1900	1	T 38	379	40	40	P 34	376	48	48	
1901	1	T 40	380	40	40	P 36	376	48	48	
1902	1	T 42	381	40	40	P 38	378	48	48	
1903	1	T 44	382	40	40	P 40	378	48	48	
1904	1	T 46	383	40	40	P 42	380	48	48	
1905	1	T 48	384	40	40	P 44	380	48	48	
1906	1	T 50	385	40	40	P 46	382	48	48	
1907	1	T 52	386	40	40	P 48	382	48	48	
1908	1	T 54	387	40	40	P 50	384	48	48	
1909	1	T 56	388	40	40	P 52	384	48	48	
1910	1	T 58	389	40	40	P 54	386	48	48	
1911	1	T 60	390	40	40	P 56	386	48	48	
1912	1	T 62	391	40	40	P 58	388	48	48	
1913	1	T 64	392	40	40	P 60	388	48	48	
1914	1	T 66	393	40	40	P 62	390	48	48	
1915	1	T 68	394	40	40	P 64	390	48	48	
1916	1	T 70	395	40	40	P 66	392	48	48	
1917	1	T 72	396	40	40	P 68	392	48	48	
1918	1	T 74	397	40	40	P 70	394	48	48	
1919	1	T 76	398	40	40	P 72	394	48	48	
1920	1	T 78	399	40	40	P 74	396	48	48	
1921	1	T 80	400	40	40	P 76	396	48	48	
1922	1	T 82	401	40	40	P 78	398	48	48	
1923	1	T 84	402	40	40	P 80	398	48	48	
1924	1	T 86	403	40	40	P 82	400	48	48	
1925	1	T 88	404	40	40	P 84	400	48	48	
1926	1	T 90	405	40	40	P 86	402	48	48	
1927	1	T 92	406	40	40	P 88	402	48	48	
1928	1	T 94	407	40	40	P 90	404	48	48	
1929	1	T 96	408	40	40	P 92	404	48	48	
1930	1	T 98	409	40	40	P 94	406	48	48	
1931	1	T 100	410	40	40	P 96	406	48	48	
1932	1	T 102	411	40	40	P 98	408	48	48	
1933	1	T 104	412	40	40	P 100	408	48	48	
1934	1	T 106	413	40	40	P 102	410	48	48	
1935	1	T 108	414	40	40	P 104	410	48	48	
1936	1	T 110	415	40	40	P 106	412	48	48	
1937	1	T 112	416	40	40	P 108	412	48	48	
1938	1	T 114	417	40	40	P 110	414	48	48	
1939	1	T 116	418	40	40	P 112	414	48	48	
1940	1	T 118	419	40	40	P 114	416	48	48	
1941	1	T 120	420	40	40	P 116	416	48	48	
1942	1	T 122	419	40	40	P 118	416	48	48	
1943	1	T 124	418	40	40	P 120	414	48	48	
1944	1	T 126	417	40	40	P 122	414	48	48	
1945	1	T 128	416	40	40	P 124	412	48	48	
1946	1	T 130	415	40	40	P 126	412	48	48	
1947	1	T 132	414	40	40	P 128	410	48	48	
1948	1	T 134	413	40	40	P 130	410	48	48	
1949	1	T 136	412	40	40	P 132	408	48	48	
1950	1	T 138	411	40	40	P 134	408	48	48	
1951	1	T 140	410	40	40	P 136	406	48	48	
1952	1	T 142	409	40	40	P 138	406	48	48	
1953	1	T 144	408	40	40	P 140	404	48	48	
1954	1	T 146	407	40	40	P 142	404	48	48	
1955	1	T 148	406	40	40	P 144	402	48	48	
1956	1	T 150	405	40	40	P 146	402	48	48	
1957	1	T 152	404	40	40	P 148	400	48	48	
1958	1	T 154	403	40	40	P 150	400	48	48	
1959	1	T 156	402	40	40	P 152	398	48	48	
1960	1	T 158	401	40	40	P 154	398	48	48	
1961	1	T 160	400	40	40	P 156	396	48	48	
1962	1	T 162	399	40	40	P 158	396	48	48	
1963	1	T 164	398	40	40	P 160	394	48	48	
1964	1	T 166	397	40	40	P 162	394	48	48	
1965	1	T 168	396	40	40	P 164	392	48	48	
1966	1	T 170	395	40	40	P 166	392	48	48	
1967	1	T 172	394	40	40	P 168	390	48	48	
1968	1	T 174	393	40	40	P 170	390	48	48	
1969	1	T 176	392	40	40	P 172	388	48	48	
1970	1	T 178	391	40	40	P 174	388	48	48	
1971	1	T 180	390	40	40	P 176	386	48	48	
1972	1	T 182	389	40	40	P 178	386	48	48	
1973	1	T 184	388	40	40	P 180	384	48	48	
1974	1	T 186	387	40	40	P 182	384	48	48	
1975	1	T 188	386	40	40	P 184	382	48	48	
1976	1	T 190	385	40	40	P 186	382	48	48	
1977	1	T 192	384	40	40	P 188	380	48	48	
1978	1	T 194	383	40	40	P 190	380	48	48	
1979	1	T 196	382	40	40	P 192	378	48	48	
1980	1	T 198	381	40	40	P 194	378	48	48	
1981	1	T 200	380	40	40	P 196	376	48	48	
1982	1	T 202	379	40	40	P 198	376	48	48	
1983	1	T 204	378	40	40	P 200	374	48	48	
1984	1	T 206	377	40	40	P 202	374	48	48	
1985	1	T 208	376	40	40	P 204	372	48	48	
1986	1	T 210	375	40	40	P 206	372	48	48	
1987	1	T 212	374	40	40	P 208	370	48	48	
1988	1	T 214	373	40	40	P 210	370	48	48	
1989	1	T 216	372	40	40	P 212	368	48	48	
1990	1	T 218	371	40	40	P 214	368	48	48	
1991	1	T 220	370	40	40	P 216	366	48	48	
1992	1	T 222	369	40	40	P 218	366	48	48	
1993	1	T 224	368	40	40	P 220	364	48	48	
1994	1	T 226	367	40	40	P 222	364	48	48	
1995	1	T 228	366	40	40	P 224	362	48	48	
1996	1	T 230	365	40	40	P 226	362	48	48	
1997	1	T 232	364	40	40	P 228	360	48	48	
1998	1	T 234	363	40	40	P 230	360	48	48	
1999	1	T 236	362	40	40	P 232	358	48	48	
2000	1	T 238	361	40	40	P 234	358	48	48	
