1	0	T 80	80	40	40	
2	0	T 82	81	40	40	
3	0	T 84	82	40	40	
4	0	T 86	83	40	40	
5	0	T 88	84	40	40	
6	0	T 90	85	40	40	
7	0	T 92	86	40	40	
8	1	T 94	87	40	40	P 78	72	70	70	
9	1	T 96	88	40	40	P 64	66	70	68	
10	1	T 98	89	40	40	P 68	66	68	68	
11	1	T 100	90	40	40	P 70	68	68	68	
12	1	T 102	91	40	40	P 72	68	68	68	
13	1	T 104	92	40	40	P 74	68	68	70	
14	3	T 106	93	40	40	P 74	70	70	68	P 94	80	8	1	P 90	78	70	70	
15	4	T 108	94	40	40	P 76	70	68	70	P 94	80	8	1	P 82	74	68	68	P 76	70	68	70	
16	3	T 110	95	40	40	P 82	76	70	68	P 86	76	68	68	P 88	76	68	70	
17	3	T 112	96	40	40	P 90	78	68	68	P 96	82	68	68	P 98	80	68	70	
18	3	T 114	97	40	40	P 100	82	68	68	P 96	82	68	68	P 98	80	68	70	
19	1	T 116	98	40	40	P 100	82	68	68	
20	3	T 118	99	40	40	P 104	86	68	68	P 114	87	10	5	P 138	86	30	18	
21	3	T 120	100	40	40	P 104	86	70	68	P 138	86	30	18	P 138	86	30	18	
22	2	T 122	101	40	40	P 104	86	70	68	P 146	90	26	14	
23	2	T 124	102	40	40	P 108	88	70	68	P 146	90	26	14	
24	1	T 126	103	40	40	P 110	88	70	68	
25	1	T 128	104	40	40	P 112	90	68	70	
26	1	T 130	105	40	40	P 116	90	68	68	
27	1	T 132	106	40	40	P 118	92	68	68	
28	1	T 134	107	40	40	P 118	92	70	70	
29	1	T 136	108	40	40	P 120	94	70	66	
30	3	T 138	109	40	40	P 124	94	66	68	P 162	95	8	1	P 134	97	18	4	
31	3	T 140	110	40	40	P 126	96	68	68	P 162	95	8	1	P 134	97	18	4	
32	1	T 142	111	40	40	P 128	96	68	68	
33	1	T 144	112	40	40	P 130	98	68	68	
34	1	T 146	113	40	40	P 130	98	68	68	
35	3	T 148	114	40	40	P 134	100	68	68	P 170	102	24	9	P 170	102	24	9	
36	3	T 150	115	40	40	P 136	100	68	68	P 170	102	24	9	P 170	102	24	9	
37	1	T 152	116	40	40	P 136	102	70	66	
38	1	T 154	117	40	40	P 140	102	68	68	
39	1	T 156	118	40	40	P 140	104	70	68	
40	1	T 158	119	40	40	P 142	106	70	68	
41	1	T 160	120	40	40	P 144	104	70	72	
42	1	T 162	121	40	40	P 148	106	68	68	
43	1	T 164	122	40	40	P 150	108	68	68	
44	1	T 166	123	40	40	P 152	108	66	68	
45	1	T 168	124	40	40	P 154	110	68	68	
46	1	T 170	125	40	40	P 154	110	70	68	
47	1	T 172	126	40	40	P 158	112	68	68	
48	1	T 174	127	40	40	P 158	112	68	68	
49	1	T 176	128	40	40	P 162	112	66	70	
50	1	T 178	129	40	40	P 164	114	68	68	
51	1	T 180	130	40	40	P 164	116	70	68	
52	1	T 182	131	40	40	P 166	118	70	66	
53	1	T 184	132	40	40	P 170	118	68	68	
54	1	T 186	133	40	40	P 170	118	70	70	
55	2	T 188	134	40	40	P 172	120	70	66	P 202	121	10	2	
56	2	T 190	135	40	40	P 176	122	68	68	P 202	121	10	2	
57	1	T 192	136	40	40	P 176	122	70	68	
58	1	T 194	137	40	40	P 180	122	72	70	
59	1	T 196	138	40	40	P 180	122	70	70	
60	1	T 198	139	40	40	P 182	124	70	68	
61	1	T 200	140	40	40	P 184	124	70	68	
62	1	T 202	141	40	40	P 188	126	68	68	
63	1	T 204	142	40	40	P 190	128	68	66	
64	1	T 206	143	40	40	P 192	130	66	66	
65	1	T 208	144	40	40	P 194	130	68	68	
66	1	T 210	145	40	40	P 196	130	70	68	
67	1	T 212	146	40	40	P 198	130	68	70	
68	1	T 214	147	40	40	P 198	134	70	68	
69	1	T 216	148	40	40	P 202	134	68	68	
70	1	T 218	149	40	40	P 204	134	68	68	
71	1	T 220	150	40	40	P 208	134	66	68	
72	1	T 222	151	40	40	P 206	136	70	68	
73	1	T 224	152	40	40	P 210	138	68	68	
74	1	T 226	153	40	40	P 212	138	66	68	
75	1	T 228	154	40	40	P 214	140	68	68	
76	1	T 230	155	40	40	P 216	140	68	70	
77	1	T 232	156	40	40	P 216	140	70	70	
78	1	T 234	157	40	40	P 220	142	68	70	
79	1	T 236	158	40	40	P 222	142	68	70	
80	1	T 238	159	40	40	P 222	142	68	70	
81	3	T 240	160	40	40	P 224	146	70	68	P 254	150	36	15	P 254	150	36	15	
82	3	T 242	161	40	40	P 228	146	66	68	P 254	150	36	15	P 254	150	36	15	
83	1	T 244	162	40	40	P 228	148	70	68	
84	1	T 246	163	40	40	P 230	148	70	68	
85	2	T 248	164	40	40	P 230	148	70	68	P 236	186	22	30	
86	4	T 250	165	40	40	P 236	152	68	66	P 236	186	22	30	P 242	160	4	18	P 242	160	4	18	
87	3	T 252	166	40	40	P 236	152	68	66	P 242	160	4	18	P 242	160	4	18	
88	1	T 254	167	40	40	P 240	152	68	68	
89	1	T 256	168	40	40	P 242	154	68	68	
90	1	T 258	169	40	40	P 244	154	68	68	
91	1	T 260	170	40	40	P 246	154	68	70	
92	1	T 262	171	40	40	P 246	156	70	68	
93	2	T 264	172	40	40	P 250	158	68	68	P 286	157	8	1	
94	2	T 266	173	40	40	P 252	158	66	70	P 286	157	8	1	
95	1	T 268	174	40	40	P 254	160	68	68	
96	1	T 270	175	40	40	P 254	160	70	70	
97	1	T 272	176	40	40	P 258	160	68	70	
98	1	T 274	177	40	40	P 260	162	68	70	
99	1	T 276	178	40	40	P 260	164	70	66	
100	1	T 278	179	40	40	P 264	164	68	68	
101	1	T 280	180	40	40	P 266	164	68	70	
102	1	T 282	181	40	40	P 268	166	68	68	
103	1	T 284	182	40	40	P 268	168	70	68	
104	1	T 286	183	40	40	P 272	168	68	68	
105	1	T 288	184	40	40	P 272	170	70	68	
106	1	T 290	185	40	40	P 274	172	72	66	
107	1	T 292	186	40	40	P 276	172	70	68	
108	1	T 294	187	40	40	P 280	170	68	72	
109	1	T 296	188	40	40	P 280	174	70	66	
110	1	T 298	189	40	40	P 284	174	68	68	
111	1	T 300	190	40	40	P 284	176	70	68	
112	1	T 302	191	40	40	P 288	176	66	68	
113	1	T 304	192	40	40	P 290	178	68	68	
114	1	T 306	193	40	40	P 292	180	68	66	
115	1	T 308	194	40	40	P 294	180	68	68	
116	1	T 310	195	40	40	P 294	180	70	70	
117	1	T 312	196	40	40	P 296	182	70	68	
118	1	T 314	197	40	40	P 300	182	68	68	
119	1	T 316	198	40	40	P 300	182	68	70	
120	1	T 318	199	40	40	P 304	186	68	68	
121	1	T 320	200	40	40	P 304	186	70	68	
122	1	T 322	201	40	40	P 308	186	66	68	
123	1	T 324	202	40	40	P 312	192	17	62	
124	3	T 326	203	40	40	P 312	188	68	68	P 311	226	3	6	P 311	226	3	6	
125	3	T 328	204	40	40	P 314	188	68	70	P 311	226	3	6	P 311	226	3	6	
126	3	T 330	205	40	40	P 316	190	68	68	P 316	190	18	2	P 316	190	18	2	
127	3	T 332	206	40	40	P 316	190	70	70	P 316	190	18	2	P 316	190	18	2	
128	1	T 334	207	40	40	P 320	194	68	66	
129	1	T 336	208	40	40	P 322	192	68	70	
130	1	T 338	209	40	40	P 322	196	70	66	
131	1	T 340	210	40	40	P 326	194	68	68	
132	1	T 342	211	40	40	P 326	196	70	68	
133	1	T 344	212	40	40	P 328	196	70	70	
134	1	T 346	213	40	40	P 332	198	68	68	
135	1	T 348	214	40	40	P 334	198	68	70	
136	1	T 350	215	40	40	P 336	200	68	70	
137	1	T 352	216	40	40	P 336	202	70	68	
138	1	T 354	217	40	40	P 338	202	70	68	
139	2	T 356	218	40	40	P 340	202	68	70	P 352	206	20	4	
140	2	T 358	219	40	40	P 344	204	66	70	P 352	206	20	4	
141	1	T 360	220	40	40	P 346	204	68	70	
142	1	T 362	221	40	40	P 351	206	65	70	
143	3	T 364	222	40	40	P 348	208	68	66	P 372	197	6	4	P 372	197	6	4	
144	3	T 366	223	40	40	P 353	208	65	68	P 372	197	6	4	P 372	197	6	4	
145	1	T 368	224	40	40	P 352	208	70	70	
146	1	T 370	225	40	40	P 354	210	70	68	
147	1	T 372	226	40	40	P 356	212	70	68	
148	1	T 374	227	40	40	P 360	212	66	68	
149	1	T 376	228	40	40	P 360	212	70	70	
150	1	T 378	229	40	40	P 364	214	68	68	
151	1	T 380	230	40	40	P 364	216	70	68	
152	1	T 382	231	40	40	P 368	216	66	68	
153	1	T 384	232	40	40	P 370	218	68	68	
154	1	T 386	233	40	40	P 370	220	70	66	
155	1	T 388	234	40	40	P 374	220	68	68	
156	1	T 390	235	40	40	P 376	220	66	68	
157	2	T 392	236	40	40	P 378	222	70	66	P 390	217	8	1	
158	2	T 394	237	40	40	P 380	224	70	66	P 390	217	8	1	
159	1	T 396	238	40	40	P 380	224	70	66	
160	3	T 398	239	40	40	P 382	224	68	68	P 385	252	10	36	P 385	252	10	36	
161	3	T 400	240	40	40	P 386	224	68	68	P 385	252	10	36	P 385	252	10	36	
162	1	T 402	241	40	40	P 388	226	66	68	
163	1	T 404	242	40	40	P 388	226	68	70	
164	1	T 406	243	40	40	P 392	228	68	68	
165	1	T 408	244	40	40	P 392	230	70	68	
166	1	T 410	245	40	40	P 396	232	68	68	
167	1	T 412	246	40	40	P 396	230	70	70	
168	1	T 414	247	40	40	P 400	232	68	70	
169	1	T 416	248	40	40	P 402	234	68	68	
170	1	T 418	249	40	40	P 404	236	68	68	
171	1	T 420	250	40	40	P 404	234	70	70	
172	1	T 422	251	40	40	P 408	236	68	70	
173	1	T 424	252	40	40	P 410	238	68	68	
174	1	T 426	253	40	40	P 412	238	68	70	
175	1	T 428	254	40	40	P 414	240	68	68	
176	1	T 430	255	40	40	P 416	240	68	70	
177	1	T 432	256	40	40	P 418	242	68	68	
178	1	T 434	257	40	40	P 420	242	68	68	
179	1	T 436	258	40	40	P 422	244	68	68	
180	1	T 438	259	40	40	P 422	246	70	66	
181	1	T 440	260	40	40	P 426	246	66	68	
182	1	T 442	261	40	40	P 426	248	70	68	
183	3	T 444	262	40	40	P 430	248	68	66	P 476	249	10	5	P 476	249	10	5	
184	3	T 446	263	40	40	P 430	248	68	66	P 437	278	26	38	P 476	249	10	5	
185	2	T 448	264	40	40	P 434	250	68	68	P 437	278	26	38	
186	1	T 450	265	40	40	P 436	250	68	68	
187	1	T 452	266	40	40	P 436	250	70	70	
188	1	T 454	267	40	40	P 438	252	70	70	
189	3	T 456	268	40	40	P 440	254	70	68	P 440	250	16	4	P 440	250	16	4	
190	3	T 458	269	40	40	P 442	254	70	68	P 440	250	16	4	P 440	250	16	4	
191	1	T 460	270	40	40	P 446	256	68	68	
192	1	T 462	271	40	40	P 448	258	68	66	
193	1	T 464	272	40	40	P 448	256	70	70	
194	1	T 466	273	40	40	P 452	258	68	70	
195	1	T 468	274	40	40	P 454	258	68	70	
196	1	T 470	275	40	40	P 454	258	68	70	
197	4	T 472	276	40	40	P 456	260	70	70	P 459	296	19	32	P 459	272	9	18	P 459	296	19	32	
198	4	T 474	277	40	40	P 460	262	68	70	P 459	296	19	32	P 459	272	9	18	P 459	296	19	32	
199	1	T 476	278	40	40	P 462	264	68	68	
200	2	T 478	279	40	40	P 464	264	68	70	P 474	266	16	6	
201	2	T 480	280	40	40	P 464	264	70	68	P 474	266	16	6	
202	1	T 482	281	40	40	P 468	266	68	70	
203	3	T 484	282	40	40	P 468	268	70	68	P 472	267	12	3	P 472	267	12	3	
204	3	T 486	283	40	40	P 472	270	68	68	P 472	267	12	3	P 472	267	12	3	
205	1	T 488	284	40	40	P 472	270	70	68	
206	1	T 490	285	40	40	P 476	270	68	68	
207	1	T 492	286	40	40	P 478	272	68	68	
208	1	T 494	287	40	40	P 480	272	68	68	
209	1	T 496	288	40	40	P 482	274	68	68	
210	1	T 498	289	40	40	P 484	274	68	70	
211	1	T 500	290	40	40	P 484	274	70	70	
212	1	T 502	291	40	40	P 488	276	68	68	
213	1	T 504	292	40	40	P 488	276	68	68	
214	3	T 506	293	40	40	P 492	278	68	70	P 498	280	20	9	P 528	282	28	15	
215	4	T 508	294	40	40	P 492	278	70	70	P 528	282	28	15	P 528	282	28	15	P 528	282	28	15	
216	3	T 510	295	40	40	P 494	282	70	66	P 528	282	28	15	P 528	282	28	15	
217	1	T 512	296	40	40	P 498	280	68	70	
218	1	T 514	297	40	40	P 500	282	68	68	
219	1	T 516	298	40	40	P 502	282	68	70	
220	1	T 518	299	40	40	P 504	284	68	68	
221	3	T 520	300	40	40	P 506	286	68	66	P 518	286	14	5	P 518	286	14	5	
222	3	T 522	301	40	40	P 508	286	68	70	P 518	286	14	5	P 518	286	14	5	
223	1	T 524	302	40	40	P 510	288	66	68	
224	1	T 526	303	40	40	P 512	288	68	68	
225	1	T 528	304	40	40	P 512	288	68	68	
226	3	T 530	305	40	40	P 514	290	70	70	P 517	324	27	32	P 517	302	7	16	
227	3	T 532	306	40	40	P 518	292	68	66	P 517	324	27	32	P 517	302	7	16	
228	2	T 534	307	40	40	P 518	292	70	68	P 517	324	27	32	
229	1	T 536	308	40	40	P 522	294	68	68	
230	1	T 538	309	40	40	P 524	294	68	68	
231	1	T 540	310	40	40	P 526	296	68	68	
232	1	T 542	311	40	40	P 526	296	70	70	
233	1	T 544	312	40	40	P 530	298	68	70	
234	1	T 546	313	40	40	P 530	298	68	68	
235	1	T 548	314	40	40	P 532	300	70	68	
236	1	T 550	315	40	40	P 536	300	66	68	
237	1	T 552	316	40	40	P 538	302	68	68	
238	1	T 554	317	40	40	P 538	304	70	66	
239	1	T 556	318	40	40	P 542	304	68	68	
240	1	T 558	319	40	40	P 544	304	66	68	
241	1	T 560	320	40	40	P 544	306	70	68	
242	1	T 562	321	40	40	P 548	306	68	70	
243	2	T 564	322	40	40	P 548	306	70	70	P 562	309	4	2	
244	2	T 566	323	40	40	P 552	308	68	68	P 562	309	4	2	
245	1	T 568	324	40	40	P 554	310	68	68	
246	1	T 570	325	40	40	P 554	310	70	68	
247	1	T 572	326	40	40	P 558	312	68	68	
248	1	T 574	327	40	40	P 560	312	68	70	
249	1	T 576	328	40	40	P 562	312	68	70	
250	1	T 578	329	40	40	P 564	314	68	68	
251	1	T 580	330	40	40	P 566	316	68	68	
252	1	T 582	331	40	40	P 566	316	70	68	
253	1	T 584	332	40	40	P 568	318	70	68	
254	1	T 586	333	40	40	P 570	318	70	70	
255	1	T 588	334	40	40	P 574	320	68	68	
256	2	T 590	335	40	40	P 574	320	68	68	P 578	364	1	6	
257	2	T 592	336	40	40	P 576	322	70	68	P 578	364	1	6	
258	1	T 594	337	40	40	P 580	324	66	68	
259	1	T 596	338	40	40	P 582	324	68	68	
260	1	T 598	339	40	40	P 584	324	68	68	
261	1	T 600	340	40	40	P 586	324	68	70	
262	1	T 602	341	40	40	P 588	326	68	70	
263	1	T 604	342	40	40	P 590	328	68	68	
264	1	T 606	343	40	40	P 590	330	68	66	
265	1	T 608	344	40	40	P 592	330	70	68	
266	1	T 610	345	40	40	P 596	330	68	68	
267	1	T 612	346	40	40	P 596	332	70	68	
268	1	T 614	347	40	40	P 600	332	66	70	
269	1	T 616	348	40	40	P 602	332	68	70	
270	2	T 618	349	40	40	P 602	332	68	70	P 581	356	23	34	
271	2	T 620	350	40	40	P 606	336	68	68	P 581	356	23	34	
272	2	T 622	351	40	40	P 608	336	68	70	P 581	356	23	34	
273	1	T 624	352	40	40	P 608	338	70	68	
274	1	T 626	353	40	40	P 612	338	68	70	
275	1	T 628	354	40	40	P 614	338	68	70	
276	1	T 630	355	40	40	P 616	342	68	66	
277	1	T 632	356	40	40	P 618	340	68	70	
278	1	T 634	357	40	40	P 618	342	70	68	
279	1	T 636	358	40	40	P 622	344	68	66	
280	1	T 638	359	40	40	P 622	342	68	70	
281	1	T 640	360	40	40	P 624	346	70	68	
282	1	T 642	361	40	40	P 626	346	70	68	
283	1	T 644	362	40	40	P 630	348	68	68	
284	1	T 646	363	40	40	P 632	348	68	68	
285	1	T 648	364	40	40	P 634	350	68	68	
286	1	T 650	365	40	40	P 634	350	68	70	
287	1	T 652	366	40	40	P 638	352	68	68	
288	1	T 654	367	40	40	P 638	352	70	70	
289	1	T 656	368	40	40	P 640	354	70	66	
290	1	T 658	369	40	40	P 642	354	70	68	
291	3	T 660	370	40	40	P 644	354	70	70	P 652	357	8	3	P 652	357	8	3	
292	3	T 658	371	40	40	P 644	356	68	68	P 652	357	8	3	P 652	357	8	3	
293	1	T 656	372	40	40	P 640	358	68	68	
294	1	T 654	373	40	40	P 638	358	68	68	
295	1	T 652	374	40	40	P 636	360	70	68	
296	1	T 650	375	40	40	P 636	360	70	68	
297	3	T 648	376	40	40	P 632	360	68	70	P 646	362	22	9	P 676	366	28	24	
298	4	T 646	377	40	40	P 630	364	70	68	P 676	366	28	24	P 676	366	28	24	P 636	414	26	12	
299	3	T 644	378	40	40	P 628	364	70	68	P 676	366	28	24	P 636	414	26	12	
300	2	T 642	379	40	40	P 626	364	70	70	P 636	414	26	12	
301	1	T 640	380	40	40	P 626	366	68	68	
302	1	T 638	381	40	40	P 624	368	68	68	
303	4	T 636	382	40	40	P 624	368	68	68	P 630	373	4	2	P 654	371	34	17	P 634	375	16	5	
304	7	T 634	383	40	40	P 620	368	68	68	P 630	373	4	2	P 654	371	34	17	P 634	375	16	5	P 642	382	8	3	P 636	371	8	1	P 642	382	8	3	
305	4	T 632	384	40	40	P 618	368	66	70	P 642	382	8	3	P 636	371	8	1	P 642	382	8	3	
306	1	T 630	385	40	40	P 614	370	70	70	
307	1	T 628	386	40	40	P 612	372	72	68	
308	1	T 626	387	40	40	P 612	372	68	68	
309	1	T 624	388	40	40	P 610	372	68	70	
310	1	T 622	389	40	40	P 606	372	70	70	
311	1	T 620	390	40	40	P 604	376	70	68	
312	1	T 618	391	40	40	P 604	376	68	68	
313	1	T 616	392	40	40	P 602	376	68	70	
314	1	T 614	393	40	40	P 600	380	68	66	
315	1	T 612	394	40	40	P 596	378	70	70	
316	1	T 610	395	40	40	P 596	382	68	68	
317	1	T 608	396	40	40	P 592	380	70	70	
318	1	T 606	397	40	40	P 592	382	66	68	
319	1	T 604	398	40	40	P 588	384	68	68	
320	1	T 602	399	40	40	P 588	384	68	68	
321	1	T 600	400	40	40	P 586	386	68	68	
322	1	T 598	401	40	40	P 584	386	68	70	
323	1	T 596	402	40	40	P 582	388	66	70	
324	1	T 594	403	40	40	P 580	388	68	68	
325	1	T 592	404	40	40	P 578	390	68	68	
326	1	T 590	405	40	40	P 574	390	70	68	
327	1	T 588	406	40	40	P 574	392	68	67	
328	1	T 586	407	40	40	P 570	392	70	70	
329	1	T 584	408	40	40	P 570	392	68	70	
330	1	T 582	409	40	40	P 568	394	68	68	
331	1	T 580	410	40	40	P 564	394	68	70	
332	1	T 578	411	40	40	P 562	396	70	68	
333	1	T 576	412	40	40	P 560	398	72	68	
334	2	T 574	413	40	40	P 560	398	72	68	P 563	434	16	30	
335	2	T 572	414	40	40	P 558	400	68	68	P 563	434	16	30	
336	1	T 570	415	40	40	P 556	400	68	68	
337	1	T 568	416	40	40	P 552	402	70	68	
338	1	T 566	417	40	40	P 550	402	70	68	
339	1	T 564	418	40	40	P 550	402	66	70	
340	1	T 562	419	40	40	P 546	404	70	70	
341	2	T 560	420	40	40	P 544	406	70	68	P 556	410	8	2	
342	2	T 558	419	40	40	P 544	404	68	70	P 556	410	8	2	
343	1	T 556	418	40	40	P 540	404	70	68	
344	1	T 554	417	40	40	P 540	402	68	68	
345	2	T 552	416	40	40	P 536	402	68	68	P 576	462	6	1	
346	2	T 550	415	40	40	P 534	400	70	68	P 576	462	6	1	
347	1	T 548	414	40	40	P 532	398	70	70	
348	1	T 546	413	40	40	P 532	398	68	68	
349	1	T 544	412	40	40	P 528	396	70	68	
350	2	T 542	411	40	40	P 528	396	68	70	P 574	398	6	1	
351	2	T 540	410	40	40	P 526	394	68	70	P 574	398	6	1	
352	1	T 538	409	40	40	P 522	394	70	68	
353	1	T 536	408	40	40	P 522	394	70	68	
354	1	T 534	407	40	40	P 520	392	68	68	
355	1	T 532	406	40	40	P 523	402	34	56	
356	3	T 530	405	40	40	P 514	390	70	70	P 520	442	3	6	P 520	442	3	6	
357	3	T 528	404	40	40	P 512	388	70	70	P 520	442	3	6	P 520	442	3	6	
358	1	T 526	403	40	40	P 512	390	66	66	
359	1	T 524	402	40	40	P 510	386	68	68	
360	2	T 522	401	40	40	P 508	386	68	68	P 581	404	1	8	
361	2	T 520	400	40	40	P 504	386	70	68	P 581	404	1	8	
362	1	T 518	399	40	40	P 504	384	68	70	
363	1	T 516	398	40	40	P 500	382	70	70	
364	1	T 514	397	40	40	P 500	382	68	70	
365	1	T 512	396	40	40	P 498	382	68	66	
366	1	T 510	395	40	40	P 496	380	68	68	
367	1	T 508	394	40	40	P 494	378	68	70	
368	1	T 506	393	40	40	P 492	378	68	68	
369	1	T 504	392	40	40	P 490	376	68	70	
370	1	T 502	391	40	40	P 488	378	68	68	
371	1	T 500	390	40	40	P 486	374	68	68	
372	1	T 498	389	40	40	P 484	372	68	70	
373	1	T 496	388	40	40	P 480	374	70	68	
374	1	T 494	387	40	40	P 478	372	70	70	
375	1	T 492	386	40	40	P 478	370	68	68	
376	1	T 490	385	40	40	P 474	370	70	68	
377	1	T 488	384	40	40	P 474	370	68	66	
378	1	T 486	383	40	40	P 470	368	70	70	
379	1	T 484	382	40	40	P 470	368	68	68	
380	1	T 482	381	40	40	P 468	366	68	68	
381	1	T 480	380	40	40	P 464	364	68	70	
382	1	T 478	379	40	40	P 462	364	70	68	
383	1	T 476	378	40	40	P 462	364	66	68	
384	2	T 474	377	40	40	P 462	364	66	68	P 472	365	14	8	
385	4	T 472	376	40	40	P 458	362	68	68	P 472	365	14	8	P 498	366	24	10	P 498	366	24	10	
386	3	T 470	375	40	40	P 456	360	68	68	P 498	366	24	10	P 498	366	24	10	
387	1	T 468	374	40	40	P 452	358	70	68	
388	1	T 466	373	40	40	P 452	358	68	70	
389	1	T 464	372	40	40	P 450	356	68	70	
390	1	T 462	371	40	40	P 448	356	68	68	
391	1	T 460	370	40	40	P 446	356	68	68	
392	1	T 458	369	40	40	P 444	354	68	68	
393	1	T 456	368	40	40	P 440	352	68	70	
394	1	T 454	367	40	40	P 440	352	68	68	
395	1	T 452	366	40	40	P 438	352	68	68	
396	1	T 450	365	40	40	P 436	352	68	66	
397	2	T 448	364	40	40	P 432	348	70	70	P 448	357	8	1	
398	2	T 446	363	40	40	P 430	348	70	70	P 448	357	8	1	
399	1	T 444	362	40	40	P 430	346	66	68	
400	1	T 442	361	40	40	P 428	348	66	66	
401	1	T 440	360	40	40	P 424	346	70	68	
402	1	T 438	359	40	40	P 422	346	70	66	
403	1	T 436	358	40	40	P 422	344	68	68	
404	1	T 434	357	40	40	P 418	342	70	68	
405	2	T 432	356	40	40	P 418	342	68	66	P 432	406	28	3	
406	4	T 430	355	40	40	P 414	340	70	70	P 432	406	28	3	P 466	349	4	3	P 466	349	4	3	
407	3	T 428	354	40	40	P 412	340	70	68	P 466	349	4	3	P 466	349	4	3	
408	1	T 426	353	40	40	P 412	340	68	68	
409	1	T 424	352	40	40	P 408	338	68	68	
410	1	T 422	351	40	40	P 406	336	70	68	
411	1	T 420	350	40	40	P 406	334	68	70	
412	1	T 418	349	40	40	P 404	334	68	70	
413	1	T 416	348	40	40	P 402	332	68	70	
414	1	T 414	347	40	40	P 400	332	68	70	
415	1	T 412	346	40	40	P 398	332	68	68	
416	1	T 410	345	40	40	P 396	330	70	70	
417	1	T 408	344	40	40	P 394	332	66	64	
418	1	T 406	343	40	40	P 390	328	68	68	
419	1	T 404	342	40	40	P 390	328	68	68	
420	1	T 402	341	40	40	P 388	326	68	68	
421	1	T 400	340	40	40	P 384	324	70	70	
422	1	T 398	339	40	40	P 384	324	68	68	
423	1	T 396	338	40	40	P 382	324	68	68	
424	1	T 394	337	40	40	P 378	322	70	68	
425	1	T 392	336	40	40	P 376	322	70	68	
426	1	T 390	335	40	40	P 374	322	70	68	
427	1	T 388	334	40	40	P 374	318	68	70	
428	1	T 386	333	40	40	P 372	318	68	69	
429	1	T 384	332	40	40	P 368	318	70	68	
430	1	T 382	331	40	40	P 368	316	68	70	
431	1	T 380	330	40	40	P 364	314	70	70	
432	1	T 378	329	40	40	P 362	314	70	68	
433	1	T 376	328	40	40	P 362	312	66	68	
434	1	T 374	327	40	40	P 358	312	70	68	
435	1	T 372	326	40	40	P 356	312	70	68	
436	1	T 370	325	40	40	P 356	310	68	68	
437	1	T 368	324	40	40	P 356	310	68	68	
438	4	T 366	323	40	40	P 350	310	70	68	P 357	316	10	22	P 358	346	15	30	P 358	346	15	30	
439	4	T 364	322	40	40	P 350	308	66	68	P 357	316	10	22	P 358	346	15	30	P 358	346	15	30	
440	1	T 362	321	40	40	P 348	306	68	70	
441	1	T 360	320	40	40	P 346	306	66	68	
442	1	T 358	319	40	40	P 344	304	68	70	
443	1	T 356	318	40	40	P 344	304	68	70	
444	3	T 354	317	40	40	P 340	302	66	70	P 344	340	17	30	P 344	314	7	12	
445	3	T 352	316	40	40	P 338	302	66	68	P 344	340	17	30	P 344	314	7	12	
446	2	T 350	315	40	40	P 334	300	70	70	P 344	340	17	30	
447	1	T 348	314	40	40	P 332	300	70	68	
448	1	T 346	313	40	40	P 330	298	72	68	
449	1	T 344	312	40	40	P 330	298	68	68	
450	1	T 342	311	40	40	P 328	296	68	68	
451	1	T 340	310	40	40	P 326	296	68	66	
452	1	T 338	309	40	40	P 322	296	70	66	
453	1	T 336	308	40	40	P 320	292	70	70	
454	1	T 334	307	40	40	P 320	294	68	68	
455	1	T 332	306	40	40	P 318	292	68	66	
456	1	T 330	305	40	40	P 314	290	70	68	
457	2	T 328	304	40	40	P 312	290	70	68	P 372	298	8	2	
458	2	T 326	303	40	40	P 312	288	68	68	P 372	298	8	2	
459	2	T 324	302	40	40	P 308	288	70	68	P 372	298	8	2	
460	1	T 322	301	40	40	P 306	286	70	68	
461	1	T 320	300	40	40	P 306	286	68	66	
462	1	T 318	299	40	40	P 304	286	66	66	
463	1	T 316	298	40	40	P 302	282	68	70	
464	1	T 314	297	40	40	P 300	282	68	68	
465	3	T 312	296	40	40	P 298	282	68	68	P 366	295	6	2	P 366	295	6	2	
466	3	T 310	295	40	40	P 298	282	68	68	P 366	295	6	2	P 366	295	6	2	
467	4	T 308	294	40	40	P 294	278	68	68	P 306	282	12	7	P 332	283	32	28	P 332	283	32	28	
468	4	T 306	293	40	40	P 290	276	70	70	P 306	282	12	7	P 332	283	32	28	P 332	283	32	28	
469	1	T 304	292	40	40	P 288	278	70	66	
470	1	T 302	291	40	40	P 288	276	66	68	
471	1	T 300	290	40	40	P 286	274	68	70	
472	1	T 298	289	40	40	P 282	274	68	68	
473	1	T 296	288	40	40	P 280	274	70	68	
474	1	T 294	287	40	40	P 280	274	68	66	
475	1	T 292	286	40	40	P 276	270	70	68	
476	1	T 290	285	40	40	P 276	270	66	68	
477	1	T 288	284	40	40	P 274	270	68	68	
478	2	T 286	283	40	40	P 272	268	68	68	P 282	271	14	4	
479	3	T 284	282	40	40	P 270	266	70	68	P 282	271	14	4	P 326	274	6	1	
480	2	T 282	281	40	40	P 268	266	66	68	P 326	274	6	1	
481	1	T 280	280	40	40	P 264	264	68	70	
482	2	T 278	279	40	40	P 264	264	68	68	P 286	268	6	1	
483	2	T 276	278	40	40	P 262	262	68	70	P 286	268	6	1	
484	1	T 274	277	40	40	P 258	262	68	68	
485	1	T 272	276	40	40	P 258	262	68	68	
486	2	T 270	275	40	40	P 258	262	68	68	P 261	266	11	22	
487	4	T 268	274	40	40	P 254	258	68	68	P 260	292	26	36	P 260	292	26	36	P 309	264	10	26	
488	4	T 266	273	40	40	P 252	258	68	68	P 260	292	26	36	P 260	292	26	36	P 309	264	10	26	
489	1	T 264	272	40	40	P 248	258	68	68	
490	1	T 262	271	40	40	P 248	256	68	70	
491	1	T 260	270	40	40	P 246	256	68	68	
492	1	T 258	269	40	40	P 244	254	68	68	
493	1	T 256	268	40	40	P 242	252	68	70	
494	1	T 254	267	40	40	P 240	252	68	70	
495	1	T 252	266	40	40	P 236	252	70	66	
496	1	T 250	265	40	40	P 234	250	70	68	
497	1	T 248	264	40	40	P 232	248	70	70	
498	1	T 246	263	40	40	P 232	248	68	70	
499	2	T 244	262	40	40	P 230	248	68	68	P 240	252	10	2	
500	2	T 242	261	40	40	P 226	246	70	68	P 246	253	4	2	
