1	0	T 80	80	40	40	
2	0	T 82	81	40	40	
3	0	T 84	82	40	40	
4	0	T 86	83	40	40	
5	0	T 88	84	40	40	
6	0	T 90	85	40	40	
7	0	T 92	86	40	40	
8	0	T 94	87	40	40	
9	0	T 96	88	40	40	
10	0	T 98	89	40	40	
11	2	T 100	90	40	40	P 88	84	16	40	P 128	88	16	48	
12	3	T 102	91	40	40	P 92	84	16	40	P 128	88	20	32	P 136	124	12	8	
13	3	T 104	92	40	40	P 92	84	20	40	P 132	88	16	28	P 136	124	16	12	
14	3	T 106	93	40	40	P 96	84	20	40	P 132	92	20	28	P 136	124	16	12	
15	3	T 108	94	40	40	P 96	84	20	40	P 136	92	20	28	P 140	124	16	12	
16	3	T 110	95	40	40	P 96	84	24	40	P 128	92	28	36	P 148	132	8	8	
17	3	T 112	96	40	40	P 96	84	28	40	P 112	92	48	40	P 148	136	8	8	
18	1	T 114	97	40	40	P 100	88	60	56	
19	2	T 116	98	40	40	P 104	88	20	36	P 116	92	48	48	
20	3	T 118	99	40	40	P 104	88	20	36	P 116	108	48	40	P 148	92	16	24	
21	2	T 120	100	40	40	P 104	88	20	36	P 116	96	52	48	
22	2	T 122	101	40	40	P 108	88	16	36	P 120	96	48	52	
23	2	T 124	102	40	40	P 108	92	16	32	P 120	96	52	48	
24	2	T 126	103	40	40	P 108	92	16	32	P 124	96	48	52	
25	1	T 128	104	40	40	P 124	100	52	48	
26	1	T 130	105	40	40	P 124	100	52	52	
27	2	T 132	106	40	40	P 128	100	52	48	P 160	144	16	8	
28	2	T 134	107	40	40	P 128	100	52	52	P 152	148	16	8	
29	2	T 136	108	40	40	P 132	100	52	40	P 164	144	20	8	
30	1	T 138	109	40	40	P 132	104	52	48	
31	2	T 140	110	40	40	P 136	104	52	48	P 168	148	16	8	
32	1	T 142	111	40	40	P 136	104	52	52	
33	1	T 144	112	40	40	P 140	108	52	48	
34	2	T 146	113	40	40	P 140	108	52	52	P 172	152	16	8	
35	2	T 148	114	40	40	P 144	108	52	48	P 176	152	16	8	
36	1	T 150	115	40	40	P 144	108	52	52	
37	1	T 152	116	40	40	P 148	112	52	52	
38	2	T 154	117	40	40	P 148	112	52	52	P 172	152	20	12	
39	1	T 156	118	40	40	P 152	112	52	52	
40	1	T 158	119	40	40	P 152	112	52	52	
41	1	T 160	120	40	40	P 152	112	56	56	
42	1	T 162	121	40	40	P 156	116	52	52	
43	1	T 164	122	40	40	P 156	116	56	52	
44	1	T 166	123	40	40	P 160	116	52	56	
45	1	T 168	124	40	40	P 164	116	52	52	
46	1	T 170	125	40	40	P 164	120	52	52	
47	1	T 172	126	40	40	P 164	120	56	52	
48	1	T 174	127	40	40	P 168	120	52	48	
49	1	T 176	128	40	40	P 168	120	56	56	
50	1	T 178	129	40	40	P 172	124	52	52	
51	1	T 180	130	40	40	P 172	124	56	52	
52	1	T 182	131	40	40	P 176	124	52	48	
53	1	T 184	132	40	40	P 176	124	56	52	
54	1	T 186	133	40	40	P 180	128	52	52	
55	1	T 188	134	40	40	P 180	128	56	52	
56	1	T 190	135	40	40	P 184	128	52	48	
57	1	T 192	136	40	40	P 184	128	56	52	
58	1	T 194	137	40	40	P 188	132	52	52	
59	1	T 196	138	40	40	P 188	132	56	48	
60	1	T 198	139	40	40	P 192	132	52	48	
61	1	T 200	140	40	40	P 192	132	56	52	
62	1	T 202	141	40	40	P 196	136	52	52	
63	1	T 204	142	40	40	P 196	136	56	52	
64	1	T 206	143	40	40	P 200	136	52	56	
65	1	T 208	144	40	40	P 200	136	56	52	
66	1	T 210	145	40	40	P 204	140	52	52	
67	1	T 212	146	40	40	P 204	140	56	52	
68	2	T 214	147	40	40	P 208	140	52	52	P 208	180	40	16	
69	1	T 216	148	40	40	P 208	140	56	56	
70	1	T 218	149	40	40	P 212	144	52	52	
71	1	T 220	150	40	40	P 212	144	56	52	
72	2	T 222	151	40	40	P 216	144	52	52	P 216	184	40	16	
73	2	T 224	152	40	40	P 220	144	52	52	P 220	184	40	16	
74	2	T 226	153	40	40	P 220	148	52	52	P 220	188	36	12	
75	1	T 228	154	40	40	P 220	148	56	52	
76	2	T 230	155	40	40	P 224	148	52	52	P 224	188	44	16	
77	2	T 232	156	40	40	P 224	148	56	52	P 228	192	36	12	
78	2	T 234	157	40	40	P 228	152	52	52	P 228	188	40	16	
79	2	T 236	158	40	40	P 232	152	52	48	P 232	192	36	12	
80	2	T 238	159	40	40	P 232	152	52	52	P 232	192	40	16	
81	2	T 240	160	40	40	P 232	152	56	52	P 236	196	36	12	
82	2	T 242	161	40	40	P 236	156	52	52	P 236	192	40	16	
83	2	T 244	162	40	40	P 236	156	56	48	P 240	196	36	12	
84	2	T 246	163	40	40	P 240	156	52	52	P 240	196	40	16	
85	2	T 248	164	40	40	P 240	156	56	52	P 244	200	36	12	
86	2	T 250	165	40	40	P 244	160	52	52	P 244	196	40	16	
87	2	T 252	166	40	40	P 244	160	56	48	P 248	196	40	16	
88	2	T 254	167	40	40	P 248	160	52	52	P 248	196	28	20	
89	2	T 256	168	40	40	P 248	160	56	56	P 248	200	40	16	
90	2	T 258	169	40	40	P 252	164	52	52	P 252	200	40	16	
91	2	T 260	170	40	40	P 252	164	56	48	P 252	204	36	12	
92	2	T 262	171	40	40	P 256	164	52	52	P 256	192	36	28	
93	2	T 264	172	40	40	P 256	164	56	56	P 260	200	28	20	
94	2	T 266	173	40	40	P 260	168	52	52	P 260	200	44	20	
95	2	T 268	174	40	40	P 260	168	56	48	P 260	204	40	16	
96	2	T 270	175	40	40	P 264	168	52	52	P 264	196	36	28	
97	2	T 272	176	40	40	P 264	168	56	56	P 264	196	36	28	
98	1	T 274	177	40	40	P 268	172	52	52	
99	2	T 276	178	40	40	P 268	172	56	48	P 268	204	44	20	
100	2	T 278	179	40	40	P 272	172	52	52	P 272	204	32	24	
101	2	T 280	180	40	40	P 272	172	56	56	P 272	200	36	28	
102	1	T 282	181	40	40	P 276	176	52	52	
103	2	T 284	182	40	40	P 276	176	56	52	P 276	204	48	24	
104	1	T 286	183	40	40	P 280	176	52	56	
105	2	T 288	184	40	40	P 280	176	56	56	P 280	204	36	28	
106	1	T 290	185	40	40	P 284	180	52	52	
107	1	T 292	186	40	40	P 284	180	56	52	
108	1	T 294	187	40	40	P 288	180	52	56	
109	1	T 296	188	40	40	P 288	180	56	56	
110	1	T 298	189	40	40	P 292	184	52	52	
111	1	T 300	190	40	40	P 292	184	56	52	
112	1	T 302	191	40	40	P 296	184	52	56	
113	1	T 304	192	40	40	P 296	184	56	56	
114	1	T 306	193	40	40	P 300	188	52	52	
115	1	T 308	194	40	40	P 300	188	56	52	
116	1	T 310	195	40	40	P 304	188	52	56	
117	2	T 312	196	40	40	P 304	188	56	36	P 304	212	56	32	
118	1	T 314	197	40	40	P 308	192	52	52	
119	1	T 316	198	40	40	P 308	192	56	52	
120	1	T 318	199	40	40	P 312	192	52	56	
121	1	T 320	200	40	40	P 312	192	56	56	
122	1	T 322	201	40	40	P 316	196	52	52	
123	1	T 324	202	40	40	P 316	196	56	52	
124	1	T 326	203	40	40	P 320	196	52	56	
125	1	T 328	204	40	40	P 320	196	56	56	
126	1	T 330	205	40	40	P 324	200	52	52	
127	1	T 332	206	40	40	P 324	200	56	52	
128	1	T 334	207	40	40	P 328	200	52	56	
129	1	T 336	208	40	40	P 328	200	56	56	
130	1	T 338	209	40	40	P 332	204	52	52	
131	1	T 340	210	40	40	P 332	204	56	52	
132	1	T 342	211	40	40	P 336	204	52	56	
133	1	T 344	212	40	40	P 336	204	56	56	
134	1	T 346	213	40	40	P 340	208	52	52	
135	1	T 348	214	40	40	P 340	208	56	52	
136	1	T 350	215	40	40	P 344	208	52	56	
137	1	T 352	216	40	40	P 344	208	56	56	
138	1	T 354	217	40	40	P 348	212	52	52	
139	1	T 356	218	40	40	P 348	212	56	52	
140	1	T 358	219	40	40	P 352	212	52	56	
141	1	T 360	220	40	40	P 352	212	56	56	
142	1	T 362	221	40	40	P 356	216	52	52	
143	1	T 364	222	40	40	P 356	216	56	52	
144	1	T 366	223	40	40	P 360	216	52	56	
145	1	T 368	224	40	40	P 360	216	56	56	
146	1	T 370	225	40	40	P 364	220	52	52	
147	1	T 372	226	40	40	P 364	220	56	52	
148	1	T 374	227	40	40	P 368	220	52	56	
149	1	T 376	228	40	40	P 368	220	56	56	
150	1	T 378	229	40	40	P 372	224	52	52	
151	1	T 380	230	40	40	P 372	224	56	52	
152	1	T 382	231	40	40	P 376	224	52	56	
153	1	T 384	232	40	40	P 376	224	56	56	
154	1	T 386	233	40	40	P 380	228	52	52	
155	1	T 388	234	40	40	P 380	228	56	52	
156	1	T 390	235	40	40	P 384	228	52	56	
157	1	T 392	236	40	40	P 384	228	56	56	
158	1	T 394	237	40	40	P 388	232	52	52	
159	1	T 396	238	40	40	P 388	232	56	52	
160	1	T 398	239	40	40	P 392	232	52	56	
161	1	T 400	240	40	40	P 392	232	56	56	
162	1	T 402	241	40	40	P 396	236	52	52	
163	1	T 404	242	40	40	P 396	236	56	52	
164	1	T 406	243	40	40	P 400	236	52	56	
165	1	T 408	244	40	40	P 400	236	56	56	
166	1	T 410	245	40	40	P 404	240	52	52	
167	1	T 412	246	40	40	P 404	240	56	52	
168	1	T 414	247	40	40	P 408	240	52	56	
169	1	T 416	248	40	40	P 408	240	56	56	
170	1	T 418	249	40	40	P 412	244	52	52	
171	1	T 420	250	40	40	P 412	244	56	52	
172	1	T 422	251	40	40	P 416	244	52	56	
173	1	T 424	252	40	40	P 416	244	56	56	
174	1	T 426	253	40	40	P 420	248	52	52	
175	1	T 428	254	40	40	P 420	248	56	52	
176	1	T 430	255	40	40	P 424	248	52	56	
177	1	T 432	256	40	40	P 424	248	56	56	
178	1	T 434	257	40	40	P 428	252	52	52	
179	1	T 436	258	40	40	P 428	252	56	52	
180	1	T 438	259	40	40	P 432	252	52	56	
181	1	T 440	260	40	40	P 432	252	56	56	
182	1	T 442	261	40	40	P 436	256	52	52	
183	1	T 444	262	40	40	P 436	256	56	52	
184	1	T 446	263	40	40	P 440	256	52	56	
185	1	T 448	264	40	40	P 440	256	56	56	
186	1	T 450	265	40	40	P 444	260	52	52	
187	1	T 452	266	40	40	P 444	260	56	52	
188	1	T 454	267	40	40	P 448	260	52	56	
189	1	T 456	268	40	40	P 448	260	56	56	
190	1	T 458	269	40	40	P 452	264	52	52	
191	1	T 460	270	40	40	P 452	264	56	52	
192	1	T 462	271	40	40	P 456	264	52	56	
193	1	T 464	272	40	40	P 456	264	56	56	
194	1	T 466	273	40	40	P 460	268	52	52	
195	1	T 468	274	40	40	P 460	268	56	52	
196	1	T 470	275	40	40	P 464	268	52	56	
197	1	T 472	276	40	40	P 464	268	56	56	
198	1	T 474	277	40	40	P 468	272	52	52	
199	1	T 476	278	40	40	P 468	272	56	52	
200	1	T 478	279	40	40	P 472	272	52	56	
201	1	T 480	280	40	40	P 472	272	56	56	
202	1	T 482	281	40	40	P 476	276	52	52	
203	1	T 484	282	40	40	P 476	276	56	52	
204	1	T 486	283	40	40	P 480	276	52	56	
205	1	T 488	284	40	40	P 480	276	56	56	
206	1	T 490	285	40	40	P 484	280	52	52	
207	1	T 492	286	40	40	P 484	280	56	52	
208	1	T 494	287	40	40	P 488	280	52	56	
209	1	T 496	288	40	40	P 488	280	56	56	
210	1	T 498	289	40	40	P 492	284	52	52	
211	1	T 500	290	40	40	P 492	284	56	52	
212	1	T 502	291	40	40	P 496	284	52	56	
213	1	T 504	292	40	40	P 496	284	56	56	
214	1	T 506	293	40	40	P 500	288	52	52	
215	1	T 508	294	40	40	P 500	288	56	52	
216	1	T 510	295	40	40	P 504	288	52	56	
217	1	T 512	296	40	40	P 504	288	56	56	
218	1	T 514	297	40	40	P 508	292	52	52	
219	1	T 516	298	40	40	P 508	292	56	52	
220	1	T 518	299	40	40	P 512	292	52	56	
221	1	T 520	300	40	40	P 512	292	56	56	
222	1	T 522	301	40	40	P 516	296	52	52	
223	1	T 524	302	40	40	P 516	296	56	52	
224	1	T 526	303	40	40	P 520	296	52	56	
225	1	T 528	304	40	40	P 520	296	56	56	
226	1	T 530	305	40	40	P 524	300	52	52	
227	1	T 532	306	40	40	P 524	300	56	52	
228	1	T 534	307	40	40	P 528	300	52	56	
229	1	T 536	308	40	40	P 528	300	56	56	
230	1	T 538	309	40	40	P 532	304	52	52	
231	1	T 540	310	40	40	P 532	304	56	52	
232	1	T 542	311	40	40	P 536	304	52	56	
233	1	T 544	312	40	40	P 536	304	56	56	
234	1	T 546	313	40	40	P 540	308	52	52	
235	1	T 548	314	40	40	P 540	308	56	52	
236	1	T 550	315	40	40	P 544	308	52	56	
237	2	T 552	316	40	40	P 544	308	56	56	P 544	336	36	28	
238	1	T 554	317	40	40	P 548	312	52	52	
239	2	T 556	318	40	40	P 548	312	56	52	P 548	340	48	24	
240	1	T 558	319	40	40	P 552	312	52	56	
241	1	T 560	320	40	40	P 552	312	56	56	
242	1	T 562	321	40	40	P 556	316	52	52	
243	1	T 564	322	40	40	P 556	316	56	52	
244	1	T 566	323	40	40	P 560	316	52	56	
245	1	T 568	324	40	40	P 560	316	56	56	
246	1	T 570	325	40	40	P 564	320	52	52	
247	1	T 572	326	40	40	P 564	320	56	52	
248	1	T 574	327	40	40	P 568	320	52	56	
249	1	T 576	328	40	40	P 568	320	56	56	
250	1	T 578	329	40	40	P 572	324	52	52	
251	1	T 580	330	40	40	P 572	324	56	52	
252	1	T 582	331	40	40	P 576	324	52	56	
253	1	T 584	332	40	40	P 576	324	56	56	
254	1	T 586	333	40	40	P 580	328	52	52	
255	1	T 588	334	40	40	P 580	328	56	52	
256	1	T 590	335	40	40	P 584	328	52	56	
257	2	T 592	336	40	40	P 584	328	56	36	P 584	352	56	32	
258	1	T 594	337	40	40	P 588	332	52	52	
259	1	T 596	338	40	40	P 588	332	56	52	
260	1	T 598	339	40	40	P 592	332	52	56	
261	1	T 600	340	40	40	P 592	332	56	56	
262	1	T 602	341	40	40	P 596	336	52	52	
263	1	T 604	342	40	40	P 596	336	56	52	
264	1	T 606	343	40	40	P 600	336	52	56	
265	1	T 608	344	40	40	P 600	336	56	56	
266	1	T 610	345	40	40	P 604	340	52	52	
267	1	T 612	346	40	40	P 604	340	56	52	
268	1	T 614	347	40	40	P 608	340	52	56	
269	1	T 616	348	40	40	P 608	340	56	56	
270	1	T 618	349	40	40	P 612	344	52	52	
271	1	T 620	350	40	40	P 612	344	56	52	
272	1	T 622	351	40	40	P 616	344	52	56	
273	1	T 624	352	40	40	P 616	344	56	56	
274	1	T 626	353	40	40	P 620	348	52	52	
275	1	T 628	354	40	40	P 620	348	56	52	
276	1	T 630	355	40	40	P 624	348	52	56	
277	1	T 632	356	40	40	P 624	348	56	56	
278	1	T 634	357	40	40	P 628	352	52	52	
279	1	T 636	358	40	40	P 628	352	56	52	
280	1	T 638	359	40	40	P 632	352	52	56	
281	1	T 640	360	40	40	P 632	352	56	56	
282	1	T 642	361	40	40	P 636	356	52	52	
283	1	T 644	362	40	40	P 636	356	56	52	
284	1	T 646	363	40	40	P 640	356	52	56	
285	2	T 648	364	40	40	P 640	356	56	56	P 640	384	36	28	
286	1	T 650	365	40	40	P 644	360	52	52	
287	1	T 652	366	40	40	P 644	360	56	52	
288	1	T 654	367	40	40	P 648	360	52	56	
289	1	T 656	368	40	40	P 648	360	56	56	
290	1	T 658	369	40	40	P 652	364	52	52	
291	1	T 660	370	40	40	P 652	364	56	52	
292	1	T 658	371	40	40	P 652	364	52	56	
293	1	T 656	372	40	40	P 648	364	56	56	
294	1	T 654	373	40	40	P 648	368	52	52	
295	1	T 652	374	40	40	P 644	368	56	52	
296	1	T 650	375	40	40	P 644	368	52	56	
297	1	T 648	376	40	40	P 640	368	56	56	
298	1	T 646	377	40	40	P 640	372	52	52	
299	1	T 644	378	40	40	P 636	372	56	52	
300	1	T 642	379	40	40	P 636	372	52	56	
301	1	T 640	380	40	40	P 632	372	56	56	
302	1	T 638	381	40	40	P 632	376	52	52	
303	1	T 636	382	40	40	P 628	376	56	52	
304	1	T 634	383	40	40	P 628	376	52	56	
305	1	T 632	384	40	40	P 624	376	56	56	
306	1	T 630	385	40	40	P 624	380	52	52	
307	1	T 628	386	40	40	P 620	380	56	52	
308	1	T 626	387	40	40	P 620	380	52	56	
309	1	T 624	388	40	40	P 616	380	56	56	
310	1	T 622	389	40	40	P 616	384	52	52	
311	1	T 620	390	40	40	P 612	384	56	52	
312	1	T 618	391	40	40	P 612	384	52	56	
313	1	T 616	392	40	40	P 608	384	56	56	
314	1	T 614	393	40	40	P 608	388	52	52	
315	1	T 612	394	40	40	P 604	388	56	52	
316	1	T 610	395	40	40	P 604	388	52	56	
317	1	T 608	396	40	40	P 600	388	56	56	
318	1	T 606	397	40	40	P 600	392	52	52	
319	1	T 604	398	40	40	P 596	392	56	52	
320	1	T 602	399	40	40	P 596	392	52	56	
321	1	T 600	400	40	40	P 592	392	56	56	
322	1	T 598	401	40	40	P 592	396	52	52	
323	1	T 596	402	40	40	P 588	396	56	52	
324	1	T 594	403	40	40	P 588	396	52	56	
325	1	T 592	404	40	40	P 584	396	56	56	
326	1	T 590	405	40	40	P 584	400	52	52	
327	1	T 588	406	40	40	P 580	400	56	52	
328	1	T 586	407	40	40	P 580	400	52	56	
329	1	T 584	408	40	40	P 576	400	56	56	
330	1	T 582	409	40	40	P 576	404	52	52	
331	1	T 580	410	40	40	P 572	404	56	52	
332	1	T 578	411	40	40	P 572	404	52	56	
333	1	T 576	412	40	40	P 568	404	56	56	
334	1	T 574	413	40	40	P 568	408	52	52	
335	1	T 572	414	40	40	P 564	408	56	52	
336	1	T 570	415	40	40	P 564	408	52	56	
337	1	T 568	416	40	40	P 560	408	56	56	
338	1	T 566	417	40	40	P 560	412	52	52	
339	1	T 564	418	40	40	P 556	412	56	52	
340	1	T 562	419	40	40	P 556	412	52	56	
341	1	T 560	420	40	40	P 552	412	56	56	
342	1	T 558	419	40	40	P 552	412	52	56	
343	1	T 556	418	40	40	P 548	412	56	52	
344	1	T 554	417	40	40	P 548	412	52	52	
345	1	T 552	416	40	40	P 544	408	56	56	
346	1	T 550	415	40	40	P 544	408	52	56	
347	1	T 548	414	40	40	P 540	408	56	52	
348	1	T 546	413	40	40	P 540	408	52	52	
349	1	T 544	412	40	40	P 536	404	56	56	
350	1	T 542	411	40	40	P 536	404	52	56	
351	1	T 540	410	40	40	P 532	404	56	52	
352	1	T 538	409	40	40	P 532	404	52	52	
353	1	T 536	408	40	40	P 528	400	56	56	
354	1	T 534	407	40	40	P 528	400	52	56	
355	1	T 532	406	40	40	P 524	400	56	52	
356	1	T 530	405	40	40	P 524	400	52	52	
357	1	T 528	404	40	40	P 520	396	56	56	
358	1	T 526	403	40	40	P 520	396	52	56	
359	1	T 524	402	40	40	P 516	396	56	52	
360	1	T 522	401	40	40	P 516	396	52	52	
361	1	T 520	400	40	40	P 512	392	56	56	
362	1	T 518	399	40	40	P 512	392	52	56	
363	1	T 516	398	40	40	P 508	392	56	52	
364	1	T 514	397	40	40	P 508	392	52	52	
365	1	T 512	396	40	40	P 504	388	56	56	
366	1	T 510	395	40	40	P 504	388	52	52	
367	1	T 508	394	40	40	P 500	388	56	52	
368	1	T 506	393	40	40	P 500	388	52	52	
369	1	T 504	392	40	40	P 496	384	56	56	
370	1	T 502	391	40	40	P 496	384	52	56	
371	1	T 500	390	40	40	P 492	384	56	52	
372	1	T 498	389	40	40	P 492	384	52	52	
373	1	T 496	388	40	40	P 488	380	56	56	
374	1	T 494	387	40	40	P 488	380	52	56	
375	1	T 492	386	40	40	P 484	380	56	52	
376	1	T 490	385	40	40	P 484	380	52	52	
377	1	T 488	384	40	40	P 480	376	56	56	
378	1	T 486	383	40	40	P 480	376	52	56	
379	1	T 484	382	40	40	P 476	376	56	52	
380	1	T 482	381	40	40	P 476	376	52	52	
381	1	T 480	380	40	40	P 472	372	56	56	
382	1	T 478	379	40	40	P 472	372	52	56	
383	1	T 476	378	40	40	P 468	372	56	52	
384	1	T 474	377	40	40	P 468	372	52	52	
385	1	T 472	376	40	40	P 464	368	56	56	
386	1	T 470	375	40	40	P 464	368	52	56	
387	1	T 468	374	40	40	P 460	368	56	52	
388	1	T 466	373	40	40	P 460	368	52	52	
389	1	T 464	372	40	40	P 456	364	56	56	
390	1	T 462	371	40	40	P 456	364	52	56	
391	1	T 460	370	40	40	P 452	364	56	52	
392	1	T 458	369	40	40	P 452	364	52	52	
393	1	T 456	368	40	40	P 448	360	56	56	
394	1	T 454	367	40	40	P 448	360	52	56	
395	1	T 452	366	40	40	P 444	360	56	52	
396	1	T 450	365	40	40	P 444	360	52	52	
397	1	T 448	364	40	40	P 440	356	56	56	
398	1	T 446	363	40	40	P 440	356	52	56	
399	1	T 444	362	40	40	P 436	356	56	52	
400	1	T 442	361	40	40	P 436	356	52	52	
401	1	T 440	360	40	40	P 432	352	56	56	
402	1	T 438	359	40	40	P 432	352	52	56	
403	1	T 436	358	40	40	P 428	352	56	52	
404	1	T 434	357	40	40	P 428	352	52	52	
405	1	T 432	356	40	40	P 424	348	56	56	
406	1	T 430	355	40	40	P 424	348	52	56	
407	1	T 428	354	40	40	P 420	348	56	52	
408	1	T 426	353	40	40	P 420	348	52	52	
409	1	T 424	352	40	40	P 416	344	56	56	
410	1	T 422	351	40	40	P 416	344	52	56	
411	1	T 420	350	40	40	P 412	344	56	52	
412	1	T 418	349	40	40	P 412	344	52	52	
413	2	T 416	348	40	40	P 408	340	56	36	P 408	364	56	32	
414	1	T 414	347	40	40	P 408	340	52	56	
415	1	T 412	346	40	40	P 404	340	56	52	
416	1	T 410	345	40	40	P 404	340	52	52	
417	1	T 408	344	40	40	P 400	336	56	56	
418	1	T 406	343	40	40	P 400	336	52	56	
419	1	T 404	342	40	40	P 396	336	56	52	
420	1	T 402	341	40	40	P 396	336	52	52	
421	1	T 400	340	40	40	P 392	332	56	56	
422	1	T 398	339	40	40	P 392	332	52	56	
423	1	T 396	338	40	40	P 388	332	56	52	
424	1	T 394	337	40	40	P 388	332	52	52	
425	1	T 392	336	40	40	P 384	328	56	56	
426	1	T 390	335	40	40	P 384	328	52	56	
427	1	T 388	334	40	40	P 380	328	56	52	
428	1	T 386	333	40	40	P 380	328	52	52	
429	1	T 384	332	40	40	P 376	324	56	56	
430	1	T 382	331	40	40	P 376	324	52	56	
431	1	T 380	330	40	40	P 372	324	56	52	
432	1	T 378	329	40	40	P 372	324	52	52	
433	1	T 376	328	40	40	P 368	320	56	56	
434	1	T 374	327	40	40	P 368	320	52	56	
435	1	T 372	326	40	40	P 364	320	56	52	
436	1	T 370	325	40	40	P 364	320	52	52	
437	1	T 368	324	40	40	P 360	316	56	56	
438	1	T 366	323	40	40	P 360	316	52	56	
439	1	T 364	322	40	40	P 356	316	56	52	
440	1	T 362	321	40	40	P 356	316	52	52	
441	1	T 360	320	40	40	P 352	312	56	56	
442	1	T 358	319	40	40	P 352	312	52	56	
443	1	T 356	318	40	40	P 348	312	56	52	
444	1	T 354	317	40	40	P 348	312	52	52	
445	1	T 352	316	40	40	P 344	308	56	56	
446	1	T 350	315	40	40	P 344	308	52	56	
447	1	T 348	314	40	40	P 340	308	56	52	
448	1	T 346	313	40	40	P 340	308	52	52	
449	1	T 344	312	40	40	P 336	304	56	56	
450	1	T 342	311	40	40	P 336	304	52	56	
451	1	T 340	310	40	40	P 332	304	56	52	
452	1	T 338	309	40	40	P 332	304	52	52	
453	1	T 336	308	40	40	P 328	300	56	56	
454	1	T 334	307	40	40	P 328	300	52	56	
455	1	T 332	306	40	40	P 324	300	56	52	
456	1	T 330	305	40	40	P 324	300	52	52	
457	1	T 328	304	40	40	P 320	296	56	56	
458	1	T 326	303	40	40	P 320	296	52	56	
459	1	T 324	302	40	40	P 316	296	56	52	
460	1	T 322	301	40	40	P 316	296	52	52	
461	1	T 320	300	40	40	P 312	292	56	56	
462	1	T 318	299	40	40	P 312	292	52	56	
463	1	T 316	298	40	40	P 308	292	56	52	
464	1	T 314	297	40	40	P 308	292	52	52	
465	1	T 312	296	40	40	P 304	288	56	56	
466	1	T 310	295	40	40	P 304	288	52	56	
467	1	T 308	294	40	40	P 300	288	56	52	
468	1	T 306	293	40	40	P 300	288	52	52	
469	1	T 304	292	40	40	P 296	284	56	56	
470	1	T 302	291	40	40	P 296	284	52	56	
471	1	T 300	290	40	40	P 292	284	56	52	
472	1	T 298	289	40	40	P 292	284	52	52	
473	1	T 296	288	40	40	P 288	280	56	56	
474	1	T 294	287	40	40	P 288	280	52	56	
475	1	T 292	286	40	40	P 284	280	56	52	
476	1	T 290	285	40	40	P 284	280	52	52	
477	1	T 288	284	40	40	P 280	276	56	56	
478	1	T 286	283	40	40	P 280	276	52	56	
479	1	T 284	282	40	40	P 276	276	56	52	
480	1	T 282	281	40	40	P 276	276	52	52	
481	1	T 280	280	40	40	P 272	272	56	56	
482	1	T 278	279	40	40	P 272	272	52	56	
483	1	T 276	278	40	40	P 268	272	56	52	
484	1	T 274	277	40	40	P 268	272	52	52	
485	1	T 272	276	40	40	P 264	268	56	56	
486	1	T 270	275	40	40	P 264	268	52	56	
487	1	T 268	274	40	40	P 260	268	56	52	
488	1	T 266	273	40	40	P 260	268	52	52	
489	1	T 264	272	40	40	P 256	264	56	56	
490	1	T 262	271	40	40	P 256	264	52	56	
491	1	T 260	270	40	40	P 252	264	56	52	
492	1	T 258	269	40	40	P 252	264	52	52	
493	1	T 256	268	40	40	P 248	260	56	52	
494	1	T 254	267	40	40	P 248	260	52	56	
495	1	T 252	266	40	40	P 244	260	56	52	
496	1	T 250	265	40	40	P 244	260	52	52	
497	1	T 248	264	40	40	P 240	256	56	56	
498	1	T 246	263	40	40	P 240	256	52	56	
499	1	T 244	262	40	40	P 236	256	56	52	
500	1	T 242	261	40	40	P 236	256	52	52	
501	1	T 240	260	40	40	P 232	252	56	56	
502	1	T 238	259	40	40	P 232	252	52	56	
503	1	T 236	258	40	40	P 228	252	56	52	
504	1	T 234	257	40	40	P 228	252	52	52	
505	1	T 232	256	40	40	P 224	248	56	56	
506	1	T 230	255	40	40	P 224	248	52	56	
507	1	T 228	254	40	40	P 220	248	56	52	
508	1	T 226	253	40	40	P 220	248	52	52	
509	1	T 224	252	40	40	P 216	244	56	56	
510	1	T 222	251	40	40	P 216	244	52	56	
511	1	T 220	250	40	40	P 212	244	56	52	
512	1	T 218	249	40	40	P 212	244	52	52	
513	1	T 216	248	40	40	P 208	240	56	56	
514	1	T 214	247	40	40	P 208	240	52	56	
515	1	T 212	246	40	40	P 204	240	56	52	
516	1	T 210	245	40	40	P 204	240	52	52	
517	1	T 208	244	40	40	P 200	236	56	56	
518	1	T 206	243	40	40	P 200	236	52	56	
519	1	T 204	242	40	40	P 196	236	56	52	
520	1	T 202	241	40	40	P 196	236	52	52	
521	1	T 200	240	40	40	P 192	232	56	56	
522	1	T 198	239	40	40	P 192	232	52	56	
523	1	T 196	238	40	40	P 188	232	56	52	
524	1	T 194	237	40	40	P 188	232	52	52	
525	1	T 192	236	40	40	P 184	228	56	56	
526	1	T 190	235	40	40	P 184	228	52	56	
527	1	T 188	234	40	40	P 180	228	56	52	
528	1	T 186	233	40	40	P 180	228	52	52	
529	1	T 184	232	40	40	P 176	224	56	56	
530	1	T 182	231	40	40	P 176	224	52	56	
531	1	T 180	230	40	40	P 172	224	56	52	
532	1	T 178	229	40	40	P 172	224	52	52	
533	1	T 176	228	40	40	P 168	220	56	56	
534	1	T 174	227	40	40	P 168	220	52	56	
535	1	T 172	226	40	40	P 164	220	56	52	
536	1	T 170	225	40	40	P 164	220	52	52	
537	1	T 168	224	40	40	P 160	216	56	56	
538	1	T 166	223	40	40	P 160	216	52	56	
539	1	T 164	222	40	40	P 156	216	56	52	
540	1	T 162	221	40	40	P 156	216	52	52	
541	1	T 160	220	40	40	P 152	212	56	56	
542	1	T 158	219	40	40	P 152	212	52	56	
543	1	T 156	218	40	40	P 148	212	56	52	
544	1	T 154	217	40	40	P 148	212	52	52	
545	1	T 152	216	40	40	P 144	208	56	56	
546	1	T 150	215	40	40	P 144	208	52	56	
547	1	T 148	214	40	40	P 140	208	56	52	
548	1	T 146	213	40	40	P 140	208	52	52	
549	1	T 144	212	40	40	P 136	204	56	56	
550	1	T 142	211	40	40	P 136	204	52	56	
551	1	T 140	210	40	40	P 132	204	56	52	
552	1	T 138	209	40	40	P 132	204	52	52	
553	1	T 136	208	40	40	P 128	200	56	56	
554	1	T 134	207	40	40	P 128	200	52	56	
555	1	T 132	206	40	40	P 124	200	56	52	
556	1	T 130	205	40	40	P 124	200	52	52	
557	1	T 128	204	40	40	P 120	196	56	56	
558	1	T 126	203	40	40	P 120	196	52	56	
559	1	T 124	202	40	40	P 116	196	56	52	
560	1	T 122	201	40	40	P 116	196	52	52	
561	1	T 120	200	40	40	P 112	192	56	56	
562	1	T 118	199	40	40	P 112	192	52	56	
563	1	T 116	198	40	40	P 108	192	56	52	
564	1	T 114	197	40	40	P 108	192	52	52	
565	1	T 112	196	40	40	P 104	188	56	56	
566	1	T 110	195	40	40	P 104	188	52	56	
567	1	T 108	194	40	40	P 100	188	56	52	
568	1	T 106	193	40	40	P 100	188	52	52	
569	1	T 104	192	40	40	P 96	184	56	56	
570	1	T 102	191	40	40	P 96	184	52	56	
571	1	T 100	190	40	40	P 92	184	56	52	
572	1	T 98	189	40	40	P 92	184	52	52	
573	2	T 96	188	40	40	P 88	180	56	56	P 88	212	32	24	
574	1	T 94	187	40	40	P 88	180	52	56	
575	1	T 92	186	40	40	P 84	180	56	52	
576	1	T 90	185	40	40	P 84	180	52	52	
577	1	T 88	184	40	40	P 80	176	56	56	
578	1	T 86	183	40	40	P 80	176	52	56	
579	1	T 84	182	40	40	P 76	176	56	52	
580	1	T 82	181	40	40	P 76	176	52	52	
581	1	T 80	180	40	40	P 72	172	56	56	
582	1	T 78	179	40	40	P 72	172	52	56	
583	1	T 76	178	40	40	P 68	172	56	52	
584	1	T 74	177	40	40	P 68	172	52	52	
585	2	T 72	176	40	40	P 64	168	56	36	P 64	192	56	32	
586	1	T 70	175	40	40	P 64	168	52	56	
587	1	T 68	174	40	40	P 60	168	56	52	
588	1	T 66	173	40	40	P 60	168	52	52	
589	1	T 64	172	40	40	P 56	164	56	56	
590	1	T 62	171	40	40	P 56	164	52	56	
591	1	T 60	170	40	40	P 52	164	56	52	
592	1	T 58	169	40	40	P 52	164	52	52	
593	1	T 56	168	40	40	P 48	160	56	56	
594	1	T 54	167	40	40	P 48	160	52	56	
595	1	T 52	166	40	40	P 44	160	56	52	
596	1	T 50	165	40	40	P 44	160	52	52	
597	1	T 48	164	40	40	P 40	156	56	56	
598	1	T 46	163	40	40	P 40	156	52	56	
599	1	T 44	162	40	40	P 36	156	56	52	
600	1	T 42	161	40	40	P 36	156	52	52	
601	1	T 40	160	40	40	P 32	152	56	56	
602	1	T 38	159	40	40	P 32	152	52	56	
603	1	T 36	158	40	40	P 28	152	56	52	
604	1	T 34	157	40	40	P 28	152	52	52	
605	1	T 32	156	40	40	P 24	148	56	56	
606	1	T 30	155	40	40	P 24	148	52	56	
607	1	T 28	154	40	40	P 20	148	56	52	
608	1	T 26	153	40	40	P 20	148	52	52	
609	1	T 24	152	40	40	P 16	144	56	56	
610	1	T 22	151	40	40	P 16	144	52	56	
611	1	T 20	150	40	40	P 12	144	56	52	
612	1	T 22	149	40	40	P 16	144	52	52	
613	2	T 24	148	40	40	P 16	140	56	36	P 16	164	56	32	
614	1	T 26	147	40	40	P 20	140	52	56	
615	1	T 28	146	40	40	P 20	140	56	52	
616	1	T 30	145	40	40	P 24	140	52	52	
617	1	T 32	144	40	40	P 24	136	56	56	
618	1	T 34	143	40	40	P 28	136	52	56	
619	1	T 36	142	40	40	P 28	136	56	52	
620	1	T 38	141	40	40	P 32	136	52	52	
621	1	T 40	140	40	40	P 32	132	56	56	
622	1	T 42	139	40	40	P 36	132	52	56	
623	1	T 44	138	40	40	P 36	132	56	52	
624	1	T 46	137	40	40	P 40	132	52	52	
625	1	T 48	136	40	40	P 40	128	56	56	
626	1	T 50	135	40	40	P 44	128	52	56	
627	1	T 52	134	40	40	P 44	128	56	52	
628	1	T 54	133	40	40	P 48	128	52	52	
629	1	T 56	132	40	40	P 48	124	56	56	
630	1	T 58	131	40	40	P 52	124	52	52	
631	1	T 60	130	40	40	P 52	124	56	52	
632	1	T 62	129	40	40	P 56	124	52	52	
633	1	T 64	128	40	40	P 56	120	56	56	
634	1	T 66	127	40	40	P 60	120	52	56	
635	1	T 68	126	40	40	P 60	120	56	52	
636	1	T 70	125	40	40	P 64	120	52	52	
637	1	T 72	124	40	40	P 64	116	56	56	
638	1	T 74	123	40	40	P 68	116	52	56	
639	1	T 76	122	40	40	P 68	116	56	52	
640	1	T 78	121	40	40	P 72	116	52	52	
641	1	T 80	120	40	40	P 72	116	56	52	
642	1	T 82	119	40	40	P 76	112	52	56	
643	1	T 84	118	40	40	P 76	112	56	52	
644	1	T 86	117	40	40	P 80	112	52	52	
645	1	T 88	116	40	40	P 80	108	56	56	
646	1	T 90	115	40	40	P 84	108	52	56	
647	1	T 92	114	40	40	P 84	108	56	52	
648	1	T 94	113	40	40	P 88	108	52	52	
649	1	T 96	112	40	40	P 88	104	56	56	
650	1	T 98	111	40	40	P 92	104	52	56	
651	1	T 100	110	40	40	P 92	104	56	52	
652	1	T 102	109	40	40	P 96	104	52	52	
653	1	T 104	108	40	40	P 96	100	56	56	
654	1	T 106	107	40	40	P 100	100	52	56	
655	1	T 108	106	40	40	P 100	100	56	52	
656	1	T 110	105	40	40	P 104	100	52	52	
657	1	T 112	104	40	40	P 104	96	56	56	
658	1	T 114	103	40	40	P 108	96	52	56	
659	1	T 116	102	40	40	P 112	96	52	52	
660	1	T 118	101	40	40	P 112	96	52	52	
661	2	T 120	100	40	40	P 112	92	56	52	P 120	136	36	12	
662	2	T 122	99	40	40	P 116	92	52	52	P 116	132	40	16	
663	2	T 124	98	40	40	P 120	92	52	52	P 120	124	44	20	
664	2	T 126	97	40	40	P 120	92	52	52	P 124	132	36	12	
665	1	T 128	96	40	40	P 124	88	52	56	
666	1	T 130	95	40	40	P 124	88	52	56	
667	2	T 132	94	40	40	P 124	88	56	52	P 128	120	44	20	
668	1	T 134	93	40	40	P 128	88	52	52	
669	1	T 136	92	40	40	P 128	84	56	56	
670	1	T 138	91	40	40	P 132	84	52	56	
671	1	T 140	90	40	40	P 132	84	56	52	
672	1	T 142	89	40	40	P 136	84	52	52	
673	1	T 144	88	40	40	P 136	80	56	56	
674	1	T 146	87	40	40	P 140	80	52	56	
675	1	T 148	86	40	40	P 140	80	56	52	
676	1	T 150	85	40	40	P 144	80	52	52	
677	1	T 152	84	40	40	P 144	76	56	56	
678	1	T 154	83	40	40	P 148	76	52	56	
679	1	T 156	82	40	40	P 148	76	56	52	
680	1	T 158	81	40	40	P 152	76	52	52	
681	1	T 160	80	40	40	P 152	72	56	56	
682	1	T 162	79	40	40	P 156	72	52	56	
683	1	T 164	78	40	40	P 156	72	56	52	
684	1	T 166	77	40	40	P 160	72	52	52	
685	1	T 168	76	40	40	P 160	68	56	56	
686	1	T 170	75	40	40	P 164	68	52	56	
687	1	T 172	74	40	40	P 164	68	56	52	
688	1	T 174	73	40	40	P 168	68	52	52	
689	1	T 176	72	40	40	P 168	64	56	56	
690	1	T 178	71	40	40	P 172	64	52	56	
691	1	T 180	70	40	40	P 172	64	56	52	
692	1	T 182	69	40	40	P 176	64	52	52	
693	1	T 184	68	40	40	P 176	60	56	56	
694	1	T 186	67	40	40	P 180	60	52	56	
695	1	T 188	66	40	40	P 180	60	56	52	
696	1	T 190	65	40	40	P 184	60	52	52	
697	1	T 192	64	40	40	P 184	56	56	56	
698	1	T 194	63	40	40	P 188	56	52	56	
699	1	T 196	62	40	40	P 188	56	56	52	
700	1	T 198	61	40	40	P 192	56	52	52	
701	1	T 200	60	40	40	P 192	52	56	56	
702	1	T 202	59	40	40	P 196	52	52	56	
703	1	T 204	58	40	40	P 196	52	56	52	
704	1	T 206	57	40	40	P 200	52	52	52	
705	1	T 208	56	40	40	P 200	48	56	56	
706	1	T 210	55	40	40	P 204	48	52	56	
707	1	T 212	54	40	40	P 204	48	56	52	
708	1	T 214	53	40	40	P 208	48	52	52	
709	1	T 216	52	40	40	P 208	44	56	56	
710	1	T 218	51	40	40	P 212	44	52	52	
711	1	T 220	50	40	40	P 212	44	56	52	
712	1	T 222	49	40	40	P 216	44	52	52	
713	1	T 224	48	40	40	P 216	40	56	56	
714	1	T 226	47	40	40	P 220	40	52	56	
715	1	T 228	46	40	40	P 220	40	56	52	
716	1	T 230	45	40	40	P 224	40	52	52	
717	2	T 232	44	40	40	P 224	36	56	36	P 224	60	56	32	
718	1	T 234	43	40	40	P 228	36	52	56	
719	1	T 236	42	40	40	P 228	36	56	52	
720	1	T 238	41	40	40	P 232	36	52	52	
721	1	T 240	40	40	40	P 232	32	56	56	
722	1	T 242	39	40	40	P 236	32	52	56	
723	1	T 244	38	40	40	P 236	32	56	52	
724	1	T 246	37	40	40	P 240	32	52	52	
725	1	T 248	36	40	40	P 240	28	56	56	
726	1	T 250	35	40	40	P 244	28	52	56	
727	1	T 252	34	40	40	P 244	28	56	52	
728	1	T 254	33	40	40	P 248	28	52	52	
729	1	T 256	32	40	40	P 248	24	56	56	
730	1	T 258	31	40	40	P 252	24	52	56	
731	1	T 260	30	40	40	P 252	24	56	52	
732	1	T 262	29	40	40	P 256	24	52	52	
733	1	T 264	28	40	40	P 256	20	56	56	
734	1	T 266	27	40	40	P 260	20	52	56	
735	1	T 268	26	40	40	P 260	20	56	52	
736	1	T 270	25	40	40	P 264	20	52	52	
737	1	T 272	24	40	40	P 264	16	56	56	
738	1	T 274	23	40	40	P 268	16	52	56	
739	1	T 276	22	40	40	P 268	16	56	52	
740	1	T 278	21	40	40	P 272	16	52	52	
741	1	T 280	20	40	40	P 272	12	56	56	
742	1	T 282	21	40	40	P 276	16	52	52	
743	1	T 284	22	40	40	P 276	16	56	52	
744	1	T 286	23	40	40	P 280	16	52	56	
745	2	T 288	24	40	40	P 280	16	56	56	P 280	48	32	24	
746	1	T 290	25	40	40	P 284	20	52	52	
747	1	T 292	26	40	40	P 284	20	56	52	
748	1	T 294	27	40	40	P 288	20	52	56	
749	1	T 296	28	40	40	P 288	20	56	56	
750	1	T 298	29	40	40	P 292	24	52	52	
751	1	T 300	30	40	40	P 292	24	56	52	
752	1	T 302	31	40	40	P 296	24	52	56	
753	1	T 304	32	40	40	P 296	24	56	56	
754	1	T 306	33	40	40	P 300	28	52	52	
755	1	T 308	34	40	40	P 300	28	56	52	
756	1	T 310	35	40	40	P 304	28	52	56	
757	2	T 312	36	40	40	P 304	28	56	36	P 304	52	56	32	
758	1	T 314	37	40	40	P 308	32	52	52	
759	1	T 316	38	40	40	P 308	32	56	52	
760	1	T 318	39	40	40	P 312	32	52	56	
761	1	T 320	40	40	40	P 312	32	56	56	
762	1	T 322	41	40	40	P 316	36	52	52	
763	1	T 324	42	40	40	P 316	36	56	52	
764	1	T 326	43	40	40	P 320	36	52	56	
765	1	T 328	44	40	40	P 320	36	56	56	
766	1	T 330	45	40	40	P 324	40	52	52	
767	1	T 332	46	40	40	P 324	40	56	52	
768	1	T 334	47	40	40	P 328	40	52	56	
769	1	T 336	48	40	40	P 328	40	56	56	
770	1	T 338	49	40	40	P 332	44	52	52	
771	1	T 340	50	40	40	P 332	44	56	52	
772	1	T 342	51	40	40	P 336	44	52	56	
773	1	T 344	52	40	40	P 336	44	56	56	
774	1	T 346	53	40	40	P 340	48	52	52	
775	1	T 348	54	40	40	P 340	48	56	52	
776	1	T 350	55	40	40	P 344	48	52	56	
777	1	T 352	56	40	40	P 344	48	56	56	
778	1	T 354	57	40	40	P 348	52	52	52	
779	1	T 356	58	40	40	P 348	52	56	52	
780	1	T 358	59	40	40	P 352	52	52	56	
781	1	T 360	60	40	40	P 352	52	56	56	
782	1	T 362	61	40	40	P 356	56	52	52	
783	1	T 364	62	40	40	P 356	56	56	52	
784	1	T 366	63	40	40	P 360	56	52	56	
785	1	T 368	64	40	40	P 360	56	56	56	
786	1	T 370	65	40	40	P 364	60	52	52	
787	1	T 372	66	40	40	P 364	60	56	52	
788	1	T 374	67	40	40	P 368	60	52	56	
789	1	T 376	68	40	40	P 368	60	56	56	
790	1	T 378	69	40	40	P 372	64	52	52	
791	1	T 380	70	40	40	P 372	64	56	52	
792	1	T 382	71	40	40	P 376	64	52	56	
793	1	T 384	72	40	40	P 376	64	56	56	
794	1	T 386	73	40	40	P 380	68	52	52	
795	1	T 388	74	40	40	P 380	68	56	52	
796	1	T 390	75	40	40	P 384	68	52	56	
797	1	T 392	76	40	40	P 384	68	56	56	
798	1	T 394	77	40	40	P 388	72	52	52	
799	1	T 396	78	40	40	P 388	72	56	52	
800	1	T 398	79	40	40	P 392	72	52	56	
801	1	T 400	80	40	40	P 392	72	56	56	
802	1	T 402	81	40	40	P 396	76	52	52	
803	1	T 404	82	40	40	P 396	76	56	52	
804	1	T 406	83	40	40	P 400	76	52	56	
805	2	T 408	84	40	40	P 400	76	56	36	P 400	100	56	32	
806	1	T 410	85	40	40	P 404	80	52	52	
807	1	T 412	86	40	40	P 404	80	56	52	
808	1	T 414	87	40	40	P 408	80	52	56	
809	1	T 416	88	40	40	P 408	80	56	56	
810	1	T 418	89	40	40	P 412	84	52	52	
811	1	T 420	90	40	40	P 412	84	56	52	
812	1	T 422	91	40	40	P 416	84	52	56	
813	1	T 424	92	40	40	P 416	84	56	56	
814	1	T 426	93	40	40	P 420	88	52	52	
815	1	T 428	94	40	40	P 420	88	56	52	
816	1	T 430	95	40	40	P 424	88	52	56	
817	1	T 432	96	40	40	P 424	88	56	56	
818	1	T 434	97	40	40	P 428	92	52	52	
819	1	T 436	98	40	40	P 428	92	56	52	
820	1	T 438	99	40	40	P 432	92	52	56	
821	1	T 440	100	40	40	P 432	92	56	56	
822	1	T 442	101	40	40	P 436	96	52	52	
823	1	T 444	102	40	40	P 436	96	56	52	
824	1	T 446	103	40	40	P 440	96	52	56	
825	1	T 448	104	40	40	P 440	96	56	56	
826	1	T 450	105	40	40	P 444	100	52	52	
827	1	T 452	106	40	40	P 444	100	56	52	
828	1	T 454	107	40	40	P 448	100	52	56	
829	1	T 456	108	40	40	P 448	100	56	56	
830	1	T 458	109	40	40	P 452	104	52	52	
831	1	T 460	110	40	40	P 452	104	56	52	
832	1	T 462	111	40	40	P 456	104	52	56	
833	1	T 464	112	40	40	P 456	104	56	56	
834	1	T 466	113	40	40	P 460	108	52	52	
835	1	T 468	114	40	40	P 460	108	56	52	
836	1	T 470	115	40	40	P 464	108	52	56	
837	1	T 472	116	40	40	P 464	108	56	56	
838	1	T 474	117	40	40	P 468	112	52	52	
839	1	T 476	118	40	40	P 468	112	56	52	
840	1	T 478	119	40	40	P 472	112	52	56	
841	1	T 480	120	40	40	P 472	112	56	56	
842	1	T 482	121	40	40	P 476	116	52	52	
843	1	T 484	122	40	40	P 476	116	56	52	
844	1	T 486	123	40	40	P 480	116	52	56	
845	1	T 488	124	40	40	P 480	116	56	56	
846	1	T 490	125	40	40	P 484	120	52	52	
847	1	T 492	126	40	40	P 484	120	56	52	
848	1	T 494	127	40	40	P 488	120	52	56	
849	1	T 496	128	40	40	P 488	120	56	56	
850	1	T 498	129	40	40	P 492	124	52	52	
851	1	T 500	130	40	40	P 492	124	56	52	
852	1	T 502	131	40	40	P 496	124	52	56	
853	1	T 504	132	40	40	P 496	124	56	56	
854	1	T 506	133	40	40	P 500	128	52	52	
855	2	T 508	134	40	40	P 500	128	56	52	P 500	156	48	24	
856	1	T 510	135	40	40	P 504	128	52	56	
857	1	T 512	136	40	40	P 504	128	56	56	
858	1	T 514	137	40	40	P 508	132	52	52	
859	1	T 516	138	40	40	P 508	132	56	52	
860	1	T 518	139	40	40	P 512	132	52	56	
861	1	T 520	140	40	40	P 512	132	56	56	
862	1	T 522	141	40	40	P 516	136	52	52	
863	1	T 524	142	40	40	P 516	136	56	52	
864	1	T 526	143	40	40	P 520	136	52	56	
865	1	T 528	144	40	40	P 520	136	56	56	
866	1	T 530	145	40	40	P 524	140	52	52	
867	1	T 532	146	40	40	P 524	140	56	52	
868	1	T 534	147	40	40	P 528	140	52	56	
869	1	T 536	148	40	40	P 528	140	56	56	
870	1	T 538	149	40	40	P 532	144	52	52	
871	1	T 540	150	40	40	P 532	144	56	52	
872	1	T 542	151	40	40	P 536	144	52	56	
873	1	T 544	152	40	40	P 536	144	56	56	
874	1	T 546	153	40	40	P 540	148	52	52	
875	1	T 548	154	40	40	P 540	148	56	52	
876	1	T 550	155	40	40	P 544	148	52	56	
877	1	T 552	156	40	40	P 544	148	56	56	
878	1	T 554	157	40	40	P 548	152	52	52	
879	1	T 556	158	40	40	P 548	152	56	52	
880	1	T 558	159	40	40	P 552	152	52	56	
881	1	T 560	160	40	40	P 552	152	56	56	
882	1	T 562	161	40	40	P 556	156	52	52	
883	1	T 564	162	40	40	P 556	156	56	52	
884	1	T 566	163	40	40	P 560	156	52	56	
885	1	T 568	164	40	40	P 560	156	56	56	
886	1	T 570	165	40	40	P 564	160	52	52	
887	1	T 572	166	40	40	P 564	160	56	52	
888	1	T 574	167	40	40	P 568	160	52	56	
889	1	T 576	168	40	40	P 568	160	56	56	
890	1	T 578	169	40	40	P 572	164	52	52	
891	1	T 580	170	40	40	P 572	164	56	52	
892	1	T 582	171	40	40	P 576	164	52	56	
893	1	T 584	172	40	40	P 576	164	56	56	
894	1	T 586	173	40	40	P 580	168	52	52	
895	1	T 588	174	40	40	P 580	168	56	52	
896	1	T 590	175	40	40	P 584	168	52	56	
897	1	T 592	176	40	40	P 584	168	56	56	
898	1	T 594	177	40	40	P 588	172	52	52	
899	1	T 596	178	40	40	P 588	172	56	52	
900	1	T 598	179	40	40	P 592	172	52	56	
901	1	T 600	180	40	40	P 592	172	56	56	
902	1	T 602	181	40	40	P 596	176	52	52	
903	1	T 604	182	40	40	P 596	176	56	52	
904	1	T 606	183	40	40	P 600	176	52	56	
905	1	T 608	184	40	40	P 600	176	56	56	
906	1	T 610	185	40	40	P 604	180	52	52	
907	1	T 612	186	40	40	P 604	180	56	52	
908	1	T 614	187	40	40	P 608	180	52	56	
909	1	T 616	188	40	40	P 608	180	56	56	
910	1	T 618	189	40	40	P 612	184	52	52	
911	1	T 620	190	40	40	P 612	184	56	52	
912	1	T 622	191	40	40	P 616	184	52	56	
913	1	T 624	192	40	40	P 616	184	56	56	
914	1	T 626	193	40	40	P 620	188	52	52	
915	1	T 628	194	40	40	P 620	188	56	52	
916	1	T 630	195	40	40	P 624	188	52	56	
917	2	T 632	196	40	40	P 624	188	56	56	P 624	220	32	24	
918	1	T 634	197	40	40	P 628	192	52	52	
919	1	T 636	198	40	40	P 628	192	56	52	
920	1	T 638	199	40	40	P 632	192	52	56	
921	1	T 640	200	40	40	P 632	192	56	56	
922	1	T 642	201	40	40	P 636	196	52	52	
923	1	T 644	202	40	40	P 636	196	56	52	
924	1	T 646	203	40	40	P 640	196	52	56	
925	1	T 648	204	40	40	P 640	196	56	56	
926	1	T 650	205	40	40	P 644	200	52	52	
927	1	T 652	206	40	40	P 644	200	56	52	
928	1	T 654	207	40	40	P 648	200	52	56	
929	1	T 656	208	40	40	P 648	200	56	56	
930	1	T 658	209	40	40	P 652	204	52	52	
931	1	T 660	210	40	40	P 652	204	56	52	
932	1	T 658	211	40	40	P 652	204	52	56	
933	1	T 656	212	40	40	P 648	204	56	56	
934	1	T 654	213	40	40	P 648	208	52	52	
935	1	T 652	214	40	40	P 644	208	56	52	
936	1	T 650	215	40	40	P 644	208	52	56	
937	1	T 648	216	40	40	P 640	208	56	56	
938	1	T 646	217	40	40	P 640	212	52	52	
939	1	T 644	218	40	40	P 636	212	56	52	
940	1	T 642	219	40	40	P 636	212	52	56	
941	1	T 640	220	40	40	P 632	212	56	56	
942	1	T 638	221	40	40	P 632	216	52	52	
943	1	T 636	222	40	40	P 628	216	56	52	
944	1	T 634	223	40	40	P 628	216	52	56	
945	1	T 632	224	40	40	P 624	216	56	56	
946	1	T 630	225	40	40	P 624	220	52	52	
947	1	T 628	226	40	40	P 620	220	56	52	
948	1	T 626	227	40	40	P 620	220	52	56	
949	1	T 624	228	40	40	P 616	220	56	56	
950	1	T 622	229	40	40	P 616	224	52	52	
951	1	T 620	230	40	40	P 612	224	56	52	
952	1	T 618	231	40	40	P 612	224	52	56	
953	1	T 616	232	40	40	P 608	224	56	56	
954	1	T 614	233	40	40	P 608	228	52	52	
955	1	T 612	234	40	40	P 604	228	56	52	
956	1	T 610	235	40	40	P 604	228	52	56	
957	1	T 608	236	40	40	P 600	228	56	56	
958	1	T 606	237	40	40	P 600	232	52	52	
959	1	T 604	238	40	40	P 596	232	56	52	
960	1	T 602	239	40	40	P 596	232	52	56	
961	1	T 600	240	40	40	P 592	232	56	56	
962	1	T 598	241	40	40	P 592	236	52	52	
963	1	T 596	242	40	40	P 588	236	56	52	
964	1	T 594	243	40	40	P 588	236	52	56	
965	1	T 592	244	40	40	P 584	236	56	56	
966	1	T 590	245	40	40	P 584	240	52	52	
967	1	T 588	246	40	40	P 580	240	56	52	
968	1	T 586	247	40	40	P 580	240	52	56	
969	1	T 584	248	40	40	P 576	240	56	56	
970	1	T 582	249	40	40	P 576	244	52	52	
971	1	T 580	250	40	40	P 572	244	56	52	
972	1	T 578	251	40	40	P 572	244	52	56	
973	1	T 576	252	40	40	P 568	244	56	56	
974	1	T 574	253	40	40	P 568	248	52	52	
975	1	T 572	254	40	40	P 564	248	56	52	
976	1	T 570	255	40	40	P 564	248	52	56	
977	1	T 568	256	40	40	P 560	248	56	56	
978	1	T 566	257	40	40	P 560	252	52	52	
979	1	T 564	258	40	40	P 556	252	56	52	
980	1	T 562	259	40	40	P 556	252	52	56	
981	1	T 560	260	40	40	P 552	252	56	56	
982	1	T 558	261	40	40	P 552	256	52	52	
983	1	T 556	262	40	40	P 548	256	56	52	
984	1	T 554	263	40	40	P 548	256	52	56	
985	1	T 552	264	40	40	P 544	256	56	56	
986	1	T 550	265	40	40	P 544	260	52	52	
987	1	T 548	266	40	40	P 540	260	56	52	
988	1	T 546	267	40	40	P 540	260	52	56	
989	1	T 544	268	40	40	P 536	260	56	56	
990	1	T 542	269	40	40	P 536	264	52	52	
991	1	T 540	270	40	40	P 532	264	56	52	
992	1	T 538	271	40	40	P 532	264	52	56	
993	1	T 536	272	40	40	P 528	264	56	56	
994	1	T 534	273	40	40	P 528	268	52	52	
995	1	T 532	274	40	40	P 524	268	56	52	
996	1	T 530	275	40	40	P 524	268	52	56	
997	1	T 528	276	40	40	P 520	268	56	56	
998	1	T 526	277	40	40	P 520	272	52	52	
999	1	T 524	278	40	40	P 516	272	56	52	
1000	1	T 522	279	40	40	P 516	272	52	56	
1001	1	T 520	280	40	40	P 512	272	56	56	
1002	1	T 518	281	40	40	P 512	276	52	52	
1003	1	T 516	282	40	40	P 508	276	56	52	
1004	1	T 514	283	40	40	P 508	276	52	56	
1005	1	T 512	284	40	40	P 504	276	56	56	
1006	1	T 510	285	40	40	P 504	280	52	52	
1007	1	T 508	286	40	40	P 500	280	56	52	
1008	1	T 506	287	40	40	P 500	280	52	56	
1009	1	T 504	288	40	40	P 496	280	56	56	
1010	1	T 502	289	40	40	P 496	284	52	52	
1011	1	T 500	290	40	40	P 492	284	56	52	
1012	1	T 498	291	40	40	P 492	284	52	56	
1013	1	T 496	292	40	40	P 488	284	56	56	
1014	1	T 494	293	40	40	P 488	288	52	52	
1015	1	T 492	294	40	40	P 484	288	56	52	
1016	1	T 490	295	40	40	P 484	288	52	56	
1017	1	T 488	296	40	40	P 480	288	56	56	
1018	1	T 486	297	40	40	P 480	292	52	52	
1019	1	T 484	298	40	40	P 476	292	56	52	
1020	1	T 482	299	40	40	P 476	292	52	56	
1021	1	T 480	300	40	40	P 472	292	56	56	
1022	1	T 478	301	40	40	P 472	296	52	52	
1023	1	T 476	302	40	40	P 468	296	56	52	
1024	1	T 474	303	40	40	P 468	296	52	56	
1025	1	T 472	304	40	40	P 464	296	56	56	
1026	1	T 470	305	40	40	P 464	300	52	52	
1027	1	T 468	306	40	40	P 460	300	56	52	
1028	1	T 466	307	40	40	P 460	300	52	56	
1029	1	T 464	308	40	40	P 456	300	56	56	
1030	1	T 462	309	40	40	P 456	304	52	52	
1031	1	T 460	310	40	40	P 452	304	56	52	
1032	1	T 458	311	40	40	P 452	304	52	56	
1033	1	T 456	312	40	40	P 448	304	56	56	
1034	1	T 454	313	40	40	P 448	308	52	52	
1035	1	T 452	314	40	40	P 444	308	56	52	
1036	1	T 450	315	40	40	P 444	308	52	56	
1037	1	T 448	316	40	40	P 440	308	56	56	
1038	1	T 446	317	40	40	P 440	312	52	52	
1039	1	T 444	318	40	40	P 436	312	56	52	
1040	1	T 442	319	40	40	P 436	312	52	56	
1041	2	T 440	320	40	40	P 432	312	56	56	P 432	340	36	28	
1042	1	T 438	321	40	40	P 432	316	52	52	
1043	1	T 436	322	40	40	P 428	316	56	52	
1044	1	T 434	323	40	40	P 428	316	52	56	
1045	1	T 432	324	40	40	P 424	316	56	56	
1046	1	T 430	325	40	40	P 424	320	52	52	
1047	1	T 428	326	40	40	P 420	320	56	52	
1048	1	T 426	327	40	40	P 420	320	52	56	
1049	1	T 424	328	40	40	P 416	320	56	56	
1050	1	T 422	329	40	40	P 416	324	52	52	
1051	1	T 420	330	40	40	P 412	324	56	52	
1052	1	T 418	331	40	40	P 412	324	52	56	
1053	1	T 416	332	40	40	P 408	324	56	56	
1054	1	T 414	333	40	40	P 408	328	52	52	
1055	1	T 412	334	40	40	P 404	328	56	52	
1056	1	T 410	335	40	40	P 404	328	52	56	
1057	1	T 408	336	40	40	P 400	328	56	56	
1058	1	T 406	337	40	40	P 400	332	52	52	
1059	1	T 404	338	40	40	P 396	332	56	52	
1060	1	T 402	339	40	40	P 396	332	52	56	
1061	1	T 400	340	40	40	P 392	332	56	56	
1062	1	T 398	341	40	40	P 392	336	52	52	
1063	1	T 396	342	40	40	P 388	336	56	52	
1064	1	T 394	343	40	40	P 388	336	52	56	
1065	1	T 392	344	40	40	P 384	336	56	56	
1066	1	T 390	345	40	40	P 384	340	52	52	
1067	1	T 388	346	40	40	P 380	340	56	52	
1068	1	T 386	347	40	40	P 380	340	52	56	
1069	1	T 384	348	40	40	P 376	340	56	56	
1070	1	T 382	349	40	40	P 376	344	52	52	
1071	1	T 380	350	40	40	P 372	344	56	52	
1072	1	T 378	351	40	40	P 372	344	52	56	
1073	1	T 376	352	40	40	P 368	344	56	56	
1074	1	T 374	353	40	40	P 368	348	52	52	
1075	1	T 372	354	40	40	P 364	348	56	52	
1076	1	T 370	355	40	40	P 364	348	52	56	
1077	1	T 368	356	40	40	P 360	348	56	56	
1078	1	T 366	357	40	40	P 360	352	52	52	
1079	1	T 364	358	40	40	P 356	352	56	52	
1080	1	T 362	359	40	40	P 356	352	52	56	
1081	2	T 360	360	40	40	P 352	352	56	56	P 352	380	36	28	
1082	1	T 358	361	40	40	P 352	356	52	52	
1083	1	T 356	362	40	40	P 348	356	56	52	
1084	1	T 354	363	40	40	P 348	356	52	56	
1085	1	T 352	364	40	40	P 344	356	56	56	
1086	1	T 350	365	40	40	P 344	360	52	52	
1087	1	T 348	366	40	40	P 340	360	56	52	
1088	1	T 346	367	40	40	P 340	360	52	56	
1089	1	T 344	368	40	40	P 336	360	56	56	
1090	1	T 342	369	40	40	P 336	364	52	52	
1091	1	T 340	370	40	40	P 332	364	56	52	
1092	1	T 338	371	40	40	P 332	364	52	56	
1093	1	T 336	372	40	40	P 328	364	56	56	
1094	1	T 334	373	40	40	P 328	368	52	52	
1095	1	T 332	374	40	40	P 324	368	56	52	
1096	1	T 330	375	40	40	P 324	368	52	56	
1097	1	T 328	376	40	40	P 320	368	56	56	
1098	1	T 326	377	40	40	P 320	372	52	52	
1099	1	T 324	378	40	40	P 316	372	56	52	
1100	1	T 322	379	40	40	P 316	372	52	56	
1101	1	T 320	380	40	40	P 312	372	56	56	
1102	1	T 318	381	40	40	P 312	376	52	52	
1103	1	T 316	382	40	40	P 308	376	56	52	
1104	1	T 314	383	40	40	P 308	376	52	56	
1105	1	T 312	384	40	40	P 304	376	56	56	
1106	1	T 310	385	40	40	P 304	380	52	52	
1107	1	T 308	386	40	40	P 300	380	56	52	
1108	1	T 306	387	40	40	P 300	380	52	56	
1109	2	T 304	388	40	40	P 296	380	56	52	P 296	404	44	32	
1110	1	T 302	389	40	40	P 296	384	52	52	
1111	1	T 300	390	40	40	P 292	384	56	52	
1112	1	T 298	391	40	40	P 292	384	52	56	
1113	1	T 296	392	40	40	P 288	384	56	56	
1114	1	T 294	393	40	40	P 288	388	52	52	
1115	1	T 292	394	40	40	P 284	388	56	52	
1116	1	T 290	395	40	40	P 284	388	52	56	
1117	1	T 288	396	40	40	P 280	388	56	56	
1118	1	T 286	397	40	40	P 280	392	52	52	
1119	1	T 284	398	40	40	P 276	392	56	52	
1120	1	T 282	399	40	40	P 276	392	52	56	
1121	1	T 280	400	40	40	P 272	392	56	56	
1122	1	T 278	401	40	40	P 272	396	52	52	
1123	1	T 276	402	40	40	P 268	396	56	52	
1124	1	T 274	403	40	40	P 268	396	52	56	
1125	1	T 272	404	40	40	P 264	396	56	56	
1126	1	T 270	405	40	40	P 264	400	52	52	
1127	1	T 268	406	40	40	P 260	400	56	52	
1128	1	T 266	407	40	40	P 260	400	52	56	
1129	1	T 264	408	40	40	P 256	400	56	56	
1130	1	T 262	409	40	40	P 256	404	52	52	
1131	1	T 260	410	40	40	P 252	404	56	52	
1132	1	T 258	411	40	40	P 252	404	52	56	
1133	1	T 256	412	40	40	P 248	404	56	56	
1134	1	T 254	413	40	40	P 248	408	52	52	
1135	1	T 252	414	40	40	P 244	408	56	52	
1136	1	T 250	415	40	40	P 244	408	52	56	
1137	1	T 248	416	40	40	P 240	408	56	56	
1138	1	T 246	417	40	40	P 240	412	52	52	
1139	1	T 244	418	40	40	P 236	412	56	52	
1140	1	T 242	419	40	40	P 236	412	52	56	
1141	1	T 240	420	40	40	P 232	412	56	56	
1142	1	T 238	419	40	40	P 232	412	52	56	
1143	1	T 236	418	40	40	P 228	412	56	52	
1144	1	T 234	417	40	40	P 228	412	52	52	
1145	1	T 232	416	40	40	P 224	408	56	56	
1146	1	T 230	415	40	40	P 224	408	52	56	
1147	1	T 228	414	40	40	P 220	408	56	52	
1148	1	T 226	413	40	40	P 220	408	52	52	
1149	1	T 224	412	40	40	P 216	404	56	56	
1150	1	T 222	411	40	40	P 216	404	52	56	
1151	1	T 220	410	40	40	P 212	404	56	52	
1152	1	T 218	409	40	40	P 212	404	52	52	
1153	1	T 216	408	40	40	P 208	400	56	56	
1154	1	T 214	407	40	40	P 208	400	52	56	
1155	1	T 212	406	40	40	P 204	400	56	52	
1156	1	T 210	405	40	40	P 204	400	52	52	
1157	1	T 208	404	40	40	P 200	396	56	56	
1158	1	T 206	403	40	40	P 200	396	52	56	
1159	1	T 204	402	40	40	P 196	396	56	52	
1160	1	T 202	401	40	40	P 196	396	52	52	
1161	1	T 200	400	40	40	P 192	392	56	56	
1162	1	T 198	399	40	40	P 192	392	52	56	
1163	1	T 196	398	40	40	P 188	392	56	52	
1164	1	T 194	397	40	40	P 188	392	52	52	
1165	1	T 192	396	40	40	P 184	388	56	56	
1166	1	T 190	395	40	40	P 184	388	52	56	
1167	1	T 188	394	40	40	P 180	388	56	52	
1168	1	T 186	393	40	40	P 180	388	52	52	
1169	1	T 184	392	40	40	P 176	384	56	56	
1170	1	T 182	391	40	40	P 176	384	52	56	
1171	1	T 180	390	40	40	P 172	384	56	52	
1172	1	T 178	389	40	40	P 172	384	52	52	
1173	1	T 176	388	40	40	P 168	380	56	56	
1174	1	T 174	387	40	40	P 168	380	52	56	
1175	1	T 172	386	40	40	P 164	380	56	52	
1176	1	T 170	385	40	40	P 164	380	52	52	
1177	1	T 168	384	40	40	P 160	376	56	56	
1178	1	T 166	383	40	40	P 160	376	52	56	
1179	1	T 164	382	40	40	P 156	376	56	52	
1180	1	T 162	381	40	40	P 156	376	52	52	
1181	1	T 160	380	40	40	P 152	372	56	56	
1182	1	T 158	379	40	40	P 152	372	52	56	
1183	1	T 156	378	40	40	P 148	372	56	52	
1184	1	T 154	377	40	40	P 148	372	52	52	
1185	1	T 152	376	40	40	P 144	368	56	56	
1186	1	T 150	375	40	40	P 144	368	52	56	
1187	1	T 148	374	40	40	P 140	368	56	52	
1188	1	T 146	373	40	40	P 140	368	52	52	
1189	1	T 144	372	40	40	P 136	364	56	56	
1190	1	T 142	371	40	40	P 136	364	52	56	
1191	1	T 140	370	40	40	P 132	364	56	52	
1192	1	T 138	369	40	40	P 132	364	52	52	
1193	1	T 136	368	40	40	P 128	360	56	56	
1194	1	T 134	367	40	40	P 128	360	52	56	
1195	1	T 132	366	40	40	P 124	360	56	52	
1196	1	T 130	365	40	40	P 124	360	52	52	
1197	2	T 128	364	40	40	P 120	356	56	56	P 120	384	36	28	
1198	1	T 126	363	40	40	P 120	356	52	56	
1199	1	T 124	362	40	40	P 116	356	56	52	
1200	1	T 122	361	40	40	P 116	356	52	52	
1201	1	T 120	360	40	40	P 112	352	56	56	
1202	1	T 118	359	40	40	P 112	352	52	56	
1203	1	T 116	358	40	40	P 108	352	56	52	
1204	1	T 114	357	40	40	P 108	352	52	52	
1205	1	T 112	356	40	40	P 104	348	56	56	
1206	1	T 110	355	40	40	P 104	348	52	56	
1207	1	T 108	354	40	40	P 100	348	56	52	
1208	1	T 106	353	40	40	P 100	348	52	52	
1209	1	T 104	352	40	40	P 96	344	56	56	
1210	1	T 102	351	40	40	P 96	344	52	56	
1211	1	T 100	350	40	40	P 92	344	56	52	
1212	1	T 98	349	40	40	P 92	344	52	52	
1213	1	T 96	348	40	40	P 88	340	56	56	
1214	1	T 94	347	40	40	P 88	340	52	56	
1215	1	T 92	346	40	40	P 84	340	56	52	
1216	1	T 90	345	40	40	P 84	340	52	52	
1217	1	T 88	344	40	40	P 80	336	56	56	
1218	1	T 86	343	40	40	P 80	336	52	56	
1219	1	T 84	342	40	40	P 76	336	56	52	
1220	1	T 82	341	40	40	P 76	336	52	52	
1221	1	T 80	340	40	40	P 72	332	56	56	
1222	1	T 78	339	40	40	P 72	332	52	56	
1223	2	T 76	338	40	40	P 68	332	56	48	P 72	368	40	16	
1224	1	T 74	337	40	40	P 68	332	52	52	
1225	1	T 72	336	40	40	P 64	328	56	56	
1226	1	T 70	335	40	40	P 64	328	52	56	
1227	1	T 68	334	40	40	P 60	328	56	52	
1228	1	T 66	333	40	40	P 60	328	52	52	
1229	1	T 64	332	40	40	P 56	324	56	56	
1230	1	T 62	331	40	40	P 56	324	52	56	
1231	1	T 60	330	40	40	P 52	324	56	52	
1232	1	T 58	329	40	40	P 52	324	52	52	
1233	1	T 56	328	40	40	P 48	320	56	56	
1234	1	T 54	327	40	40	P 48	320	52	56	
1235	1	T 52	326	40	40	P 44	320	56	52	
1236	1	T 50	325	40	40	P 44	320	52	52	
1237	1	T 48	324	40	40	P 40	316	56	56	
1238	1	T 46	323	40	40	P 40	316	52	56	
1239	1	T 44	322	40	40	P 36	316	56	52	
1240	1	T 42	321	40	40	P 36	316	52	52	
1241	1	T 40	320	40	40	P 32	312	56	56	
1242	1	T 38	319	40	40	P 32	312	52	56	
1243	1	T 36	318	40	40	P 28	312	56	52	
1244	1	T 34	317	40	40	P 28	312	52	52	
1245	1	T 32	316	40	40	P 24	308	56	56	
1246	1	T 30	315	40	40	P 24	308	52	56	
1247	1	T 28	314	40	40	P 20	308	56	52	
1248	1	T 26	313	40	40	P 20	308	52	52	
1249	1	T 24	312	40	40	P 16	304	56	56	
1250	1	T 22	311	40	40	P 16	304	52	56	
1251	1	T 20	310	40	40	P 12	304	56	52	
1252	1	T 22	309	40	40	P 16	304	52	52	
1253	1	T 24	308	40	40	P 16	300	56	56	
1254	1	T 26	307	40	40	P 20	300	52	56	
1255	1	T 28	306	40	40	P 20	300	56	52	
1256	1	T 30	305	40	40	P 24	300	52	52	
1257	1	T 32	304	40	40	P 24	296	56	56	
1258	1	T 34	303	40	40	P 28	296	52	56	
1259	1	T 36	302	40	40	P 28	296	56	52	
1260	1	T 38	301	40	40	P 32	296	52	52	
1261	1	T 40	300	40	40	P 32	292	56	56	
1262	1	T 42	299	40	40	P 36	292	52	56	
1263	1	T 44	298	40	40	P 36	292	56	52	
1264	1	T 46	297	40	40	P 40	292	52	52	
1265	1	T 48	296	40	40	P 40	288	56	56	
1266	1	T 50	295	40	40	P 44	288	52	56	
1267	1	T 52	294	40	40	P 44	288	56	52	
1268	1	T 54	293	40	40	P 48	288	52	52	
1269	1	T 56	292	40	40	P 48	284	56	56	
1270	1	T 58	291	40	40	P 52	284	52	56	
1271	1	T 60	290	40	40	P 52	284	56	52	
1272	1	T 62	289	40	40	P 56	284	52	52	
1273	2	T 64	288	40	40	P 56	280	56	56	P 56	308	36	28	
1274	1	T 66	287	40	40	P 60	280	52	56	
1275	1	T 68	286	40	40	P 60	280	56	52	
1276	1	T 70	285	40	40	P 64	280	52	52	
1277	1	T 72	284	40	40	P 64	276	56	56	
1278	1	T 74	283	40	40	P 68	276	52	56	
1279	1	T 76	282	40	40	P 68	276	56	52	
1280	1	T 78	281	40	40	P 72	276	52	52	
1281	1	T 80	280	40	40	P 72	272	56	56	
1282	1	T 82	279	40	40	P 76	272	52	56	
1283	1	T 84	278	40	40	P 76	272	56	52	
1284	1	T 86	277	40	40	P 80	272	52	52	
1285	1	T 88	276	40	40	P 80	268	56	56	
1286	1	T 90	275	40	40	P 84	268	52	56	
1287	1	T 92	274	40	40	P 84	268	56	52	
1288	1	T 94	273	40	40	P 88	268	52	52	
1289	1	T 96	272	40	40	P 88	264	56	56	
1290	1	T 98	271	40	40	P 92	264	52	56	
1291	1	T 100	270	40	40	P 92	264	56	52	
1292	1	T 102	269	40	40	P 96	264	52	52	
1293	1	T 104	268	40	40	P 96	260	56	56	
1294	1	T 106	267	40	40	P 100	260	52	56	
1295	1	T 108	266	40	40	P 100	260	56	52	
1296	1	T 110	265	40	40	P 104	260	52	52	
1297	1	T 112	264	40	40	P 104	256	56	56	
1298	1	T 114	263	40	40	P 108	256	52	56	
1299	1	T 116	262	40	40	P 108	256	56	52	
1300	1	T 118	261	40	40	P 112	256	52	52	
1301	1	T 120	260	40	40	P 112	252	56	56	
1302	1	T 122	259	40	40	P 116	252	52	56	
1303	1	T 124	258	40	40	P 116	252	56	52	
1304	1	T 126	257	40	40	P 120	252	52	52	
1305	1	T 128	256	40	40	P 120	248	56	56	
1306	1	T 130	255	40	40	P 124	248	52	56	
1307	1	T 132	254	40	40	P 124	248	56	52	
1308	1	T 134	253	40	40	P 128	248	52	52	
1309	1	T 136	252	40	40	P 128	244	56	56	
1310	1	T 138	251	40	40	P 132	244	52	56	
1311	1	T 140	250	40	40	P 132	244	56	52	
1312	1	T 142	249	40	40	P 136	244	52	52	
1313	1	T 144	248	40	40	P 136	240	56	56	
1314	1	T 146	247	40	40	P 140	240	52	56	
1315	1	T 148	246	40	40	P 140	240	56	52	
1316	1	T 150	245	40	40	P 144	240	52	52	
1317	1	T 152	244	40	40	P 144	236	56	56	
1318	1	T 154	243	40	40	P 148	236	52	56	
1319	1	T 156	242	40	40	P 148	236	56	52	
1320	1	T 158	241	40	40	P 152	236	52	52	
1321	1	T 160	240	40	40	P 152	232	56	56	
1322	1	T 162	239	40	40	P 156	232	52	56	
1323	1	T 164	238	40	40	P 156	232	56	52	
1324	1	T 166	237	40	40	P 160	232	52	52	
1325	1	T 168	236	40	40	P 160	228	56	56	
1326	1	T 170	235	40	40	P 164	228	52	56	
1327	1	T 172	234	40	40	P 164	228	56	52	
1328	1	T 174	233	40	40	P 168	228	52	52	
1329	1	T 176	232	40	40	P 168	224	56	56	
1330	1	T 178	231	40	40	P 172	224	52	56	
1331	1	T 180	230	40	40	P 172	224	56	52	
1332	1	T 182	229	40	40	P 176	224	52	52	
1333	1	T 184	228	40	40	P 176	220	56	56	
1334	1	T 186	227	40	40	P 180	220	52	56	
1335	1	T 188	226	40	40	P 180	220	56	52	
1336	1	T 190	225	40	40	P 184	220	52	52	
1337	1	T 192	224	40	40	P 184	216	56	56	
1338	1	T 194	223	40	40	P 188	216	52	56	
1339	1	T 196	222	40	40	P 188	216	56	52	
1340	1	T 198	221	40	40	P 192	216	52	52	
1341	1	T 200	220	40	40	P 192	212	56	56	
1342	1	T 202	219	40	40	P 196	212	52	56	
1343	1	T 204	218	40	40	P 196	212	56	52	
1344	1	T 206	217	40	40	P 200	212	52	52	
1345	1	T 208	216	40	40	P 200	208	56	56	
1346	1	T 210	215	40	40	P 204	208	52	56	
1347	1	T 212	214	40	40	P 204	208	56	52	
1348	1	T 214	213	40	40	P 208	208	52	52	
1349	1	T 216	212	40	40	P 208	204	56	56	
1350	1	T 218	211	40	40	P 212	204	52	56	
1351	1	T 220	210	40	40	P 212	204	56	52	
1352	1	T 222	209	40	40	P 216	204	52	52	
1353	1	T 224	208	40	40	P 216	200	56	56	
1354	1	T 226	207	40	40	P 220	200	52	56	
1355	1	T 228	206	40	40	P 220	200	56	52	
1356	1	T 230	205	40	40	P 224	200	52	52	
1357	1	T 232	204	40	40	P 224	196	56	56	
1358	1	T 234	203	40	40	P 228	196	52	56	
1359	1	T 236	202	40	40	P 228	196	56	52	
1360	1	T 238	201	40	40	P 232	196	52	52	
1361	2	T 240	200	40	40	P 232	192	56	36	P 232	216	56	32	
1362	1	T 242	199	40	40	P 236	192	52	56	
1363	1	T 244	198	40	40	P 236	192	56	52	
1364	1	T 246	197	40	40	P 240	192	52	52	
1365	1	T 248	196	40	40	P 240	188	56	56	
1366	1	T 250	195	40	40	P 244	188	52	56	
1367	1	T 252	194	40	40	P 244	188	56	52	
1368	1	T 254	193	40	40	P 248	188	52	52	
1369	2	T 256	192	40	40	P 248	184	56	36	P 248	208	56	32	
1370	1	T 258	191	40	40	P 252	184	52	56	
1371	1	T 260	190	40	40	P 252	184	56	52	
1372	1	T 262	189	40	40	P 256	184	52	52	
1373	1	T 264	188	40	40	P 256	180	56	56	
1374	1	T 266	187	40	40	P 260	180	52	56	
1375	1	T 268	186	40	40	P 260	180	56	52	
1376	1	T 270	185	40	40	P 264	180	52	52	
1377	1	T 272	184	40	40	P 264	176	56	56	
1378	1	T 274	183	40	40	P 268	176	52	56	
1379	1	T 276	182	40	40	P 268	176	56	52	
1380	1	T 278	181	40	40	P 272	176	52	52	
1381	1	T 280	180	40	40	P 272	172	56	56	
1382	1	T 282	179	40	40	P 276	172	52	56	
1383	1	T 284	178	40	40	P 276	172	56	52	
1384	1	T 286	177	40	40	P 280	172	52	52	
1385	1	T 288	176	40	40	P 280	168	56	56	
1386	1	T 290	175	40	40	P 284	168	52	56	
1387	1	T 292	174	40	40	P 284	168	56	52	
1388	1	T 294	173	40	40	P 288	168	52	52	
1389	1	T 296	172	40	40	P 288	164	56	56	
1390	1	T 298	171	40	40	P 292	164	52	56	
1391	1	T 300	170	40	40	P 292	164	56	52	
1392	1	T 302	169	40	40	P 296	164	52	52	
1393	1	T 304	168	40	40	P 296	160	56	56	
1394	1	T 306	167	40	40	P 300	160	52	56	
1395	1	T 308	166	40	40	P 300	160	56	52	
1396	1	T 310	165	40	40	P 304	160	52	52	
1397	1	T 312	164	40	40	P 304	156	56	56	
1398	1	T 314	163	40	40	P 308	156	52	56	
1399	1	T 316	162	40	40	P 308	156	56	52	
1400	1	T 318	161	40	40	P 312	156	52	52	
1401	1	T 320	160	40	40	P 312	152	56	56	
1402	1	T 322	159	40	40	P 316	152	52	56	
1403	1	T 324	158	40	40	P 316	152	56	52	
1404	1	T 326	157	40	40	P 320	152	52	52	
1405	1	T 328	156	40	40	P 320	148	56	56	
1406	1	T 330	155	40	40	P 324	148	52	56	
1407	1	T 332	154	40	40	P 324	148	56	52	
1408	1	T 334	153	40	40	P 328	148	52	52	
1409	1	T 336	152	40	40	P 328	144	56	56	
1410	1	T 338	151	40	40	P 332	144	52	56	
1411	1	T 340	150	40	40	P 332	144	56	52	
1412	1	T 342	149	40	40	P 336	144	52	52	
1413	2	T 344	148	40	40	P 336	140	56	36	P 336	164	56	32	
1414	1	T 346	147	40	40	P 340	140	52	56	
1415	1	T 348	146	40	40	P 340	140	56	52	
1416	1	T 350	145	40	40	P 344	140	52	52	
1417	1	T 352	144	40	40	P 344	136	56	56	
1418	1	T 354	143	40	40	P 348	136	52	56	
1419	1	T 356	142	40	40	P 348	136	56	52	
1420	1	T 358	141	40	40	P 352	136	52	52	
1421	1	T 360	140	40	40	P 352	132	56	56	
1422	1	T 362	139	40	40	P 356	132	52	56	
1423	1	T 364	138	40	40	P 356	132	56	52	
1424	1	T 366	137	40	40	P 360	132	52	52	
1425	1	T 368	136	40	40	P 360	128	56	56	
1426	1	T 370	135	40	40	P 364	128	52	56	
1427	1	T 372	134	40	40	P 364	128	56	52	
1428	1	T 374	133	40	40	P 368	128	52	52	
1429	1	T 376	132	40	40	P 368	124	56	56	
1430	1	T 378	131	40	40	P 372	124	52	56	
1431	1	T 380	130	40	40	P 372	124	56	52	
1432	1	T 382	129	40	40	P 376	124	52	52	
1433	1	T 384	128	40	40	P 376	120	56	56	
1434	1	T 386	127	40	40	P 380	120	52	56	
1435	1	T 388	126	40	40	P 380	120	56	52	
1436	1	T 390	125	40	40	P 384	120	52	52	
1437	1	T 392	124	40	40	P 384	116	56	56	
1438	1	T 394	123	40	40	P 388	116	52	56	
1439	1	T 396	122	40	40	P 388	116	56	52	
1440	1	T 398	121	40	40	P 392	116	52	52	
1441	2	T 400	120	40	40	P 392	112	56	36	P 392	136	56	32	
1442	1	T 402	119	40	40	P 396	112	52	56	
1443	2	T 404	118	40	40	P 396	112	56	48	P 396	144	44	20	
1444	1	T 406	117	40	40	P 400	112	52	52	
1445	1	T 408	116	40	40	P 400	108	56	56	
1446	1	T 410	115	40	40	P 404	108	52	56	
1447	1	T 412	114	40	40	P 404	108	56	52	
1448	1	T 414	113	40	40	P 408	108	52	52	
1449	1	T 416	112	40	40	P 408	104	56	56	
1450	1	T 418	111	40	40	P 412	104	52	56	
1451	1	T 420	110	40	40	P 412	104	56	52	
1452	1	T 422	109	40	40	P 416	104	52	52	
1453	1	T 424	108	40	40	P 416	100	56	56	
1454	1	T 426	107	40	40	P 420	100	52	56	
1455	1	T 428	106	40	40	P 420	100	56	52	
1456	1	T 430	105	40	40	P 424	100	52	52	
1457	1	T 432	104	40	40	P 424	96	56	56	
1458	1	T 434	103	40	40	P 428	96	52	56	
1459	1	T 436	102	40	40	P 428	96	56	52	
1460	1	T 438	101	40	40	P 432	96	52	52	
1461	2	T 440	100	40	40	P 432	92	56	36	P 432	116	56	32	
1462	1	T 442	99	40	40	P 436	92	52	56	
1463	1	T 444	98	40	40	P 436	92	56	52	
1464	1	T 446	97	40	40	P 440	92	52	52	
1465	1	T 448	96	40	40	P 440	88	56	56	
1466	1	T 450	95	40	40	P 444	88	52	56	
1467	1	T 452	94	40	40	P 444	88	56	52	
1468	1	T 454	93	40	40	P 448	88	52	52	
1469	1	T 456	92	40	40	P 448	84	56	56	
1470	1	T 458	91	40	40	P 452	84	52	56	
1471	1	T 460	90	40	40	P 452	84	56	52	
1472	1	T 462	89	40	40	P 456	84	52	52	
1473	1	T 464	88	40	40	P 456	80	56	56	
1474	1	T 466	87	40	40	P 460	80	52	56	
1475	1	T 468	86	40	40	P 460	80	56	52	
1476	1	T 470	85	40	40	P 464	80	52	52	
1477	1	T 472	84	40	40	P 464	76	56	56	
1478	1	T 474	83	40	40	P 468	76	52	56	
1479	1	T 476	82	40	40	P 468	76	56	52	
1480	1	T 478	81	40	40	P 472	76	52	52	
1481	1	T 480	80	40	40	P 472	72	56	56	
1482	1	T 482	79	40	40	P 476	72	52	56	
1483	1	T 484	78	40	40	P 476	72	56	52	
1484	1	T 486	77	40	40	P 480	72	52	52	
1485	1	T 488	76	40	40	P 480	68	56	56	
1486	1	T 490	75	40	40	P 484	68	52	56	
1487	1	T 492	74	40	40	P 484	68	56	52	
1488	1	T 494	73	40	40	P 488	68	52	52	
1489	1	T 496	72	40	40	P 488	64	56	56	
1490	1	T 498	71	40	40	P 492	64	52	56	
1491	1	T 500	70	40	40	P 492	64	56	52	
1492	1	T 502	69	40	40	P 496	64	52	52	
1493	1	T 504	68	40	40	P 496	60	56	56	
1494	1	T 506	67	40	40	P 500	60	52	56	
1495	1	T 508	66	40	40	P 500	60	56	52	
1496	1	T 510	65	40	40	P 504	60	52	52	
1497	1	T 512	64	40	40	P 504	56	56	56	
1498	1	T 514	63	40	40	P 508	56	52	56	
1499	1	T 516	62	40	40	P 508	56	56	52	
1500	1	T 518	61	40	40	P 512	56	52	52	
1501	1	T 520	60	40	40	P 512	52	56	56	
1502	1	T 522	59	40	40	P 516	52	52	56	
1503	1	T 524	58	40	40	P 516	52	56	52	
1504	1	T 526	57	40	40	P 520	52	52	52	
1505	1	T 528	56	40	40	P 520	48	56	56	
1506	1	T 530	55	40	40	P 524	48	52	56	
1507	1	T 532	54	40	40	P 524	48	56	52	
1508	1	T 534	53	40	40	P 528	48	52	52	
1509	2	T 536	52	40	40	P 528	44	56	56	P 528	72	36	28	
1510	1	T 538	51	40	40	P 532	44	52	56	
1511	1	T 540	50	40	40	P 532	44	56	52	
1512	1	T 542	49	40	40	P 536	44	52	52	
1513	1	T 544	48	40	40	P 536	40	56	56	
1514	1	T 546	47	40	40	P 540	40	52	56	
1515	1	T 548	46	40	40	P 540	40	56	52	
1516	1	T 550	45	40	40	P 544	40	52	52	
1517	1	T 552	44	40	40	P 544	36	56	56	
1518	1	T 554	43	40	40	P 548	36	52	56	
1519	1	T 556	42	40	40	P 548	36	56	52	
1520	1	T 558	41	40	40	P 552	36	52	52	
1521	1	T 560	40	40	40	P 552	32	56	56	
1522	1	T 562	39	40	40	P 556	32	52	56	
1523	1	T 564	38	40	40	P 556	32	56	52	
1524	1	T 566	37	40	40	P 560	32	52	52	
1525	1	T 568	36	40	40	P 560	28	56	56	
1526	1	T 570	35	40	40	P 564	28	52	56	
1527	1	T 572	34	40	40	P 564	28	56	52	
1528	1	T 574	33	40	40	P 568	28	52	52	
1529	1	T 576	32	40	40	P 568	24	56	56	
1530	1	T 578	31	40	40	P 572	24	52	56	
1531	1	T 580	30	40	40	P 572	24	56	52	
1532	1	T 582	29	40	40	P 576	24	52	52	
1533	1	T 584	28	40	40	P 576	20	56	56	
1534	1	T 586	27	40	40	P 580	20	52	56	
1535	1	T 588	26	40	40	P 580	20	56	52	
1536	1	T 590	25	40	40	P 584	20	52	52	
1537	2	T 592	24	40	40	P 584	16	56	56	P 584	52	44	20	
1538	1	T 594	23	40	40	P 588	16	52	56	
1539	1	T 596	22	40	40	P 588	16	56	52	
1540	1	T 598	21	40	40	P 592	16	52	52	
1541	1	T 600	20	40	40	P 592	12	56	56	
1542	1	T 602	21	40	40	P 596	16	52	52	
1543	1	T 604	22	40	40	P 596	16	56	52	
1544	1	T 606	23	40	40	P 600	16	52	56	
1545	1	T 608	24	40	40	P 600	16	56	56	
1546	1	T 610	25	40	40	P 604	20	52	52	
1547	1	T 612	26	40	40	P 604	20	56	52	
1548	1	T 614	27	40	40	P 608	20	52	56	
1549	2	T 616	28	40	40	P 608	20	56	36	P 608	44	56	32	
1550	1	T 618	29	40	40	P 612	24	52	52	
1551	1	T 620	30	40	40	P 612	24	56	52	
1552	1	T 622	31	40	40	P 616	24	52	56	
1553	1	T 624	32	40	40	P 616	24	56	56	
1554	1	T 626	33	40	40	P 620	28	52	52	
1555	1	T 628	34	40	40	P 620	28	56	52	
1556	1	T 630	35	40	40	P 624	28	52	56	
1557	1	T 632	36	40	40	P 624	28	56	56	
1558	1	T 634	37	40	40	P 628	32	52	52	
1559	1	T 636	38	40	40	P 628	32	56	52	
1560	1	T 638	39	40	40	P 632	32	52	56	
1561	1	T 640	40	40	40	P 632	32	56	56	
1562	1	T 642	41	40	40	P 636	36	52	52	
1563	1	T 644	42	40	40	P 636	36	56	52	
1564	1	T 646	43	40	40	P 640	36	52	56	
1565	1	T 648	44	40	40	P 640	36	56	56	
1566	1	T 650	45	40	40	P 644	40	52	52	
1567	1	T 652	46	40	40	P 644	40	56	52	
1568	1	T 654	47	40	40	P 648	40	52	56	
1569	1	T 656	48	40	40	P 648	40	56	56	
1570	1	T 658	49	40	40	P 652	44	52	52	
1571	1	T 660	50	40	40	P 652	44	56	52	
1572	1	T 658	51	40	40	P 652	44	52	56	
1573	1	T 656	52	40	40	P 648	44	56	56	
1574	1	T 654	53	40	40	P 648	48	52	52	
1575	1	T 652	54	40	40	P 644	48	56	52	
1576	1	T 650	55	40	40	P 644	48	52	56	
1577	1	T 648	56	40	40	P 640	48	56	56	
1578	1	T 646	57	40	40	P 640	52	52	52	
1579	1	T 644	58	40	40	P 636	52	56	52	
1580	1	T 642	59	40	40	P 636	52	52	56	
1581	1	T 640	60	40	40	P 632	52	56	56	
1582	1	T 638	61	40	40	P 632	56	52	52	
1583	1	T 636	62	40	40	P 628	56	56	52	
1584	1	T 634	63	40	40	P 628	56	52	56	
1585	1	T 632	64	40	40	P 624	56	56	56	
1586	1	T 630	65	40	40	P 624	60	52	52	
1587	1	T 628	66	40	40	P 620	60	56	52	
1588	1	T 626	67	40	40	P 620	60	52	56	
1589	1	T 624	68	40	40	P 616	60	56	56	
1590	1	T 622	69	40	40	P 616	64	52	52	
1591	1	T 620	70	40	40	P 612	64	56	52	
1592	1	T 618	71	40	40	P 612	64	52	56	
1593	1	T 616	72	40	40	P 608	64	56	56	
1594	1	T 614	73	40	40	P 608	68	52	52	
1595	1	T 612	74	40	40	P 604	68	56	52	
1596	1	T 610	75	40	40	P 604	68	52	56	
1597	1	T 608	76	40	40	P 600	68	56	56	
1598	1	T 606	77	40	40	P 600	72	52	52	
1599	1	T 604	78	40	40	P 596	72	56	52	
1600	1	T 602	79	40	40	P 596	72	52	56	
1601	1	T 600	80	40	40	P 592	72	56	56	
1602	1	T 598	81	40	40	P 592	76	52	52	
1603	1	T 596	82	40	40	P 588	76	56	52	
1604	1	T 594	83	40	40	P 588	76	52	56	
1605	1	T 592	84	40	40	P 584	76	56	56	
1606	1	T 590	85	40	40	P 584	80	52	52	
1607	1	T 588	86	40	40	P 580	80	56	52	
1608	1	T 586	87	40	40	P 580	80	52	56	
1609	1	T 584	88	40	40	P 576	80	56	56	
1610	1	T 582	89	40	40	P 576	84	52	52	
1611	1	T 580	90	40	40	P 572	84	56	52	
1612	1	T 578	91	40	40	P 572	84	52	56	
1613	1	T 576	92	40	40	P 568	84	56	56	
1614	1	T 574	93	40	40	P 568	88	52	52	
1615	1	T 572	94	40	40	P 564	88	56	52	
1616	1	T 570	95	40	40	P 564	88	52	56	
1617	2	T 568	96	40	40	P 560	88	56	56	P 560	116	36	28	
1618	1	T 566	97	40	40	P 560	92	52	52	
1619	1	T 564	98	40	40	P 556	92	56	52	
1620	1	T 562	99	40	40	P 556	92	52	56	
1621	1	T 560	100	40	40	P 552	92	56	56	
1622	1	T 558	101	40	40	P 552	96	52	52	
1623	1	T 556	102	40	40	P 548	96	56	52	
1624	1	T 554	103	40	40	P 548	96	52	56	
1625	1	T 552	104	40	40	P 544	96	56	56	
1626	1	T 550	105	40	40	P 544	100	52	52	
1627	1	T 548	106	40	40	P 540	100	56	52	
1628	1	T 546	107	40	40	P 540	100	52	56	
1629	1	T 544	108	40	40	P 536	100	56	56	
1630	1	T 542	109	40	40	P 536	104	52	52	
1631	1	T 540	110	40	40	P 532	104	56	52	
1632	1	T 538	111	40	40	P 532	104	52	56	
1633	1	T 536	112	40	40	P 528	104	56	56	
1634	1	T 534	113	40	40	P 528	108	52	52	
1635	1	T 532	114	40	40	P 524	108	56	52	
1636	1	T 530	115	40	40	P 524	108	52	56	
1637	1	T 528	116	40	40	P 520	108	56	56	
1638	1	T 526	117	40	40	P 520	112	52	52	
1639	1	T 524	118	40	40	P 516	112	56	52	
1640	1	T 522	119	40	40	P 516	112	52	56	
1641	1	T 520	120	40	40	P 512	112	56	56	
1642	1	T 518	121	40	40	P 512	116	52	52	
1643	1	T 516	122	40	40	P 508	116	56	52	
1644	1	T 514	123	40	40	P 508	116	52	56	
1645	1	T 512	124	40	40	P 504	116	56	56	
1646	1	T 510	125	40	40	P 504	120	52	52	
1647	1	T 508	126	40	40	P 500	120	56	52	
1648	1	T 506	127	40	40	P 500	120	52	56	
1649	1	T 504	128	40	40	P 496	120	56	56	
1650	1	T 502	129	40	40	P 496	124	52	52	
1651	1	T 500	130	40	40	P 492	124	56	52	
1652	1	T 498	131	40	40	P 492	124	52	56	
1653	1	T 496	132	40	40	P 488	124	56	56	
1654	1	T 494	133	40	40	P 488	128	52	52	
1655	1	T 492	134	40	40	P 484	128	56	52	
1656	1	T 490	135	40	40	P 484	128	52	56	
1657	1	T 488	136	40	40	P 480	128	56	56	
1658	1	T 486	137	40	40	P 480	132	52	52	
1659	1	T 484	138	40	40	P 476	132	56	52	
1660	1	T 482	139	40	40	P 476	132	52	56	
1661	1	T 480	140	40	40	P 472	132	56	56	
1662	1	T 478	141	40	40	P 472	136	52	52	
1663	1	T 476	142	40	40	P 468	136	56	52	
1664	1	T 474	143	40	40	P 468	136	52	56	
1665	1	T 472	144	40	40	P 464	136	56	56	
1666	1	T 470	145	40	40	P 464	140	52	52	
1667	1	T 468	146	40	40	P 460	140	56	52	
1668	1	T 466	147	40	40	P 460	140	52	56	
1669	1	T 464	148	40	40	P 456	140	56	56	
1670	1	T 462	149	40	40	P 456	144	52	52	
1671	1	T 460	150	40	40	P 452	144	56	52	
1672	1	T 458	151	40	40	P 452	144	52	56	
1673	1	T 456	152	40	40	P 448	144	56	56	
1674	1	T 454	153	40	40	P 448	148	52	52	
1675	1	T 452	154	40	40	P 444	148	56	52	
1676	1	T 450	155	40	40	P 444	148	52	56	
1677	1	T 448	156	40	40	P 440	148	56	56	
1678	1	T 446	157	40	40	P 440	152	52	52	
1679	1	T 444	158	40	40	P 436	152	56	52	
1680	1	T 442	159	40	40	P 436	152	52	56	
1681	1	T 440	160	40	40	P 432	152	56	56	
1682	1	T 438	161	40	40	P 432	156	52	52	
1683	1	T 436	162	40	40	P 428	156	56	52	
1684	1	T 434	163	40	40	P 428	156	52	56	
1685	1	T 432	164	40	40	P 424	156	56	56	
1686	1	T 430	165	40	40	P 424	160	52	52	
1687	1	T 428	166	40	40	P 420	160	56	52	
1688	1	T 426	167	40	40	P 420	160	52	56	
1689	1	T 424	168	40	40	P 416	160	56	56	
1690	1	T 422	169	40	40	P 416	164	52	52	
1691	1	T 420	170	40	40	P 412	164	56	52	
1692	1	T 418	171	40	40	P 412	164	52	56	
1693	1	T 416	172	40	40	P 408	164	56	56	
1694	1	T 414	173	40	40	P 408	168	52	52	
1695	1	T 412	174	40	40	P 404	168	56	52	
1696	1	T 410	175	40	40	P 404	168	52	56	
1697	1	T 408	176	40	40	P 400	168	56	56	
1698	1	T 406	177	40	40	P 400	172	52	52	
1699	1	T 404	178	40	40	P 396	172	56	52	
1700	1	T 402	179	40	40	P 396	172	52	56	
1701	1	T 400	180	40	40	P 392	172	56	56	
1702	1	T 398	181	40	40	P 392	176	52	52	
1703	1	T 396	182	40	40	P 388	176	56	52	
1704	1	T 394	183	40	40	P 388	176	52	56	
1705	1	T 392	184	40	40	P 384	176	56	56	
1706	1	T 390	185	40	40	P 384	180	52	52	
1707	1	T 388	186	40	40	P 380	180	56	52	
1708	1	T 386	187	40	40	P 380	180	52	56	
1709	1	T 384	188	40	40	P 376	180	56	56	
1710	1	T 382	189	40	40	P 376	184	52	52	
1711	1	T 380	190	40	40	P 372	184	56	52	
1712	1	T 378	191	40	40	P 372	184	52	56	
1713	1	T 376	192	40	40	P 368	184	56	56	
1714	1	T 374	193	40	40	P 368	188	52	52	
1715	1	T 372	194	40	40	P 364	188	56	52	
1716	1	T 370	195	40	40	P 364	188	52	56	
1717	1	T 368	196	40	40	P 360	188	56	56	
1718	1	T 366	197	40	40	P 360	192	52	52	
1719	1	T 364	198	40	40	P 356	192	56	52	
1720	1	T 362	199	40	40	P 356	192	52	56	
1721	1	T 360	200	40	40	P 352	192	56	56	
1722	1	T 358	201	40	40	P 352	196	52	52	
1723	1	T 356	202	40	40	P 348	196	56	52	
1724	1	T 354	203	40	40	P 348	196	52	56	
1725	1	T 352	204	40	40	P 344	196	56	56	
1726	1	T 350	205	40	40	P 344	200	52	52	
1727	1	T 348	206	40	40	P 340	200	56	52	
1728	1	T 346	207	40	40	P 340	200	52	56	
1729	1	T 344	208	40	40	P 336	200	56	56	
1730	1	T 342	209	40	40	P 336	204	52	52	
1731	1	T 340	210	40	40	P 332	204	56	52	
1732	1	T 338	211	40	40	P 332	204	52	56	
1733	2	T 336	212	40	40	P 328	204	56	56	P 328	232	36	28	
1734	1	T 334	213	40	40	P 328	208	52	52	
1735	1	T 332	214	40	40	P 324	208	56	52	
1736	1	T 330	215	40	40	P 324	208	52	56	
1737	1	T 328	216	40	40	P 320	208	56	56	
1738	1	T 326	217	40	40	P 320	212	52	52	
1739	1	T 324	218	40	40	P 316	212	56	52	
1740	1	T 322	219	40	40	P 316	212	52	56	
1741	1	T 320	220	40	40	P 312	212	56	56	
1742	1	T 318	221	40	40	P 312	216	52	52	
1743	1	T 316	222	40	40	P 308	216	56	52	
1744	1	T 314	223	40	40	P 308	216	52	56	
1745	1	T 312	224	40	40	P 304	216	56	56	
1746	1	T 310	225	40	40	P 304	220	52	52	
1747	1	T 308	226	40	40	P 300	220	56	52	
1748	1	T 306	227	40	40	P 300	220	52	56	
1749	1	T 304	228	40	40	P 296	220	56	56	
1750	1	T 302	229	40	40	P 296	224	52	52	
1751	1	T 300	230	40	40	P 292	224	56	52	
1752	1	T 298	231	40	40	P 292	224	52	56	
1753	1	T 296	232	40	40	P 288	224	56	56	
1754	1	T 294	233	40	40	P 288	228	52	52	
1755	1	T 292	234	40	40	P 284	228	56	52	
1756	1	T 290	235	40	40	P 284	228	52	56	
1757	1	T 288	236	40	40	P 280	228	56	56	
1758	1	T 286	237	40	40	P 280	232	52	52	
1759	1	T 284	238	40	40	P 276	232	56	52	
1760	1	T 282	239	40	40	P 276	232	52	56	
1761	1	T 280	240	40	40	P 272	232	56	56	
1762	1	T 278	241	40	40	P 272	236	52	52	
1763	1	T 276	242	40	40	P 268	236	56	52	
1764	1	T 274	243	40	40	P 268	236	52	56	
1765	1	T 272	244	40	40	P 264	236	56	56	
1766	1	T 270	245	40	40	P 264	240	52	52	
1767	1	T 268	246	40	40	P 260	240	56	52	
1768	1	T 266	247	40	40	P 260	240	52	56	
1769	1	T 264	248	40	40	P 256	240	56	56	
1770	1	T 262	249	40	40	P 256	244	52	52	
1771	1	T 260	250	40	40	P 252	244	56	52	
1772	1	T 258	251	40	40	P 252	244	52	56	
1773	1	T 256	252	40	40	P 248	244	56	56	
1774	1	T 254	253	40	40	P 248	248	52	52	
1775	1	T 252	254	40	40	P 244	248	56	52	
1776	1	T 250	255	40	40	P 244	248	52	56	
1777	1	T 248	256	40	40	P 240	248	56	56	
1778	1	T 246	257	40	40	P 240	252	52	52	
1779	1	T 244	258	40	40	P 236	252	56	52	
1780	1	T 242	259	40	40	P 236	252	52	56	
1781	1	T 240	260	40	40	P 232	252	56	56	
1782	1	T 238	261	40	40	P 232	256	52	52	
1783	1	T 236	262	40	40	P 228	256	56	52	
1784	1	T 234	263	40	40	P 228	256	52	56	
1785	1	T 232	264	40	40	P 224	256	56	56	
1786	1	T 230	265	40	40	P 224	260	52	52	
1787	1	T 228	266	40	40	P 220	260	56	52	
1788	1	T 226	267	40	40	P 220	260	52	56	
1789	1	T 224	268	40	40	P 216	260	56	56	
1790	1	T 222	269	40	40	P 216	264	52	52	
1791	1	T 220	270	40	40	P 212	264	56	52	
1792	1	T 218	271	40	40	P 212	264	52	56	
1793	1	T 216	272	40	40	P 208	264	56	56	
1794	1	T 214	273	40	40	P 208	268	52	52	
1795	1	T 212	274	40	40	P 204	268	56	52	
1796	1	T 210	275	40	40	P 204	268	52	56	
1797	1	T 208	276	40	40	P 200	268	56	56	
1798	1	T 206	277	40	40	P 200	272	52	52	
1799	1	T 204	278	40	40	P 196	272	56	52	
1800	1	T 202	279	40	40	P 196	272	52	56	
1801	1	T 200	280	40	40	P 192	272	56	56	
1802	1	T 198	281	40	40	P 192	276	52	52	
1803	1	T 196	282	40	40	P 188	276	56	52	
1804	1	T 194	283	40	40	P 188	276	52	56	
1805	1	T 192	284	40	40	P 184	276	56	56	
1806	1	T 190	285	40	40	P 184	280	52	52	
1807	1	T 188	286	40	40	P 180	280	56	52	
1808	1	T 186	287	40	40	P 180	280	52	56	
1809	1	T 184	288	40	40	P 176	280	56	56	
1810	1	T 182	289	40	40	P 176	284	52	52	
1811	1	T 180	290	40	40	P 172	284	56	52	
1812	1	T 178	291	40	40	P 172	284	52	56	
1813	1	T 176	292	40	40	P 168	284	56	56	
1814	1	T 174	293	40	40	P 168	288	52	52	
1815	1	T 172	294	40	40	P 164	288	56	52	
1816	1	T 170	295	40	40	P 164	288	52	56	
1817	1	T 168	296	40	40	P 160	288	56	56	
1818	1	T 166	297	40	40	P 160	292	52	52	
1819	1	T 164	298	40	40	P 156	292	56	52	
1820	1	T 162	299	40	40	P 156	292	52	56	
1821	1	T 160	300	40	40	P 152	292	56	56	
1822	1	T 158	301	40	40	P 152	296	52	52	
1823	1	T 156	302	40	40	P 148	296	56	52	
1824	1	T 154	303	40	40	P 148	296	52	56	
1825	1	T 152	304	40	40	P 144	296	56	56	
1826	1	T 150	305	40	40	P 144	300	52	52	
1827	1	T 148	306	40	40	P 140	300	56	52	
1828	1	T 146	307	40	40	P 140	300	52	56	
1829	1	T 144	308	40	40	P 136	300	56	56	
1830	1	T 142	309	40	40	P 136	304	52	52	
1831	1	T 140	310	40	40	P 132	304	56	52	
1832	1	T 138	311	40	40	P 132	304	52	56	
1833	1	T 136	312	40	40	P 128	304	56	56	
1834	1	T 134	313	40	40	P 128	308	52	52	
1835	1	T 132	314	40	40	P 124	308	56	52	
1836	1	T 130	315	40	40	P 124	308	52	56	
1837	1	T 128	316	40	40	P 120	308	56	56	
1838	1	T 126	317	40	40	P 120	312	52	52	
1839	1	T 124	318	40	40	P 116	312	56	52	
1840	1	T 122	319	40	40	P 116	312	52	56	
1841	1	T 120	320	40	40	P 112	312	56	56	
1842	1	T 118	321	40	40	P 112	316	52	52	
1843	1	T 116	322	40	40	P 108	316	56	52	
1844	1	T 114	323	40	40	P 108	316	52	56	
1845	1	T 112	324	40	40	P 104	316	56	56	
1846	1	T 110	325	40	40	P 104	320	52	52	
1847	1	T 108	326	40	40	P 100	320	56	52	
1848	1	T 106	327	40	40	P 100	320	52	56	
1849	1	T 104	328	40	40	P 96	320	56	56	
1850	1	T 102	329	40	40	P 96	324	52	52	
1851	1	T 100	330	40	40	P 92	324	56	52	
1852	1	T 98	331	40	40	P 92	324	52	56	
1853	1	T 96	332	40	40	P 88	324	56	56	
1854	1	T 94	333	40	40	P 88	328	52	52	
1855	1	T 92	334	40	40	P 84	328	56	52	
1856	1	T 90	335	40	40	P 84	328	52	56	
1857	2	T 88	336	40	40	P 80	328	56	52	P 80	352	44	32	
1858	1	T 86	337	40	40	P 80	332	52	52	
1859	1	T 84	338	40	40	P 76	332	56	52	
1860	1	T 82	339	40	40	P 76	332	52	56	
1861	1	T 80	340	40	40	P 72	332	56	56	
1862	1	T 78	341	40	40	P 72	336	52	52	
1863	1	T 76	342	40	40	P 68	336	56	52	
1864	1	T 74	343	40	40	P 68	336	52	56	
1865	1	T 72	344	40	40	P 64	336	56	56	
1866	1	T 70	345	40	40	P 64	340	52	52	
1867	1	T 68	346	40	40	P 60	340	56	52	
1868	1	T 66	347	40	40	P 60	340	52	56	
1869	2	T 64	348	40	40	P 56	340	56	36	P 56	364	56	32	
1870	1	T 62	349	40	40	P 56	344	52	52	
1871	1	T 60	350	40	40	P 52	344	56	52	
1872	1	T 58	351	40	40	P 52	344	52	56	
1873	1	T 56	352	40	40	P 48	344	56	56	
1874	1	T 54	353	40	40	P 48	348	52	52	
1875	1	T 52	354	40	40	P 44	348	56	52	
1876	1	T 50	355	40	40	P 44	348	52	56	
1877	1	T 48	356	40	40	P 40	348	56	56	
1878	1	T 46	357	40	40	P 40	352	52	52	
1879	1	T 44	358	40	40	P 36	352	56	52	
1880	1	T 42	359	40	40	P 36	352	52	56	
1881	1	T 40	360	40	40	P 32	352	56	56	
1882	1	T 38	361	40	40	P 32	356	52	52	
1883	1	T 36	362	40	40	P 28	356	56	52	
1884	1	T 34	363	40	40	P 28	356	52	56	
1885	1	T 32	364	40	40	P 24	356	56	56	
1886	1	T 30	365	40	40	P 24	360	52	52	
1887	1	T 28	366	40	40	P 20	360	56	52	
1888	1	T 26	367	40	40	P 20	360	52	56	
1889	1	T 24	368	40	40	P 16	360	56	56	
1890	1	T 22	369	40	40	P 16	364	52	52	
1891	1	T 20	370	40	40	P 12	364	56	52	
1892	1	T 22	371	40	40	P 16	364	52	56	
1893	1	T 24	372	40	40	P 16	364	56	56	
1894	1	T 26	373	40	40	P 20	368	52	52	
1895	1	T 28	374	40	40	P 20	368	56	52	
1896	1	T 30	375	40	40	P 24	368	52	56	
1897	1	T 32	376	40	40	P 24	368	56	56	
1898	1	T 34	377	40	40	P 28	372	52	52	
1899	1	T 36	378	40	40	P 28	372	56	52	
1900	1	T 38	379	40	40	P 32	372	52	56	
1901	1	T 40	380	40	40	P 32	372	56	56	
1902	1	T 42	381	40	40	P 36	376	52	52	
1903	1	T 44	382	40	40	P 36	376	56	52	
1904	1	T 46	383	40	40	P 40	376	52	56	
1905	1	T 48	384	40	40	P 40	376	56	56	
1906	1	T 50	385	40	40	P 44	380	52	52	
1907	1	T 52	386	40	40	P 44	380	56	52	
1908	1	T 54	387	40	40	P 48	380	52	56	
1909	1	T 56	388	40	40	P 48	380	56	56	
1910	1	T 58	389	40	40	P 52	384	52	52	
1911	1	T 60	390	40	40	P 52	384	56	52	
1912	1	T 62	391	40	40	P 56	384	52	56	
1913	1	T 64	392	40	40	P 56	384	56	56	
1914	1	T 66	393	40	40	P 60	388	52	52	
1915	1	T 68	394	40	40	P 60	388	56	52	
1916	1	T 70	395	40	40	P 64	388	52	56	
1917	1	T 72	396	40	40	P 64	388	56	56	
1918	1	T 74	397	40	40	P 68	392	52	52	
1919	1	T 76	398	40	40	P 68	392	56	52	
1920	1	T 78	399	40	40	P 72	392	52	56	
1921	1	T 80	400	40	40	P 72	392	56	56	
1922	1	T 82	401	40	40	P 76	396	52	52	
1923	1	T 84	402	40	40	P 76	396	56	52	
1924	1	T 86	403	40	40	P 80	396	52	56	
1925	1	T 88	404	40	40	P 80	396	56	56	
1926	1	T 90	405	40	40	P 84	400	52	52	
1927	1	T 92	406	40	40	P 84	400	56	52	
1928	1	T 94	407	40	40	P 88	400	52	56	
1929	1	T 96	408	40	40	P 88	400	56	56	
1930	1	T 98	409	40	40	P 92	404	52	52	
1931	1	T 100	410	40	40	P 92	404	56	52	
1932	1	T 102	411	40	40	P 96	404	52	56	
1933	2	T 104	412	40	40	P 96	404	56	36	P 96	428	56	32	
1934	1	T 106	413	40	40	P 100	408	52	52	
1935	1	T 108	414	40	40	P 100	408	56	52	
1936	1	T 110	415	40	40	P 104	408	52	56	
1937	1	T 112	416	40	40	P 104	408	56	56	
1938	1	T 114	417	40	40	P 108	412	52	52	
1939	1	T 116	418	40	40	P 108	412	56	52	
1940	1	T 118	419	40	40	P 112	412	52	56	
1941	1	T 120	420	40	40	P 112	412	56	56	
1942	1	T 122	419	40	40	P 116	412	52	56	
1943	1	T 124	418	40	40	P 116	412	56	52	
1944	1	T 126	417	40	40	P 120	412	52	52	
1945	1	T 128	416	40	40	P 120	408	56	56	
1946	1	T 130	415	40	40	P 124	408	52	56	
1947	1	T 132	414	40	40	P 124	408	56	52	
1948	1	T 134	413	40	40	P 128	408	52	52	
1949	1	T 136	412	40	40	P 128	404	56	56	
1950	1	T 138	411	40	40	P 132	404	52	56	
1951	1	T 140	410	40	40	P 132	404	56	52	
1952	1	T 142	409	40	40	P 136	404	52	52	
1953	1	T 144	408	40	40	P 136	400	56	56	
1954	1	T 146	407	40	40	P 140	400	52	56	
1955	1	T 148	406	40	40	P 140	400	56	52	
1956	1	T 150	405	40	40	P 144	400	52	52	
1957	1	T 152	404	40	40	P 144	396	56	56	
1958	1	T 154	403	40	40	P 148	396	52	56	
1959	1	T 156	402	40	40	P 148	396	56	52	
1960	1	T 158	401	40	40	P 152	396	52	52	
1961	1	T 160	400	40	40	P 152	392	56	56	
1962	1	T 162	399	40	40	P 156	392	52	56	
1963	1	T 164	398	40	40	P 156	392	56	52	
1964	1	T 166	397	40	40	P 160	392	52	52	
1965	2	T 168	396	40	40	P 160	388	56	36	P 160	412	56	32	
1966	1	T 170	395	40	40	P 164	388	52	56	
1967	1	T 172	394	40	40	P 164	388	56	52	
1968	1	T 174	393	40	40	P 168	388	52	52	
1969	1	T 176	392	40	40	P 168	384	56	56	
1970	1	T 178	391	40	40	P 172	384	52	56	
1971	1	T 180	390	40	40	P 172	384	56	52	
1972	1	T 182	389	40	40	P 176	384	52	52	
1973	1	T 184	388	40	40	P 176	380	56	56	
1974	1	T 186	387	40	40	P 180	380	52	56	
1975	1	T 188	386	40	40	P 180	380	56	52	
1976	1	T 190	385	40	40	P 184	380	52	52	
1977	1	T 192	384	40	40	P 184	376	56	56	
1978	1	T 194	383	40	40	P 188	376	52	56	
1979	1	T 196	382	40	40	P 188	376	56	52	
1980	1	T 198	381	40	40	P 192	376	52	52	
1981	1	T 200	380	40	40	P 192	372	56	56	
1982	1	T 202	379	40	40	P 196	372	52	56	
1983	1	T 204	378	40	40	P 196	372	56	52	
1984	1	T 206	377	40	40	P 200	372	52	52	
1985	1	T 208	376	40	40	P 200	368	56	56	
1986	1	T 210	375	40	40	P 204	368	52	56	
1987	1	T 212	374	40	40	P 204	368	56	52	
1988	1	T 214	373	40	40	P 208	368	52	52	
1989	1	T 216	372	40	40	P 208	364	56	56	
1990	1	T 218	371	40	40	P 212	364	52	56	
1991	1	T 220	370	40	40	P 212	364	56	52	
1992	1	T 222	369	40	40	P 216	364	52	52	
1993	1	T 224	368	40	40	P 216	360	56	56	
1994	1	T 226	367	40	40	P 220	360	52	56	
1995	1	T 228	366	40	40	P 220	360	56	52	
1996	1	T 230	365	40	40	P 224	360	52	52	
1997	1	T 232	364	40	40	P 224	356	56	56	
1998	1	T 234	363	40	40	P 228	356	52	56	
1999	1	T 236	362	40	40	P 228	356	56	52	
2000	1	T 238	361	40	40	P 232	356	52	52	
