frame	IoU
2	95.9343
2	95.9343
2	68.0319
2	68.0319
3	91.2665
3	91.2665
3	16.8552
3	17.6803
3	5941.45
4	17.8
4	17.4001
4	5847.3
5	17.7125
5	17.0774
5	5738.85
6	18.0138
6	16.7112
7	19.1796
7	16.9651
8	20.0035
8	17.0466
9	20.8811
10	23.1624
11	23.3802
12	26.0596
13	25.6722
14	27.8693
15	29.0638
16	29.4503
17	30.5902
18	31.7007
19	34.1429
20	36.1959
21	37.4593
22	40.5095
23	40.6316
24	42.8908
25	44.661
26	42.2392
27	42.0905
28	40.9691
28	15950.6
28	15950.6
28	1132.59
29	39.5454
29	15396.3
29	15396.3
29	192.454
29	463.048
30	184.129
30	443.018
30	443.018
30	654.681
31	410.045
31	410.045
31	605.956
31	10907.2
31	503.409
31	1652.61
31	649.238
31	779.086
32	10413.9
32	480.642
32	1577.86
32	619.875
32	743.85
32	480.642
33	266.242
33	380.345
33	380.345
33	23961.8
34	241.15
34	344.5
34	344.5
34	21703.5
34	542.588
34	32555.3
34	581.344
35	246.182
35	1536.24
35	528.083
35	492.877
35	9857.54
35	985.754
35	1536.24
35	622.582
36	119.322
36	624.148
36	124.095
36	439.504
36	659.256
36	879.008
36	1369.88
36	555.163
36	439.504
36	549.38
37	19.1469
37	583.243
37	114.083
37	410.7
37	616.05
37	821.4
37	518.779
37	410.7
37	513.375
37	513.375
37	821.4
38	17.2246
38	102.63
38	246.313
38	461.836
38	461.836
38	738.938
38	7389.38
39	84.6878
39	112.087
39	266.767
39	1455.09
39	266.767
39	2000.75
39	762.19
39	1455.09
39	808.384
39	13338.3
39	808.384
40	22.6244
40	102
40	242.76
40	168.583
40	242.76
40	89.6897
40	693.6
40	1324.15
40	735.636
40	12138
40	735.636
40	2080.8
40	89.6897
41	21.6367
41	79.8496
41	147.5
41	78.4729
41	1820.57
41	78.4729
41	10620
41	2360
41	2360
42	10.0909
42	72.3308
42	9620
42	2137.78
42	2137.78
43	8.97984
44	7.82744
44	3209.25
44	3209.25
45	7.00934
45	2949.43
45	2949.43
46	7.73027
46	24.1458
46	1897.46
47	8.27959
47	50.0656
47	40.9744
47	40.9744
48	8.66963
48	44.9003
48	44.9003
49	10.9655
50	12.99
51	16.7553
52	21.2161
53	23.109
53	157.016
54	23.894
55	26.1118
56	27.7926
57	29.5866
58	30.8399
59	31.7513
60	30.064
61	30.8738
62	30.6674
63	31.4921
64	30.3581
65	29.6423
66	30.4142
67	29.3934
68	20.6242
69	25.3287
69	156.163
69	21823.8
70	15.1796
70	149.665
71	13.9393
71	2049.36
71	2049.36
71	4867.22
72	21.1282
72	3172.75
72	21756
73	21.749
73	3082.92
73	1681.59
73	1681.59
74	22.9184
74	1656.38
74	1656.38
74	1656.38
75	28.9566
75	1563.66
75	3822.28
76	24.0672
76	3580.67
76	3580.67
76	3580.67
77	23.1275
77	3472.97
77	41675.7
78	25.6429
78	1810.84
79	24.1956
79	1778.38
79	2879.27
79	2879.27
79	1007.75
80	26.7852
80	2841.14
80	994.4
80	1808
81	27.8837
81	1823.64
81	859.714
82	29.6992
82	867.429
82	1840
82	867.429
82	867.429
83	42.35
83	898.425
83	898.425
83	10481.6
84	24.526
84	861.914
84	861.914
85	3510
92	24440.7
92	24440.7
93	23363.7
93	23363.7
98	25944
98	25944
99	24888.5
99	24888.5
122	6352.5
123	6254.56
126	17944.2
127	17632
127	7052.8
128	5166.15
128	6888.2
128	5166.15
129	4962.23
129	4962.23
130	9527.4
130	9527.4
131	9180.8
132	7224
132	7224
133	6797.58
133	6797.58
141	34.4034
177	6061.47
177	6061.47
177	7576.83
177	7576.83
371	261.624
372	257.541
373	257.933
373	34821
374	433.308
374	515.842
375	524.24
375	381.647
375	524.24
376	521.038
376	379.316
377	424.313
378	477.548
378	5849.96
379	237.795
379	5746.71
380	232.256
380	471.009
380	11225.7
381	742.389
381	11135.8
383	264.321
384	265.679
385	328.12
385	473.25
385	473.25
386	410.217
386	471.75
387	797.234
387	524.675
388	367.303
389	267.183
389	5009.69
389	5009.69
391	5636.43
392	1979.25
392	377
392	19792.5
392	19792.5
393	1944.25
393	162.021
393	19442.5
393	19442.5
393	19442.5
394	422.868
394	160.337
394	19240.5
394	2137.83
395	362.757
395	158.706
395	1484.01
395	649.253
396	398.165
396	1473.73
396	644.756
397	372.13
397	634.313
398	511.646
399	758.771
400	530.882
401	799.827
401	409.142
401	799.827
402	808.163
402	808.163
402	3555.92
403	999.74
403	675.149
403	999.74
404	417.462
404	669.565
404	991.471
405	630.429
405	34043.2
406	217.968
407	214.866
407	775.531
408	243.546
408	759.18
409	659.045
410	353.545
410	3134.77
411	409.842
411	3114.8
412	407.215
412	2901.41
412	5802.81
413	372.176
413	2872.73
413	5745.47
414	375.891
414	30948.3
415	117.683
415	371.632
415	30597.7
416	119.429
416	950.561
416	377.146
417	721.805
417	374.053
418	202.951
418	23136.4
418	23136.4
419	398.718
419	23325
419	23325
419	10366.7
420	10555.1
421	472.828
422	392.667
423	337.137
424	10642.7
424	563.435
425	571.588
425	2699.17
425	10796.7
425	571.588
425	571.588
426	565.294
426	2669.44
426	565.294
426	436.818
426	436.818
427	443.182
427	443.182
429	6604.4
430	6635.6
430	4147.25
433	163.643
434	163.636
434	6300
435	4968.98
436	175.17
436	2773.53
436	426.697
436	426.697
436	208.015
437	172.421
437	420
437	420
437	204.75
439	736.602
439	16328
440	420.087
440	16068.3
441	413.351
442	1581
442	10540
443	115.302
443	452.164
443	10249.1
444	452.113
444	1646.98
444	11528.9
444	23057.8
445	1666.25
445	11663.8
447	227.941
447	939.394
447	227.941
448	930.121
448	225.691
451	60.5943
452	61.298
453	15263.5
453	15263.5
454	414.929
454	15490.7
454	15490.7
455	418.397
455	75.5815
456	77.3484
456	1998.17
457	299.334
458	306.641
458	2063.44
459	3565.39
459	2079.81
459	4159.63
460	4205.94
461	21.382
462	21.38
462	836.822
463	84.11
463	834.149
464	82.3783
464	816.975
464	8237.83
465	49.6535
465	8006.63
465	6004.97
465	4803.98
466	5684.06
466	4547.25
470	175.047
470	94.0625
470	5455.63
471	165.818
471	89.1034
472	24.2842
472	80.0577
472	80.0577
473	23.49
473	54.2077
474	71.0331
474	51.6356
475	35.8165
475	70.496
475	888.25
475	555.156
476	25.6619
476	34.3538
476	532.484
476	532.484
477	17.0699
477	531.656
477	17013
478	25.7869
478	16985
478	6369.38
478	1061.56
479	27.392
479	4280
479	1070
479	1167.27
480	17.4362
480	1174.57
481	18.2794
482	107.123
482	373.837
483	30.5714
483	115.135
483	767.065
484	72.1719
484	759.524
485	25.3697
485	80.9593
485	852
485	559.125
485	852
486	33.3662
487	33.0038
487	37.3799
488	39.2148
489	53.4552
489	46.7733
490	40.9935
491	46.8252
492	50.7889
493	49.0951
494	174.019
495	52.8891
496	51.8496
496	24300.2
497	78.3552
497	383.781
497	2686.46
498	61.8216
498	81.1409
499	58.4514
499	60.1214
500	67.9542
500	61.6953
501	76.9823
501	427.723
502	78.9945
502	409.643
502	434.47
502	438.903
503	69.2633
503	409.643
503	434.47
503	332.143
503	1147
503	332.143
503	8602.5
503	1147
504	111.989
504	303.303
504	529.401
504	602.422
504	1164.68
504	337.264
504	8735.13
504	1164.68
505	112.792
505	152.343
505	169.842
505	606.745
506	60.9398
506	371.225
506	171.996
506	442.154
506	2545.54
507	60.602
507	446.169
507	2568.66
507	2568.66
508	60.8906
508	334.56
508	403.264
508	305.173
508	2007.36
509	158.149
509	156.095
509	65.2634
510	60.9201
510	156.493
510	65.4299
510	717.262
510	717.262
511	58.3198
511	320.759
511	641.518
511	712.798
511	712.798
512	57.411
512	386.534
512	452.909
512	640.543
513	56.8982
513	448.864
513	411.458
514	55.3699
514	56.9296
514	411.685
515	55.604
515	109.436
515	388.261
516	61.9991
516	109.41
516	388.168
516	44639.4
517	56.7642
518	106.175
518	3374
519	61.6682
520	61.4155
521	67.9499
522	77.0105
522	63713.3
523	77.164
523	446.436
523	563.297
523	350.771
524	69.3143
524	448.2
524	565.524
524	352.158
524	3845.56
524	3845.56
525	130.016
525	255.861
525	3827.68
525	3827.68
526	127.712
526	273.244
526	435.167
526	502.652
527	251.853
527	416.526
527	463.302
527	463.302
528	64.5486
528	402.188
528	447.353
529	63.0903
530	61.8154
531	104.758
531	227.721
532	102.207
532	224.058
532	218.593
533	98.3749
533	202.971
534	98.8154
534	203.879
535	97.7876
535	206.932
536	103.784
536	210.072
537	58.6765
537	210.633
538	102.708
538	213.782
539	60.8939
539	215.471
540	24.7935
541	61.7289
542	103.125
542	244.243
543	62.8676
543	242.578
544	36.1146
545	98.1793
545	242.219
546	61.3636
546	229.811
547	44.8953
548	93.887
548	195.421
549	54.1366
549	194.336
549	14316.1
550	88.2583
550	209.033
550	14121.3
551	88.2542
551	196.728
552	91.3386
552	308.048
552	296.639
553	56.0536
553	311.529
553	299.991
554	55.9743
554	299.566
555	56.3633
556	88.6761
556	174.537
557	48.9116
557	175.978
558	49.265
558	8498.22
559	92.5948
560	41.7761
560	202.138
561	61.8644
561	208.227
561	279.104
561	208.227
561	208.227
561	279.104
561	18141.8
562	99.2163
562	215.23
562	215.23
563	104.353
563	217.475
563	217.475
563	217.475
564	96.0757
564	223.908
564	223.908
564	223.908
565	109.809
565	402.363
565	1356.73
565	382.667
565	5130.13
565	382.667
566	102.034
566	161.827
566	272.091
566	5203.75
566	388.159
567	58.0812
567	164.31
567	276.266
568	96.8273
568	227.182
568	708.05
568	1517.25
569	100.052
569	211.963
569	1200.63
570	61.8011
570	213.633
570	1210.09
571	100.76
571	197.83
572	99.7336
572	198.783
572	425.824
572	381.837
573	95.415
573	396.339
573	396.339
573	2085.5
574	51.1415
574	396.983
574	396.983
574	2088.89
574	2088.89
575	53.087
576	51.088
577	49.5765
578	51.3649
579	52.2926
580	51.9158
581	52.4849
582	52.8387
583	49.7415
584	48.1224
585	47.7988
586	45.5036
587	43.8072
587	201.513
587	174.177
587	7254.48
588	43.6307
588	193.611
588	167.347
588	893.59
588	336.715
588	6970
588	893.59
589	41.2068
589	874.853
589	329.655
589	874.853
590	40.979
591	39.7962
592	40.1531
593	38.5499
594	39.2605
595	38.4414
596	46.8043
597	38.4408
597	2806.18
597	2806.18
598	39.4091
598	2774.4
598	2774.4
599	40.6557
600	37.9428
601	37.491
602	36.947
603	37.7798
604	37.9941
605	38.303
606	40.4128
607	40.0831
608	41.0102
609	42.6035
610	41.2399
611	44.2753
612	47.0833
613	45.498
614	45.6324
614	527.625
615	47.3854
616	47.7356
617	48.9054
618	50.5668
619	54.5556
620	52.0031
621	53.3594
622	58.3503
623	53.4515
624	58.5413
624	149.734
624	3947.55
625	59.3716
625	151.5
625	570.584
625	7322.5
625	7322.5
626	54.3275
626	566.558
626	2115.15
626	7270.83
626	7270.83
626	233.289
627	56.2647
627	230.625
627	2091
627	230.625
627	230.625
628	52.0389
628	226.522
628	226.522
628	4706.63
628	1075.8
629	91.3144
629	284.901
629	3600.4
629	4550.5
629	1040.11
629	16381.8
630	55.1597
630	276.278
630	3491.43
630	15886
630	2482.19
631	31.9572
631	4548.89
631	2487.67
632	43.9257
632	4258.29
633	49.7313
634	43.0406
635	44.0108
636	40.9837
637	45.4835
638	44.4909
639	44.8552
640	47.1485
641	48.7035
642	50.4258
643	52.8293
644	53.0503
645	55.0612
646	55.1719
647	56.29
648	56.0149
649	55.0021
650	53.1806
651	50.3597
652	48.5333
653	48.9545
654	48.6285
655	48.8551
656	50.7187
657	47.9056
658	50.7282
659	49.5825
660	49.7387
661	51.0907
662	51.3814
663	49.5173
664	51.075
665	49.0436
666	49.0409
667	50.8351
668	52.7519
669	55.0317
670	56.3199
671	59.4329
672	60.7986
673	61.441
674	70.7577
675	64.868
676	68.2913
677	71.9901
678	75.9652
679	77.8049
680	95.7346
680	745.453
680	776.514
680	12424.2
680	776.514
680	14909.1
681	150.995
681	832.148
681	12482.2
681	780.139
681	14978.7
682	528.231
682	1510.74
682	2060.1
682	8093.25
683	340.696
683	1514.96
683	2065.85
683	1352.64
684	337.448
684	1339.75
684	4501.56
684	1339.75
684	14067.4
684	14067.4
684	28134.8
685	304.792
685	1306.25
685	4389
685	13715.6
685	13715.6
685	27431.3
685	15675
686	302.011
686	1510.06
686	937.276
686	36241.3
687	279.972
687	294.088
687	905.082
687	905.082
687	34996.5
687	905.082
688	280.538
688	282.896
688	870.636
688	870.636
688	22443.1
688	22443.1
688	33664.6
688	3740.51
689	98.5269
689	21380.3
689	21380.3
689	3563.39
689	16035.3
689	572.688
689	16035.3
690	92.9127
690	540.055
690	540.055
690	323.455
691	256.559
691	519.226
691	570.131
691	394.706
692	319.813
692	551.833
692	382.038
692	319.813
693	63.8308
693	269.549
693	370.782
693	304.055
693	507.385
694	61.8695
694	300.852
694	392.222
694	491.796
695	165.514
695	264.822
695	569.563
695	7377.19
695	569.563
696	75.999
696	253.59
696	545.404
696	7064.29
696	545.404
697	72.8526
697	18067.4
697	24089.9
698	56.6254
698	23556.2
699	55.0421
699	161.629
699	279.238
700	57.0936
700	158.25
700	273.399
700	1011.37
701	54.8797
701	997.737
702	56.6251
703	54.1909
704	56.372
705	56.6791
706	58.6443
707	59.8839
708	61.3303
709	65.0768
710	73.985
711	77.642
712	81.5127
713	80.4305
714	86.0046
715	89.1452
716	80.4571
717	83.034
718	80.2325
719	78.1718
720	79
721	79.4403
722	79.8322
723	77.3254
724	78.276
725	81.2928
726	80.9077
727	79.6134
728	86.1905
729	87.8241
730	83.9346
731	89.9879
732	129.271
732	6750.81
733	130.75
733	1197.13
733	558.659
734	107.466
734	566.636
734	424.014
735	96.2213
735	425.905
735	425.905
736	97.082
737	99.4848
738	97.405
739	97.5235
740	97.6891
741	96.8017
742	99.5674
743	168.671
744	100.616
745	107.392
746	113.908
747	110.976
748	113.26
749	122.022
750	123.273
751	121.013
752	186.12
753	126.806
754	119.222
755	118.085
756	114.979
757	113.502
758	112.013
759	104.573
760	107.941
761	110.089
762	104.493
763	112.903
764	106.115
765	105.093
766	108.106
767	109.135
768	103.254
769	102.917
770	100.985
771	102.251
772	97.1559
773	100.343
774	104.389
775	100.22
776	102.246
777	100.195
778	94.9383
779	95.7379
780	95.9326
781	96.3154
782	98.9507
783	96.695
784	104.651
785	103.607
786	107.124
787	114.35
788	112.586
789	118.439
790	116.384
791	115.308
792	116.538
793	111.626
794	110.806
795	104.971
796	102.597
796	14404.7
797	97.906
797	13746
798	88.2676
799	87.341
800	83.0958
801	76.3591
802	71.8532
803	66.3415
804	68.9509
805	66.9192
806	62.7511
806	1859
806	1859
807	59.3356
807	1802.32
807	1802.32
807	2403.09
807	2403.09
808	62.1289
808	2333.29
808	2333.29
808	424.234
808	424.234
809	59.6154
809	417.508
809	417.508
810	58.7593
811	56.1303
812	58.1798
813	57.6638
814	55.6092
815	55.7834
816	57.9418
817	60.4606
818	60.6265
818	2076.7
818	2076.7
819	61.6848
819	2138.4
819	2138.4
820	63.2952
821	63.4945
822	64.6814
823	64.4242
824	64.0046
825	63.5809
826	56.6854
827	60.4744
828	57.4291
829	54.5368
829	1173.55
829	1173.55
830	57.5122
830	1179
830	1179
831	57.8052
832	55.8598
833	55.7564
834	57.0697
835	57.2861
836	56.4712
837	56.3571
838	56.7211
839	56.5844
840	54.3373
841	54.7764
842	55.0207
843	56.8947
844	56.7779
844	2108.89
844	2108.89
845	54.4597
845	1849.08
845	1643.63
845	1849.08
846	54.6797
846	1086.76
846	1630.14
846	1304.11
847	54.0521
847	1080.04
847	2082.94
847	1080.04
848	54.8246
848	1623.42
848	1443.04
848	1082.28
849	57.7215
849	1623.42
849	1443.04
850	54.4848
850	1075.57
851	53.0122
851	1086.75
852	52.794
853	52.7936
854	52.0466
854	971.971
855	52.4813
855	980.088
856	52.6793
856	996.855
857	53.012
857	1856.25
858	51.4242
858	2146.5
859	55.7382
859	1277.33
860	55.2301
860	1281.51
861	53.9699
862	58.5882
863	57.806
864	82.2673
864	1388.26
865	84.8426
865	1431.72
865	1431.72
866	94.2474
866	1492.25
866	1492.25
867	91.4594
867	469.022
868	97.4263
868	487.131
868	12665.4
869	91.5379
869	13089.9
869	455.301
870	93.6481
870	467.426
870	853.238
870	17918
871	102.066
871	874.852
871	18371.9
871	18371.9
872	162.225
872	766.882
872	11247.6
873	72.1182
873	779.532
873	11433.1
873	11433.1
874	72.4201
874	11481
874	3514.59
875	71.9038
875	400.631
875	162.357
876	70.1067
876	399.219
876	161.785
876	10778.9
876	10778.9
877	69.7061
877	149.37
877	10717.3
877	10717.3
878	72.4166
878	148.176
878	4050.15
879	70.2401
879	152.772
879	453.28
879	453.28
879	3437.38
880	232.067
880	147.164
880	430.981
880	3268.27
881	65.1405
881	143.541
881	1092.96
881	1092.96
881	2185.93
882	59.2201
882	1040.58
882	1040.58
882	2081.16
883	55.7435
883	158.714
883	725.55
884	134.776
884	677.444
884	677.444
884	1829.1
885	125.022
885	522.92
885	636.357
885	1718.16
885	1822.3
886	67.6902
886	523.368
886	581.52
887	106.008
887	491.322
887	570.727
887	491.322
887	14125.5
887	14125.5
888	44.3174
888	562.025
888	483.83
888	13910.1
888	13910.1
889	42.2074
889	561.167
890	54.8079
890	9248.83
890	9248.83
891	57.7001
891	9265.67
891	9265.67
892	59.6667
892	9263.25
892	217.959
892	9263.25
893	62.9265
893	9344.58
893	219.873
893	9344.58
893	219.873
894	62.6483
894	223.2
894	223.2
894	14229
894	14229
894	7588.8
894	14229
894	3162
894	7588.8
895	43.7062
895	14423.1
895	14423.1
895	7692.3
895	14423.1
895	3205.13
895	7692.3
895	7692.3
896	60.9156
896	7797.2
896	7797.2
896	3898.6
897	46.432
897	3923.5
898	44.9531
898	14975
898	14975
898	14975
899	74.2481
899	14812.5
899	817.241
899	14812.5
900	93.4889
900	654.422
900	9816.33
900	9816.33
901	45.0337
901	642.356
901	9635.33
901	9635.33
902	43.8659
902	9529.88
903	43.8577
903	9286.88
903	9286.88
904	41.4974
904	9103.5
904	9103.5
904	12138
904	12138
905	40.1277
905	5296.85
905	11770.8
905	11770.8
906	39.1355
906	5178.6
907	38.814
908	39.1043
909	37.5743
909	4982.35
910	38.2816
910	4990
911	44.8183
911	3304.6
911	4956.9
912	47.4245
912	6242.25
912	6242.25
913	38.4375
913	6342.19
913	4059
914	39.2206
914	591.671
914	4141.7
915	44.98
915	83.0911
916	50.022
916	2482.72
917	47.3139
917	2565.09
917	2565.09
918	51.5974
918	13508.2
919	54.3399
919	14411
920	55.7286
920	15018.8
921	60.6614
921	15711.3
921	2909.5
922	78.3099
922	3154.15
922	3548.42
923	81.5999
923	3760.4
923	4102.25
924	140.428
924	4200.07
924	3771.49
925	68.2217
925	505.06
925	3834.34
925	3834.34
926	95.8634
926	509.21
926	3865.84
926	3865.84
926	7892.75
927	93.508
927	8002.73
928	95.6475
928	9355.24
929	2017.06
929	416.019
929	24961.1
929	24961.1
929	7395.89
929	306.742
930	128.814
930	25650
930	25650
930	7600
930	11400
930	11400
930	8550
931	92.3816
931	7021
931	11701.7
931	11701.7
931	8776.25
932	106.457
932	7253.25
932	2391.18
933	74.1951
933	2473.71
933	6431.66
933	6431.66
934	84.7935
934	10302.4
934	6475.8
934	6475.8
935	76.0952
935	10246.9
935	12524
935	12524
936	74.5656
936	12415.2
936	12415.2
936	2793.41
937	93.4304
937	2767.88
937	9226.25
937	9226.25
937	3075.42
938	71.8208
938	8968.63
938	8968.63
938	2989.54
938	2989.54
938	2989.54
938	3843.7
939	60.5455
939	2784.25
939	2784.25
939	3579.75
940	59.2461
941	52.4771
942	51.4242
943	48.914
944	47.6925
945	61.8062
946	42.0466
946	1134.21
947	42.6016
947	1119.71
948	60.1596
948	312.581
949	45.3124
950	55.5434
951	44.6774
952	46.3692
953	47.0876
954	59.4646
955	63.2658
956	72.6835
956	1148.4
957	60.9826
957	2439.3
957	2683.23
957	2439.3
958	49.2668
958	2693.25
959	58.7494
960	47.2791
961	47.1069
962	47.3021
963	44.5919
964	45.6628
965	44.1822
966	42.9574
967	45.4416
968	42.4073
969	41.6158
970	50.4605
970	6275.45
971	51.448
971	6138.68
972	40.4119
972	1886.66
972	4716.64
973	57.38
973	1844.36
973	4610.89
974	54.3896
974	2847.6
974	2847.6
975	54.5723
975	2537.61
975	2819.57
976	45.3157
976	2515.02
977	52.4135
977	3144.81
978	48.5812
978	8866.07
979	52.4531
979	8872.07
980	52.8866
981	50.0131
982	51.9054
983	33.7995
1013	78.2519
1013	4163
1013	4163
1013	1982.38
1014	124.056
1014	1190.94
1014	1984.89
1014	8336.55
1014	8336.55
1015	119.081
1015	1281.98
1015	8204.67
1015	8204.67
1016	115.885
1016	1271.11
1016	1301.62
1016	1479.11
1016	1479.11
1016	1344.65
1017	115.885
1017	125.156
1017	1251.56
1017	1479.11
1017	1479.11
1017	1344.65
1018	79.2814
1018	120.508
1018	1205.08
1019	77.5475
1020	78.2115
1021	83.1622
1022	77.7516
1022	9703.4
1023	72.6061
1023	2371.8
1023	8894.25
1024	70.0711
1024	2298.33
1024	8618.75
1024	2298.33
1024	3064.44
1025	73.7466
1025	2252.96
1025	2252.96
1025	2703.55
1026	68.193
1026	2628.16
1027	66.6718
1028	68.9508
1029	63.1104
1030	57.0007
1030	2120.9
1031	59.9589
1031	2114.55
1031	2114.55
1032	63.9758
1032	1333.39
1032	2111.2
1032	4872
1032	4872
1033	54.1777
1033	1341.33
1033	4901
1033	4901
1033	7281.49
1033	7281.49
1034	271.303
1034	184.098
1035	170.378
1035	13800.6
1036	72.6322
1036	14061.6
1036	226.435
1037	66.2075
1038	80.8576
1039	68.7174
1040	79.2222
1041	79.2955
1042	83.4364
1043	98.1442
1044	82.7384
1044	17499.2
1045	84.0659
1045	17212.5
1046	88.127
1046	2533.65
1047	68.1652
1047	80.3835
1048	96.7674
1048	76.8027
1048	3900.94
1049	56.7717
1049	3605
1050	75.8438
1051	48.3042
1051	859.757
1051	859.757
1052	44.2058
1052	816.107
1052	816.107
1053	42.5498
1053	2019.43
1053	10602
1054	39.5031
1054	1915.59
1054	20113.7
1054	7542.63
1054	24136.4
1054	1915.59
1054	20113.7
1054	7542.63
1055	47.3698
1055	515.804
1055	19342.7
1055	7253.5
1055	23211.2
1055	1842.16
1055	19342.7
1055	7253.5
1056	37.3757
1056	482.396
1057	31.3497
1057	14779.1
1057	10345.4
1058	29.8248
1058	14273.3
1058	9991.3
1059	27.1171
1060	27.322
1061	28.7087
1061	1576.11
1062	28.0286
1062	1618.65
1062	2774.83
1063	44.4055
1063	7161.13
1063	99.4602
1064	43.8491
1064	7892.83
1064	128.968
1064	13154.7
1064	11839.3
1065	49.6255
1065	195.882
1065	137.416
1065	14016.4
1065	12614.8
1065	194.673
1065	7884.25
1066	28.1348
1066	200.069
1066	200.069
1066	8102.81
1067	28.8914
1067	211.87
1068	28.9405
1069	28.7917
1069	7206.14
1069	7206.14
1070	27.9869
1070	7393.88
1070	7393.88
1071	27.692
1072	27.4903
1073	26.8244
1074	25.8559
1075	29.1729
1076	24.5931
1076	38346.8
1077	23.9406
1077	38460.6
1077	177.442
1078	23.2181
1078	177.336
1078	25625
1078	25625
1079	36.144
1079	25602
1079	25602
1079	190.586
1080	22.529
1080	189.903
1080	12755.2
1080	12755.2
1081	21.3686
1081	12660.9
1081	12660.9
1082	21.1846
1083	20.462
1084	19.4949
1085	18.8539
1086	18.4889
1087	17.614
1088	17.59
1089	17.5536
1090	18.0399
1091	18.606
1092	18.6235
1092	46035
1093	19.7291
1093	48637.3
1094	20.0645
1095	20.5094
1096	25.3828
1097	20.359
1097	516.15
1097	516.15
1098	18.6648
1098	508.394
1098	508.394
1099	17.184
1100	16.0274
1101	14.9485
1102	13.1733
1103	11.9346
1104	9.83413
1105	9.52906
1106	8.41175
1107	7.15145
1107	27345.4
1108	6.17472
1108	24451.9
1109	5.43808
1110	4.82869
1111	4.50975
1112	7.52459
1113	4.00901
1114	3.97882
1115	4.61254
1116	5.10231
1117	4.77273
1118	4.51675
1119	4.68527
1120	4.68123
1121	4.47592
1122	4.18239
1123	3.78505
1124	3.39937
1125	2.89013
1126	2.44378
1126	187.356
1127	1.98477
1127	156.914
1127	156.914
1128	1.83606
1128	129.657
1128	129.657
1129	1.78667
1129	2385.2
1129	2385.2
1130	2.22866
1130	2082.17
1130	2082.17
1130	567.864
1131	1.78118
1131	376.19
1131	574.545
1131	292.593
1131	405.128
1131	39.5
1131	39.5
1131	263.333
1132	1.75054
1132	444.262
1132	345.537
1132	478.436
1132	46.6475
1132	46.6475
1132	310.983
1133	1.76239
1133	20.8333
1134	1.99254
1134	25.3418
1134	69.739
1135	2.47148
1135	5.5738
1135	86.5019
1135	836.906
1135	15.0794
1136	6.55898
1136	89.5301
1136	47.5764
1136	109.426
1136	1459.01
1136	43.7703
1137	97.3438
1137	52.4571
1137	51.7286
1137	118.976
1137	281.785
1137	185.417
1137	47.5903
1137	52.4571
1137	2379.51
1138	14.7014
1138	83.4082
1138	170.292
1138	185.773
1138	52.5579
1138	412.63
1138	46.977
1138	1100.35
1138	83.4082
1138	1021.75
1138	5364.19
1138	2682.09
1138	3576.13
1138	2600.82
1139	15.4376
1139	30.6756
1139	40.3605
1139	17.8113
1139	1155.45
1139	87.585
1139	183.181
1139	113.794
1139	2816.41
1139	3755.21
1139	2731.06
1139	183.181
1139	22531.3
1139	110.043
1140	87.5019
1140	40.7532
1140	17.9846
1140	1166.69
1140	46.1471
1140	114.902
1140	184.963
1140	22750.5
1140	111.114
1141	82.2457
1141	43.375
1141	2591.98
1141	2591.98
1141	178.199
1141	5702.37
1142	2484.91
1142	2484.91
1142	170.837
1142	5466.8
1142	170.837
1142	62.8368
1142	27334
1142	6833.5
1143	171.693
1143	171.693
1143	63.1513
1143	2575.39
1143	6867.71
1143	63.1513
1143	10301.6
1143	10301.6
1143	9156.94
1143	6867.71
1143	4120.63
1144	61.9088
1144	2524.72
1144	61.9088
1144	1683.15
1144	10098.9
1144	8976.78
1144	6732.58
1144	4039.55
1144	13465.2
1144	13465.2
1144	6732.58
1145	1646.39
1145	13171.1
1145	13171.1
1145	6585.54
1145	1145.31
1145	2822.38
1146	1119.25
1146	2145.22
1146	3861.4
1146	19307
1146	3861.4
1146	2970.31
1147	2118.24
1147	3812.82
1147	19064.1
1147	3812.82
1147	2932.94
1147	3812.82
1147	3812.82
1148	777.531
1148	3732.15
1148	3732.15
1148	4665.19
1148	1622.67
1148	6220.25
1148	4665.19
1148	1622.67
1149	6626.63
1149	3786.64
1149	2409.68
1149	6626.63
1149	9939.94
1149	3786.64
1149	2409.68
1149	2092.62
1149	828.328
1150	4043.98
1150	1078.39
1150	505.497
1150	12131.9
1150	2941.08
1150	1010.99
1150	7465.81
1150	4043.98
1150	4043.98
1150	2941.08
1150	808.796
1151	269.18
1151	140.198
1151	45.3165
1151	1121.58
1151	1121.58
1151	815.697
1151	224.317
1151	2243.17
1152	217.177
1152	188.601
1152	219.955
1152	441.037
1152	289.57
1152	1303.06
1152	358.343
1152	21500.6
1152	5733.48
1152	9555.81
1153	272.185
1153	272.881
1153	444.569
1153	2771.34
1153	2667.41
1153	366.026
1153	820.742
1153	272.185
1153	5927.58
1153	53348.3
1153	5334.83
1154	221.793
1154	179.387
1154	2511.41
1154	248.63
1154	1989.04
1154	426.467
1154	956.269
1154	994.52
1154	2180.96
1154	62157.5
1154	6215.75
1154	8287.67
1154	8287.67
1155	257.852
1155	208.551
1155	289.052
1155	154.408
1155	191.679
1155	264.7
1155	708.461
1155	2535.54
1155	491.585
1155	16058.4
1156	176.628
1156	219.263
1156	302.791
1156	187.018
1156	589.39
1156	562.327
1156	18369.3
1156	1102.16
1156	13225.9
1156	16532.4
1157	164.726
1157	202.646
1157	638.642
1157	154.831
1157	281.665
1157	1194.26
1157	23885.2
1157	574.624
1157	308.86
1157	23885.2
1157	308.86
1158	175.935
1158	415.933
1158	300.832
1158	154.422
1158	405.788
1158	196.841
1158	25510.5
1158	329.878
1158	25510.5
1158	329.878
1158	278.905
1158	19132.9
1158	346.454
1158	61.3234
1159	350.511
1159	171.885
1159	286.642
1159	973.448
1159	417.045
1159	364.817
1159	286.642
1159	19663.7
1159	682.766
1159	63.0245
1159	286.642
1159	350.511
1159	1598.67
1160	165.913
1160	166.736
1160	293.854
1160	997.941
1160	366.516
1160	763.576
1160	293.854
1160	158.229
1160	1638.89
1160	1304.75
1160	44796.4
1160	1304.75
1161	73.5887
1161	157.238
1161	372.225
1161	682.412
1161	160.694
1161	1325.07
1161	45494.2
1161	1325.07
1161	5686.77
1161	1949.75
1161	1664.42
1161	1364.82
1161	1949.75
1161	1664.42
1162	81.7525
1162	158.788
1162	367.812
1162	674.322
1162	1465.92
1162	972.579
1162	5619.35
1162	1926.63
1162	1644.69
1162	1348.64
1162	1926.63
1162	1644.69
1162	33716.1
1162	972.579
1162	1658.17
1162	555.76
1163	77.1825
1163	149.912
1163	347.251
1163	1383.97
1163	918.212
1163	1414.73
1163	548.029
1163	1273.25
1163	206.474
1163	2260.21
1163	918.212
1163	1565.48
1163	524.692
1163	1069.96
1163	1565.48
1163	1414.73
1163	347.251
1164	190.732
1164	200.192
1164	187.639
1164	2054.04
1164	1422.67
1164	315.575
1164	1422.67
1164	204.196
1164	315.575
1164	1145.65
1164	315.575
1164	580.489
1164	190.732
1164	195.238
1165	171.722
1165	180.239
1165	175.778
1165	846.976
1165	284.122
1165	183.844
1165	1031.47
1165	284.122
1165	522.632
1165	171.722
1165	175.778
1165	1031.47
1165	522.632
1165	175.778
1165	125.819
1166	156.247
1166	752.867
1166	539.433
1166	275.603
1166	24.0985
1166	464.562
1166	156.247
1166	111.839
1166	826.81
1166	539.433
1166	537.346
1167	459.544
1167	133.332
1167	20.5296
1167	704.36
1167	459.544
1167	457.766
1167	704.36
1167	457.766
1167	117.393
1167	149.41
1167	39444.2
1168	109.969
1168	96.8229
1168	102.842
1168	96.8229
1168	169.44
1168	6506.5
1168	96.8229
1168	697.125
1169	85.3751
1169	69.7855
1169	140.661
1169	5401.4
1169	578.721
1169	578.721
1170	85.1857
1170	93.8439
1170	66.6878
1170	227.162
1170	66.4555
1170	289.115
1170	227.162
1170	369.798
1171	77.2157
1171	60.8773
1171	58.7213
1171	200.025
1171	127.676
1171	58.5168
1171	254.578
1171	200.025
1171	325.623
1171	254.578
1171	583.407
1171	254.578
1171	291.704
1171	254.578
1172	15.4926
1172	51.9638
1172	44.8187
1172	11.2129
1172	54.657
1172	127.145
1172	194.864
1172	93.4941
1172	497.986
1172	248.993
1172	93.4941
1172	127.145
1173	31.0236
1173	39.2448
1173	9.81836
1173	47.8595
1173	111.333
1173	170.63
1173	50.9673
1173	90.2179
1173	142.708
1173	111.333
1173	3767.5
1174	48.8474
1174	47.4316
1174	75.5256
1174	84.6408
1174	133.886
1174	334.716
1174	334.716
1174	1338.86
1174	160.082
1174	669.432
1175	47.4107
1175	42.6264
1175	67.8744
1175	107.898
1175	300.807
1175	161.409
1175	99.3905
1175	141.556
1175	143.864
1175	189.079
1175	99.3905
1176	45.0154
1176	86.0588
1176	56.678
1176	87.8899
1176	125.176
1176	127.217
1176	167.2
1176	87.8899
1176	2808.96
1176	88.6667
1177	16.116
1177	71.1985
1177	27.6181
1177	86.4811
1177	2739.72
1177	86.4811
1177	86.4811
1177	360.489
1178	9.09064
1178	132.407
1178	27.0153
1178	416.137
1178	84.5934
1178	96.2615
1178	279.158
1178	22332.7
1178	143.158
1178	96.2615
1178	66.9311
1178	572.633
1179	11.7411
1179	21.2843
1179	129.252
1179	86.9109
1179	56.0093
1179	756.125
1179	129.252
1179	86.9109
1179	65.75
1179	517.009
1179	2016.33
1179	129.252
1179	65.75
1179	56.0093
1180	8.5434
1180	20.5018
1180	124.5
1180	40.8597
1180	144.581
1180	63.3326
1180	1942.2
1180	124.5
1180	63.3326
1180	53.95
1180	144.581
1180	40.8597
1181	7.90579
1181	37.8103
1181	133.79
1181	133.79
1181	37.8103
1181	73.6578
1181	4493.13
1181	74.0625
1182	14.527
1182	64.5807
1182	68.984
1182	70.4918
1182	4300
1182	70.8791
1182	70.4918
1182	60.8491
1182	268.75
1182	37.069
1182	37.069
1183	15.3269
1183	68.1364
1183	80.0603
1183	2.77874
1183	235.675
1183	74.3729
1183	64.1993
1183	49.8544
1183	39.1099
1183	39.1099
1183	80.0603
1183	418.777
1184	8.00711
1184	86.1471
1184	2.99
1184	253.593
1184	76.0779
1184	86.1471
1184	271.204
1184	57.0399
1184	57.0399
1185	19.7191
1185	11.8877
1185	51.6452
1185	301.264
1185	63.3622
1185	63.3622
1185	8134.13
1185	51.6452
1185	8134.13
1185	956.956
1186	5.44914
1186	14.4242
1186	62.6651
1186	9869.75
1186	62.6651
1186	9869.75
1187	7.255
1187	69.0726
1187	63.6633
1187	182.91
1187	679.379
1187	15852.2
1187	63.6633
1188	17.3112
1188	81.5904
1188	73.9145
1188	75.2008
1188	802.5
1188	75.2008
1188	144.038
1189	19.6478
1189	84.7184
1189	165.092
1189	165.092
1189	201.521
1189	8584.8
1189	8584.8
1190	9.43576
1190	95.249
1190	9410.6
1190	9410.6
1190	95.249
1190	7057.95
1191	9.68893
1191	103.087
1191	103.087
1191	816.979
1191	100.51
1191	276.766
1192	11.2808
1192	124.971
1192	109.35
1192	121.5
1192	109.35
1192	639.277
1193	27.4264
1193	98.3998
1193	130.696
1193	2554.18
1193	687.663
1193	1862.42
1194	36.7696
1194	105.391
1194	148.217
1194	272.011
1194	797.9
1194	148.217
1194	3989.5
1195	32.439
1195	71.123
1195	154.412
1195	283.381
1195	156.716
1195	141.69
1195	154.412
1195	4156.25
1195	24937.5
1196	42.509
1196	71.3565
1196	156.278
1196	152.797
1197	32.8067
1197	86.1694
1197	136.348
1198	12.2233
1198	347.492
1198	131.286
1198	4864.89
1198	2918.93
1198	4864.89
1198	2918.93
1198	4864.89
1199	11.7175
1199	322.232
1199	89.7761
1199	4511.25
1199	2706.75
1199	4511.25
1199	2706.75
1199	4511.25
1199	4511.25
1199	624.635
1199	624.635
1200	15.2864
1200	87.5373
1200	1828.9
1200	4267.44
1200	112.301
1200	120.777
1201	11.5278
1201	40.9257
1201	1748.11
1201	107.34
1201	115.441
1201	3059.2
1202	11.3451
1202	48.3717
1202	2874.08
1202	2653
1202	2653
1203	11.234
1203	50.7645
1203	2491.37
1203	2491.37
1203	8636.73
1203	294.434
1203	8636.73
1204	10.8944
1204	54.2772
1204	8105.4
1204	276.32
1204	8105.4
1204	276.32
1205	10.7575
1205	49.3967
1205	264.048
1205	264.048
1205	12909
1205	11618.1
1205	12909
1205	11618.1
1206	10.7096
1206	47.2896
1206	12426.7
1206	11184
1206	12426.7
1206	11184
1206	6213.33
1206	5083.64
1206	6213.33
1206	5083.64
1206	5592
1207	10.704
1207	47.7645
1207	6018.33
1207	4924.09
1207	6018.33
1207	4924.09
1207	5416.5
1207	3611
1207	4513.75
1207	3611
1207	5158.57
1208	10.6236
1208	45.914
1208	3471.1
1208	4338.88
1208	3471.1
1208	4958.71
1208	4338.88
1208	3471.1
1209	10.444
1209	57.8297
1209	4216.75
1209	4216.75
1209	3373.4
1209	3614.36
1210	10.3948
1210	62.0628
1210	3617.38
1211	11.0402
1211	61.02
1211	10373.4
1211	10373.4
1211	11526
1211	4939.71
1212	11.4683
1212	64.0261
1212	10775.6
1212	10775.6
1212	11972.9
1212	5131.24
1212	3367.38
1213	61.9203
1213	2347.81
1213	577.923
1213	3521.72
1213	577.923
1213	4173.89
1214	77.7935
1214	610.38
1214	610.38
1214	4408.3
1215	40.4181
1215	41.6429
1216	57.3159
1216	41.6843
1216	41.6843
1216	1986.95
1217	15.2922
1217	43.0337
1217	42.0879
1217	2006.19
1217	12639
1217	6018.57
1217	10532.5
1217	2006.19
1217	43.0337
1217	10532.5
1218	15.7599
1218	43.3544
1218	2021.14
1218	12733.2
1218	6063.43
1218	10611
1218	2021.14
1218	43.3544
1218	10611
1219	15.4465
1219	45.7478
1219	1733.33
1219	1733.33
1219	1733.33
1220	15.5836
1220	62.3984
1220	1684.76
1220	1684.76
1220	1684.76
1221	15.5599
1221	60.0936
1221	2693.28
1222	14.9576
1222	57.5018
1222	2577.13
1222	2577.13
1223	14.1618
1223	2426.82
1223	2426.82
1224	14.0644
1225	14.5523
1226	14.3658
1226	12706.6
1226	12706.6
1227	14.7672
1227	12954.6
1227	12954.6
1228	15.5474
1229	17.0593
1230	18.8231
1231	19.6739
1232	23.3648
1233	25.663
1233	2034.38
1234	26.9493
1234	2136.34
1234	110.55
1235	138.744
1235	114.172
1235	11303
1236	78.9576
1236	73.3541
1236	10611.9
1236	15917.8
1236	107.191
1236	78.9576
1236	15917.8
1237	71.7277
1237	15564.9
1237	77.2068
1237	15564.9
1237	12970.8
1237	33.8367
1237	5558.89
1238	32.6572
1238	32.004
1238	5257.8
1238	12268.2
1239	31.4264
1239	3541.75
1239	335.314
1239	11805.8
1239	11805.8
1239	3541.75
1239	6746.19
1239	3541.75
1239	1388.92
1240	3471.54
1240	328.666
1240	1239.83
1240	247.967
1240	1102.08
1240	3471.54
1240	1361.39
1240	6612.45
1240	247.967
1240	91.8396
1240	6612.45
1240	7714.53
1241	132.654
1241	657.857
1241	85.2778
1241	73.4701
1241	3684
1241	6140
1241	230.25
1241	26.1595
1241	6140
1241	1983.69
1242	25.443
1242	67.6724
1242	77.877
1242	67.094
1242	3364.29
1242	23.8892
1242	1811.54
1242	1962.5
1242	7850
1242	7850
1243	24.1629
1243	64.2678
1243	469.857
1243	90.037
1243	7455.07
1243	7455.07
1243	5325.05
1243	7455.07
1243	4659.42
1243	3494.56
1244	100.436
1244	24.2066
1244	5131.81
1244	7184.53
1244	4490.33
1244	3367.75
1244	17961.3
1244	5131.81
1244	100.436
1244	7184.53
1245	95.705
1245	23.0664
1245	4890.07
1245	6846.1
1245	17115.3
1245	4890.07
1245	95.705
1245	6846.1
1245	17115.3
1245	4278.81
1245	4278.81
1246	20.3731
1246	16162.7
1246	4040.67
1246	4040.67
1246	6465.07
1246	51.3644
1246	6061
1246	6465.07
1246	51.3644
1247	17.936
1247	6067.17
1247	48.2031
1247	5687.97
1247	6067.17
1247	48.2031
1248	18.4932
1249	17.3517
1249	7088.17
1249	7088.17
1250	16.4477
1250	6792.92
1250	6792.92
1251	14.7594
1252	16.2713
1253	20.7173
1253	3949.4
1253	9873.5
1253	3949.4
1253	9873.5
1253	5924.1
1253	6582.33
1253	5924.1
1253	6582.33
1254	24.9489
1254	6736.2
1254	7484.67
1254	6736.2
1254	7484.67
1254	8981.6
1254	8981.6
1255	29.4776
1255	10022.4
1255	10022.4
1256	34.4699
1257	35.4439
1258	37.6946
1259	39.9435
1260	39.7639
1261	40.1288
1262	41.4187
1263	37.6161
1264	36.4091
1264	25632
1264	25632
1265	37.1141
1265	23986.3
1265	23986.3
1265	27984
1266	30.6036
1266	24329.8
1266	4865.97
1266	4865.97
1267	25.9633
1267	4128.17
1267	4128.17
1268	23.3203
1269	22.6605
1269	20974.6
1270	22.2975
1270	21378.8
1270	4453.92
1270	20.9761
1270	5090.19
1271	23.6103
1271	22.9199
1271	5561.9
1271	19466.7
1271	19466.7
1272	24.6531
1273	23.458
1274	21.4458
1275	17.846
1276	16.0825
1277	13.9782
1278	12.9296
1279	14.2411
1280	13.7453
1281	13.9749
1282	13.5947
1283	12.5615
1284	12.5238
1285	12.6923
1285	897.6
1285	8415
1286	12.0392
1286	893.307
1287	13.128
1288	13.3037
1289	13.8289
1290	14.6844
1290	5286.4
1291	29.3152
1291	288.642
1291	87.1758
1291	684.952
1291	324.451
1291	1659.69
1291	1369.9
1292	16.5837
1292	302.5
1292	91.3611
1292	1739.38
1292	1435.67
1293	29.8926
1293	77.2226
1293	283.15
1294	28.9895
1294	70.5606
1294	317.769
1295	30.5806
1295	75.84
1295	111.121
1295	758.4
1295	1750.15
1295	4136.73
1296	31.1134
1296	70.5189
1296	109.524
1296	222.581
1296	747.5
1296	1725
1296	4077.27
1297	16.7429
1297	72.5
1297	228.834
1298	17.2067
1299	17.0905
1300	17.1235
1301	17.1539
1302	17.1601
1303	28.4536
1304	93.458
1304	87.2274
1304	61.7861
1304	236
1304	61.7861
1304	236
1305	25.6566
1305	82.9564
1305	58.7608
1305	99.7824
1305	103.695
1305	58.7608
1305	224.444
1306	14.3346
1306	94.9328
1306	98.6556
1306	63.0901
1307	13.3174
1307	57.4859
1308	12.2137
1309	11.3391
1310	17.6216
1310	260.252
1311	17.9825
1311	205.227
1311	30.6182
1312	9.96151
1312	28.6218
1312	28.6218
1313	9.74773
1313	28.0076
1314	20.1532
1314	253
1315	28.4
1316	14.2425
1316	54.9886
1316	25.8313
1316	9134.22
1316	25.8313
1317	28.4785
1317	55.5224
1317	28.0534
1317	9920
1317	28.0534
1317	7440
1317	4464
1318	34.877
1318	59.3382
1319	37.296
1319	63.3484
1319	666.667
1319	746.667
1320	39.6064
1320	129.778
1321	39.0754
1321	132.039
1321	132.039
1321	5772
1321	5772
1322	21.1168
1322	134.314
1322	129.047
1322	5641.19
1322	5641.19
1322	134.314
1322	13162.8
1322	13162.8
1323	19.9053
1323	130.175
1323	130.175
1323	12757.1
1323	12757.1
1323	12757.1
1323	12757.1
1323	315.423
1324	19.0813
1324	12127.2
1324	12127.2
1324	299.849
1324	1705.39
1325	17.0666
1325	1582.93
1325	8442.29
1325	8442.29
1326	15.69
1326	7407
1326	7407
1326	11110.5
1326	4444.2
1326	11110.5
1327	28.3741
1327	9576.25
1327	3830.5
1327	9576.25
1327	366.555
1327	366.555
1328	12.1086
1328	326.643
1328	328.206
1328	328.206
1329	10.631
1329	220.014
1330	9.77723
1330	25.4839
1330	9216.67
1330	9216.67
1331	9.55733
1331	24.8535
1331	8988.67
1331	8988.67
1331	1926.14
1331	1123.58
1332	9
1332	1782
1332	1039.5
1332	1782
1333	8.45022
1333	1673.14
1333	1673.14
1334	8.10857
1334	564.356
1335	8.47932
1335	573.944
1336	9.36926
1337	10.9799
1338	10.598
1339	10.4707
1340	10.8023
1341	13.2809
1342	15.9988
1343	20.2849
1343	10396
1344	21.498
1344	10534
1344	3009.71
1345	22.5197
1345	2945.79
1345	2945.79
1346	20.9811
1346	2958.33
1346	4141.67
1347	17.3467
1347	4152.8
1348	25.6305
1348	578.111
1349	25.3157
1349	135.239
1349	642.385
1349	201.533
1350	168.603
1350	646.313
1350	886.371
1350	100.888
1350	1378.8
1351	101.724
1351	1390.22
1351	947.879
1351	4170.67
1351	6951.11
1352	161.364
1352	785.864
1352	916.841
1352	4034.1
1352	6723.5
1352	2161.13
1352	7563.94
1352	1512.79
1353	88.2578
1353	104.602
1353	261.505
1353	2017.32
1353	7060.63
1353	1412.13
1353	261.505
1354	39.1251
1354	92.0889
1354	230.222
1354	230.222
1354	6216
1354	1776
1355	35.0724
1355	174.812
1355	5572.13
1355	232.172
1355	7429.5
1355	11144.3
1355	7429.5
1355	1857.38
1355	1485.9
1355	1393.03
1356	5859
1356	8788.5
1356	5859
1356	1464.75
1356	1171.8
1356	122.916
1356	639.164
1356	1757.7
1357	46.2903
1357	105.367
1357	547.909
1358	38.1183
1358	206.792
1358	1550.94
1359	26.0769
1359	1186.5
1359	48.4286
1367	268.39
1367	184.348
1367	730.02
1367	1013.92
1367	325.902
1368	87.3333
1368	514.643
1368	93.5714
1368	1372.38
1368	4803.33
1368	93.5714
1368	1372.38
1368	2401.67
1369	164.351
1369	110.99
1369	474.792
1369	110.99
1369	1627.86
1369	2848.75
1370	25.2273
1370	485.625
1370	1456.88
1371	58.7395
1371	1578.63
1371	344.427
1371	742.882
1371	344.427
1371	148.576
1372	89.7143
1372	89.7143
1372	376.8
1372	812.706
1372	376.8
1372	162.541
1372	812.706
1373	24.2529
1373	99.2165
1373	898.784
1373	898.784
1374	27.6825
1374	297.273
1375	346.981
1375	1156.6
1375	1156.6
1375	185.057
1375	1133
1375	185.057
1376	152.55
1376	1201.33
1376	1201.33
1376	192.213
1376	1176.82
1376	192.213
1376	152.55
1376	320.356
1377	272.995
1377	428.993
1377	142.998
1377	158.886
1377	333.661
1377	333.661
1377	272.995
1378	178.747
1378	252.349
1378	123.578
1378	333.661
1378	333.661
1378	272.995
1378	252.349
1378	240.236
1378	7507.38
1379	194.677
1379	103.382
1379	92.7713
1379	265.84
1379	253.08
1379	7908.75
1379	7908.75
1380	133.643
1380	104.49
1380	93.7654
1380	296.056
1380	255.792
1380	1827.09
1380	7993.5
1380	7993.5
1380	819.846
1380	444.083
1381	136.092
1381	271.333
1381	516.825
1381	3617.78
1381	834.872
1381	452.222
1381	452.222
1381	150.741
1381	10853.3
1382	287.788
1382	328.9
1382	885.5
1382	479.646
1382	479.646
1382	159.882
1382	2558.11
1382	328.9
1382	4604.6
1382	17267.3
1382	4604.6
1383	197.465
1383	190.074
1383	323.125
1383	2632.87
1383	338.512
1383	1184.79
1383	17771.9
1383	4739.17
1383	789.861
1383	789.861
1384	203.482
1384	195.865
1384	469.574
1384	373.742
1384	1220.89
1384	872.065
1384	813.928
1384	813.928
1385	491.231
1385	912.286
1385	12772
1385	1915.8
1385	1915.8
1386	145.038
1386	2012.4
1386	2012.4
1386	2012.4
1386	2012.4
1386	3354
1386	1219.64
1387	150.494
1387	2088.1
1387	2088.1
1387	1670.48
1387	1740.08
1388	239.049
1388	1812.79
1389	37.2924
1389	1872
1389	1872
1390	37.5601
1390	402.227
1390	5027.83
1391	408.48
1391	408.48
1391	1436.06
1391	5106
1391	1436.06
1391	2872.13
1392	226.296
1392	1432.03
1392	1432.03
1392	2864.06
1392	1909.38
1392	15275
1393	210.345
1393	1307.14
1393	1906.25
1393	15250
1393	1906.25
1393	1906.25
1394	141.258
1394	1287.46
1394	441.777
1394	1877.55
1394	1877.55
1394	15020.4
1394	15020.4
1395	300.848
1395	438
1395	1861.5
1395	14892
1395	14892
1395	5584.5
1395	8935.2
1396	134.812
1396	14335
1396	5375.63
1396	8601
1396	5734
1396	1343.91
1396	5734
1397	137.702
1397	1278.05
1397	5453
1397	1278.05
1397	5453
1397	1278.05
1398	45.3401
1398	1246.85
1398	1899.96
1398	1899.96
1398	1246.85
1398	8866.5
1398	886.65
1399	42.7814
1399	8285.33
1399	828.533
1400	40.5336
1400	11775
1400	11775
1400	8831.25
1400	7850
1401	39.144
1401	11554
1401	11554
1401	666.577
1401	7702.67
1401	3301.14
1401	666.577
1402	41.4179
1402	2061.43
1402	693.75
1402	3435.71
1402	693.75
1402	2004.17
1402	12025
1403	65.4521
1403	521.162
1404	6348.8
1405	94.9586
1405	7343.47
1407	96.6226
1408	20955
1409	149.516
1410	120.513
1410	756.917
1410	158.708
1410	120.513
1411	134.198
1411	391.714
1411	124.255
1411	5797.37
1412	203.752
1412	373.676
1412	5530.4
1412	6913
1413	179.842
1413	854.25
1413	6101.79
1413	854.25
1413	21356.3
1414	807.7
1414	807.7
1414	20192.5
1414	769.238
1415	377.754
1415	744.714
1415	1737.67
1415	2792.68
1415	15639
1415	2792.68
1415	15639
1416	406.372
1416	427.76
1416	1625.49
1416	2612.39
1416	14629.4
1416	2612.39
1416	14629.4
1416	1125.34
1416	1125.34
1417	366.453
1417	385.74
1417	1465.81
1417	1014.79
1417	1014.79
1417	1047.01
1418	908.333
1418	908.333
1418	2289
1419	477.112
1419	791.401
1419	1994.33
1419	3116.14
1419	767.05
1420	399.311
1420	523.235
1420	180.641
1420	2608
1420	641.969
1420	1112.75
1420	1987.05
1420	523.235
1420	1987.05
1421	97.837
1421	414.044
1421	37.0595
1421	725.714
1421	440.267
1421	880.533
1421	1572.38
1421	414.044
1421	407.654
1421	1886.86
1421	1886.86
1422	87.08
1422	32.9848
1422	645.923
1422	391.86
1422	345.759
1422	612.281
1422	1679.4
1422	1679.4
1422	6531
1423	116.323
1423	346.918
1423	312.042
1423	6552.89
1423	1638.22
1423	312.042
1424	125.947
1424	60.8143
1424	106.425
1424	417.353
1424	106.425
1425	42.8853
1425	214.561
1425	181.552
1426	61.7298
1426	91.6302
1426	186.663
1426	938.293
1426	558.508
1426	938.293
1426	1675.52
1426	132.278
1426	132.278
1427	26.9776
1427	91.7871
1427	189.496
1427	559.464
1427	939.9
1427	1678.39
1427	132.505
1427	132.505
1428	24.0848
1428	189.376
1428	143.771
1428	304.97
1429	23.3517
1429	144.971
1429	307.515
1429	307.515
1430	69.0568
1430	85.7929
1430	315.688
1430	455.775
1430	455.775
1431	50.3406
1431	92.8635
1431	493.337
1431	493.337
1431	13155.7
1431	13155.7
1431	5262.27
1431	5262.27
1432	26.581
1432	2333.22
1432	13999.3
1432	5599.73
1432	499.976
1432	499.976
1432	63.489
1432	63.489
1433	28.4531
1434	61.0128
1434	2058.17
1434	2058.17
1435	28.2734
1435	2107.31
1435	2107.31
1435	4741.45
1435	4741.45
1436	84.099
1436	4844.1
1436	4844.1
1436	28.6464
1437	84.8798
1437	28.9123
1437	2172.92
1438	29.276
1438	184.638
1438	8124.08
1438	1160.58
1438	184.638
1438	68.3654
1438	68.3654
1439	29.8288
1439	183.944
1439	8093.54
1439	1156.22
1439	183.944
1439	68.1083
1439	68.1083
1439	1734.33
1440	31.052
1440	736.78
1440	623.43
1440	1736.7
1440	2431.38
1441	30.7337
1441	71.6205
1441	617.038
1441	1336.92
1441	2406.45
1441	1057.78
1441	1057.78
1442	31.0057
1442	71.2507
1442	920.779
1442	1052.32
1442	1052.32
1442	920.779
1443	31.4759
1443	924
1443	924
1443	4004
1444	31.4216
1444	3997.08
1444	11991.3
1444	1598.83
1445	1744.18
1445	11991.3
1445	176.342
1445	1744.18
1445	3197.67
1445	799.417
1445	5995.63
1445	922.404
1445	2664.72
1445	507.566
1445	1453.48
1446	996.51
1446	956.65
1446	2898.94
1446	157.344
1446	1739.36
1446	797.208
1446	797.208
1446	5979.06
1446	919.856
1446	2657.36
1446	506.164
1446	1449.47
1446	797.208
1447	182.465
1447	961.59
1447	1748.35
1447	158.156
1447	343.425
1447	801.325
1447	890.361
1447	801.325
1448	63.621
1448	1603.25
1448	343.554
1448	890.694
1448	4580.71
1448	16032.5
1448	12024.4
1449	63.7302
1449	926.538
1449	34.146
1449	4588.57
1449	16060
1449	12045
1449	926.538
1449	625.714
1450	82.3618
1450	220.131
1450	34.3223
1450	1383.68
1450	931.322
1450	628.945
1451	81.8954
1451	218.884
1451	3852.36
1452	83.0087
1452	3818.4
1452	198.875
1452	2386.5
1452	4545.71
1452	1060.67
1452	2386.5
1452	1909.2
1453	82.39
1453	197.393
1453	272.266
1453	1052.76
1453	877.301
1453	1894.97
1453	23687.1
1454	34.7838
1454	196.094
1454	270.474
1454	871.528
1454	1882.5
1454	658.217
1454	3486.11
1454	1882.5
1454	658.217
1455	34.7827
1455	108.938
1455	941.22
1455	1882.44
1455	658.196
1455	3486
1455	1882.44
1455	658.196
1455	11765.3
1455	6723
1456	126.324
1456	934.8
1456	3462.22
1456	1558
1456	6677.14
1456	7790
1456	7790
1456	2921.25
1456	9348
1457	66.0742
1457	786.283
1457	3494.59
1457	1572.57
1457	7862.83
1457	7862.83
1457	2948.56
1457	9435.4
1457	2948.56
1458	43.5101
1458	773.392
1458	3866.96
1458	23201.8
1458	3866.96
1459	43.0267
1459	1835.52
1459	3824
1459	22944
1459	1434
1459	18355.2
1459	283.259
1459	5098.67
1460	300.046
1460	92.6972
1460	2850.44
1460	281.525
1460	2073.05
1460	3800.58
1460	3800.58
1461	36.5574
1461	91.282
1461	2806.92
1461	2041.4
1461	3742.56
1461	3742.56
1462	36.3846
1462	192.252
1462	29799
1462	22349.3
1462	14899.5
1462	580.5
1462	7449.75
1462	1117.46
1463	37.736
1463	190.587
1463	29541
1463	22155.8
1463	14770.5
1463	575.474
1463	7385.25
1463	1107.79
1463	14770.5
1463	4431.15
1464	37.7168
1464	141.273
1464	2214.45
1464	1476.3
1464	757.077
1464	984.2
1464	14763
1464	4428.9
1464	984.2
1465	40.5218
1465	142.44
1465	2232.75
1465	1488.5
1465	496.167
1465	992.333
1465	992.333
1465	1159.87
1466	40.3966
1466	154.573
1466	1618.8
1466	706.619
1466	1112.93
1466	1156.29
1466	4239.71
1467	200.97
1467	209.344
1467	717.75
1467	1130.46
1467	4306.5
1467	4306.5
1467	2512.13
1467	1027.69
1468	123.714
1468	220.918
1468	5154.75
1468	4418.36
1468	2577.38
1468	1054.38
1469	153.125
1469	235.926
1469	19110
1469	5308.33
1469	5308.33
1470	143.651
1470	226.49
1470	8493.38
1470	5662.25
1470	5662.25
1470	8493.38
1470	5662.25
1470	10192
1471	151.518
1471	238.893
1471	667.714
1471	2986.17
1471	5972.33
1471	10750.2
1471	8958.5
1471	8958.5
1471	11944.7
1471	559.906
1471	5119.14
1472	60.0158
1472	709.752
1472	3174.17
1472	9522.5
1472	9522.5
1472	595.156
1472	5441.43
1472	5441.43
1472	9522.5
1472	5441.43
1472	9522.5
1473	61.7799
1473	5601.38
1473	9802.42
1473	5601.38
1473	9802.42
1473	5601.38
1473	700.173
1474	1748
1474	5660.19
1474	738.286
1474	240.129
1474	1748
1474	240.129
1474	19810.7
1475	1825.08
1475	5909.79
1475	258.553
1475	81.1147
1475	1825.08
1475	250.718
1475	20684.3
1475	20684.3
1476	995.389
1476	419.462
1476	81.9732
1476	20903.2
1477	174.976
1477	140.897
1478	176
1478	141.722
1478	12988.8
1479	12958.7
1479	647.932
1479	16198.3
1480	989.531
1480	1020.94
1480	16079.9
1480	42879.7
1480	582.077
1481	513.277
1481	44484
1481	603.855
1482	1112.48
1482	1112.48
1482	26699.5
1482	2282.01
1483	153.618
1483	816.97
1483	1123.33
1483	26960
1483	2304.27
1483	816.97
1484	154.533
1484	821.836
1484	645.729
1484	821.836
1485	637.171
1485	16725.8
1485	16725.8
1485	1216.42
1486	547.636
1486	16566
1486	16566
1486	775.018
1486	728.176
1486	728.176
1487	686.574
1487	564.714
1487	255.782
1487	716.753
1488	476.991
1488	567.846
1488	582.989
1488	1639.66
1488	32793.1
1488	582.989
1488	32793.1
1489	462.738
1489	565.569
1489	1590.66
1489	31813.3
1489	565.569
1489	31813.3
1489	3976.66
1490	3900.19
1490	1040.05
1490	1040.05
1493	1193.5
1493	11935
1493	3616.67
1493	29837.5
1494	864.964
1494	1210.95
1494	40365
1494	30273.8
1494	40365
1495	1129.1
1496	841.892
1496	10102.7
1496	5772.98
1496	1554.26
1496	8082.17
1497	905.767
1497	2677.04
1497	1434.13
1497	2868.26
1497	5736.52
1497	1544.45
1497	8031.13
1497	10038.9
1497	1434.13
1497	40155.7
1497	10038.9
1498	156.864
1498	2725.96
1498	1460.33
1498	2920.67
1498	10222.3
1498	1460.33
1498	40889.3
1498	10222.3
1498	20444.7
1498	20444.7
1498	3833.38
1499	153.008
1499	1049.58
1499	899.639
1499	836.727
1499	1994.2
1499	19942
1499	19942
1499	3739.13
1499	1049.58
1499	1661.83
1500	199.216
1500	561.6
1500	824.727
1500	1965.6
1500	886.737
1500	1404
1500	19656
1500	19656
1500	488.348
1500	11793.6
1501	58.2827
1501	48.8775
1501	885.72
1501	5845.75
1501	879.06
1501	1391.85
1501	19485.8
1501	19485.8
1501	484.12
1501	11691.5
1501	1217.86
1502	87.6833
1502	39.7613
1502	899.75
1502	5938.35
1502	879.756
1502	1237.16
1502	1237.16
1502	1237.16
1502	19794.5
1502	19794.5
1502	5938.35
1502	2120.84
1502	9501.36
1503	101.127
1503	39.8142
1503	146.459
1503	880.926
1503	2202.31
1503	5663.1
1503	1238.8
1503	5663.1
1503	1238.8
1503	59462.5
1503	5946.25
1503	2123.66
1503	9514
1503	3716.41
1503	6606.94
1504	144.161
1504	424.895
1504	557.421
1504	5574.21
1504	3547.23
1504	3658.08
1504	6503.25
1504	5852.92
1504	29264.6
1504	5852.92
1505	43.7181
1505	659.497
1505	552.721
1505	3517.32
1505	5803.58
1505	29017.9
1505	5803.58
1507	1576.73
1507	14781.9
1508	1046.14
1508	14907.5
1508	327.637
1508	1046.14
1508	1656.39
1509	361.607
1509	333.791
1509	1065.79
1509	1687.5
1510	1079.65
1510	6837.78
1511	378.772
1511	6838.94
1511	1367.79
1511	378.772
1512	378.883
1512	732.958
1512	1368.19
1512	2565.35
1512	378.883
1512	24627.4
1512	24627.4
1512	30784.3
1513	295.776
1513	2588.04
1513	24845.2
1513	24845.2
1513	31056.5
1513	12422.6
1513	10352.2
1514	906.293
1514	10573.4
1514	9062.93
1514	12688.1
1514	7930.06
1515	1084.28
1515	9293.79
1516	469.552
1517	472.85
1517	1126.96
1518	258.681
1519	491.038
1519	35109.3
1519	15604.1
1519	35109.3
1520	1218.39
1520	34724.3
1520	15433
1520	34724.3
1520	6313.5
1521	1184.14
1521	1285.64
1521	6136
1521	33748
1521	7499.56
1522	225.802
1522	1266.64
1522	7388.75
1522	22166.3
1522	5319.9
1522	8866.5
1523	220.492
1523	4638.21
1523	843.312
1523	2319.11
1523	21645
1523	5194.8
1523	8658
1523	14430
1523	12987
1524	4432.5
1524	2216.25
1524	2216.25
1524	327.036
1524	13790
1524	41370
1524	12411
1524	12411
1524	41370
1524	17730
1524	12411
1525	2133.88
1525	553.227
1525	39832.3
1525	11949.7
1525	11949.7
1525	39832.3
1525	17071
1525	11949.7
1525	13277.4
1525	19916.2
1525	13277.4
1525	19916.2
1525	4979.04
1526	544.809
1526	12530.6
1526	18795.9
1526	12530.6
1526	18795.9
1526	4698.98
1526	18795.9
1526	2349.49
1527	2334.94
1527	17512.1
1527	2189.01
1527	10507.3
1527	21014.5
1527	10507.3
1527	625.432
1527	10507.3
1528	2263.83
1528	441.007
1528	10187.3
1528	20374.5
1528	10187.3
1528	606.384
1528	10187.3
1528	6791.5
1528	6791.5
1528	3395.75
1529	414.43
1529	1222.04
1529	6354.6
1529	6354.6
1529	3177.3
1529	2382.98
1529	2382.98
1530	359.573
1530	1166.31
1530	1895.25
1530	532
1530	2274.3
1530	2274.3
1530	532
1531	411.783
1531	532.151
1531	505.699
1531	626.627
1531	505.699
1531	17294.9
1531	1729.49
1532	391.821
1532	506.354
1532	511.071
1532	411.413
1532	16456.5
1532	8228.25
1532	16456.5
1533	376.949
1533	373.18
1533	761.592
1533	7463.6
1533	4975.73
1533	6219.67
1533	9329.5
1534	679.714
1534	1297.64
1534	4758
1534	5947.5
1534	8921.25
1534	4758
1534	360.455
1535	1237.74
1535	540.282
1535	840.438
1535	343.816
1535	13615.1
1535	2836.48
1536	114.088
1536	521.544
1536	1564.63
1536	811.29
1536	2346.95
1537	128.15
1537	1565.26
1537	2347.89
1537	16435.3
1537	16435.3
1537	10956.8
1538	141.67
1538	1511.14
1538	15867
1538	15867
1538	10578
1538	12693.6
1538	3022.29
1538	1410.4
1539	311.594
1539	165.758
1539	1012.68
1539	12962.3
1539	3086.26
1539	1440.26
1539	7201.28
1540	99.2129
1540	167.469
1540	7275.61
1540	2182.68
1541	365.67
1541	679.102
1541	2218.4
1542	170.97
1542	313.444
1542	690.857
1543	66.5476
1545	240.5
1545	1298.7
1547	324.817
1548	318.5
1594	935.213
1595	885.199
1595	50456.3
1596	926.105
1597	16334.4
1598	145.892
1598	16850.5
1598	10531.6
1598	1560.23
1599	172.018
1599	10837.1
1599	1605.5
1600	239.027
1600	3158.57
1601	3687.56
1602	120.438
1602	3838.96
1603	111.5
1604	110.663
1609	377.31
1611	3038.21
1615	1768.04
1615	6011.33
1616	1673.37
1616	5689.44
1616	8534.17
1616	8534.17
1616	1925
1617	1811.97
1617	2738.55
1627	4188.8
1630	982.4
1630	574.13
1630	1578.86
1631	1086.96
1631	635.234
1631	635.234
1631	808.479
1631	808.479
1632	872.397
1632	872.397
1637	1871.25
1638	14.5456
1638	53.8142
1638	1493.34
1638	23893.5
1638	23893.5
1638	7168.05
1638	8960.06
1639	50.6096
1639	6741.2
1639	3745.11
1640	144.15
1640	144.15
1641	153.08
1641	153.08
1641	105.978
1642	1104.92
1645	25763.3
1645	25763.3
1646	26647.5
1646	26647.5
1648	3620.29
1648	3620.29
1649	1880.89
1649	1880.89
1651	16093.3
1651	3017.5
1652	801.714
1652	3156.75
1652	1803.86
1653	1806.18
1653	1372.7
1654	3729.88
1654	3263.64
1655	8575.88
1656	1071.75
1657	1076.76
1657	1033.26
1658	1054.34
1658	2609.5
1664	760.985
1665	586.3
1666	318.039
1666	1300.7
1666	6763.63
1667	1240.75
1669	20768.1
1670	249.31
1670	4674.56
1672	1067.2
1672	4002
1673	1688.01
1673	820.563
1674	740.056
1677	563.5
1677	563.5
1678	549.6
1678	549.6
1680	69
1681	261.565
1682	118.639
1682	269.5
1683	202.182
1683	654.118
1683	654.118
1685	267.9
1685	765.429
1686	288.389
1686	801.079
1687	299.64
1687	227.987
1688	120
1688	230.609
1691	621.5
1691	621.5
1691	621.5
1691	621.5
1692	885.3
1692	645.531
1692	860.708
1692	1721.42
1692	1721.42
1693	881.757
1693	1763.51
1693	1763.51
1693	5290.54
1694	816
1696	508.271
1697	378.933
1756	8262
1757	8398.69
1758	25792.4
1759	26071.5
1772	13523.4
1773	12926.9
1775	48374
1776	3629.57
1776	47184.4
1777	3600.65
1777	46808.5
1778	45390
1778	18156
1779	983.125
1779	18089.5
1779	4019.89
1779	40198.9
1780	1995.23
1780	1603.31
1780	3990.47
1780	39904.7
1780	1603.31
1781	855.279
1781	1603.65
1781	1603.65
1781	59869.5
1781	59869.5
1781	11973.9
1782	841.857
1782	2525.57
1782	58930
1782	58930
1782	11786
1782	7215.92
1783	504.366
1783	657.544
1783	14794.8
1783	17753.7
1783	5917.9
1783	5072.49
1783	5917.9
1784	504.366
1784	657.544
1784	17753.7
1784	5917.9
1784	5072.49
1784	5917.9
1784	5917.9
1785	2322.82
1785	7452.38
1785	5961.9
1785	7452.38
1786	1618.71
1786	2589.93
1786	7553.96
1786	15107.9
1786	15107.9
1786	11330.9
1787	1616.06
1787	2585.7
1787	8619
1787	2413.32
1787	1131.24
1787	15083.3
1787	15083.3
1787	11312.4
1787	8619
1787	9049.95
1787	9049.95
1788	193.321
1788	3420.29
1788	8469.29
1788	2371.4
1788	1111.59
1788	3557.1
1788	8469.29
1788	8892.75
1788	8892.75
1788	3233.73
1789	193.207
1789	875.616
1789	3555
1789	3231.82
1789	9875
1790	2349.24
1790	10180.1
1790	1832.41
1791	1335.74
1791	1816.6
1791	1816.6
1791	1816.6
1792	1336.13
1792	1817.13
1792	8653
1792	1817.13
1792	12979.5
1793	8568.17
1793	44982.9
1794	29913
1794	59826
1795	3577.42
1795	29811.8
1795	59623.7
1795	2323
1795	29811.8
1795	29811.8
1795	29811.8
1795	22358.9
1795	5962.37
1795	6388.25
1795	9937.28
1796	3535.68
1796	17678.4
1796	22098
1796	2295.9
1796	29464
1796	29464
1796	29464
1796	44196
1796	5892.8
1796	6313.71
1796	9821.33
1796	22098
1796	17678.4
1796	29464
1796	11785.6
1796	17678.4
1797	17509.6
1797	21887
1797	1584.58
1797	1023.95
1797	9727.56
1797	21887
1797	17509.6
1797	29182.7
1797	11673.1
1797	17509.6
1797	29182.7
1797	29182.7
1797	17509.6
1797	7295.67
1798	1579.24
1798	1020.51
1798	8309.83
1798	29084.4
1798	29084.4
1798	17450.7
1798	7271.1
1798	12464.8
1799	1685.8
1799	8188.17
1799	1194.11
1799	17195.2
1799	11463.4
1800	1681.57
1800	17152
1800	672.627
1800	17152
1800	8167.62
1800	17152
1800	8167.62
1800	8167.62
1801	17337.6
1801	679.906
1801	6192
1801	9632
1801	17337.6
1801	8256
1801	8256
1801	7224
1801	19264
1801	19264
1801	11558.4
1802	6167.07
1802	8222.76
1802	7194.92
1802	14389.8
1802	19186.4
1802	11511.9
1802	19186.4
1802	14389.8
1802	7194.92
1803	699.774
1803	8330.64
1803	7951.98
1803	4165.32
1803	19438.2
1803	14578.6
1803	19438.2
1803	7951.98
1803	7289.31
1804	699.774
1804	7951.98
1804	4165.32
1804	19438.2
1804	19438.2
1804	7951.98
1804	7289.31
1804	14578.6
1804	14578.6
1805	2762.13
1805	6214.79
1805	14501.2
1805	14501.2
1805	21751.8
1805	11600.9
1805	21751.8
1805	7250.58
1806	2772.12
1806	6237.27
1806	9702.42
1806	43660.9
1806	11642.9
1806	21830.4
1806	7276.81
1806	11642.9
1806	893.317
1807	6212.14
1807	2230
1807	17394
1807	11596
1807	21742.5
1807	11596
1807	5798
1807	6957.6
1807	6957.6
1808	6208.07
1808	2228.54
1808	17382.6
1808	4828.5
1808	21728.3
1808	5794.2
1808	8691.3
1808	6953.04
1809	5531.22
1809	4424.98
1809	11799.9
1809	8849.95
1809	14749.9
1809	14749.9
1809	9833.28
1810	758.848
1810	4363.38
1810	11635.7
1810	14544.6
1810	14544.6
1810	14544.6
1810	9696.39
1810	14544.6
1810	14544.6
1811	747.87
1811	34402
1811	14334.2
1811	14334.2
1812	8067.52
1812	2896.03
1812	28236.3
1812	14118.2
1812	33883.6
1812	8470.9
1812	10588.6
1812	3457.51
1813	7876.95
1813	2506.3
1813	9452.34
1813	6126.52
1813	8270.8
1813	3375.84
1813	27569.3
1813	20677
1813	13784.7
1813	27569.3
1813	20677
1813	13784.7
1813	9189.78
1814	646.166
1814	2724.67
1814	6054.81
1814	27246.7
1814	20435
1814	13623.3
1814	27246.7
1814	20435
1814	13623.3
1814	9082.22
1814	13623.3
1815	1024.56
1815	2732.17
1815	1205.37
1815	13660.8
1815	6830.42
1815	3903.1
1816	579.758
1816	1172.31
1816	2847.03
1816	6643.06
1816	3796.04
1816	13286.1
1816	13286.1
1816	2657.23
1817	590.429
1817	2899.43
1817	5412.27
1817	6494.72
1817	13530.7
1817	13530.7
1817	2706.13
1817	6013.63
1817	5074
1817	18040.9
1818	5471.03
1818	6565.24
1818	6078.93
1818	18236.8
1818	5129.09
1818	10942.1
1818	5129.09
1818	6078.93
1819	5272.5
1819	11248
1819	5272.5
1819	6248.89
1819	7669.09
1819	5356.19
1819	7669.09
1819	5356.19
1820	2659.77
1820	1309.73
1820	5488.41
1820	7858.41
1820	5488.41
1820	14407.1
1820	9604.72
1820	3457.7
1820	3457.7
1820	144.071
1821	3097.93
1821	188.57
1821	14457
1821	3855.2
1821	3469.68
1821	144.57
1822	353.602
1822	189.1
1822	2416.28
1822	2485.31
1822	4832.56
1822	14497.7
1823	734.825
1823	2449.42
1823	2519.4
1823	899.786
1823	29393
1823	29393
1824	449.704
1824	213.544
1824	931.531
1824	30430
1824	30430
1824	2535.83
1824	2535.83
1825	84.9528
1825	214.618
1825	1132.7
1825	4170.41
1825	2548.58
1826	86.2303
1826	517.382
1826	2660.82
1826	2660.82
1826	2328.22
1827	524.111
1827	857.636
1827	2695.43
1827	2358.5
1827	2695.43
1827	15723.3
1828	232.72
1828	875.875
1828	875.875
1828	442.971
1828	6021.64
1828	411.736
1828	3853.85
1828	12043.3
1828	24086.6
1829	886.009
1829	386.75
1829	6091.31
1829	410.362
1829	3898.44
1829	12182.6
1830	364.399
1830	234.835
1830	422.703
1830	3042.18
1831	370.463
1831	238.743
1831	135.003
1831	2916.07
1831	3092.8
1831	2916.07
1831	8505.21
1832	102.902
1832	582.638
1833	108.321
1833	383.059
1833	4025.6
1833	592
1833	4025.6
1833	5032
1834	1030.96
1834	1282.97
1834	5248.53
1835	168.276
1835	1024.29
1835	1024.29
1836	202.682
1836	2461.74
1836	19693.9
1837	204.736
1837	2486.69
1837	855.636
1837	6631.18
1837	39787.1
1838	119.114
1838	963.52
1838	1057.73
1838	39664.9
1838	1057.73
1839	120.935
1839	317.933
1839	1073.91
1839	915.261
1839	40271.5
1839	1073.91
1839	6040.73
1840	422.978
1840	318.347
1840	916.453
1840	6048.59
1841	1037.86
1841	330.62
1841	3978.47
1842	271.92
1842	675.165
1842	3960.97
1843	271.887
1843	169.735
1844	155.135
1844	5914.52
1845	154.193
1845	508.972
1845	16796.1
1845	6531.81
1846	16704.6
1846	393.71
1846	16704.6
1846	730.825
1846	6496.22
1846	16704.6
1846	299.059
1847	16421.8
1847	237.997
1847	718.453
1847	16421.8
1847	293.996
1847	25545
1848	180.626
1848	24926.4
1848	18694.8
1848	18694.8
1849	174.031
1849	24016.3
1849	18012.3
1849	18012.3
1849	18012.3
1849	18012.3
1850	16896.4
1850	16896.4
1850	321.836
1851	287.341
1851	287.341
1851	20113.9
1851	287.341
1851	152.378
1851	20113.9
1851	152.378
1852	149.127
1852	363.518
1852	17812.4
1852	254.463
1852	134.942
1852	17812.4
1852	134.942
1853	131.411
1853	320.333
1853	17658.4
1853	17658.4
1854	15746.3
1854	15746.3
1854	142.823
1855	130.495
1855	130.495
1856	120.816
1856	120.816
1856	181.224
1857	67.2195
1858	99.0714
1858	61.3964
1859	93.5222
1859	56.5775
1859	143.464
1860	88.7844
1860	97.7821
1860	136.196
1860	136.196
1861	112.17
1861	69.4192
1861	130.102
1861	3825
1862	54.4342
1862	65.6965
1862	3619.88
1863	53.1649
1863	6884.85
1863	6884.85
1864	77.2622
1864	6675.45
1864	6675.45
1864	3337.73
1865	51.534
1865	3339.4
1865	8348.5
1865	8348.5
1866	52.207
1866	8575
1866	8575
1867	83.0729
1867	2824.48
1868	86.2966
1868	2816.72
1868	2347.27
1869	89.9659
1869	2375.1
1870	92.8034
1870	2375.77
1871	90.3333
1871	2861.76
1872	94.0632
1872	1487.73
1873	85.5069
1873	1518.18
1873	3719.55
1874	71.9146
1874	3829.45
1875	111.835
1875	3113.48
1876	71.3426
1877	75.2348
1878	78.6532
1879	77.52
1880	84.1256
1881	93.6842
1882	92.1864
1883	111.999
1884	124.046
1884	947.428
1886	145.639
1888	160.382
1892	175.354
1893	169.348
1894	161.677
1895	164.461
1896	160.227
1897	160.278
1897	160.278
1898	165.592
1898	148.222
1899	151.901
1899	147.298
1900	162.137
1901	147.041
1902	147.135
1903	264.358
1903	1004.56
1904	136.571
1904	980.1
1905	131.59
1906	129.015
1907	124.072
1908	108.356
1909	107.564
1910	104.097
1911	95.8378
1912	97.8221
1913	87.7437
1913	10426.9
1913	10426.9
1914	77.9733
1914	10234
1914	10234
1915	80.7837
1916	78.779
1917	77.6774
1917	143.333
1918	80.199
1918	143.212
1919	84.1605
1920	87.2219
1921	80.58
1922	80.1751
1923	86.66
1924	83.8094
1925	92.7672
1926	86.3103
1927	86.7076
1928	87.8431
1929	89.8036
1930	95.4102
1931	96.6667
1932	96.0587
1933	90.7598
1934	94.9587
1935	90.3269
1936	86.81
1937	87
1938	85.3146
1939	85.7121
1940	76.2
1941	73.3333
1942	73.7269
1943	72.5811
1944	69.5555
1945	73.6735
1946	73.0458
1947	70.4302
1948	74.3125
1949	72.9125
1950	75.6377
1951	73.6957
1952	67.8459
1953	67.5982
1954	70.1393
1955	72.199
1956	74.5851
1957	77.4517
1958	84.8974
1959	80.3567
1960	81.6636
1961	85.4503
1962	89.605
1963	84.0268
1964	90.5487
1965	96.2457
1966	89.4434
1967	90.7248
1968	95.7052
1969	89.4787
1970	93.8775
1971	87.4809
1972	88.3452
1973	94.675
1974	88.79
1975	94.8835
1976	100.281
1977	91.0985
1978	101.965
1979	98.4637
1980	115.489
1981	120.752
1981	7015.12
1981	8184.31
1982	136.284
1982	408.111
1982	8343.61
1982	408.111
1982	4291
1983	127.72
1983	416.478
1983	416.478
1983	4378.97
1984	128.743
1985	127.141
1986	115.188
1987	109.877
1987	12690.8
1987	12690.8
1988	114.292
1988	12572.2
1988	12572.2
1989	109.25
1990	116.232
1991	122.31
1992	105.537
1993	109.409
1994	103.211
1995	108.845
1996	116.056
1997	120.467
1997	15767.8
1998	116.148
1998	15486.4
1999	114.951
2000	107.726
