frame	RelOb	DetObj	TrueDet	FalseDet	NotDet
1	1	0	0	0	1
2	1	4	4	0	0
3	1	5	5	0	0
4	1	3	3	0	0
5	1	3	3	0	0
6	1	2	2	0	0
7	1	2	2	0	0
8	1	2	2	0	0
9	1	2	1	1	0
10	1	2	1	1	0
11	1	1	1	0	0
12	1	1	1	0	0
13	1	1	1	0	0
14	1	1	1	0	0
15	1	1	1	0	0
16	1	1	1	0	0
17	1	1	1	0	0
18	1	1	1	0	0
19	1	1	1	0	0
20	1	1	1	0	0
21	1	1	1	0	0
22	1	1	1	0	0
23	1	1	1	0	0
24	1	1	1	0	0
25	1	1	1	0	0
26	1	1	1	0	0
27	1	1	1	0	0
28	1	4	4	0	0
29	1	5	5	0	0
30	1	4	4	0	0
31	1	8	8	0	0
32	1	6	6	0	0
33	1	4	4	0	0
34	1	7	7	0	0
35	1	8	8	0	0
36	1	10	10	0	0
37	1	11	11	0	0
38	1	7	7	0	0
39	1	11	11	0	0
40	1	13	13	0	0
41	1	9	9	0	0
42	1	5	5	0	0
43	1	1	1	0	0
44	1	3	3	0	0
45	1	3	3	0	0
46	1	5	3	2	0
47	1	8	4	4	0
48	1	5	3	2	0
49	1	1	1	0	0
50	1	1	1	0	0
51	1	1	1	0	0
52	1	3	1	2	0
53	1	5	2	3	0
54	1	7	1	6	0
55	1	8	1	7	0
56	1	10	1	9	0
57	1	13	1	12	0
58	1	17	1	16	0
59	1	17	1	16	0
60	1	16	1	15	0
61	1	15	1	14	0
62	1	16	1	15	0
63	1	17	1	16	0
64	1	19	1	18	0
65	1	20	1	19	0
66	1	19	1	18	0
67	1	21	1	20	0
68	1	23	1	22	0
69	1	20	3	17	0
70	1	25	2	23	0
71	1	22	4	18	0
72	1	15	3	12	0
73	1	16	4	12	0
74	1	17	4	13	0
75	1	17	3	14	0
76	1	22	4	18	0
77	1	21	3	18	0
78	1	19	2	17	0
79	1	22	5	17	0
80	1	23	4	19	0
81	1	24	3	21	0
82	1	20	5	15	0
83	1	15	4	11	0
84	1	15	3	12	0
85	1	16	1	15	0
86	1	5	0	5	1
87	1	2	0	2	1
88	1	3	0	3	1
89	1	4	0	4	1
90	1	7	0	7	1
91	1	7	0	7	1
92	1	6	2	4	0
93	1	5	2	3	0
94	1	1	0	1	1
95	1	1	0	1	1
96	1	1	0	1	1
97	1	1	0	1	1
98	1	4	2	2	0
99	1	4	2	2	0
100	1	1	0	1	1
101	1	1	0	1	1
102	1	1	0	1	1
103	1	1	0	1	1
104	1	1	0	1	1
105	1	1	0	1	1
106	1	1	0	1	1
107	1	2	0	2	1
108	1	5	0	5	1
109	1	6	0	6	1
110	1	5	0	5	1
111	1	9	0	9	1
112	1	9	0	9	1
113	1	6	0	6	1
114	1	9	0	9	1
115	1	10	0	10	1
116	1	11	0	11	1
117	1	11	0	11	1
118	1	14	0	14	1
119	1	15	0	15	1
120	1	17	0	17	1
121	1	17	0	17	1
122	1	18	1	17	0
123	1	20	1	19	0
124	1	16	0	16	1
125	1	22	0	22	1
126	1	26	1	25	0
127	1	21	2	19	0
128	1	18	3	15	0
129	1	12	2	10	0
130	1	8	2	6	0
131	1	15	1	14	0
132	1	19	2	17	0
133	1	13	2	11	0
134	1	18	0	18	1
135	1	21	0	21	1
136	1	26	0	26	1
137	1	21	0	21	1
138	1	20	0	20	1
139	1	23	0	23	1
140	1	14	0	14	1
141	1	16	1	15	0
142	1	16	0	16	1
143	1	18	0	18	1
144	1	15	0	15	1
145	1	24	0	24	1
146	1	24	0	24	1
147	1	23	0	23	1
148	1	27	0	27	1
149	1	26	0	26	1
150	1	24	0	24	1
151	1	20	0	20	1
152	1	21	0	21	1
153	1	23	0	23	1
154	1	22	0	22	1
155	1	28	0	28	1
156	1	32	0	32	1
157	1	27	0	27	1
158	1	24	0	24	1
159	1	24	0	24	1
160	1	20	0	20	1
161	1	22	0	22	1
162	1	25	0	25	1
163	1	27	0	27	1
164	1	27	0	27	1
165	1	23	0	23	1
166	1	20	0	20	1
167	1	19	0	19	1
168	1	25	0	25	1
169	1	26	0	26	1
170	1	24	0	24	1
171	1	18	0	18	1
172	1	13	0	13	1
173	1	14	0	14	1
174	1	12	0	12	1
175	1	9	0	9	1
176	1	4	0	4	1
177	1	6	4	2	0
178	1	7	0	7	1
179	1	5	0	5	1
180	1	5	0	5	1
181	1	6	0	6	1
182	1	6	0	6	1
183	1	6	0	6	1
184	1	3	0	3	1
185	1	1	0	1	1
186	1	1	0	1	1
187	1	1	0	1	1
188	1	2	0	2	1
189	1	4	0	4	1
190	1	3	0	3	1
191	1	2	0	2	1
192	1	3	0	3	1
193	1	4	0	4	1
194	1	4	0	4	1
195	1	2	0	2	1
196	1	3	0	3	1
197	1	4	0	4	1
198	1	3	0	3	1
199	1	3	0	3	1
200	1	4	0	4	1
201	1	5	0	5	1
202	1	5	0	5	1
203	1	2	0	2	1
204	1	2	0	2	1
205	1	2	0	2	1
206	1	2	0	2	1
207	1	2	0	2	1
208	1	3	0	3	1
209	1	3	0	3	1
210	1	3	0	3	1
211	1	2	0	2	1
212	1	2	0	2	1
213	1	2	0	2	1
214	1	1	0	1	1
215	1	1	0	1	1
216	1	1	0	1	1
217	1	1	0	1	1
218	1	2	0	2	1
219	1	4	0	4	1
220	1	5	0	5	1
221	1	3	0	3	1
222	1	2	0	2	1
223	1	2	0	2	1
224	1	2	0	2	1
225	1	4	0	4	1
226	1	4	0	4	1
227	1	2	0	2	1
228	1	2	0	2	1
229	1	2	0	2	1
230	1	2	0	2	1
231	1	3	0	3	1
232	1	4	0	4	1
233	1	3	0	3	1
234	1	5	0	5	1
235	1	4	0	4	1
236	1	7	0	7	1
237	1	8	0	8	1
238	1	4	0	4	1
239	1	3	0	3	1
240	1	4	0	4	1
241	1	4	0	4	1
242	1	5	0	5	1
243	1	4	0	4	1
244	1	2	0	2	1
245	1	2	0	2	1
246	1	2	0	2	1
247	1	4	0	4	1
248	1	5	0	5	1
249	1	3	0	3	1
250	1	2	0	2	1
251	1	4	0	4	1
252	1	5	0	5	1
253	1	6	0	6	1
254	1	4	0	4	1
255	1	4	0	4	1
256	1	6	0	6	1
257	1	5	0	5	1
258	1	5	0	5	1
259	1	5	0	5	1
260	1	3	0	3	1
261	1	4	0	4	1
262	1	6	0	6	1
263	1	4	0	4	1
264	1	3	0	3	1
265	1	3	0	3	1
266	1	4	0	4	1
267	1	4	0	4	1
268	1	6	0	6	1
269	1	4	0	4	1
270	1	3	0	3	1
271	1	4	0	4	1
272	1	3	0	3	1
273	1	3	0	3	1
274	1	3	0	3	1
275	1	3	0	3	1
276	1	3	0	3	1
277	1	3	0	3	1
278	1	4	0	4	1
279	1	4	0	4	1
280	1	4	0	4	1
281	1	6	0	6	1
282	1	7	0	7	1
283	1	5	0	5	1
284	1	3	0	3	1
285	1	3	0	3	1
286	1	3	0	3	1
287	1	3	0	3	1
288	1	4	0	4	1
289	1	5	0	5	1
290	1	4	0	4	1
291	1	2	0	2	1
292	1	5	0	5	1
293	1	6	0	6	1
294	1	4	0	4	1
295	1	4	0	4	1
296	1	4	0	4	1
297	1	3	0	3	1
298	1	2	0	2	1
299	1	3	0	3	1
300	1	5	0	5	1
301	1	4	0	4	1
302	1	4	0	4	1
303	1	4	0	4	1
304	1	6	0	6	1
305	1	7	0	7	1
306	1	6	0	6	1
307	1	4	0	4	1
308	1	3	0	3	1
309	1	3	0	3	1
310	1	2	0	2	1
311	1	2	0	2	1
312	1	3	0	3	1
313	1	5	0	5	1
314	1	7	0	7	1
315	1	7	0	7	1
316	1	5	0	5	1
317	1	4	0	4	1
318	1	4	0	4	1
319	1	6	0	6	1
320	1	6	0	6	1
321	1	5	0	5	1
322	1	6	0	6	1
323	1	7	0	7	1
324	1	6	0	6	1
325	1	4	0	4	1
326	1	4	0	4	1
327	1	4	0	4	1
328	1	6	0	6	1
329	1	5	0	5	1
330	1	2	0	2	1
331	1	3	0	3	1
332	1	7	0	7	1
333	1	6	0	6	1
334	1	3	0	3	1
335	1	3	0	3	1
336	1	3	0	3	1
337	1	4	0	4	1
338	1	8	0	8	1
339	1	9	0	9	1
340	1	6	0	6	1
341	1	4	0	4	1
342	1	9	0	9	1
343	1	12	0	12	1
344	1	8	0	8	1
345	1	4	0	4	1
346	1	4	0	4	1
347	1	4	0	4	1
348	1	3	0	3	1
349	1	4	0	4	1
350	1	5	0	5	1
351	1	5	0	5	1
352	1	6	0	6	1
353	1	10	0	10	1
354	1	10	0	10	1
355	1	8	0	8	1
356	1	5	0	5	1
357	1	2	0	2	1
358	1	6	0	6	1
359	1	10	0	10	1
360	1	9	0	9	1
361	1	4	0	4	1
362	1	4	0	4	1
363	1	8	0	8	1
364	1	8	0	8	1
365	1	4	0	4	1
366	1	2	0	2	1
367	1	2	0	2	1
368	1	3	0	3	1
369	1	3	0	3	1
370	1	3	0	3	1
371	1	3	1	2	0
372	1	2	1	1	0
373	1	5	2	3	0
374	1	8	2	6	0
375	1	9	3	6	0
376	1	5	2	3	0
377	1	2	1	1	0
378	1	3	2	1	0
379	1	3	2	1	0
380	1	4	3	1	0
381	1	4	2	2	0
382	1	6	0	6	1
383	1	5	1	4	0
384	1	2	1	1	0
385	1	4	3	1	0
386	1	6	2	4	0
387	1	6	2	4	0
388	1	6	1	5	0
389	1	10	3	7	0
390	1	9	0	9	1
391	1	7	1	6	0
392	1	5	4	1	0
393	1	7	5	2	0
394	1	5	4	1	0
395	1	5	4	1	0
396	1	4	3	1	0
397	1	6	2	4	0
398	1	9	1	8	0
399	1	13	1	12	0
400	1	8	1	7	0
401	1	4	3	1	0
402	1	12	3	9	0
403	1	17	3	14	0
404	1	18	3	15	0
405	1	17	2	15	0
406	1	17	1	16	0
407	1	10	2	8	0
408	1	11	2	9	0
409	1	15	1	14	0
410	1	15	2	13	0
411	1	16	2	14	0
412	1	26	3	23	0
413	1	26	3	23	0
414	1	23	2	21	0
415	1	18	3	15	0
416	1	11	3	8	0
417	1	12	2	10	0
418	1	11	3	8	0
419	1	13	4	9	0
420	1	10	1	9	0
421	1	17	1	16	0
422	1	21	1	20	0
423	1	16	1	15	0
424	1	16	2	14	0
425	1	17	5	12	0
426	1	15	5	10	0
427	1	11	2	9	0
428	1	8	0	8	1
429	1	10	1	9	0
430	1	20	2	18	0
431	1	18	0	18	1
432	1	13	0	13	1
433	1	18	1	17	0
434	1	16	2	14	0
435	1	15	1	14	0
436	1	18	5	13	0
437	1	13	4	9	0
438	1	15	0	15	1
439	1	24	2	22	0
440	1	26	2	24	0
441	1	25	1	24	0
442	1	21	2	19	0
443	1	19	3	16	0
444	1	21	4	17	0
445	1	22	2	20	0
446	1	29	0	29	1
447	1	32	3	29	0
448	1	39	2	37	0
449	1	36	0	36	1
450	1	33	0	33	1
451	1	28	1	27	0
452	1	24	1	23	0
453	1	22	2	20	0
454	1	21	3	18	0
455	1	27	2	25	0
456	1	25	2	23	0
457	1	20	1	19	0
458	1	19	2	17	0
459	1	14	3	11	0
460	1	13	1	12	0
461	1	15	1	14	0
462	1	18	2	16	0
463	1	16	2	14	0
464	1	17	3	14	0
465	1	16	4	12	0
466	1	20	2	18	0
467	1	26	0	26	1
468	1	27	0	27	1
469	1	23	0	23	1
470	1	27	3	24	0
471	1	27	2	25	0
472	1	24	3	21	0
473	1	26	2	24	0
474	1	23	2	21	0
475	1	24	4	20	0
476	1	24	4	20	0
477	1	23	3	20	0
478	1	21	4	17	0
479	1	25	4	21	0
480	1	24	2	22	0
481	1	22	1	21	0
482	1	22	2	20	0
483	1	24	3	21	0
484	1	25	2	23	0
485	1	23	5	18	0
486	1	25	1	24	0
487	1	29	2	27	0
488	1	28	1	27	0
489	1	30	2	28	0
490	1	31	1	30	0
491	1	29	1	28	0
492	1	32	1	31	0
493	1	30	1	29	0
494	1	30	1	29	0
495	1	28	1	27	0
496	1	35	2	33	0
497	1	35	3	32	0
498	1	42	2	40	0
499	1	39	2	37	0
500	1	38	2	36	0
501	1	45	2	43	0
502	1	49	4	45	0
503	1	47	8	39	0
504	1	43	8	35	0
505	1	46	4	42	0
506	1	46	5	41	0
507	1	43	4	39	0
508	1	38	5	33	0
509	1	41	3	38	0
510	1	43	5	38	0
511	1	37	5	32	0
512	1	32	4	28	0
513	1	31	3	28	0
514	1	29	3	26	0
515	1	29	3	26	0
516	1	29	4	25	0
517	1	32	1	31	0
518	1	33	2	31	0
519	1	42	1	41	0
520	1	43	1	42	0
521	1	40	1	39	0
522	1	41	2	39	0
523	1	42	4	38	0
524	1	49	6	43	0
525	1	41	4	37	0
526	1	36	4	32	0
527	1	34	4	30	0
528	1	30	3	27	0
529	1	25	1	24	0
530	1	27	1	26	0
531	1	32	2	30	0
532	1	30	3	27	0
533	1	28	2	26	0
534	1	26	2	24	0
535	1	24	2	22	0
536	1	21	2	19	0
537	1	24	2	22	0
538	1	24	2	22	0
539	1	25	2	23	0
540	1	24	1	23	0
541	1	19	1	18	0
542	1	15	2	13	0
543	1	16	2	14	0
544	1	18	1	17	0
545	1	18	2	16	0
546	1	18	2	16	0
547	1	12	1	11	0
548	1	11	2	9	0
549	1	13	3	10	0
550	1	11	3	8	0
551	1	9	2	7	0
552	1	13	3	10	0
553	1	12	3	9	0
554	1	8	2	6	0
555	1	13	1	12	0
556	1	15	2	13	0
557	1	14	2	12	0
558	1	15	2	13	0
559	1	18	1	17	0
560	1	21	2	19	0
561	1	19	7	12	0
562	1	17	3	14	0
563	1	13	4	9	0
564	1	13	4	9	0
565	1	20	6	14	0
566	1	22	5	17	0
567	1	18	3	15	0
568	1	18	4	14	0
569	1	21	3	18	0
570	1	18	3	15	0
571	1	17	2	15	0
572	1	20	4	16	0
573	1	22	4	18	0
574	1	20	5	15	0
575	1	20	1	19	0
576	1	22	1	21	0
577	1	18	1	17	0
578	1	15	1	14	0
579	1	22	1	21	0
580	1	18	1	17	0
581	1	20	1	19	0
582	1	19	1	18	0
583	1	22	1	21	0
584	1	15	1	14	0
585	1	10	1	9	0
586	1	14	1	13	0
587	1	15	4	11	0
588	1	13	7	6	0
589	1	8	4	4	0
590	1	7	1	6	0
591	1	7	1	6	0
592	1	8	1	7	0
593	1	7	1	6	0
594	1	6	1	5	0
595	1	4	1	3	0
596	1	3	1	2	0
597	1	4	3	1	0
598	1	4	3	1	0
599	1	2	1	1	0
600	1	3	1	2	0
601	1	6	1	5	0
602	1	8	1	7	0
603	1	5	1	4	0
604	1	3	1	2	0
605	1	3	1	2	0
606	1	4	1	3	0
607	1	3	1	2	0
608	1	4	1	3	0
609	1	3	1	2	0
610	1	3	1	2	0
611	1	3	1	2	0
612	1	3	1	2	0
613	1	8	1	7	0
614	1	9	2	7	0
615	1	6	1	5	0
616	1	13	1	12	0
617	1	15	1	14	0
618	1	18	1	17	0
619	1	18	1	17	0
620	1	20	1	19	0
621	1	17	1	16	0
622	1	11	1	10	0
623	1	17	1	16	0
624	1	25	3	22	0
625	1	27	5	22	0
626	1	24	6	18	0
627	1	24	5	19	0
628	1	26	5	21	0
629	1	31	6	25	0
630	1	30	5	25	0
631	1	28	3	25	0
632	1	30	2	28	0
633	1	21	1	20	0
634	1	22	1	21	0
635	1	24	1	23	0
636	1	21	1	20	0
637	1	19	1	18	0
638	1	17	1	16	0
639	1	15	1	14	0
640	1	15	1	14	0
641	1	13	1	12	0
642	1	10	1	9	0
643	1	14	1	13	0
644	1	13	1	12	0
645	1	9	1	8	0
646	1	11	1	10	0
647	1	8	1	7	0
648	1	9	1	8	0
649	1	7	1	6	0
650	1	4	1	3	0
651	1	4	1	3	0
652	1	3	1	2	0
653	1	1	1	0	0
654	1	1	1	0	0
655	1	1	1	0	0
656	1	1	1	0	0
657	1	1	1	0	0
658	1	1	1	0	0
659	1	1	1	0	0
660	1	1	1	0	0
661	1	1	1	0	0
662	1	1	1	0	0
663	1	1	1	0	0
664	1	1	1	0	0
665	1	1	1	0	0
666	1	1	1	0	0
667	1	1	1	0	0
668	1	1	1	0	0
669	1	1	1	0	0
670	1	1	1	0	0
671	1	2	1	1	0
672	1	2	1	1	0
673	1	3	1	2	0
674	1	3	1	2	0
675	1	2	1	1	0
676	1	2	1	1	0
677	1	2	1	1	0
678	1	2	1	1	0
679	1	5	1	4	0
680	1	9	6	3	0
681	1	9	5	4	0
682	1	7	4	3	0
683	1	5	4	1	0
684	1	9	7	2	0
685	1	9	7	2	0
686	1	5	4	1	0
687	1	6	6	0	0
688	1	8	8	0	0
689	1	8	7	1	0
690	1	7	4	3	0
691	1	7	4	3	0
692	1	7	4	3	0
693	1	6	5	1	0
694	1	7	4	3	0
695	1	11	5	6	0
696	1	13	5	8	0
697	1	9	3	6	0
698	1	12	2	10	0
699	1	16	3	13	0
700	1	15	4	11	0
701	1	15	2	13	0
702	1	16	1	15	0
703	1	16	1	15	0
704	1	14	1	13	0
705	1	19	1	18	0
706	1	18	1	17	0
707	1	12	1	11	0
708	1	10	1	9	0
709	1	9	1	8	0
710	1	13	1	12	0
711	1	10	1	9	0
712	1	4	1	3	0
713	1	2	1	1	0
714	1	2	1	1	0
715	1	7	1	6	0
716	1	6	1	5	0
717	1	1	1	0	0
718	1	2	1	1	0
719	1	2	1	1	0
720	1	1	1	0	0
721	1	1	1	0	0
722	1	1	1	0	0
723	1	1	1	0	0
724	1	1	1	0	0
725	1	1	1	0	0
726	1	3	1	2	0
727	1	3	1	2	0
728	1	3	1	2	0
729	1	3	1	2	0
730	1	1	1	0	0
731	1	1	1	0	0
732	1	2	2	0	0
733	1	3	3	0	0
734	1	5	3	2	0
735	1	3	3	0	0
736	1	2	1	1	0
737	1	1	1	0	0
738	1	1	1	0	0
739	1	1	1	0	0
740	1	1	1	0	0
741	1	1	1	0	0
742	1	1	1	0	0
743	1	3	1	2	0
744	1	3	1	2	0
745	1	1	1	0	0
746	1	1	1	0	0
747	1	1	1	0	0
748	1	1	1	0	0
749	1	1	1	0	0
750	1	1	1	0	0
751	1	1	1	0	0
752	1	4	1	3	0
753	1	5	1	4	0
754	1	3	1	2	0
755	1	1	1	0	0
756	1	1	1	0	0
757	1	1	1	0	0
758	1	1	1	0	0
759	1	1	1	0	0
760	1	1	1	0	0
761	1	1	1	0	0
762	1	1	1	0	0
763	1	1	1	0	0
764	1	1	1	0	0
765	1	1	1	0	0
766	1	1	1	0	0
767	1	1	1	0	0
768	1	1	1	0	0
769	1	1	1	0	0
770	1	1	1	0	0
771	1	1	1	0	0
772	1	1	1	0	0
773	1	1	1	0	0
774	1	1	1	0	0
775	1	1	1	0	0
776	1	1	1	0	0
777	1	1	1	0	0
778	1	1	1	0	0
779	1	1	1	0	0
780	1	1	1	0	0
781	1	1	1	0	0
782	1	1	1	0	0
783	1	1	1	0	0
784	1	1	1	0	0
785	1	1	1	0	0
786	1	1	1	0	0
787	1	1	1	0	0
788	1	1	1	0	0
789	1	1	1	0	0
790	1	1	1	0	0
791	1	1	1	0	0
792	1	1	1	0	0
793	1	1	1	0	0
794	1	1	1	0	0
795	1	1	1	0	0
796	1	2	2	0	0
797	1	2	2	0	0
798	1	1	1	0	0
799	1	1	1	0	0
800	1	1	1	0	0
801	1	1	1	0	0
802	1	1	1	0	0
803	1	1	1	0	0
804	1	1	1	0	0
805	1	1	1	0	0
806	1	3	3	0	0
807	1	5	5	0	0
808	1	5	5	0	0
809	1	3	3	0	0
810	1	1	1	0	0
811	1	1	1	0	0
812	1	1	1	0	0
813	1	1	1	0	0
814	1	1	1	0	0
815	1	1	1	0	0
816	1	1	1	0	0
817	1	1	1	0	0
818	1	3	3	0	0
819	1	3	3	0	0
820	1	1	1	0	0
821	1	1	1	0	0
822	1	1	1	0	0
823	1	1	1	0	0
824	1	1	1	0	0
825	1	1	1	0	0
826	1	1	1	0	0
827	1	1	1	0	0
828	1	1	1	0	0
829	1	3	3	0	0
830	1	3	3	0	0
831	1	1	1	0	0
832	1	1	1	0	0
833	1	1	1	0	0
834	1	1	1	0	0
835	1	1	1	0	0
836	1	1	1	0	0
837	1	1	1	0	0
838	1	1	1	0	0
839	1	1	1	0	0
840	1	1	1	0	0
841	1	1	1	0	0
842	1	1	1	0	0
843	1	1	1	0	0
844	1	3	3	0	0
845	1	4	4	0	0
846	1	4	4	0	0
847	1	4	4	0	0
848	1	4	4	0	0
849	1	3	3	0	0
850	1	2	2	0	0
851	1	2	2	0	0
852	1	1	1	0	0
853	1	1	1	0	0
854	1	2	2	0	0
855	1	2	2	0	0
856	1	2	2	0	0
857	1	2	2	0	0
858	1	2	2	0	0
859	1	2	2	0	0
860	1	2	2	0	0
861	1	1	1	0	0
862	1	1	1	0	0
863	1	1	1	0	0
864	1	2	2	0	0
865	1	3	3	0	0
866	1	3	3	0	0
867	1	2	2	0	0
868	1	3	3	0	0
869	1	3	3	0	0
870	1	4	4	0	0
871	1	4	4	0	0
872	1	5	3	2	0
873	1	6	4	2	0
874	1	3	3	0	0
875	1	3	3	0	0
876	1	5	5	0	0
877	1	4	4	0	0
878	1	3	3	0	0
879	1	5	5	0	0
880	1	4	4	0	0
881	1	5	5	0	0
882	1	4	4	0	0
883	1	3	3	0	0
884	1	4	4	0	0
885	1	5	5	0	0
886	1	3	3	0	0
887	1	6	6	0	0
888	1	5	5	0	0
889	1	2	2	0	0
890	1	3	3	0	0
891	1	3	3	0	0
892	1	4	4	0	0
893	1	5	5	0	0
894	1	9	9	0	0
895	1	8	8	0	0
896	1	4	4	0	0
897	1	2	2	0	0
898	1	4	4	0	0
899	1	4	4	0	0
900	1	4	4	0	0
901	1	4	4	0	0
902	1	2	2	0	0
903	1	3	3	0	0
904	1	5	5	0	0
905	1	4	4	0	0
906	1	2	2	0	0
907	1	1	1	0	0
908	1	1	1	0	0
909	1	2	2	0	0
910	1	2	2	0	0
911	1	3	3	0	0
912	1	4	3	1	0
913	1	5	3	2	0
914	1	3	3	0	0
915	1	2	2	0	0
916	1	3	2	1	0
917	1	3	3	0	0
918	1	4	2	2	0
919	1	2	2	0	0
920	1	2	2	0	0
921	1	3	3	0	0
922	1	7	3	4	0
923	1	7	3	4	0
924	1	4	3	1	0
925	1	5	4	1	0
926	1	5	5	0	0
927	1	2	2	0	0
928	1	2	2	0	0
929	1	6	6	0	0
930	1	11	7	4	0
931	1	13	5	8	0
932	1	10	3	7	0
933	1	6	4	2	0
934	1	7	4	3	0
935	1	6	4	2	0
936	1	4	4	0	0
937	1	5	5	0	0
938	1	7	7	0	0
939	1	4	4	0	0
940	1	1	1	0	0
941	1	1	1	0	0
942	1	1	1	0	0
943	1	1	1	0	0
944	1	1	1	0	0
945	1	1	1	0	0
946	1	2	2	0	0
947	1	2	2	0	0
948	1	2	2	0	0
949	1	2	1	1	0
950	1	1	1	0	0
951	1	1	1	0	0
952	1	1	1	0	0
953	1	1	1	0	0
954	1	1	1	0	0
955	1	2	1	1	0
956	1	3	2	1	0
957	1	4	4	0	0
958	1	4	2	2	0
959	1	3	1	2	0
960	1	1	1	0	0
961	1	1	1	0	0
962	1	1	1	0	0
963	1	1	1	0	0
964	1	1	1	0	0
965	1	1	1	0	0
966	1	1	1	0	0
967	1	1	1	0	0
968	1	1	1	0	0
969	1	1	1	0	0
970	1	2	2	0	0
971	1	2	2	0	0
972	1	3	3	0	0
973	1	3	3	0	0
974	1	3	3	0	0
975	1	3	3	0	0
976	1	2	2	0	0
977	1	2	2	0	0
978	1	2	2	0	0
979	1	2	2	0	0
980	1	1	1	0	0
981	1	1	1	0	0
982	1	1	1	0	0
983	1	1	1	0	0
984	1	1	0	1	1
985	1	2	0	2	1
986	1	2	0	2	1
987	1	2	0	2	1
988	1	2	0	2	1
989	1	1	0	1	1
990	1	1	0	1	1
991	1	3	0	3	1
992	1	3	0	3	1
993	1	2	0	2	1
994	1	2	0	2	1
995	1	2	0	2	1
996	1	2	0	2	1
997	1	2	0	2	1
998	1	1	0	1	1
999	1	1	0	1	1
1000	1	1	0	1	1
1001	1	4	0	4	1
1002	1	5	0	5	1
1003	1	4	0	4	1
1004	1	3	0	3	1
1005	1	3	0	3	1
1006	1	2	0	2	1
1007	1	3	0	3	1
1008	1	4	0	4	1
1009	1	2	0	2	1
1010	1	3	0	3	1
1011	1	2	0	2	1
1012	1	3	0	3	1
1013	1	4	4	0	0
1014	1	5	5	0	0
1015	1	5	4	1	0
1016	1	7	6	1	0
1017	1	7	6	1	0
1018	1	3	3	0	0
1019	1	1	1	0	0
1020	1	2	1	1	0
1021	1	2	1	1	0
1022	1	2	2	0	0
1023	1	3	3	0	0
1024	1	5	5	0	0
1025	1	4	4	0	0
1026	1	2	2	0	0
1027	1	1	1	0	0
1028	1	1	1	0	0
1029	1	1	1	0	0
1030	1	2	2	0	0
1031	1	3	3	0	0
1032	1	5	5	0	0
1033	1	6	6	0	0
1034	1	7	2	5	0
1035	1	5	2	3	0
1036	1	3	3	0	0
1037	1	3	1	2	0
1038	1	2	1	1	0
1039	1	1	1	0	0
1040	1	1	1	0	0
1041	1	1	1	0	0
1042	1	1	1	0	0
1043	1	1	1	0	0
1044	1	2	2	0	0
1045	1	2	2	0	0
1046	1	2	2	0	0
1047	1	2	2	0	0
1048	1	3	3	0	0
1049	1	2	2	0	0
1050	1	1	1	0	0
1051	1	3	3	0	0
1052	1	3	3	0	0
1053	1	3	3	0	0
1054	1	8	8	0	0
1055	1	8	8	0	0
1056	1	2	2	0	0
1057	1	3	3	0	0
1058	1	3	3	0	0
1059	1	1	1	0	0
1060	1	1	1	0	0
1061	1	2	2	0	0
1062	1	3	3	0	0
1063	1	4	3	1	0
1064	1	5	5	0	0
1065	1	7	7	0	0
1066	1	4	4	0	0
1067	1	2	2	0	0
1068	1	1	1	0	0
1069	1	3	3	0	0
1070	1	3	3	0	0
1071	1	1	1	0	0
1072	1	1	1	0	0
1073	1	1	1	0	0
1074	1	1	1	0	0
1075	1	1	1	0	0
1076	1	2	2	0	0
1077	1	3	3	0	0
1078	1	4	4	0	0
1079	1	4	4	0	0
1080	1	4	4	0	0
1081	1	3	3	0	0
1082	1	1	1	0	0
1083	1	1	1	0	0
1084	1	1	1	0	0
1085	1	1	1	0	0
1086	1	1	1	0	0
1087	1	1	1	0	0
1088	1	1	1	0	0
1089	1	1	1	0	0
1090	1	1	1	0	0
1091	1	1	1	0	0
1092	1	2	2	0	0
1093	1	2	2	0	0
1094	1	1	1	0	0
1095	1	1	1	0	0
1096	1	1	1	0	0
1097	1	3	3	0	0
1098	1	3	3	0	0
1099	1	1	1	0	0
1100	1	1	1	0	0
1101	1	1	1	0	0
1102	1	1	1	0	0
1103	1	1	1	0	0
1104	1	1	1	0	0
1105	1	1	1	0	0
1106	1	1	1	0	0
1107	1	2	2	0	0
1108	1	2	2	0	0
1109	1	1	1	0	0
1110	1	1	1	0	0
1111	1	1	1	0	0
1112	1	1	1	0	0
1113	1	1	1	0	0
1114	1	1	1	0	0
1115	1	1	1	0	0
1116	1	2	1	1	0
1117	1	2	1	1	0
1118	1	2	1	1	0
1119	1	1	1	0	0
1120	1	1	1	0	0
1121	1	1	1	0	0
1122	1	1	1	0	0
1123	1	1	1	0	0
1124	1	1	1	0	0
1125	1	1	1	0	0
1126	1	2	2	0	0
1127	1	3	3	0	0
1128	1	3	3	0	0
1129	1	3	3	0	0
1130	1	4	4	0	0
1131	1	8	8	0	0
1132	1	7	7	0	0
1133	1	2	2	0	0
1134	1	3	3	0	0
1135	1	7	5	2	0
1136	1	13	6	7	0
1137	1	12	9	3	0
1138	1	14	14	0	0
1139	1	16	14	2	0
1140	1	10	9	1	0
1141	1	6	6	0	0
1142	1	8	8	0	0
1143	1	11	11	0	0
1144	1	11	11	0	0
1145	1	6	6	0	0
1146	1	6	6	0	0
1147	1	7	7	0	0
1148	1	8	8	0	0
1149	1	14	9	5	0
1150	1	17	11	6	0
1151	1	16	8	8	0
1152	1	18	10	8	0
1153	1	20	11	9	0
1154	1	18	13	5	0
1155	1	14	10	4	0
1156	1	14	10	4	0
1157	1	14	11	3	0
1158	1	16	14	2	0
1159	1	15	13	2	0
1160	1	14	12	2	0
1161	1	14	14	0	0
1162	1	16	16	0	0
1163	1	17	17	0	0
1164	1	15	14	1	0
1165	1	15	15	0	0
1166	1	11	11	0	0
1167	1	11	11	0	0
1168	1	10	8	2	0
1169	1	8	6	2	0
1170	1	9	8	1	0
1171	1	15	14	1	0
1172	1	17	12	5	0
1173	1	14	11	3	0
1174	1	11	10	1	0
1175	1	11	11	0	0
1176	1	10	10	0	0
1177	1	8	8	0	0
1178	1	12	12	0	0
1179	1	14	14	0	0
1180	1	12	12	0	0
1181	1	8	8	0	0
1182	1	11	11	0	0
1183	1	12	12	0	0
1184	1	9	9	0	0
1185	1	10	10	0	0
1186	1	9	6	3	0
1187	1	8	7	1	0
1188	1	9	7	2	0
1189	1	7	7	0	0
1190	1	9	6	3	0
1191	1	7	6	1	0
1192	1	9	6	3	0
1193	1	10	6	4	0
1194	1	8	7	1	0
1195	1	9	9	0	0
1196	1	5	4	1	0
1197	1	3	3	0	0
1198	1	8	8	0	0
1199	1	11	11	0	0
1200	1	6	6	0	0
1201	1	6	6	0	0
1202	1	5	5	0	0
1203	1	7	7	0	0
1204	1	6	6	0	0
1205	1	8	8	0	0
1206	1	11	11	0	0
1207	1	11	11	0	0
1208	1	8	8	0	0
1209	1	10	6	4	0
1210	1	7	3	4	0
1211	1	6	6	0	0
1212	1	7	7	0	0
1213	1	6	6	0	0
1214	1	5	4	1	0
1215	1	2	2	0	0
1216	1	4	4	0	0
1217	1	10	10	0	0
1218	1	9	9	0	0
1219	1	5	5	0	0
1220	1	5	5	0	0
1221	1	3	3	0	0
1222	1	5	4	1	0
1223	1	4	3	1	0
1224	1	1	1	0	0
1225	1	1	1	0	0
1226	1	3	3	0	0
1227	1	3	3	0	0
1228	1	1	1	0	0
1229	1	1	1	0	0
1230	1	2	1	1	0
1231	1	5	1	4	0
1232	1	7	1	6	0
1233	1	6	2	4	0
1234	1	7	3	4	0
1235	1	12	3	9	0
1236	1	15	7	8	0
1237	1	20	7	13	0
1238	1	18	4	14	0
1239	1	17	9	8	0
1240	1	21	12	9	0
1241	1	19	10	9	0
1242	1	17	10	7	0
1243	1	14	10	4	0
1244	1	12	10	2	0
1245	1	14	11	3	0
1246	1	12	9	3	0
1247	1	10	6	4	0
1248	1	11	1	10	0
1249	1	13	3	10	0
1250	1	13	3	10	0
1251	1	11	1	10	0
1252	1	9	1	8	0
1253	1	10	9	1	0
1254	1	8	7	1	0
1255	1	3	3	0	0
1256	1	3	1	2	0
1257	1	4	1	3	0
1258	1	4	1	3	0
1259	1	5	1	4	0
1260	1	3	1	2	0
1261	1	1	1	0	0
1262	1	2	1	1	0
1263	1	4	1	3	0
1264	1	7	3	4	0
1265	1	7	4	3	0
1266	1	7	4	3	0
1267	1	7	3	4	0
1268	1	3	1	2	0
1269	1	2	2	0	0
1270	1	5	5	0	0
1271	1	6	5	1	0
1272	1	4	1	3	0
1273	1	2	1	1	0
1274	1	3	1	2	0
1275	1	5	1	4	0
1276	1	4	1	3	0
1277	1	2	1	1	0
1278	1	1	1	0	0
1279	1	1	1	0	0
1280	1	3	1	2	0
1281	1	4	1	3	0
1282	1	8	1	7	0
1283	1	11	1	10	0
1284	1	14	1	13	0
1285	1	17	3	14	0
1286	1	17	2	15	0
1287	1	14	1	13	0
1288	1	15	1	14	0
1289	1	15	1	14	0
1290	1	17	2	15	0
1291	1	19	7	12	0
1292	1	24	5	19	0
1293	1	19	3	16	0
1294	1	17	3	14	0
1295	1	18	6	12	0
1296	1	17	7	10	0
1297	1	14	3	11	0
1298	1	13	1	12	0
1299	1	12	1	11	0
1300	1	14	1	13	0
1301	1	14	1	13	0
1302	1	14	1	13	0
1303	1	12	1	11	0
1304	1	12	6	6	0
1305	1	12	7	5	0
1306	1	13	4	9	0
1307	1	12	2	10	0
1308	1	8	1	7	0
1309	1	5	1	4	0
1310	1	4	2	2	0
1311	1	3	3	0	0
1312	1	3	3	0	0
1313	1	2	2	0	0
1314	1	2	2	0	0
1315	1	4	1	3	0
1316	1	7	5	2	0
1317	1	10	7	3	0
1318	1	7	2	5	0
1319	1	6	4	2	0
1320	1	6	2	4	0
1321	1	5	5	0	0
1322	1	10	8	2	0
1323	1	10	8	2	0
1324	1	6	5	1	0
1325	1	5	4	1	0
1326	1	6	6	0	0
1327	1	6	6	0	0
1328	1	4	4	0	0
1329	1	2	2	0	0
1330	1	4	4	0	0
1331	1	6	6	0	0
1332	1	4	4	0	0
1333	1	3	3	0	0
1334	1	2	2	0	0
1335	1	2	2	0	0
1336	1	1	1	0	0
1337	1	3	1	2	0
1338	1	3	1	2	0
1339	1	2	1	1	0
1340	1	4	1	3	0
1341	1	5	1	4	0
1342	1	6	1	5	0
1343	1	8	2	6	0
1344	1	6	3	3	0
1345	1	6	3	3	0
1346	1	6	3	3	0
1347	1	6	2	4	0
1348	1	5	2	3	0
1349	1	6	4	2	0
1350	1	6	5	1	0
1351	1	10	5	5	0
1352	1	11	8	3	0
1353	1	7	7	0	0
1354	1	6	6	0	0
1355	1	10	10	0	0
1356	1	10	8	2	0
1357	1	5	3	2	0
1358	1	4	3	1	0
1359	1	5	3	2	0
1360	0	8	0	8	0
1361	0	5	0	5	0
1362	0	6	0	6	0
1363	0	6	0	6	0
1364	0	4	0	4	0
1365	0	4	0	4	0
1366	0	6	0	6	0
1367	1	7	5	2	0
1368	1	10	8	2	0
1369	1	8	6	2	0
1370	1	6	3	3	0
1371	1	7	6	1	0
1372	1	9	7	2	0
1373	1	7	4	3	0
1374	1	6	2	4	0
1375	1	8	6	2	0
1376	1	9	8	1	0
1377	1	9	7	2	0
1378	1	12	9	3	0
1379	1	12	7	5	0
1380	1	12	10	2	0
1381	1	10	9	1	0
1382	1	12	11	1	0
1383	1	14	10	4	0
1384	1	15	8	7	0
1385	1	12	5	7	0
1386	1	13	7	6	0
1387	1	12	5	7	0
1388	1	9	2	7	0
1389	1	9	3	6	0
1390	1	10	3	7	0
1391	1	13	6	7	0
1392	1	10	6	4	0
1393	1	8	6	2	0
1394	1	7	7	0	0
1395	1	7	7	0	0
1396	1	7	7	0	0
1397	1	8	6	2	0
1398	1	7	7	0	0
1399	1	3	3	0	0
1400	1	5	5	0	0
1401	1	7	7	0	0
1402	1	7	7	0	0
1403	1	6	2	4	0
1404	1	4	1	3	0
1405	1	4	2	2	0
1406	1	4	0	4	1
1407	1	2	1	1	0
1408	1	5	1	4	0
1409	1	5	1	4	0
1410	1	5	4	1	0
1411	1	4	4	0	0
1412	1	6	4	2	0
1413	1	8	5	3	0
1414	1	5	4	1	0
1415	1	7	7	0	0
1416	1	9	9	0	0
1417	1	6	6	0	0
1418	1	4	3	1	0
1419	1	8	5	3	0
1420	1	10	9	1	0
1421	1	11	11	0	0
1422	1	10	9	1	0
1423	1	10	6	4	0
1424	1	11	5	6	0
1425	1	8	3	5	0
1426	1	9	9	0	0
1427	1	8	8	0	0
1428	1	4	4	0	0
1429	1	4	4	0	0
1430	1	5	5	0	0
1431	1	8	8	0	0
1432	1	8	8	0	0
1433	1	6	1	5	0
1434	1	3	3	0	0
1435	1	5	5	0	0
1436	1	4	4	0	0
1437	1	3	3	0	0
1438	1	7	7	0	0
1439	1	8	8	0	0
1440	1	5	5	0	0
1441	1	9	7	2	0
1442	1	8	6	2	0
1443	1	4	4	0	0
1444	1	7	4	3	0
1445	1	13	11	2	0
1446	1	13	13	0	0
1447	1	8	8	0	0
1448	1	7	7	0	0
1449	1	8	8	0	0
1450	1	6	6	0	0
1451	1	4	3	1	0
1452	1	8	8	0	0
1453	1	8	7	1	0
1454	1	10	9	1	0
1455	1	10	10	0	0
1456	1	9	9	0	0
1457	1	9	9	0	0
1458	1	5	5	0	0
1459	1	8	8	0	0
1460	1	7	7	0	0
1461	1	7	6	1	0
1462	1	9	8	1	0
1463	1	10	10	0	0
1464	1	9	9	0	0
1465	1	8	8	0	0
1466	1	7	7	0	0
1467	1	8	8	0	0
1468	1	6	6	0	0
1469	1	5	5	0	0
1470	1	8	8	0	0
1471	1	12	11	1	0
1472	1	13	11	2	0
1473	1	8	7	1	0
1474	1	7	7	0	0
1475	1	8	8	0	0
1476	1	4	4	0	0
1477	1	2	2	0	0
1478	1	3	3	0	0
1479	1	3	3	0	0
1480	1	5	5	0	0
1481	1	5	3	2	0
1482	1	7	4	3	0
1483	1	9	6	3	0
1484	1	7	4	3	0
1485	1	9	4	5	0
1486	1	14	6	8	0
1487	1	10	4	6	0
1488	1	8	7	1	0
1489	1	11	7	4	0
1490	1	8	3	5	0
1491	0	6	0	6	0
1492	0	12	0	12	0
1493	1	16	4	12	0
1494	1	13	5	8	0
1495	1	8	1	7	0
1496	1	17	5	12	0
1497	1	21	11	10	0
1498	1	19	11	8	0
1499	1	16	10	6	0
1500	1	15	10	5	0
1501	1	18	11	7	0
1502	1	18	13	5	0
1503	1	22	15	7	0
1504	1	22	10	12	0
1505	1	19	7	12	0
1506	1	13	0	13	1
1507	1	14	2	12	0
1508	1	14	5	9	0
1509	1	11	4	7	0
1510	1	9	2	7	0
1511	1	10	4	6	0
1512	1	17	8	9	0
1513	1	16	7	9	0
1514	1	14	5	9	0
1515	1	19	2	17	0
1516	1	18	1	17	0
1517	1	11	2	9	0
1518	1	10	1	9	0
1519	1	16	4	12	0
1520	1	15	5	10	0
1521	1	16	5	11	0
1522	1	20	6	14	0
1523	1	25	9	16	0
1524	1	24	11	13	0
1525	1	25	13	12	0
1526	1	22	8	14	0
1527	1	20	8	12	0
1528	1	21	10	11	0
1529	1	21	7	14	0
1530	1	20	7	13	0
1531	1	20	7	13	0
1532	1	19	7	12	0
1533	1	26	7	19	0
1534	1	30	7	23	0
1535	1	28	6	22	0
1536	1	22	5	17	0
1537	1	23	6	17	0
1538	1	22	8	14	0
1539	1	28	7	21	0
1540	1	30	4	26	0
1541	1	27	3	24	0
1542	1	19	3	16	0
1543	1	19	1	18	0
1544	1	21	0	21	1
1545	1	18	2	16	0
1546	1	22	0	22	1
1547	1	21	1	20	0
1548	1	20	1	19	0
1549	0	21	0	21	0
1550	0	19	0	19	0
1551	0	20	0	20	0
1552	0	18	0	18	0
1553	0	22	0	22	0
1554	0	20	0	20	0
1555	0	20	0	20	0
1556	0	19	0	19	0
1557	0	16	0	16	0
1558	0	10	0	10	0
1559	0	13	0	13	0
1560	0	15	0	15	0
1561	0	17	0	17	0
1562	0	15	0	15	0
1563	0	13	0	13	0
1564	0	9	0	9	0
1565	0	8	0	8	0
1566	0	12	0	12	0
1567	0	12	0	12	0
1568	0	10	0	10	0
1569	0	6	0	6	0
1570	0	7	0	7	0
1571	0	8	0	8	0
1572	0	10	0	10	0
1573	0	8	0	8	0
1574	0	6	0	6	0
1575	0	10	0	10	0
1576	0	9	0	9	0
1577	0	6	0	6	0
1578	0	8	0	8	0
1579	0	11	0	11	0
1580	0	16	0	16	0
1581	0	20	0	20	0
1582	0	14	0	14	0
1583	0	6	0	6	0
1584	0	3	0	3	0
1585	0	6	0	6	0
1586	0	8	0	8	0
1587	0	5	0	5	0
1588	0	4	0	4	0
1589	0	4	0	4	0
1590	0	6	0	6	0
1591	1	9	0	9	1
1592	1	10	0	10	1
1593	1	7	0	7	1
1594	1	5	1	4	0
1595	1	12	2	10	0
1596	1	14	1	13	0
1597	1	10	1	9	0
1598	1	7	4	3	0
1599	1	7	3	4	0
1600	1	6	2	4	0
1601	1	4	1	3	0
1602	1	3	2	1	0
1603	1	3	1	2	0
1604	1	3	1	2	0
1605	1	1	0	1	1
1606	1	1	0	1	1
1607	1	5	0	5	1
1608	1	7	0	7	1
1609	1	6	1	5	0
1610	1	6	0	6	1
1611	1	7	1	6	0
1612	1	8	0	8	1
1613	1	7	0	7	1
1614	1	4	0	4	1
1615	1	6	2	4	0
1616	1	8	5	3	0
1617	1	9	2	7	0
1618	1	9	0	9	1
1619	1	12	0	12	1
1620	1	13	0	13	1
1621	1	16	0	16	1
1622	1	18	0	18	1
1623	1	18	0	18	1
1624	1	17	0	17	1
1625	1	19	0	19	1
1626	1	18	0	18	1
1627	1	24	1	23	0
1628	1	23	0	23	1
1629	1	20	0	20	1
1630	1	19	3	16	0
1631	1	25	5	20	0
1632	1	30	2	28	0
1633	1	24	0	24	1
1634	1	23	0	23	1
1635	1	21	0	21	1
1636	1	21	0	21	1
1637	1	29	1	28	0
1638	1	32	7	25	0
1639	1	30	3	27	0
1640	1	32	2	30	0
1641	1	35	3	32	0
1642	1	27	1	26	0
1643	1	30	0	30	1
1644	1	28	0	28	1
1645	1	30	2	28	0
1646	1	28	2	26	0
1647	1	26	0	26	1
1648	1	22	2	20	0
1649	1	26	2	24	0
1650	1	23	0	23	1
1651	1	23	2	21	0
1652	1	22	3	19	0
1653	1	18	2	16	0
1654	1	22	2	20	0
1655	1	21	1	20	0
1656	1	27	1	26	0
1657	1	26	2	24	0
1658	1	24	2	22	0
1659	1	27	0	27	1
1660	1	13	0	13	1
1661	1	8	0	8	1
1662	1	13	0	13	1
1663	1	16	0	16	1
1664	1	20	1	19	0
1665	1	23	1	22	0
1666	1	27	3	24	0
1667	1	29	1	28	0
1668	1	28	0	28	1
1669	1	33	1	32	0
1670	1	33	2	31	0
1671	1	34	0	34	1
1672	1	32	2	30	0
1673	1	28	2	26	0
1674	1	30	1	29	0
1675	1	31	0	31	1
1676	1	29	0	29	1
1677	1	28	2	26	0
1678	1	27	2	25	0
1679	1	30	0	30	1
1680	1	34	1	33	0
1681	1	34	1	33	0
1682	1	31	2	29	0
1683	1	31	3	28	0
1684	1	36	0	36	1
1685	1	35	2	33	0
1686	1	35	2	33	0
1687	1	33	2	31	0
1688	1	34	2	32	0
1689	1	34	0	34	1
1690	1	32	0	32	1
1691	1	34	4	30	0
1692	1	36	5	31	0
1693	1	33	4	29	0
1694	1	33	1	32	0
1695	1	31	0	31	1
1696	1	34	1	33	0
1697	1	33	1	32	0
1698	1	29	0	29	1
1699	1	30	0	30	1
1700	1	28	0	28	1
1701	1	27	0	27	1
1702	1	25	0	25	1
1703	1	26	0	26	1
1704	1	27	0	27	1
1705	1	24	0	24	1
1706	1	27	0	27	1
1707	1	28	0	28	1
1708	1	23	0	23	1
1709	1	20	0	20	1
1710	1	27	0	27	1
1711	1	23	0	23	1
1712	1	25	0	25	1
1713	1	29	0	29	1
1714	1	29	0	29	1
1715	0	29	0	29	0
1716	0	27	0	27	0
1717	0	26	0	26	0
1718	0	23	0	23	0
1719	0	22	0	22	0
1720	0	27	0	27	0
1721	0	21	0	21	0
1722	0	23	0	23	0
1723	0	19	0	19	0
1724	0	19	0	19	0
1725	0	21	0	21	0
1726	0	26	0	26	0
1727	0	23	0	23	0
1728	0	21	0	21	0
1729	0	22	0	22	0
1730	1	24	0	24	1
1731	1	27	0	27	1
1732	1	20	0	20	1
1733	1	18	0	18	1
1734	1	22	0	22	1
1735	1	21	0	21	1
1736	1	17	0	17	1
1737	1	19	0	19	1
1738	1	21	0	21	1
1739	1	19	0	19	1
1740	1	22	0	22	1
1741	1	21	0	21	1
1742	1	15	0	15	1
1743	1	16	0	16	1
1744	1	17	0	17	1
1745	1	15	0	15	1
1746	1	17	0	17	1
1747	1	21	0	21	1
1748	1	15	0	15	1
1749	1	15	0	15	1
1750	1	14	0	14	1
1751	1	14	0	14	1
1752	1	9	0	9	1
1753	1	8	0	8	1
1754	1	10	0	10	1
1755	1	11	0	11	1
1756	1	9	1	8	0
1757	1	9	1	8	0
1758	1	9	1	8	0
1759	1	7	1	6	0
1760	1	6	0	6	1
1761	1	8	0	8	1
1762	1	6	0	6	1
1763	1	4	0	4	1
1764	1	3	0	3	1
1765	1	7	0	7	1
1766	1	9	0	9	1
1767	1	9	0	9	1
1768	1	5	0	5	1
1769	1	0	0	0	1
1770	1	0	0	0	1
1771	1	2	0	2	1
1772	1	3	1	2	0
1773	1	2	1	1	0
1774	1	5	0	5	1
1775	1	5	1	4	0
1776	1	2	2	0	0
1777	1	2	2	0	0
1778	1	6	2	4	0
1779	1	11	4	7	0
1780	1	10	5	5	0
1781	1	10	6	4	0
1782	1	15	6	9	0
1783	1	18	7	11	0
1784	1	19	7	12	0
1785	1	16	4	12	0
1786	1	23	6	17	0
1787	1	26	11	15	0
1788	1	25	10	15	0
1789	1	24	5	19	0
1790	1	16	3	13	0
1791	1	16	4	12	0
1792	1	19	5	14	0
1793	1	13	2	11	0
1794	1	15	2	13	0
1795	1	26	11	15	0
1796	1	28	16	12	0
1797	1	28	14	14	0
1798	1	21	8	13	0
1799	1	12	5	7	0
1800	1	16	8	8	0
1801	1	15	11	4	0
1802	1	15	9	6	0
1803	1	16	9	7	0
1804	1	11	9	2	0
1805	1	10	8	2	0
1806	1	13	9	4	0
1807	1	12	9	3	0
1808	1	11	8	3	0
1809	1	10	7	3	0
1810	1	14	9	5	0
1811	1	11	4	7	0
1812	1	9	8	1	0
1813	1	15	13	2	0
1814	1	12	11	1	0
1815	1	9	6	3	0
1816	1	10	8	2	0
1817	1	10	10	0	0
1818	1	9	8	1	0
1819	1	11	8	3	0
1820	1	14	10	4	0
1821	1	8	6	2	0
1822	1	8	6	2	0
1823	1	9	6	3	0
1824	1	10	7	3	0
1825	1	8	5	3	0
1826	1	5	5	0	0
1827	1	6	6	0	0
1828	1	10	9	1	0
1829	1	10	6	4	0
1830	1	6	4	2	0
1831	1	8	7	1	0
1832	1	6	2	4	0
1833	1	8	6	2	0
1834	1	7	3	4	0
1835	1	8	3	5	0
1836	1	7	3	4	0
1837	1	9	5	4	0
1838	1	8	5	3	0
1839	1	7	7	0	0
1840	1	4	4	0	0
1841	1	3	3	0	0
1842	1	4	3	1	0
1843	1	4	2	2	0
1844	1	5	2	3	0
1845	1	7	4	3	0
1846	1	10	7	3	0
1847	1	9	6	3	0
1848	1	4	4	0	0
1849	1	6	6	0	0
1850	1	5	3	2	0
1851	1	10	7	3	0
1852	1	11	7	4	0
1853	1	8	4	4	0
1854	1	5	3	2	0
1855	1	2	2	0	0
1856	1	3	3	0	0
1857	1	1	1	0	0
1858	1	2	2	0	0
1859	1	3	3	0	0
1860	1	4	4	0	0
1861	1	4	4	0	0
1862	1	3	3	0	0
1863	1	3	3	0	0
1864	1	4	4	0	0
1865	1	4	4	0	0
1866	1	3	3	0	0
1867	1	2	2	0	0
1868	1	3	3	0	0
1869	1	2	2	0	0
1870	1	2	2	0	0
1871	1	2	2	0	0
1872	1	3	2	1	0
1873	1	4	3	1	0
1874	1	2	2	0	0
1875	1	2	2	0	0
1876	1	2	1	1	0
1877	1	1	1	0	0
1878	1	1	1	0	0
1879	1	1	1	0	0
1880	1	1	1	0	0
1881	1	1	1	0	0
1882	1	1	1	0	0
1883	1	1	1	0	0
1884	1	2	2	0	0
1885	1	3	0	3	1
1886	1	7	1	6	0
1887	1	6	0	6	1
1888	1	5	1	4	0
1889	1	4	0	4	1
1890	1	4	0	4	1
1891	1	5	0	5	1
1892	1	4	1	3	0
1893	1	2	1	1	0
1894	1	5	1	4	0
1895	1	6	1	5	0
1896	1	4	1	3	0
1897	1	6	2	4	0
1898	1	4	2	2	0
1899	1	3	2	1	0
1900	1	5	1	4	0
1901	1	5	1	4	0
1902	1	5	1	4	0
1903	1	5	2	3	0
1904	1	6	2	4	0
1905	1	8	1	7	0
1906	1	8	1	7	0
1907	1	10	1	9	0
1908	1	11	1	10	0
1909	1	6	1	5	0
1910	1	6	1	5	0
1911	1	9	1	8	0
1912	1	8	1	7	0
1913	1	9	3	6	0
1914	1	6	3	3	0
1915	1	4	1	3	0
1916	1	7	1	6	0
1917	1	7	2	5	0
1918	1	6	2	4	0
1919	1	9	1	8	0
1920	1	6	1	5	0
1921	1	2	1	1	0
1922	1	2	1	1	0
1923	1	3	1	2	0
1924	1	2	1	1	0
1925	1	2	1	1	0
1926	1	2	1	1	0
1927	1	1	1	0	0
1928	1	1	1	0	0
1929	1	1	1	0	0
1930	1	1	1	0	0
1931	1	1	1	0	0
1932	1	1	1	0	0
1933	1	1	1	0	0
1934	1	1	1	0	0
1935	1	1	1	0	0
1936	1	1	1	0	0
1937	1	1	1	0	0
1938	1	1	1	0	0
1939	1	1	1	0	0
1940	1	1	1	0	0
1941	1	1	1	0	0
1942	1	1	1	0	0
1943	1	1	1	0	0
1944	1	1	1	0	0
1945	1	1	1	0	0
1946	1	2	1	1	0
1947	1	2	1	1	0
1948	1	1	1	0	0
1949	1	1	1	0	0
1950	1	1	1	0	0
1951	1	1	1	0	0
1952	1	1	1	0	0
1953	1	1	1	0	0
1954	1	1	1	0	0
1955	1	1	1	0	0
1956	1	1	1	0	0
1957	1	1	1	0	0
1958	1	1	1	0	0
1959	1	1	1	0	0
1960	1	1	1	0	0
1961	1	1	1	0	0
1962	1	1	1	0	0
1963	1	1	1	0	0
1964	1	1	1	0	0
1965	1	1	1	0	0
1966	1	1	1	0	0
1967	1	1	1	0	0
1968	1	1	1	0	0
1969	1	1	1	0	0
1970	1	1	1	0	0
1971	1	1	1	0	0
1972	1	1	1	0	0
1973	1	2	1	1	0
1974	1	2	1	1	0
1975	1	1	1	0	0
1976	1	1	1	0	0
1977	1	1	1	0	0
1978	1	1	1	0	0
1979	1	1	1	0	0
1980	1	3	1	2	0
1981	1	5	3	2	0
1982	1	6	5	1	0
1983	1	5	4	1	0
1984	1	1	1	0	0
1985	1	1	1	0	0
1986	1	1	1	0	0
1987	1	3	3	0	0
1988	1	3	3	0	0
1989	1	1	1	0	0
1990	1	1	1	0	0
1991	1	1	1	0	0
1992	1	3	1	2	0
1993	1	10	1	9	0
1994	1	21	1	20	0
1995	1	20	1	19	0
1996	1	14	1	13	0
1997	1	15	2	13	0
1998	1	11	2	9	0
1999	1	5	1	4	0
2000	1	5	1	4	0
2001	0	5	0	5	0
2002	0	6	0	6	0
2003	0	3	0	3	0
2004	0	2	0	2	0
2005	0	1	0	1	0
2006	0	0	0	0	0
2007	0	2	0	2	0
2008	0	2	0	2	0
2009	0	0	0	0	0
2010	0	0	0	0	0
2011	0	0	0	0	0
2012	0	2	0	2	0
2013	0	4	0	4	0
2014	0	2	0	2	0
2015	0	5	0	5	0
2016	0	6	0	6	0
2017	0	7	0	7	0
2018	0	6	0	6	0
2019	0	5	0	5	0
2020	0	7	0	7	0
2021	0	5	0	5	0
2022	0	2	0	2	0
2023	0	2	0	2	0
2024	0	6	0	6	0
2025	0	6	0	6	0
2026	0	3	0	3	0
2027	0	1	0	1	0
2028	0	0	0	0	0
2029	0	0	0	0	0
2030	0	0	0	0	0
2031	0	0	0	0	0
2032	0	0	0	0	0
2033	0	0	0	0	0
2034	0	1	0	1	0
2035	0	1	0	1	0
2036	0	3	0	3	0
2037	0	4	0	4	0
2038	0	3	0	3	0
2039	0	0	0	0	0
2040	0	1	0	1	0
2041	0	5	0	5	0
2042	0	4	0	4	0
2043	0	4	0	4	0
2044	0	8	0	8	0
2045	0	7	0	7	0
2046	0	4	0	4	0
2047	0	4	0	4	0
2048	0	7	0	7	0
2049	0	7	0	7	0
2050	0	2	0	2	0
2051	0	7	0	7	0
2052	0	10	0	10	0
2053	0	9	0	9	0
2054	0	4	0	4	0
2055	0	3	0	3	0
2056	0	5	0	5	0
2057	0	3	0	3	0
2058	0	4	0	4	0
2059	0	2	0	2	0
2060	0	3	0	3	0
2061	0	5	0	5	0
2062	0	5	0	5	0
2063	0	3	0	3	0
2064	0	1	0	1	0
2065	0	0	0	0	0
2066	0	2	0	2	0
2067	0	5	0	5	0
2068	0	5	0	5	0
2069	0	7	0	7	0
2070	0	8	0	8	0
2071	0	6	0	6	0
2072	0	6	0	6	0
2073	0	6	0	6	0
2074	0	5	0	5	0
2075	0	5	0	5	0
2076	0	5	0	5	0
2077	0	6	0	6	0
2078	0	7	0	7	0
2079	0	3	0	3	0
2080	0	4	0	4	0
2081	0	3	0	3	0
2082	0	2	0	2	0
2083	0	2	0	2	0
2084	0	2	0	2	0
2085	0	2	0	2	0
2086	0	2	0	2	0
2087	0	1	0	1	0
2088	0	3	0	3	0
2089	0	3	0	3	0
2090	0	1	0	1	0
2091	0	1	0	1	0
2092	0	1	0	1	0
2093	0	3	0	3	0
2094	0	10	0	10	0
2095	0	10	0	10	0
2096	0	4	0	4	0
2097	0	4	0	4	0
2098	0	6	0	6	0
2099	0	5	0	5	0
2100	0	2	0	2	0
