1	0	T 80	80	40	40	
2	0	T 82	81	40	40	
3	1	T 84	82	40	40	P 84	84	36	34	
4	1	T 86	83	40	40	P 82	84	36	32	
5	1	T 88	84	40	40	P 84	84	36	34	
6	1	T 90	85	40	40	P 84	84	35	34	
7	1	T 92	86	40	40	P 88	84	31	34	
8	1	T 94	87	40	40	P 88	86	34	32	
9	1	T 96	88	40	40	P 96	90	35	34	
10	1	T 98	89	40	40	P 90	86	34	34	
11	1	T 100	90	40	40	P 92	86	32	34	
12	1	T 102	91	40	40	P 92	88	34	34	
13	1	T 104	92	40	40	P 106	93	35	37	
14	1	T 106	93	40	40	P 94	88	30	34	
15	2	T 108	94	40	40	P 108	94	33	36	P 108	94	33	36	
16	2	T 110	95	40	40	P 100	92	34	34	P 104	92	33	34	
17	3	T 112	96	40	40	P 104	94	36	32	P 106	94	31	33	P 112	96	33	35	
18	3	T 114	97	40	40	P 113	96	25	35	P 110	96	35	34	P 112	98	36	34	
19	3	T 116	98	40	40	P 120	98	28	36	P 119	98	25	34	P 112	98	36	34	
20	2	T 118	99	40	40	P 120	102	34	36	P 119	98	25	34	
21	1	T 120	100	40	40	P 122	102	34	34	
22	1	T 122	101	40	40	P 126	104	30	34	
23	1	T 124	102	40	40	P 126	104	33	34	
24	1	T 126	103	40	40	P 126	104	33	34	
25	1	T 128	104	40	40	P 134	106	27	34	
26	1	T 130	105	40	40	P 132	106	32	34	
27	1	T 132	106	40	40	P 136	108	28	34	
28	1	T 134	107	40	40	P 132	108	34	34	
29	1	T 136	108	40	40	P 134	113	34	25	
30	1	T 138	109	40	40	P 134	114	36	26	
31	1	T 140	110	40	40	P 136	110	35	32	
32	1	T 142	111	40	40	P 143	110	27	34	
33	1	T 144	112	40	40	P 142	110	28	35	
34	1	T 146	113	40	40	P 138	110	35	34	
35	1	T 148	114	40	40	P 140	112	34	34	
36	2	T 150	115	40	40	P 144	112	27	34	P 150	116	34	34	
37	2	T 152	116	40	40	P 144	112	32	34	P 150	114	27	34	
38	2	T 154	117	40	40	P 146	114	34	34	P 152	116	28	34	
39	2	T 156	118	40	40	P 152	116	30	34	P 158	120	34	36	
40	2	T 158	119	40	40	P 154	118	30	34	P 155	118	33	34	
41	3	T 160	120	40	40	P 154	118	36	34	P 162	120	25	35	P 154	118	36	34	
42	3	T 162	121	40	40	P 162	120	27	36	P 166	124	32	34	P 164	124	34	34	
43	3	T 164	122	40	40	P 162	120	27	36	P 166	124	32	34	P 164	124	34	34	
44	2	T 166	123	40	40	P 168	126	34	34	P 174	126	25	35	
45	2	T 168	124	40	40	P 169	126	37	34	P 174	126	25	35	
46	1	T 170	125	40	40	P 169	126	37	34	
47	1	T 172	126	40	40	P 176	130	33	33	
48	1	T 174	127	40	40	P 176	130	35	32	
49	1	T 176	128	40	40	P 178	130	36	36	
50	1	T 178	129	40	40	P 178	95	36	36	
51	1	T 180	130	40	40	P 178	95	36	36	
52	0	T 182	131	40	40	
53	0	T 184	132	40	40	
54	0	T 186	133	40	40	
55	0	T 188	134	40	40	
56	0	T 190	135	40	40	
57	1	T 192	136	40	40	P 184	132	36	36	
58	1	T 194	137	40	40	P 184	132	30	36	
59	2	T 196	138	40	40	P 184	132	36	36	P 184	132	36	36	
60	2	T 198	139	40	40	P 186	132	32	36	P 190	136	36	36	
61	3	T 200	140	40	40	P 192	136	32	36	P 198	142	36	32	P 192	136	32	36	
62	3	T 202	141	40	40	P 204	142	32	34	P 204	142	29	35	P 206	144	32	32	
63	3	T 204	142	40	40	P 206	144	32	33	P 208	146	32	32	P 206	146	36	32	
64	3	T 206	143	40	40	P 208	146	34	34	P 212	146	26	34	P 206	146	36	32	
65	3	T 208	144	40	40	P 208	146	38	34	P 214	146	29	35	P 210	146	34	34	
66	3	T 210	145	40	40	P 213	146	30	36	P 212	146	36	36	P 210	146	34	34	
67	2	T 212	146	40	40	P 216	150	30	32	P 216	150	32	32	
68	2	T 214	147	40	40	P 216	150	30	32	P 216	150	32	32	
69	2	T 216	148	40	40	P 218	150	36	36	P 218	150	34	36	
70	2	T 218	149	40	40	P 220	152	34	34	P 222	152	30	34	
71	2	T 220	150	40	40	P 223	154	33	32	P 222	154	36	32	
72	2	T 222	151	40	40	P 223	154	33	32	P 222	154	36	32	
73	2	T 224	152	40	40	P 226	154	34	34	P 230	154	27	35	
74	2	T 226	153	40	40	P 228	156	34	34	P 230	154	27	35	
75	1	T 228	154	40	40	P 228	156	34	34	
76	1	T 230	155	40	40	P 232	158	34	34	
77	1	T 232	156	40	40	P 233	158	33	34	
78	1	T 234	157	40	40	P 236	158	28	34	
79	1	T 236	158	40	40	P 236	158	33	34	
80	1	T 238	159	40	40	P 236	160	34	34	
81	1	T 240	160	40	40	P 238	162	35	32	
82	1	T 242	161	40	40	P 244	162	29	32	
83	1	T 244	162	40	40	P 242	162	35	34	
84	1	T 246	163	40	40	P 244	162	33	35	
85	1	T 248	164	40	40	P 248	166	36	34	
86	1	T 250	165	40	40	P 248	166	36	34	
87	0	T 252	166	40	40	
88	0	T 254	167	40	40	
89	0	T 256	168	40	40	
90	0	T 258	169	40	40	
91	0	T 260	170	40	40	
92	0	T 262	171	40	40	
93	0	T 264	172	40	40	
94	0	T 266	173	40	40	
95	1	T 268	174	40	40	P 258	170	36	34	
96	1	T 270	175	40	40	P 258	170	36	34	
97	1	T 272	176	40	40	P 262	172	31	33	
98	1	T 274	177	40	40	P 262	172	35	34	
99	1	T 276	178	40	40	P 264	172	33	34	
100	1	T 278	179	40	40	P 266	174	35	34	
101	1	T 280	180	40	40	P 266	174	34	34	
102	1	T 282	181	40	40	P 272	178	35	34	
103	2	T 284	182	40	40	P 274	178	34	34	P 274	178	34	34	
104	2	T 286	183	40	40	P 282	180	27	34	P 280	180	32	34	
105	2	T 288	184	40	40	P 282	182	35	34	P 284	184	34	32	
106	2	T 290	185	40	40	P 288	186	34	34	P 284	184	34	32	
107	1	T 292	186	40	40	P 288	186	34	34	
108	1	T 294	187	40	40	P 296	190	36	32	
109	1	T 296	188	40	40	P 296	190	36	32	
110	0	T 298	189	40	40	
111	0	T 300	190	40	40	
112	0	T 302	191	40	40	
113	0	T 304	192	40	40	
114	0	T 306	193	40	40	
115	0	T 308	194	40	40	
116	0	T 310	195	40	40	
117	0	T 312	196	40	40	
118	0	T 314	197	40	40	
119	0	T 316	198	40	40	
120	0	T 318	199	40	40	
121	0	T 320	200	40	40	
122	2	T 322	201	40	40	P 310	196	36	34	P 310	196	36	34	
123	2	T 324	202	40	40	P 302	192	34	34	P 304	192	32	34	
124	2	T 326	203	40	40	P 304	194	34	34	P 308	194	29	34	
125	2	T 328	204	40	40	P 308	194	32	34	P 306	194	34	34	
126	2	T 330	205	40	40	P 332	208	34	36	P 314	198	34	34	
127	2	T 332	206	40	40	P 320	202	34	34	P 328	204	28	34	
128	2	T 334	207	40	40	P 326	204	32	34	P 328	206	34	34	
129	2	T 336	208	40	40	P 330	206	31	34	P 334	208	32	34	
130	2	T 338	209	40	40	P 338	210	34	34	P 334	208	32	34	
131	1	T 340	210	40	40	P 338	210	34	34	
132	1	T 342	211	40	40	P 344	214	34	34	
133	1	T 344	212	40	40	P 346	214	34	36	
134	1	T 346	213	40	40	P 352	214	26	36	
135	1	T 348	214	40	40	P 350	216	32	32	
136	1	T 350	215	40	40	P 350	216	32	33	
137	1	T 352	216	40	40	P 354	218	36	36	
138	1	T 354	217	40	40	P 352	218	32	32	
139	1	T 356	218	40	40	P 354	216	32	36	
140	1	T 358	219	40	40	P 362	222	32	34	
141	1	T 360	220	40	40	P 362	222	36	35	
142	1	T 362	221	40	40	P 363	222	33	34	
143	1	T 364	222	40	40	P 364	224	34	34	
144	1	T 366	223	40	40	P 369	226	33	33	
145	1	T 368	224	40	40	P 373	228	29	32	
146	1	T 370	225	40	40	P 370	228	34	32	
147	1	T 372	226	40	40	P 376	228	33	34	
148	1	T 374	227	40	40	P 376	228	33	35	
149	1	T 376	228	40	40	P 378	230	36	36	
150	1	T 378	229	40	40	P 380	230	28	36	
151	1	T 380	230	40	40	P 380	230	36	36	
152	2	T 382	231	40	40	P 382	232	36	36	P 382	232	36	36	
153	2	T 384	232	40	40	P 388	236	32	32	P 390	236	26	33	
154	2	T 386	233	40	40	P 388	236	32	32	P 390	236	26	33	
155	2	T 388	234	40	40	P 390	236	35	34	P 394	236	28	35	
156	2	T 390	235	40	40	P 392	238	34	32	P 394	236	28	35	
157	1	T 392	236	40	40	P 394	240	34	32	
158	1	T 394	237	40	40	P 398	240	30	32	
159	1	T 396	238	40	40	P 398	240	30	32	
160	1	T 398	239	40	40	P 402	242	32	32	
161	1	T 400	240	40	40	P 402	242	36	34	
162	1	T 402	241	40	40	P 402	242	36	35	
163	1	T 404	242	40	40	P 402	242	36	35	
164	0	T 406	243	40	40	
165	0	T 408	244	40	40	
166	0	T 410	245	40	40	
167	1	T 412	246	40	40	P 410	246	36	36	
168	1	T 414	247	40	40	P 410	246	36	36	
169	1	T 416	248	40	40	P 414	248	36	34	
170	2	T 418	249	40	40	P 416	248	36	36	P 416	248	36	36	
171	2	T 420	250	40	40	P 418	250	35	34	P 418	250	36	34	
172	2	T 422	251	40	40	P 422	250	28	35	P 422	252	34	34	
173	2	T 424	252	40	40	P 424	254	35	32	P 428	255	32	31	
174	2	T 426	253	40	40	P 432	256	27	34	P 428	255	32	31	
175	1	T 428	254	40	40	P 430	256	35	35	
176	1	T 430	255	40	40	P 432	258	34	34	
177	1	T 432	256	40	40	P 434	258	35	35	
178	1	T 434	257	40	40	P 436	258	27	34	
179	1	T 436	258	40	40	P 435	258	34	34	
180	1	T 438	259	40	40	P 434	258	35	34	
181	1	T 440	260	40	40	P 436	260	34	34	
182	1	T 442	261	40	40	P 443	262	33	34	
183	2	T 444	262	40	40	P 444	262	34	36	P 444	262	34	36	
184	2	T 446	263	40	40	P 448	262	27	36	P 448	264	32	34	
185	2	T 448	264	40	40	P 452	266	28	34	P 450	266	35	34	
186	2	T 450	265	40	40	P 453	266	27	35	P 452	266	32	34	
187	2	T 452	266	40	40	P 453	266	27	35	P 452	266	32	34	
188	0	T 454	267	40	40	
189	0	T 456	268	40	40	
190	0	T 458	269	40	40	
191	0	T 460	270	40	40	
192	0	T 462	271	40	40	
193	0	T 464	272	40	40	
194	0	T 466	273	40	40	
195	0	T 468	274	40	40	
196	2	T 470	275	40	40	P 470	276	36	34	P 470	276	36	34	
197	4	T 472	276	40	40	P 458	270	35	34	P 460	272	34	32	P 472	276	34	36	P 472	276	34	36	
198	4	T 474	277	40	40	P 462	272	34	34	P 464	274	34	32	P 472	276	32	35	P 480	278	24	36	
199	5	T 476	278	40	40	P 474	278	34	36	P 476	280	38	34	P 476	278	30	36	P 476	280	34	34	P 476	278	30	36	
200	5	T 478	279	40	40	P 478	280	34	34	P 482	282	32	32	P 476	278	30	36	P 476	280	34	34	P 476	278	30	36	
201	2	T 480	280	40	40	P 482	281	34	35	P 482	282	32	32	
202	2	T 482	281	40	40	P 484	284	34	34	P 486	284	31	34	
203	2	T 484	282	40	40	P 486	286	34	30	P 486	284	31	34	
204	1	T 486	283	40	40	P 486	286	34	30	
205	1	T 488	284	40	40	P 491	286	33	34	
206	1	T 490	285	40	40	P 490	286	34	34	
207	1	T 492	286	40	40	P 492	288	34	34	
208	1	T 494	287	40	40	P 496	288	34	36	
209	1	T 496	288	40	40	P 499	288	28	36	
210	1	T 498	289	40	40	P 498	290	34	36	
211	1	T 500	290	40	40	P 504	290	31	36	
212	3	T 502	291	40	40	P 500	290	35	36	P 500	290	35	36	P 500	290	36	36	
213	3	T 504	292	40	40	P 500	290	36	36	P 502	294	36	32	P 509	294	32	34	
214	3	T 506	293	40	40	P 506	294	35	35	P 512	294	28	36	P 510	294	33	36	
215	3	T 508	294	40	40	P 506	294	35	35	P 512	294	28	36	P 510	294	33	36	
216	1	T 510	295	40	40	P 512	296	35	36	
217	1	T 512	296	40	40	P 515	300	34	32	
218	1	T 514	297	40	40	P 514	300	35	32	
219	1	T 516	298	40	40	P 520	300	28	34	
220	1	T 518	299	40	40	P 518	300	32	34	
221	1	T 520	300	40	40	P 518	302	34	32	
222	1	T 522	301	40	40	P 520	302	34	32	
223	1	T 524	302	40	40	P 522	302	31	33	
224	1	T 526	303	40	40	P 522	302	34	34	
225	1	T 528	304	40	40	P 528	304	33	34	
226	2	T 530	305	40	40	P 530	304	28	35	P 528	306	36	32	
227	2	T 532	306	40	40	P 534	308	34	36	P 528	306	36	32	
228	2	T 534	307	40	40	P 530	306	34	34	P 528	306	36	32	
229	1	T 536	308	40	40	P 540	310	32	34	
230	1	T 538	309	40	40	P 542	312	32	34	
231	1	T 540	310	40	40	P 542	312	36	34	
232	2	T 542	311	40	40	P 544	312	33	34	P 544	312	30	35	
233	2	T 544	312	40	40	P 544	312	30	35	P 546	314	32	34	
234	2	T 546	313	40	40	P 549	314	28	34	P 546	314	34	34	
235	2	T 548	314	40	40	P 548	314	32	35	P 548	316	35	32	
236	2	T 550	315	40	40	P 551	318	33	32	P 550	318	36	32	
237	2	T 552	316	40	40	P 551	318	29	33	P 550	318	36	32	
238	2	T 554	317	40	40	P 558	318	32	36	P 556	318	36	36	
239	2	T 556	318	40	40	P 558	320	36	34	P 558	320	34	34	
240	2	T 558	319	40	40	P 560	322	34	34	P 561	322	30	34	
241	2	T 560	320	40	40	P 562	322	34	34	P 562	322	36	34	
242	2	T 562	321	40	40	P 566	322	28	35	P 564	322	34	36	
243	2	T 564	322	40	40	P 566	326	35	32	P 564	322	34	36	
244	2	T 566	323	40	40	P 568	326	34	34	P 574	326	26	36	
245	2	T 568	324	40	40	P 568	326	34	34	P 574	326	26	36	
246	2	T 570	325	40	40	P 574	328	32	34	P 576	328	27	34	
247	2	T 572	326	40	40	P 574	328	34	36	P 576	328	32	36	
248	2	T 574	327	40	40	P 576	330	34	34	P 576	328	32	36	
249	2	T 576	328	40	40	P 578	330	34	36	P 580	330	32	36	
250	2	T 578	329	40	40	P 580	332	34	34	P 581	332	31	34	
251	2	T 580	330	40	40	P 583	334	33	32	P 582	334	34	32	
252	2	T 582	331	40	40	P 584	334	35	34	P 582	334	34	32	
253	2	T 584	332	40	40	P 585	334	35	34	P 585	334	35	35	
254	2	T 586	333	40	40	P 590	338	30	30	P 588	338	34	30	
255	2	T 588	334	40	40	P 590	338	30	30	P 588	338	34	30	
256	1	T 590	335	40	40	P 592	336	34	36	
257	1	T 592	336	40	40	P 596	338	32	34	
258	1	T 594	337	40	40	P 596	338	36	36	
259	1	T 596	338	40	40	P 596	338	36	36	
260	1	T 598	339	40	40	P 602	342	32	34	
261	1	T 600	340	40	40	P 602	342	35	34	
262	1	T 602	341	40	40	P 606	342	28	35	
263	1	T 604	342	40	40	P 604	344	34	34	
264	1	T 606	343	40	40	P 608	346	33	32	
265	1	T 608	344	40	40	P 608	346	36	34	
266	1	T 610	345	40	40	P 606	346	35	32	
267	1	T 612	346	40	40	P 610	348	38	34	
268	1	T 614	347	40	40	P 609	346	31	34	
269	1	T 616	348	40	40	P 608	346	35	34	
270	1	T 618	349	40	40	P 614	348	34	34	
271	1	T 620	350	40	40	P 618	350	32	34	
272	1	T 622	351	40	40	P 620	350	34	36	
273	1	T 624	352	40	40	P 616	350	34	34	
274	1	T 626	353	40	40	P 622	352	34	34	
275	2	T 628	354	40	40	P 624	354	35	34	P 628	354	34	36	
276	2	T 630	355	40	40	P 628	354	33	34	P 628	354	34	36	
277	2	T 632	356	40	40	P 635	360	33	32	P 628	354	34	36	
278	1	T 634	357	40	40	P 636	360	34	34	
279	1	T 636	358	40	40	P 636	360	34	34	
280	1	T 638	359	40	40	P 640	362	34	34	
281	1	T 640	360	40	40	P 641	362	33	34	
282	1	T 642	361	40	40	P 644	362	27	34	
283	1	T 644	362	40	40	P 644	362	28	35	
284	1	T 646	363	40	40	P 644	362	30	34	
285	1	T 648	364	40	40	P 650	366	35	36	
286	1	T 650	365	40	40	P 644	362	32	34	
287	1	T 652	366	40	40	P 644	364	34	32	
288	2	T 654	367	40	40	P 656	370	37	34	P 662	369	31	35	
289	3	T 656	368	40	40	P 648	366	34	34	P 656	368	28	34	P 658	370	35	34	
290	3	T 658	369	40	40	P 654	368	33	34	P 662	370	30	36	P 654	368	34	34	
291	3	T 660	370	40	40	P 656	368	32	34	P 658	370	35	34	P 662	372	34	34	
292	3	T 658	371	40	40	P 662	374	33	34	P 660	374	35	34	P 662	372	34	34	
293	2	T 656	372	40	40	P 658	376	35	32	P 658	376	35	33	
294	2	T 654	373	40	40	P 656	376	36	32	P 656	376	35	32	
295	2	T 652	374	40	40	P 656	376	30	36	P 656	376	35	32	
296	1	T 650	375	40	40	P 654	378	33	34	
297	1	T 648	376	40	40	P 650	378	36	34	
298	1	T 646	377	40	40	P 650	378	34	34	
299	1	T 644	378	40	40	P 650	378	34	34	
300	1	T 642	379	40	40	P 646	382	31	34	
301	1	T 640	380	40	40	P 646	382	31	34	
302	1	T 638	381	40	40	P 642	386	32	30	
303	1	T 636	382	40	40	P 638	384	34	34	
304	1	T 634	383	40	40	P 640	384	32	34	
305	1	T 632	384	40	40	P 636	384	34	36	
306	1	T 630	385	40	40	P 634	386	35	34	
307	1	T 628	386	40	40	P 634	388	32	34	
308	2	T 626	387	40	40	P 632	388	34	34	P 630	388	34	34	
309	2	T 624	388	40	40	P 630	388	34	34	P 628	392	34	30	
310	2	T 622	389	40	40	P 626	392	35	32	P 625	390	29	34	
311	2	T 620	390	40	40	P 624	392	34	32	P 621	392	35	36	
312	2	T 618	391	40	40	P 620	394	35	34	P 621	392	35	36	
313	1	T 616	392	40	40	P 620	394	35	34	
314	1	T 614	393	40	40	P 618	396	33	32	
315	1	T 612	394	40	40	P 614	398	34	32	
316	1	T 610	395	40	40	P 614	398	28	34	
317	1	T 608	396	40	40	P 610	398	34	36	
318	1	T 606	397	40	40	P 614	398	32	34	
319	2	T 604	398	40	40	P 608	400	35	34	P 608	400	35	34	
320	2	T 602	399	40	40	P 610	400	33	34	P 608	400	35	34	
321	1	T 600	400	40	40	P 610	400	33	34	
322	1	T 598	401	40	40	P 600	404	34	32	
323	1	T 596	402	40	40	P 598	404	34	35	
324	1	T 594	403	40	40	P 598	404	34	35	
325	1	T 592	404	40	40	P 594	406	34	36	
326	1	T 590	405	40	40	P 594	408	33	34	
327	1	T 588	406	40	40	P 594	408	33	34	
328	1	T 586	407	40	40	P 588	408	35	36	
329	1	T 584	408	40	40	P 588	408	35	36	
330	1	T 582	409	40	40	P 584	412	34	34	
331	1	T 580	410	40	40	P 583	412	34	34	
332	1	T 578	411	40	40	P 582	412	35	34	
333	1	T 576	412	40	40	P 580	414	34	34	
334	1	T 574	413	40	40	P 578	414	34	34	
335	2	T 572	414	40	40	P 580	414	32	34	P 574	416	34	36	
336	2	T 570	415	40	40	P 575	416	33	36	P 578	416	27	36	
337	2	T 568	416	40	40	P 572	418	32	36	P 578	416	27	36	
338	2	T 566	417	40	40	P 570	420	32	34	P 568	420	36	34	
339	2	T 564	418	40	40	P 570	420	32	34	P 568	420	36	34	
340	2	T 562	419	40	40	P 564	420	36	36	P 564	420	34	36	
341	2	T 560	420	40	40	P 564	420	36	36	P 564	420	34	36	
342	1	T 558	419	40	40	P 560	422	34	34	
343	1	T 556	418	40	40	P 558	420	34	34	
344	1	T 554	417	40	40	P 558	420	34	35	
345	1	T 552	416	40	40	P 556	420	35	32	
346	1	T 550	415	40	40	P 557	420	34	33	
347	1	T 548	414	40	40	P 552	422	34	24	
348	1	T 546	413	40	40	P 547	414	35	36	
349	1	T 544	412	40	40	P 550	416	34	34	
350	1	T 542	411	40	40	P 550	416	34	35	
351	1	T 540	410	40	40	P 546	414	34	34	
352	1	T 538	409	40	40	P 540	412	34	34	
353	1	T 536	408	40	40	P 540	412	34	34	
354	1	T 534	407	40	40	P 536	410	34	34	
355	1	T 532	406	40	40	P 538	409	26	33	
356	1	T 530	405	40	40	P 535	410	33	32	
357	1	T 528	404	40	40	P 534	410	34	32	
358	1	T 526	403	40	40	P 530	408	36	32	
359	1	T 524	402	40	40	P 530	404	27	34	
360	1	T 522	401	40	40	P 528	404	32	34	
361	1	T 520	400	40	40	P 524	403	28	31	
362	1	T 518	399	40	40	P 520	402	34	32	
363	1	T 516	398	40	40	P 524	404	32	30	
364	2	T 514	397	40	40	P 516	398	35	36	P 520	398	31	36	
365	2	T 512	396	40	40	P 522	402	30	33	P 516	400	32	32	
366	2	T 510	395	40	40	P 514	396	32	36	P 512	396	36	36	
367	2	T 508	394	40	40	P 514	396	27	34	P 510	396	34	34	
368	2	T 506	393	40	40	P 512	396	32	34	P 510	396	33	32	
369	2	T 504	392	40	40	P 508	396	35	32	P 510	396	33	32	
370	1	T 502	391	40	40	P 506	394	32	34	
371	1	T 500	390	40	40	P 504	392	33	34	
372	1	T 498	389	40	40	P 502	392	36	34	
373	1	T 496	388	40	40	P 500	392	34	34	
374	1	T 494	387	40	40	P 498	390	35	34	
375	1	T 492	386	40	40	P 494	388	35	34	
376	1	T 490	385	40	40	P 494	388	35	34	
377	0	T 488	384	40	40	
378	0	T 486	383	40	40	
379	0	T 484	382	40	40	
380	0	T 482	381	40	40	
381	0	T 480	380	40	40	
382	0	T 478	379	40	40	
383	0	T 476	378	40	40	
384	0	T 474	377	40	40	
385	0	T 472	376	40	40	
386	0	T 470	375	40	40	
387	0	T 468	374	40	40	
388	1	T 466	373	40	40	P 468	374	36	36	
389	1	T 464	372	40	40	P 484	384	34	34	
390	2	T 462	371	40	40	P 484	382	33	34	P 474	378	36	34	
391	2	T 460	370	40	40	P 486	382	28	35	P 476	380	34	34	
392	2	T 458	369	40	40	P 480	380	27	36	P 472	378	34	34	
393	2	T 456	368	40	40	P 470	378	36	32	P 467	374	30	34	
394	2	T 454	367	40	40	P 467	374	33	34	P 466	374	34	34	
395	3	T 452	366	40	40	P 467	374	30	35	P 464	374	34	34	P 460	372	36	34	
396	3	T 450	365	40	40	P 454	366	33	36	P 460	372	36	34	P 458	370	34	34	
397	3	T 448	364	40	40	P 454	366	33	36	P 460	372	36	34	P 458	370	34	34	
398	1	T 446	363	40	40	P 448	366	34	34	
399	1	T 444	362	40	40	P 447	364	29	34	
400	1	T 442	361	40	40	P 446	364	34	34	
401	1	T 440	360	40	40	P 442	362	34	35	
402	1	T 438	359	40	40	P 440	362	34	34	
403	2	T 436	358	40	40	P 440	362	36	34	P 440	362	36	34	
404	2	T 434	357	40	40	P 441	362	27	33	P 436	360	34	32	
405	2	T 432	356	40	40	P 436	358	32	36	P 438	358	27	36	
406	3	T 430	355	40	40	P 436	358	30	36	P 434	358	32	34	P 436	358	30	36	
407	3	T 428	354	40	40	P 432	356	32	34	P 434	358	32	34	P 436	358	30	36	
408	1	T 426	353	40	40	P 432	356	32	34	
409	1	T 424	352	40	40	P 426	354	34	34	
410	1	T 422	351	40	40	P 424	354	34	34	
411	1	T 420	350	40	40	P 428	354	27	34	
412	1	T 418	349	40	40	P 420	350	34	36	
413	1	T 416	348	40	40	P 424	352	32	34	
414	1	T 414	347	40	40	P 418	350	35	34	
415	1	T 412	346	40	40	P 422	350	31	35	
416	2	T 410	345	40	40	P 416	350	34	34	P 416	350	34	34	
417	2	T 408	344	40	40	P 416	350	34	34	P 416	350	34	34	
418	1	T 406	343	40	40	P 408	346	34	32	
419	1	T 404	342	40	40	P 408	346	34	32	
420	0	T 402	341	40	40	
421	0	T 400	340	40	40	
422	0	T 398	339	40	40	
423	1	T 396	338	40	40	P 398	340	36	34	
424	1	T 394	337	40	40	P 402	344	34	32	
425	1	T 392	336	40	40	P 396	340	37	34	
426	1	T 390	335	40	40	P 400	342	34	34	
427	2	T 388	334	40	40	P 398	340	34	34	P 394	338	34	36	
428	3	T 386	333	40	40	P 394	338	34	36	P 392	338	34	32	P 394	338	34	36	
429	3	T 384	332	40	40	P 393	338	32	33	P 388	336	36	32	P 386	338	35	28	
430	3	T 382	331	40	40	P 384	334	34	34	P 386	334	28	34	P 386	338	35	28	
431	2	T 380	330	40	40	P 383	332	33	34	P 386	334	28	34	
432	1	T 378	329	40	40	P 382	332	32	34	
433	1	T 376	328	40	40	P 380	332	33	33	
434	1	T 374	327	40	40	P 376	330	36	34	
435	1	T 372	326	40	40	P 376	330	34	34	
436	2	T 370	325	40	40	P 371	326	37	36	P 371	326	36	36	
437	3	T 368	324	40	40	P 380	330	28	34	P 376	328	32	35	P 372	326	32	36	
438	3	T 366	323	40	40	P 370	324	32	36	P 376	326	28	36	P 372	326	32	36	
439	2	T 364	322	40	40	P 368	324	32	34	P 376	326	28	36	
440	2	T 362	321	40	40	P 366	324	32	34	P 368	324	29	34	
441	2	T 360	320	40	40	P 362	322	36	35	P 364	322	32	34	
442	2	T 358	319	40	40	P 362	320	30	36	P 364	322	32	34	
443	2	T 356	318	40	40	P 358	320	36	34	P 358	320	35	34	
444	2	T 354	317	40	40	P 358	320	32	34	P 356	320	34	34	
445	2	T 352	316	40	40	P 354	318	35	34	P 356	318	33	34	
446	2	T 350	315	40	40	P 358	318	28	35	P 352	318	34	34	
447	2	T 348	314	40	40	P 354	318	32	34	P 355	318	31	35	
448	2	T 346	313	40	40	P 350	318	34	32	P 355	318	31	35	
449	2	T 344	312	40	40	P 350	314	26	36	P 348	314	32	36	
450	2	T 342	311	40	40	P 350	314	26	36	P 348	314	32	36	
451	1	T 340	310	40	40	P 344	312	33	35	
452	1	T 338	309	40	40	P 344	312	33	35	
453	1	T 336	308	40	40	P 340	310	32	34	
454	1	T 334	307	40	40	P 338	310	36	34	
455	1	T 332	306	40	40	P 341	310	29	35	
456	1	T 330	305	40	40	P 336	308	29	34	
457	1	T 328	304	40	40	P 334	308	34	34	
458	2	T 326	303	40	40	P 336	308	30	34	P 331	308	37	34	
459	2	T 324	302	40	40	P 326	304	36	36	P 334	308	32	34	
460	3	T 322	301	40	40	P 331	308	37	34	P 337	308	25	35	P 331	308	37	34	
461	3	T 320	300	40	40	P 330	308	34	32	P 331	308	29	35	P 332	304	24	36	
462	3	T 318	299	40	40	P 320	302	34	34	P 331	308	29	35	P 332	304	24	36	
463	2	T 316	298	40	40	P 318	300	34	34	P 320	300	30	34	
464	2	T 314	297	40	40	P 318	300	34	34	P 320	300	30	34	
465	0	T 312	296	40	40	
466	0	T 310	295	40	40	
467	0	T 308	294	40	40	
468	0	T 306	293	40	40	
469	1	T 304	292	40	40	P 306	294	34	34	
470	1	T 302	291	40	40	P 316	298	27	34	
471	1	T 300	290	40	40	P 314	298	32	34	
472	1	T 298	289	40	40	P 311	298	33	32	
473	1	T 296	288	40	40	P 302	292	34	34	
474	1	T 294	287	40	40	P 308	296	35	32	
475	2	T 292	286	40	40	P 309	296	34	32	P 294	288	35	36	
476	2	T 290	285	40	40	P 300	292	34	34	P 300	290	32	35	
477	2	T 288	284	40	40	P 298	288	28	36	P 294	288	32	34	
478	2	T 286	283	40	40	P 292	288	34	34	P 294	288	32	34	
479	1	T 284	282	40	40	P 292	288	34	34	
480	1	T 282	281	40	40	P 284	281	34	35	
481	1	T 280	280	40	40	P 282	282	34	36	
482	1	T 278	279	40	40	P 282	282	34	36	
483	0	T 276	278	40	40	
484	0	T 274	277	40	40	
485	0	T 272	276	40	40	
486	0	T 270	275	40	40	
487	0	T 268	274	40	40	
488	1	T 266	273	40	40	P 278	278	27	36	
489	1	T 264	272	40	40	P 278	280	33	34	
490	1	T 262	271	40	40	P 274	278	34	36	
491	1	T 260	270	40	40	P 278	278	27	36	
492	1	T 258	269	40	40	P 268	276	34	34	
493	1	T 256	268	40	40	P 260	272	35	34	
494	1	T 254	267	40	40	P 261	272	34	34	
495	1	T 252	266	40	40	P 258	270	34	34	
496	1	T 250	265	40	40	P 256	270	36	34	
497	1	T 248	264	40	40	P 256	270	34	34	
498	2	T 246	263	40	40	P 254	268	35	34	P 252	268	35	34	
499	2	T 244	262	40	40	P 252	268	35	34	P 250	266	34	36	
500	2	T 242	261	40	40	P 253	266	7	38	P 248	264	33	36	
501	2	T 240	260	40	40	P 248	264	30	36	P 244	264	34	32	
502	2	T 238	259	40	40	P 244	262	33	34	P 242	260	32	36	
503	2	T 236	258	40	40	P 244	260	26	36	P 242	260	32	36	
504	1	T 234	257	40	40	P 244	260	26	36	
505	1	T 232	256	40	40	P 236	260	33	32	
506	1	T 230	255	40	40	P 232	256	34	36	
507	2	T 228	254	40	40	P 237	260	27	33	P 230	256	34	34	
508	2	T 226	253	40	40	P 232	256	32	34	P 228	256	36	34	
509	2	T 224	252	40	40	P 226	256	36	32	P 228	256	33	32	
510	2	T 222	251	40	40	P 226	256	36	32	P 228	256	33	32	
511	1	T 220	250	40	40	P 224	254	32	32	
512	1	T 218	249	40	40	P 222	254	30	30	
513	1	T 216	248	40	40	P 218	250	37	34	
514	1	T 214	247	40	40	P 222	250	28	35	
515	1	T 212	246	40	40	P 216	248	34	36	
516	2	T 210	245	40	40	P 216	248	36	36	P 216	248	36	36	
517	2	T 208	244	40	40	P 212	246	32	35	P 216	248	36	36	
518	1	T 206	243	40	40	P 212	246	32	35	
519	1	T 204	242	40	40	P 206	246	34	32	
520	1	T 202	241	40	40	P 206	246	34	32	
521	0	T 200	240	40	40	
522	0	T 198	239	40	40	
523	0	T 196	238	40	40	
524	1	T 194	237	40	40	P 202	240	32	36	
525	2	T 192	236	40	40	P 202	240	32	36	P 202	240	32	36	
526	3	T 190	235	40	40	P 198	240	38	34	P 198	240	32	34	P 198	240	38	34	
527	3	T 188	234	40	40	P 194	238	34	34	P 190	238	34	32	P 198	240	38	34	
528	2	T 186	233	40	40	P 194	238	34	34	P 190	238	34	32	
529	1	T 184	232	40	40	P 188	234	32	36	
530	1	T 182	231	40	40	P 188	234	32	36	
531	1	T 180	230	40	40	P 184	234	33	33	
532	1	T 178	229	40	40	P 180	230	34	36	
533	1	T 176	228	40	40	P 180	230	32	34	
534	1	T 174	227	40	40	P 176	228	36	36	
535	1	T 172	226	40	40	P 180	230	29	35	
536	1	T 170	225	40	40	P 178	228	33	36	
537	1	T 168	224	40	40	P 174	228	35	34	
538	1	T 166	223	40	40	P 170	224	33	36	
539	1	T 164	222	40	40	P 172	224	27	36	
540	2	T 162	221	40	40	P 169	225	27	33	P 166	222	32	36	
541	3	T 160	220	40	40	P 164	222	29	34	P 168	226	32	32	P 162	222	34	34	
542	3	T 158	219	40	40	P 164	222	32	34	P 160	220	36	36	P 162	222	34	34	
543	2	T 156	218	40	40	P 158	220	34	35	P 159	220	32	34	
544	2	T 154	217	40	40	P 160	220	27	34	P 156	220	34	34	
545	2	T 152	216	40	40	P 154	218	34	34	P 156	220	34	34	
546	2	T 150	215	40	40	P 152	216	36	36	P 154	216	30	36	
547	2	T 148	214	40	40	P 150	218	36	32	P 152	218	30	32	
548	2	T 146	213	40	40	P 148	216	34	32	P 152	218	30	32	
549	2	T 144	212	40	40	P 146	214	35	34	P 148	214	33	35	
550	2	T 142	211	40	40	P 146	212	32	36	P 148	214	33	35	
551	1	T 140	210	40	40	P 142	212	34	34	
552	1	T 138	209	40	40	P 140	212	34	34	
553	1	T 136	208	40	40	P 140	212	36	34	
554	1	T 134	207	40	40	P 138	210	35	34	
555	3	T 132	206	40	40	P 138	210	36	34	P 138	210	36	34	P 136	210	36	34	
556	3	T 130	205	40	40	P 142	210	26	35	P 140	210	26	34	P 136	208	26	34	
557	3	T 128	204	40	40	P 130	208	35	32	P 132	208	33	32	P 136	208	26	34	
558	2	T 126	203	40	40	P 127	206	37	36	P 132	208	33	32	
559	1	T 124	202	40	40	P 126	204	35	36	
560	1	T 122	201	40	40	P 124	204	35	32	
561	1	T 120	200	40	40	P 122	202	36	34	
562	1	T 118	199	40	40	P 123	202	34	34	
563	1	T 116	198	40	40	P 120	202	34	34	
564	1	T 114	197	40	40	P 118	200	30	34	
565	1	T 112	196	40	40	P 114	200	35	32	
566	1	T 110	195	40	40	P 112	198	36	34	
567	1	T 108	194	40	40	P 112	198	34	34	
568	1	T 106	193	40	40	P 112	196	33	34	
569	1	T 104	192	40	40	P 114	196	28	35	
570	1	T 102	191	40	40	P 106	196	34	32	
571	1	T 100	190	40	40	P 108	194	28	34	
572	1	T 98	189	40	40	P 100	190	34	36	
573	1	T 96	188	40	40	P 106	194	32	34	
574	2	T 94	187	40	40	P 103	190	28	37	P 100	190	32	36	
575	2	T 92	186	40	40	P 102	190	26	36	P 97	190	31	34	
576	2	T 90	185	40	40	P 96	190	35	34	P 92	188	34	34	
577	2	T 88	184	40	40	P 96	190	35	34	P 92	188	34	34	
578	0	T 86	183	40	40	
579	0	T 84	182	40	40	
580	0	T 82	181	40	40	
581	0	T 80	180	40	40	
582	0	T 78	179	40	40	
583	0	T 76	178	40	40	
584	0	T 74	177	40	40	
585	1	T 72	176	40	40	P 74	178	36	34	
586	3	T 70	175	40	40	P 88	185	28	33	P 72	178	36	34	P 72	178	35	34	
587	4	T 68	174	40	40	P 78	180	32	34	P 88	186	32	32	P 86	184	32	33	P 74	178	34	34	
588	4	T 66	173	40	40	P 83	183	33	31	P 82	184	36	30	P 76	178	26	34	P 74	178	34	34	
589	3	T 64	172	40	40	P 66	178	34	26	P 66	178	34	27	P 76	178	26	34	
590	2	T 62	171	40	40	P 64	174	34	34	P 67	174	31	34	
591	2	T 60	170	40	40	P 64	174	34	34	P 67	174	31	34	
592	2	T 58	169	40	40	P 62	172	28	32	P 62	172	33	32	
593	2	T 56	168	40	40	P 60	172	35	33	P 58	170	37	34	
594	2	T 54	167	40	40	P 56	170	35	32	P 58	170	37	34	
595	1	T 52	166	40	40	P 56	170	35	32	
596	1	T 50	165	40	40	P 54	168	33	34	
597	1	T 48	164	40	40	P 52	168	35	34	
598	1	T 46	163	40	40	P 55	168	29	34	
599	2	T 44	162	40	40	P 54	166	27	34	P 50	166	34	34	
600	3	T 42	161	40	40	P 52	166	32	34	P 52	166	26	34	P 48	166	34	34	
601	3	T 40	160	40	40	P 42	162	34	36	P 48	166	34	34	P 48	166	36	34	
602	3	T 38	159	40	40	P 50	164	30	34	P 48	164	32	34	P 40	162	34	34	
603	3	T 36	158	40	40	P 38	160	34	36	P 48	164	32	34	P 40	162	34	34	
604	1	T 34	157	40	40	P 38	160	34	36	
605	0	T 32	156	40	40	
606	0	T 30	155	40	40	
607	0	T 28	154	40	40	
608	0	T 26	153	40	40	
609	0	T 24	152	40	40	
610	0	T 22	151	40	40	
611	0	T 20	150	40	40	
612	3	T 22	149	40	40	P 26	151	26	37	P 22	152	34	36	P 22	152	34	36	
613	3	T 24	148	40	40	P 32	158	34	32	P 30	156	33	34	P 26	154	34	34	
614	3	T 26	147	40	40	P 24	154	34	34	P 26	151	26	37	P 24	152	34	34	
615	3	T 28	146	40	40	P 28	150	32	34	P 30	150	27	35	P 30	148	36	34	
616	3	T 30	145	40	40	P 34	148	26	35	P 36	148	28	34	P 32	148	34	34	
617	3	T 32	144	40	40	P 35	146	34	36	P 34	146	36	36	P 32	148	34	34	
618	2	T 34	143	40	40	P 35	146	34	36	P 34	146	36	36	
619	2	T 36	142	40	40	P 42	144	28	34	P 38	144	36	34	
620	2	T 38	141	40	40	P 40	144	34	34	P 42	144	32	34	
621	2	T 40	140	40	40	P 44	144	27	34	P 42	144	35	32	
622	2	T 42	139	40	40	P 44	142	34	32	P 42	144	35	32	
623	1	T 44	138	40	40	P 46	140	34	36	
624	1	T 46	137	40	40	P 46	140	34	36	
625	1	T 48	136	40	40	P 52	138	33	34	
626	1	T 50	135	40	40	P 52	136	36	36	
627	1	T 52	134	40	40	P 54	138	28	35	
628	1	T 54	133	40	40	P 53	136	34	36	
629	1	T 56	132	40	40	P 56	136	32	34	
630	1	T 58	131	40	40	P 60	136	31	34	
631	1	T 60	130	40	40	P 56	136	35	34	
632	1	T 62	129	40	40	P 59	134	31	35	
633	1	T 64	128	40	40	P 64	130	34	36	
634	1	T 66	127	40	40	P 62	132	34	34	
635	2	T 68	126	40	40	P 70	126	35	38	P 72	126	33	38	
636	2	T 70	125	40	40	P 70	130	24	36	P 66	130	35	34	
637	2	T 72	124	40	40	P 70	130	32	34	P 72	130	27	34	
638	2	T 74	123	40	40	P 76	124	36	36	P 76	124	34	36	
639	2	T 76	122	40	40	P 80	126	33	32	P 76	124	34	36	
640	1	T 78	121	40	40	P 80	126	33	32	
641	1	T 80	120	40	40	P 84	124	33	33	
642	1	T 82	119	40	40	P 84	122	36	34	
643	1	T 84	118	40	40	P 85	122	33	34	
644	1	T 86	117	40	40	P 88	120	33	34	
645	1	T 88	116	40	40	P 90	118	34	34	
646	1	T 90	115	40	40	P 92	116	36	36	
647	1	T 92	114	40	40	P 92	118	32	34	
648	1	T 94	113	40	40	P 92	116	34	36	
649	1	T 96	112	40	40	P 96	116	34	34	
650	1	T 98	111	40	40	P 99	116	33	32	
651	1	T 100	110	40	40	P 100	114	34	34	
652	1	T 102	109	40	40	P 104	114	27	34	
653	1	T 104	108	40	40	P 110	110	28	35	
654	1	T 106	107	40	40	P 103	114	34	32	
655	1	T 108	106	40	40	P 108	110	35	34	
656	1	T 110	105	40	40	P 102	114	35	32	
657	1	T 112	104	40	40	P 110	110	28	34	
658	2	T 114	103	40	40	P 114	106	34	36	P 114	106	34	36	
659	3	T 116	102	40	40	P 107	110	33	34	P 106	110	34	34	P 107	110	33	34	
660	3	T 118	101	40	40	P 110	108	34	34	P 118	104	32	36	P 119	106	33	32	
661	3	T 120	100	40	40	P 124	104	33	32	P 125	104	27	33	P 119	106	33	32	
662	2	T 122	99	40	40	P 124	102	34	32	P 125	104	27	33	
663	1	T 124	98	40	40	P 124	102	34	32	
664	1	T 126	97	40	40	P 128	100	35	34	
665	1	T 128	96	40	40	P 132	100	28	34	
666	2	T 130	95	40	40	P 130	98	34	36	P 130	98	34	36	
667	2	T 132	94	40	40	P 135	98	25	36	P 132	98	34	34	
668	2	T 134	93	40	40	P 134	96	34	36	P 137	94	31	36	
669	2	T 136	92	40	40	P 136	94	34	36	P 137	94	31	36	
670	1	T 138	91	40	40	P 140	94	36	34	
671	1	T 140	90	40	40	P 140	94	36	34	
672	1	T 142	89	40	40	P 146	92	32	34	
673	1	T 144	88	40	40	P 144	92	34	34	
674	1	T 146	87	40	40	P 150	90	27	34	
675	1	T 148	86	40	40	P 150	90	32	32	
676	1	T 150	85	40	40	P 150	88	34	34	
677	1	T 152	84	40	40	P 154	88	29	34	
678	1	T 154	83	40	40	P 154	88	33	34	
679	1	T 156	82	40	40	P 152	88	35	34	
680	1	T 158	81	40	40	P 156	88	27	34	
681	1	T 160	80	40	40	P 162	82	35	36	
682	1	T 162	79	40	40	P 154	88	34	32	
683	1	T 164	78	40	40	P 158	86	32	34	
684	1	T 166	77	40	40	P 164	82	33	36	
685	1	T 168	76	40	40	P 160	86	33	32	
686	1	T 170	75	40	40	P 160	84	34	34	
687	3	T 172	74	40	40	P 161	84	29	34	P 172	78	36	34	P 166	80	34	34	
688	4	T 174	73	40	40	P 167	82	27	36	P 166	82	28	36	P 166	82	32	34	P 172	78	36	34	
689	4	T 176	72	40	40	P 168	80	34	34	P 174	78	27	34	P 172	78	32	34	P 176	78	28	34	
690	4	T 178	71	40	40	P 172	78	36	34	P 172	78	34	34	P 176	78	27	36	P 174	78	35	32	
691	4	T 180	70	40	40	P 180	74	33	34	P 172	78	34	34	P 176	78	27	36	P 174	78	35	32	
692	1	T 182	69	40	40	P 184	70	36	36	
693	1	T 184	68	40	40	P 187	70	30	34	
694	1	T 186	67	40	40	P 186	70	34	34	
695	1	T 188	66	40	40	P 190	68	35	35	
696	1	T 190	65	40	40	P 187	70	30	35	
697	1	T 192	64	40	40	P 188	70	34	32	
698	1	T 194	63	40	40	P 190	68	35	34	
699	1	T 196	62	40	40	P 192	68	34	34	
700	1	T 198	61	40	40	P 193	68	33	34	
701	1	T 200	60	40	40	P 193	68	33	34	
702	1	T 202	59	40	40	P 204	60	35	36	
703	1	T 204	58	40	40	P 206	62	34	32	
704	1	T 206	57	40	40	P 208	58	34	36	
705	1	T 208	56	40	40	P 212	58	26	36	
706	1	T 210	55	40	40	P 210	60	35	32	
707	1	T 212	54	40	40	P 214	56	34	36	
708	1	T 214	53	40	40	P 216	56	34	32	
709	1	T 216	52	40	40	P 218	56	35	32	
710	1	T 218	51	40	40	P 220	54	34	32	
711	1	T 220	50	40	40	P 222	54	31	33	
712	1	T 222	49	40	40	P 222	52	34	36	
713	1	T 224	48	40	40	P 224	52	35	34	
714	1	T 226	47	40	40	P 226	52	33	34	
715	1	T 228	46	40	40	P 230	50	30	34	
716	1	T 230	45	40	40	P 230	52	35	26	
717	1	T 232	44	40	40	P 235	46	31	34	
718	1	T 234	43	40	40	P 234	46	34	34	
719	1	T 236	42	40	40	P 238	46	36	34	
720	1	T 238	41	40	40	P 238	44	34	34	
721	1	T 240	40	40	40	P 240	44	35	34	
722	1	T 242	39	40	40	P 240	44	35	34	
723	1	T 244	38	40	40	P 248	40	32	34	
724	1	T 246	37	40	40	P 248	44	35	26	
725	1	T 248	36	40	40	P 250	38	36	34	
726	1	T 250	35	40	40	P 252	38	34	34	
727	1	T 252	34	40	40	P 252	38	36	34	
728	1	T 254	33	40	40	P 252	38	36	34	
729	1	T 256	32	40	40	P 258	34	35	34	
730	1	T 258	31	40	40	P 260	34	33	35	
731	1	T 260	30	40	40	P 260	34	36	34	
732	1	T 262	29	40	40	P 266	32	26	34	
733	1	T 264	28	40	40	P 262	32	34	34	
734	1	T 266	27	40	40	P 264	32	35	34	
735	1	T 268	26	40	40	P 270	28	32	36	
736	1	T 270	25	40	40	P 270	28	34	34	
737	1	T 272	24	40	40	P 274	26	34	34	
738	1	T 274	23	40	40	P 276	30	36	25	
739	1	T 276	22	40	40	P 278	26	34	32	
740	1	T 278	21	40	40	P 279	26	29	36	
741	1	T 280	20	40	40	P 282	24	30	34	
742	1	T 282	21	40	40	P 280	24	34	34	
743	1	T 284	22	40	40	P 283	23	33	33	
744	1	T 286	23	40	40	P 284	24	34	34	
745	1	T 288	24	40	40	P 288	24	27	34	
746	1	T 290	25	40	40	P 292	26	32	36	
747	1	T 292	26	40	40	P 292	26	35	36	
748	1	T 294	27	40	40	P 299	28	29	36	
749	1	T 296	28	40	40	P 294	28	34	36	
750	1	T 298	29	40	40	P 296	28	32	36	
751	1	T 300	30	40	40	P 304	30	27	36	
752	1	T 302	31	40	40	P 300	30	34	36	
753	1	T 304	32	40	40	P 304	32	32	35	
754	1	T 306	33	40	40	P 304	32	34	36	
755	1	T 308	34	40	40	P 306	34	34	34	
756	1	T 310	35	40	40	P 309	36	33	32	
757	1	T 312	36	40	40	P 309	36	33	32	
758	1	T 314	37	40	40	P 316	40	34	32	
759	1	T 316	38	40	40	P 318	40	35	34	
760	1	T 318	39	40	40	P 322	40	31	34	
761	1	T 320	40	40	40	P 319	40	34	34	
762	1	T 322	41	40	40	P 323	42	37	34	
763	2	T 324	42	40	40	P 322	42	38	34	P 322	42	38	34	
764	2	T 326	43	40	40	P 328	44	28	34	P 324	44	35	34	
765	2	T 328	44	40	40	P 330	44	32	36	P 332	46	33	36	
766	2	T 330	45	40	40	P 332	46	36	36	P 332	46	34	36	
767	2	T 332	46	40	40	P 336	46	26	36	P 332	46	34	36	
768	2	T 334	47	40	40	P 337	50	31	34	P 336	50	35	34	
769	2	T 336	48	40	40	P 337	50	34	34	P 338	52	34	32	
770	2	T 338	49	40	40	P 341	52	33	32	P 338	52	34	32	
771	1	T 340	50	40	40	P 342	54	34	32	
772	1	T 342	51	40	40	P 344	54	36	34	
773	1	T 344	52	40	40	P 348	54	31	34	
774	1	T 346	53	40	40	P 348	54	34	36	
775	1	T 348	54	40	40	P 352	54	26	36	
776	1	T 350	55	40	40	P 356	58	27	37	
777	1	T 352	56	40	40	P 352	58	34	34	
778	1	T 354	57	40	40	P 352	58	36	34	
779	1	T 356	58	40	40	P 354	58	36	34	
780	1	T 358	59	40	40	P 355	60	37	34	
781	1	T 360	60	40	40	P 355	60	36	34	
782	1	T 362	61	40	40	P 362	60	28	35	
783	1	T 364	62	40	40	P 363	62	29	36	
784	1	T 366	63	40	40	P 362	62	34	36	
785	1	T 368	64	40	40	P 366	64	36	35	
786	1	T 370	65	40	40	P 370	66	34	34	
787	1	T 372	66	40	40	P 374	68	34	34	
788	1	T 374	67	40	40	P 376	68	37	36	
789	1	T 376	68	40	40	P 378	68	26	35	
790	1	T 378	69	40	40	P 378	68	32	36	
791	1	T 380	70	40	40	P 380	68	27	36	
792	1	T 382	71	40	40	P 382	72	31	33	
793	2	T 384	72	40	40	P 386	74	32	34	P 386	72	34	38	
794	2	T 386	73	40	40	P 384	74	34	34	P 388	74	29	36	
795	2	T 388	74	40	40	P 390	75	35	35	P 388	72	32	38	
796	2	T 390	75	40	40	P 388	72	29	38	P 392	76	33	34	
797	2	T 392	76	40	40	P 396	78	28	34	P 392	78	35	34	
798	2	T 394	77	40	40	P 394	78	34	34	P 396	80	35	32	
799	2	T 396	78	40	40	P 398	80	34	34	P 396	80	35	32	
800	2	T 398	79	40	40	P 404	82	33	34	P 400	82	37	34	
801	2	T 400	80	40	40	P 404	82	29	34	P 402	82	34	34	
802	2	T 402	81	40	40	P 404	82	30	34	P 402	82	34	34	
803	1	T 404	82	40	40	P 404	82	30	34	
804	1	T 406	83	40	40	P 408	84	36	36	
805	1	T 408	84	40	40	P 410	84	33	36	
806	2	T 410	85	40	40	P 411	86	30	36	P 410	86	36	36	
807	2	T 412	86	40	40	P 410	86	34	36	P 410	86	36	36	
808	2	T 414	87	40	40	P 410	86	34	36	P 410	86	36	36	
809	1	T 416	88	40	40	P 418	92	34	32	
810	1	T 418	89	40	40	P 422	92	32	32	
811	1	T 420	90	40	40	P 422	92	34	34	
812	1	T 422	91	40	40	P 426	92	28	34	
813	1	T 424	92	40	40	P 426	92	33	36	
814	1	T 426	93	40	40	P 428	92	27	36	
815	1	T 428	94	40	40	P 427	95	29	33	
816	1	T 430	95	40	40	P 428	96	34	34	
817	1	T 432	96	40	40	P 427	96	33	32	
818	1	T 434	97	40	40	P 432	98	36	34	
819	1	T 436	98	40	40	P 426	96	34	32	
820	1	T 438	99	40	40	P 432	98	35	34	
821	1	T 440	100	40	40	P 438	100	35	34	
822	1	T 442	101	40	40	P 442	100	28	35	
823	1	T 444	102	40	40	P 446	104	34	34	
824	1	T 446	103	40	40	P 446	104	36	34	
825	1	T 448	104	40	40	P 448	106	36	34	
826	1	T 450	105	40	40	P 450	108	35	32	
827	1	T 452	106	40	40	P 452	108	34	34	
828	1	T 454	107	40	40	P 454	109	34	29	
829	1	T 456	108	40	40	P 458	110	36	34	
830	1	T 458	109	40	40	P 459	110	32	34	
831	1	T 460	110	40	40	P 462	114	32	30	
832	1	T 462	111	40	40	P 464	114	34	34	
833	1	T 464	112	40	40	P 468	114	30	34	
834	1	T 466	113	40	40	P 468	116	35	32	
835	1	T 468	114	40	40	P 470	116	33	33	
836	1	T 470	115	40	40	P 472	118	34	34	
837	1	T 472	116	40	40	P 472	118	32	32	
838	1	T 474	117	40	40	P 470	118	34	33	
839	1	T 476	118	40	40	P 474	118	34	34	
840	1	T 478	119	40	40	P 478	122	34	32	
841	1	T 480	120	40	40	P 480	120	34	36	
842	1	T 482	121	40	40	P 484	120	26	36	
843	1	T 484	122	40	40	P 482	122	34	34	
844	1	T 486	123	40	40	P 490	124	27	34	
845	1	T 488	124	40	40	P 486	124	36	34	
846	1	T 490	125	40	40	P 488	124	32	34	
847	1	T 492	126	40	40	P 490	126	30	34	
848	1	T 494	127	40	40	P 496	130	34	34	
849	1	T 496	128	40	40	P 497	130	33	34	
850	1	T 498	129	40	40	P 498	130	34	35	
851	2	T 500	130	40	40	P 500	130	27	34	P 502	132	36	36	
852	2	T 502	131	40	40	P 499	130	33	34	P 500	132	36	34	
853	2	T 504	132	40	40	P 506	134	36	36	P 506	134	33	32	
854	2	T 506	133	40	40	P 506	134	36	36	P 506	134	33	32	
855	1	T 508	134	40	40	P 510	136	34	34	
856	1	T 510	135	40	40	P 512	138	34	34	
857	1	T 512	136	40	40	P 516	138	27	36	
858	1	T 514	137	40	40	P 514	138	36	34	
859	1	T 516	138	40	40	P 516	140	36	34	
860	1	T 518	139	40	40	P 518	140	34	36	
861	1	T 520	140	40	40	P 522	140	32	36	
862	1	T 522	141	40	40	P 524	140	26	36	
863	1	T 524	142	40	40	P 522	142	36	34	
864	1	T 526	143	40	40	P 528	144	32	34	
865	1	T 528	144	40	40	P 530	146	36	36	
866	1	T 530	145	40	40	P 526	144	34	34	
867	1	T 532	146	40	40	P 530	146	33	32	
868	1	T 534	147	40	40	P 534	148	34	34	
869	1	T 536	148	40	40	P 528	146	35	32	
870	1	T 538	149	40	40	P 536	150	34	34	
871	1	T 540	150	40	40	P 538	152	34	32	
872	1	T 542	151	40	40	P 544	152	36	36	
873	1	T 544	152	40	40	P 546	154	36	36	
874	1	T 546	153	40	40	P 548	156	35	34	
875	1	T 548	154	40	40	P 550	156	33	34	
876	1	T 550	155	40	40	P 554	156	27	34	
877	1	T 552	156	40	40	P 550	156	34	34	
878	1	T 554	157	40	40	P 556	158	33	34	
879	1	T 556	158	40	40	P 558	160	35	36	
880	1	T 558	159	40	40	P 560	160	31	34	
881	1	T 560	160	40	40	P 556	160	35	34	
882	1	T 562	161	40	40	P 556	160	36	34	
883	1	T 564	162	40	40	P 564	160	26	36	
884	1	T 566	163	40	40	P 560	162	34	34	
885	2	T 568	164	40	40	P 568	164	36	36	P 568	164	36	36	
886	2	T 570	165	40	40	P 566	162	32	36	P 566	164	34	34	
887	2	T 572	166	40	40	P 567	164	31	34	P 568	164	34	36	
888	2	T 574	167	40	40	P 576	168	36	36	P 572	168	35	32	
889	2	T 576	168	40	40	P 573	168	34	33	P 578	168	30	34	
890	2	T 578	169	40	40	P 574	168	34	34	P 582	168	24	37	
891	2	T 580	170	40	40	P 582	174	32	30	P 582	168	24	37	
892	1	T 582	171	40	40	P 584	174	34	32	
893	1	T 584	172	40	40	P 586	174	34	34	
894	1	T 586	173	40	40	P 588	176	34	34	
895	1	T 588	174	40	40	P 590	176	32	34	
896	1	T 590	175	40	40	P 592	178	32	32	
897	1	T 592	176	40	40	P 594	178	36	34	
898	3	T 594	177	40	40	P 592	178	28	33	P 594	178	34	34	P 594	178	34	34	
899	3	T 596	178	40	40	P 598	177	30	35	P 598	178	30	34	P 594	178	34	34	
900	2	T 598	179	40	40	P 598	177	30	35	P 598	178	30	34	
901	0	T 600	180	40	40	
902	0	T 602	181	40	40	
903	0	T 604	182	40	40	
904	0	T 606	183	40	40	
905	0	T 608	184	40	40	
906	0	T 610	185	40	40	
907	0	T 612	186	40	40	
908	1	T 614	187	40	40	P 608	186	34	34	
909	1	T 616	188	40	40	P 608	184	32	34	
910	1	T 618	189	40	40	P 608	186	34	34	
911	1	T 620	190	40	40	P 611	188	33	32	
912	2	T 622	191	40	40	P 612	188	36	34	P 612	188	36	34	
913	2	T 624	192	40	40	P 614	188	32	34	P 622	192	34	34	
914	2	T 626	193	40	40	P 624	194	35	32	P 625	194	34	33	
915	3	T 628	194	40	40	P 628	196	36	34	P 630	196	32	34	P 628	196	36	34	
916	3	T 630	195	40	40	P 632	198	35	34	P 630	196	32	34	P 628	196	36	34	
917	2	T 632	196	40	40	P 638	198	28	36	P 636	198	32	36	
918	2	T 634	197	40	40	P 638	198	28	36	P 636	198	32	36	
919	2	T 636	198	40	40	P 642	200	27	34	P 640	200	32	34	
920	2	T 638	199	40	40	P 642	200	28	34	P 642	202	32	32	
921	2	T 640	200	40	40	P 642	202	35	34	P 644	202	33	34	
922	2	T 642	201	40	40	P 646	202	28	35	P 644	202	33	34	
923	2	T 644	202	40	40	P 646	204	34	36	P 648	204	30	36	
924	2	T 646	203	40	40	P 650	204	32	36	P 648	204	30	36	
925	1	T 648	204	40	40	P 650	204	32	36	
926	1	T 650	205	40	40	P 652	208	34	34	
927	1	T 652	206	40	40	P 656	210	32	32	
928	1	T 654	207	40	40	P 656	208	36	36	
929	1	T 656	208	40	40	P 660	208	27	36	
930	1	T 658	209	40	40	P 660	208	27	36	
931	1	T 660	210	40	40	P 664	212	32	34	
932	1	T 658	211	40	40	P 662	214	29	34	
933	1	T 656	212	40	40	P 658	214	34	36	
934	1	T 654	213	40	40	P 662	214	32	34	
935	1	T 652	214	40	40	P 664	214	27	34	
936	1	T 650	215	40	40	P 662	214	27	36	
937	1	T 648	216	40	40	P 658	216	33	34	
938	2	T 646	217	40	40	P 654	218	32	32	P 648	220	34	34	
939	2	T 644	218	40	40	P 650	218	36	34	P 652	218	34	32	
940	2	T 642	219	40	40	P 654	220	28	35	P 646	220	36	34	
941	3	T 640	220	40	40	P 646	222	32	32	P 644	222	34	34	P 644	222	34	34	
942	3	T 638	221	40	40	P 642	224	35	32	P 640	224	34	32	P 644	222	34	34	
943	2	T 636	222	40	40	P 642	224	35	32	P 640	224	34	32	
944	2	T 634	223	40	40	P 638	226	33	32	P 638	226	33	33	
945	2	T 632	224	40	40	P 636	226	32	36	P 638	226	33	33	
946	1	T 630	225	40	40	P 634	228	33	33	
947	1	T 628	226	40	40	P 630	228	34	34	
948	1	T 626	227	40	40	P 632	228	26	36	
949	1	T 624	228	40	40	P 628	228	34	36	
950	2	T 622	229	40	40	P 628	230	33	34	P 628	230	33	34	
951	2	T 620	230	40	40	P 626	230	35	34	P 624	234	36	30	
952	2	T 618	231	40	40	P 622	232	36	34	P 621	234	29	34	
953	2	T 616	232	40	40	P 620	234	34	34	P 619	236	33	32	
954	2	T 614	233	40	40	P 618	236	34	32	P 618	236	32	34	
955	2	T 612	234	40	40	P 614	236	34	34	P 618	236	32	34	
956	1	T 610	235	40	40	P 614	238	32	34	
957	1	T 608	236	40	40	P 610	238	34	34	
958	1	T 606	237	40	40	P 610	240	33	34	
959	1	T 604	238	40	40	P 608	240	36	34	
960	1	T 602	239	40	40	P 610	240	26	34	
961	2	T 600	240	40	40	P 606	240	34	34	P 606	240	34	34	
962	2	T 598	241	40	40	P 604	242	34	32	P 602	244	35	32	
963	2	T 596	242	40	40	P 600	244	35	32	P 602	244	27	36	
964	3	T 594	243	40	40	P 598	244	34	36	P 598	246	30	32	P 598	244	34	36	
965	3	T 592	244	40	40	P 594	246	36	34	P 598	246	30	32	P 598	244	34	36	
966	2	T 590	245	40	40	P 596	248	26	34	P 592	248	36	34	
967	2	T 588	246	40	40	P 590	248	35	34	P 592	248	36	34	
968	1	T 586	247	40	40	P 590	248	35	34	
969	1	T 584	248	40	40	P 586	252	34	32	
970	1	T 582	249	40	40	P 586	252	34	32	
971	1	T 580	250	40	40	P 583	254	31	32	
972	1	T 578	251	40	40	P 582	254	32	34	
973	1	T 576	252	40	40	P 582	254	36	32	
974	1	T 574	253	40	40	P 586	254	26	33	
975	1	T 572	254	40	40	P 575	256	29	34	
976	1	T 570	255	40	40	P 576	256	36	32	
977	1	T 568	256	40	40	P 574	256	34	34	
978	2	T 566	257	40	40	P 576	258	26	34	P 568	262	34	34	
979	2	T 564	258	40	40	P 574	258	33	34	P 572	258	35	34	
980	2	T 562	259	40	40	P 566	260	34	34	P 572	258	35	34	
981	2	T 560	260	40	40	P 562	262	34	36	P 564	262	32	36	
982	2	T 558	261	40	40	P 562	262	34	36	P 564	262	32	36	
983	0	T 556	262	40	40	
984	0	T 554	263	40	40	
985	0	T 552	264	40	40	
986	1	T 550	265	40	40	P 556	266	34	34	
987	2	T 548	266	40	40	P 556	266	34	34	P 556	266	34	34	
988	2	T 546	267	40	40	P 558	266	32	34	P 554	266	34	34	
989	2	T 544	268	40	40	P 548	268	34	36	P 551	270	33	32	
990	2	T 542	269	40	40	P 552	268	26	36	P 544	272	34	34	
991	2	T 540	270	40	40	P 547	271	33	33	P 544	272	34	34	
992	1	T 538	271	40	40	P 540	274	34	32	
993	1	T 536	272	40	40	P 540	276	32	32	
994	1	T 534	273	40	40	P 540	276	32	32	
995	0	T 532	274	40	40	
996	0	T 530	275	40	40	
997	0	T 528	276	40	40	
998	0	T 526	277	40	40	
999	0	T 524	278	40	40	
1000	0	T 522	279	40	40	
1001	0	T 520	280	40	40	
1002	0	T 518	281	40	40	
1003	0	T 516	282	40	40	
1004	0	T 514	283	40	40	
1005	0	T 512	284	40	40	
1006	0	T 510	285	40	40	
1007	0	T 508	286	40	40	
1008	0	T 506	287	40	40	
1009	1	T 504	288	40	40	P 506	290	34	36	
1010	3	T 502	289	40	40	P 532	278	34	34	P 508	290	32	36	P 508	290	32	36	
1011	4	T 500	290	40	40	P 530	280	33	34	P 528	280	35	34	P 526	280	34	34	P 502	292	34	36	
1012	4	T 498	291	40	40	P 500	292	34	36	P 530	280	27	35	P 524	282	32	34	P 516	286	34	32	
1013	4	T 496	292	40	40	P 514	286	34	34	P 504	292	32	36	P 501	292	33	36	P 512	288	36	33	
1014	4	T 494	293	40	40	P 512	288	36	32	P 504	292	30	36	P 498	294	36	34	P 512	288	36	33	
1015	3	T 492	294	40	40	P 496	298	32	32	P 504	292	30	36	P 498	294	36	34	
1016	3	T 490	295	40	40	P 492	298	34	34	P 494	298	30	34	P 494	298	32	34	
1017	3	T 488	296	40	40	P 490	298	36	34	P 492	298	32	34	P 494	298	32	34	
1018	2	T 486	297	40	40	P 488	300	34	34	P 492	300	26	36	
1019	2	T 484	298	40	40	P 487	300	34	34	P 486	300	35	34	
1020	2	T 482	299	40	40	P 487	300	34	34	P 486	300	35	34	
1021	1	T 480	300	40	40	P 484	304	32	32	
1022	1	T 478	301	40	40	P 484	304	32	32	
1023	1	T 476	302	40	40	P 478	304	34	34	
1024	1	T 474	303	40	40	P 476	306	35	32	
1025	1	T 472	304	40	40	P 477	306	34	32	
1026	1	T 470	305	40	40	P 472	308	34	34	
1027	1	T 468	306	40	40	P 474	308	32	34	
1028	1	T 466	307	40	40	P 470	308	36	34	
1029	1	T 464	308	40	40	P 470	310	32	32	
1030	1	T 462	309	40	40	P 464	312	34	34	
1031	1	T 460	310	40	40	P 464	312	32	34	
1032	1	T 458	311	40	40	P 464	312	32	35	
1033	1	T 456	312	40	40	P 460	314	32	34	
1034	1	T 454	313	40	40	P 462	315	26	35	
1035	1	T 452	314	40	40	P 456	316	35	34	
1036	1	T 450	315	40	40	P 457	316	34	34	
1037	1	T 448	316	40	40	P 452	318	32	34	
1038	1	T 446	317	40	40	P 450	318	34	34	
1039	1	T 444	318	40	40	P 450	320	27	34	
1040	1	T 442	319	40	40	P 447	320	33	34	
1041	1	T 440	320	40	40	P 446	320	34	34	
1042	1	T 438	321	40	40	P 444	322	32	34	
1043	1	T 436	322	40	40	P 438	324	34	36	
1044	1	T 434	323	40	40	P 442	324	28	34	
1045	2	T 432	324	40	40	P 442	324	32	34	P 442	324	32	34	
1046	2	T 430	325	40	40	P 440	326	26	34	P 436	326	34	34	
1047	3	T 428	326	40	40	P 434	328	27	36	P 434	328	36	30	P 430	328	34	36	
1048	3	T 426	327	40	40	P 434	328	32	32	P 430	330	32	34	P 430	328	34	36	
1049	2	T 424	328	40	40	P 426	334	34	28	P 430	330	32	34	
1050	1	T 422	329	40	40	P 426	334	34	28	
1051	1	T 420	330	40	40	P 424	332	33	34	
1052	1	T 418	331	40	40	P 424	332	33	35	
1053	1	T 416	332	40	40	P 418	334	34	36	
1054	1	T 414	333	40	40	P 420	334	36	34	
1055	2	T 412	334	40	40	P 420	334	35	34	P 420	334	35	34	
1056	2	T 410	335	40	40	P 418	336	32	32	P 414	338	34	32	
1057	2	T 408	336	40	40	P 411	338	33	34	P 414	336	32	36	
1058	2	T 406	337	40	40	P 410	338	34	34	P 414	336	32	36	
1059	1	T 404	338	40	40	P 408	342	32	32	
1060	1	T 402	339	40	40	P 404	342	34	34	
1061	1	T 400	340	40	40	P 404	342	34	34	
1062	1	T 398	341	40	40	P 400	344	34	32	
1063	1	T 396	342	40	40	P 398	344	36	36	
1064	1	T 394	343	40	40	P 401	344	33	32	
1065	1	T 392	344	40	40	P 394	346	35	34	
1066	1	T 390	345	40	40	P 400	344	30	36	
1067	1	T 388	346	40	40	P 398	346	31	34	
1068	1	T 386	347	40	40	P 392	348	33	35	
1069	1	T 384	348	40	40	P 396	346	33	34	
1070	1	T 382	349	40	40	P 388	350	34	34	
1071	2	T 380	350	40	40	P 393	350	27	35	P 386	350	34	34	
1072	3	T 378	351	40	40	P 386	350	34	34	P 386	350	36	34	P 386	350	36	34	
1073	3	T 376	352	40	40	P 379	358	33	28	P 386	350	36	34	P 386	350	36	34	
1074	1	T 374	353	40	40	P 376	356	34	34	
1075	1	T 372	354	40	40	P 376	358	30	32	
1076	1	T 370	355	40	40	P 372	358	36	34	
1077	1	T 368	356	40	40	P 372	360	32	32	
1078	1	T 366	357	40	40	P 368	360	34	34	
1079	1	T 364	358	40	40	P 372	360	28	33	
1080	1	T 362	359	40	40	P 366	360	35	34	
1081	1	T 360	360	40	40	P 368	360	33	35	
1082	2	T 358	361	40	40	P 364	362	35	34	P 364	362	35	34	
1083	3	T 356	362	40	40	P 365	362	34	34	P 368	362	28	34	P 360	364	30	36	
1084	4	T 354	363	40	40	P 366	362	28	34	P 360	364	33	36	P 362	362	35	34	P 358	364	32	36	
1085	4	T 352	364	40	40	P 356	366	33	35	P 366	362	26	35	P 360	364	35	32	P 361	364	34	33	
1086	4	T 350	365	40	40	P 360	364	26	37	P 356	366	33	34	P 354	370	30	30	P 361	364	34	33	
1087	3	T 348	366	40	40	P 352	368	28	36	P 350	368	34	36	P 354	370	30	30	
1088	2	T 346	367	40	40	P 348	370	35	34	P 350	368	34	36	
1089	2	T 344	368	40	40	P 347	370	33	34	P 346	370	36	34	
1090	2	T 342	369	40	40	P 346	372	28	34	P 346	372	32	34	
1091	2	T 340	370	40	40	P 346	372	33	34	P 343	372	36	34	
1092	2	T 338	371	40	40	P 342	372	37	34	P 342	374	28	32	
1093	2	T 336	372	40	40	P 342	374	33	32	P 342	374	33	33	
1094	2	T 334	373	40	40	P 336	376	34	34	P 340	374	32	34	
1095	2	T 332	374	40	40	P 336	376	32	34	P 340	374	32	34	
1096	2	T 330	375	40	40	P 333	378	30	34	P 332	378	34	34	
1097	2	T 328	376	40	40	P 330	378	36	34	P 332	378	32	34	
1098	2	T 326	377	40	40	P 328	380	34	34	P 329	380	30	34	
1099	2	T 324	378	40	40	P 328	380	34	34	P 329	380	30	34	
1100	0	T 322	379	40	40	
1101	0	T 320	380	40	40	
1102	0	T 318	381	40	40	
1103	0	T 316	382	40	40	
1104	0	T 314	383	40	40	
1105	0	T 312	384	40	40	
1106	2	T 310	385	40	40	P 318	384	36	34	P 318	384	36	34	
1107	2	T 308	386	40	40	P 322	382	34	34	P 320	384	36	34	
1108	2	T 306	387	40	40	P 318	384	34	34	P 316	386	34	34	
1109	2	T 304	388	40	40	P 317	386	33	34	P 314	388	35	33	
1110	2	T 302	389	40	40	P 304	390	35	36	P 306	390	36	34	
1111	2	T 300	390	40	40	P 310	388	34	34	P 308	390	28	36	
1112	2	T 298	391	40	40	P 306	390	33	36	P 301	394	33	32	
1113	2	T 296	392	40	40	P 306	390	33	36	P 301	394	33	32	
1114	2	T 294	393	40	40	P 298	394	32	36	P 301	394	26	37	
1115	2	T 292	394	40	40	P 294	396	36	34	P 294	396	34	34	
1116	2	T 290	395	40	40	P 294	396	36	34	P 294	396	34	34	
1117	2	T 288	396	40	40	P 294	398	30	34	P 290	398	34	34	
1118	2	T 286	397	40	40	P 294	398	30	35	P 290	400	32	34	
1119	2	T 284	398	40	40	P 292	400	27	34	P 290	400	32	34	
1120	2	T 282	399	40	40	P 286	400	33	36	P 284	400	35	36	
1121	2	T 280	400	40	40	P 286	400	33	36	P 284	400	35	36	
1122	1	T 278	401	40	40	P 280	404	34	33	
1123	1	T 276	402	40	40	P 280	406	32	32	
1124	1	T 274	403	40	40	P 278	406	31	34	
1125	1	T 272	404	40	40	P 274	406	34	36	
1126	1	T 270	405	40	40	P 272	406	34	36	
1127	1	T 268	406	40	40	P 276	406	26	36	
1128	1	T 266	407	40	40	P 268	408	36	36	
1129	1	T 264	408	40	40	P 269	408	33	36	
1130	1	T 262	409	40	40	P 272	408	28	36	
1131	1	T 260	410	40	40	P 267	410	36	34	
1132	2	T 258	411	40	40	P 266	410	37	34	P 266	410	37	34	
1133	2	T 256	412	40	40	P 266	412	32	34	P 258	416	34	32	
1134	2	T 254	413	40	40	P 256	416	35	32	P 257	416	34	33	
1135	2	T 252	414	40	40	P 256	416	35	32	P 257	416	34	33	
1136	2	T 250	415	40	40	P 256	418	27	34	P 254	418	32	34	
1137	2	T 248	416	40	40	P 256	418	27	34	P 254	418	32	34	
1138	1	T 246	417	40	40	P 248	420	34	34	
1139	1	T 244	418	40	40	P 246	420	35	34	
1140	1	T 242	419	40	40	P 246	420	36	34	
1141	1	T 240	420	40	40	P 244	422	34	32	
1142	1	T 238	419	40	40	P 239	420	37	36	
1143	2	T 236	418	40	40	P 244	424	30	32	P 238	420	36	34	
1144	2	T 234	417	40	40	P 244	424	30	32	P 238	420	36	34	
1145	1	T 232	416	40	40	P 234	418	35	36	
1146	1	T 230	415	40	40	P 234	418	32	34	
1147	1	T 228	414	40	40	P 230	416	34	34	
1148	1	T 226	413	40	40	P 231	416	29	35	
1149	1	T 224	412	40	40	P 228	416	34	34	
1150	1	T 222	411	40	40	P 226	414	35	35	
1151	1	T 220	410	40	40	P 228	416	36	34	
1152	1	T 218	409	40	40	P 228	414	27	34	
1153	1	T 216	408	40	40	P 221	412	29	32	
1154	1	T 214	407	40	40	P 216	410	34	34	
1155	1	T 212	406	40	40	P 220	412	34	32	
1156	2	T 210	405	40	40	P 221	412	33	32	P 212	406	34	36	
1157	3	T 208	404	40	40	P 210	406	36	36	P 219	411	29	33	P 212	406	33	36	
1158	4	T 206	403	40	40	P 219	412	33	32	P 208	406	34	34	P 214	410	34	32	P 214	406	28	36	
1159	4	T 204	402	40	40	P 214	406	28	36	P 212	406	28	34	P 214	410	34	32	P 214	406	28	36	
1160	3	T 202	401	40	40	P 206	407	33	27	P 212	406	28	34	P 204	408	35	26	
1161	2	T 200	400	40	40	P 206	407	33	27	P 204	408	35	26	
1162	1	T 198	399	40	40	P 202	402	31	32	
1163	1	T 196	398	40	40	P 202	402	31	32	
1164	0	T 194	397	40	40	
1165	0	T 192	396	40	40	
1166	0	T 190	395	40	40	
1167	1	T 188	394	40	40	P 190	396	34	36	
1168	1	T 186	393	40	40	P 194	398	32	34	
1169	1	T 184	392	40	40	P 192	396	29	36	
1170	1	T 182	391	40	40	P 192	396	29	36	
1171	1	T 180	390	40	40	P 182	394	34	33	
1172	1	T 178	389	40	40	P 182	392	33	34	
1173	1	T 176	388	40	40	P 178	390	34	36	
1174	1	T 174	387	40	40	P 184	390	24	36	
1175	1	T 172	386	40	40	P 177	390	29	32	
1176	1	T 170	385	40	40	P 176	390	35	32	
1177	1	T 168	384	40	40	P 177	390	34	32	
1178	2	T 166	383	40	40	P 175	390	31	32	P 168	386	34	34	
1179	2	T 164	382	40	40	P 166	384	34	34	P 168	386	34	34	
1180	2	T 162	381	40	40	P 164	384	35	34	P 168	384	31	34	
1181	2	T 160	380	40	40	P 166	382	27	34	P 162	382	34	34	
1182	2	T 158	379	40	40	P 160	382	34	34	P 162	382	34	34	
1183	1	T 156	378	40	40	P 160	382	34	34	
1184	1	T 154	377	40	40	P 156	380	34	34	
1185	1	T 152	376	40	40	P 156	380	34	34	
1186	1	T 150	375	40	40	P 152	378	34	32	
1187	1	T 148	374	40	40	P 150	376	35	36	
1188	1	T 146	373	40	40	P 148	378	34	30	
1189	1	T 144	372	40	40	P 148	374	32	34	
1190	1	T 142	371	40	40	P 150	374	28	35	
1191	1	T 140	370	40	40	P 146	374	32	34	
1192	1	T 138	369	40	40	P 140	370	34	36	
1193	1	T 136	368	40	40	P 148	372	26	36	
1194	1	T 134	367	40	40	P 141	370	29	36	
1195	1	T 132	366	40	40	P 136	370	34	34	
1196	2	T 130	365	40	40	P 134	368	36	35	P 134	368	36	35	
1197	2	T 128	364	40	40	P 130	366	36	34	P 134	368	36	35	
1198	2	T 126	363	40	40	P 130	366	28	34	P 130	366	33	34	
1199	2	T 124	362	40	40	P 126	364	37	34	P 130	366	33	34	
1200	2	T 122	361	40	40	P 126	362	29	36	P 126	362	32	36	
1201	2	T 120	360	40	40	P 128	362	27	36	P 122	362	34	34	
1202	2	T 118	359	40	40	P 124	362	32	34	P 122	360	32	36	
1203	2	T 116	358	40	40	P 120	360	34	36	P 118	360	36	35	
1204	2	T 114	357	40	40	P 118	360	32	32	P 118	360	36	35	
1205	1	T 112	356	40	40	P 114	360	34	32	
1206	1	T 110	355	40	40	P 114	360	34	32	
1207	0	T 108	354	40	40	
1208	0	T 106	353	40	40	
1209	0	T 104	352	40	40	
1210	2	T 102	351	40	40	P 108	354	35	36	P 108	354	35	36	
1211	2	T 100	350	40	40	P 102	354	36	32	P 108	354	35	36	
1212	1	T 98	349	40	40	P 102	350	32	36	
1213	1	T 96	348	40	40	P 98	350	35	34	
1214	1	T 94	347	40	40	P 98	350	35	34	
1215	1	T 92	346	40	40	P 96	348	32	34	
1216	1	T 90	345	40	40	P 93	348	30	34	
1217	1	T 88	344	40	40	P 92	348	34	34	
1218	1	T 86	343	40	40	P 90	346	34	34	
1219	1	T 84	342	40	40	P 92	346	30	34	
1220	1	T 82	341	40	40	P 88	346	34	34	
1221	1	T 80	340	40	40	P 84	344	37	34	
1222	1	T 78	339	40	40	P 83	342	32	34	
1223	1	T 76	338	40	40	P 78	340	34	36	
1224	2	T 74	337	40	40	P 84	342	31	34	P 80	342	36	34	
1225	2	T 72	336	40	40	P 80	340	32	36	P 80	342	36	34	
1226	2	T 70	335	40	40	P 76	336	28	36	P 72	336	35	36	
1227	2	T 68	334	40	40	P 70	338	34	32	P 72	336	35	36	
1228	1	T 66	333	40	40	P 70	338	34	32	
1229	1	T 64	332	40	40	P 68	336	33	32	
1230	1	T 62	331	40	40	P 69	336	27	33	
1231	1	T 60	330	40	40	P 62	332	36	34	
1232	1	T 58	329	40	40	P 60	332	35	34	
1233	1	T 56	328	40	40	P 60	332	35	34	
1234	1	T 54	327	40	40	P 57	330	29	34	
1235	1	T 52	326	40	40	P 56	328	32	36	
1236	1	T 50	325	40	40	P 56	330	34	34	
1237	1	T 48	324	40	40	P 50	326	36	36	
1238	2	T 46	323	40	40	P 58	328	26	36	P 54	326	30	36	
1239	2	T 44	322	40	40	P 54	326	30	36	P 56	326	26	36	
1240	2	T 42	321	40	40	P 51	326	33	36	P 46	324	36	36	
1241	2	T 40	320	40	40	P 48	324	32	36	P 44	324	34	34	
1242	2	T 38	319	40	40	P 43	322	29	36	P 42	322	34	36	
1243	2	T 36	318	40	40	P 42	322	32	32	P 38	324	34	26	
1244	2	T 34	317	40	40	P 38	324	34	27	P 38	324	34	26	
1245	1	T 32	316	40	40	P 36	318	32	35	
1246	1	T 30	315	40	40	P 36	318	32	35	
1247	1	T 28	314	40	40	P 32	318	31	32	
1248	1	T 26	313	40	40	P 32	318	32	33	
1249	1	T 24	312	40	40	P 30	318	36	32	
1250	1	T 22	311	40	40	P 28	316	34	32	
1251	1	T 20	310	40	40	P 22	312	36	34	
1252	1	T 22	309	40	40	P 26	314	34	34	
1253	2	T 24	308	40	40	P 24	310	36	36	P 24	310	36	36	
1254	3	T 26	307	40	40	P 25	314	33	34	P 24	314	34	34	P 26	310	36	38	
1255	3	T 28	306	40	40	P 32	308	33	36	P 36	308	26	36	P 26	310	36	38	
1256	2	T 30	305	40	40	P 32	308	33	36	P 36	308	26	36	
1257	2	T 32	304	40	40	P 34	306	34	34	P 36	306	32	34	
1258	2	T 34	303	40	40	P 38	306	26	35	P 36	310	34	26	
1259	2	T 36	302	40	40	P 40	304	33	34	P 38	304	35	34	
1260	3	T 38	301	40	40	P 37	310	33	28	P 42	304	33	34	P 40	304	35	34	
1261	3	T 40	300	40	40	P 42	302	34	34	P 42	302	34	35	P 40	304	35	34	
1262	2	T 42	299	40	40	P 48	302	26	34	P 42	302	34	35	
1263	1	T 44	298	40	40	P 48	302	26	34	
1264	0	T 46	297	40	40	
1265	0	T 48	296	40	40	
1266	0	T 50	295	40	40	
1267	0	T 52	294	40	40	
1268	0	T 54	293	40	40	
1269	1	T 56	292	40	40	P 56	296	36	34	
1270	2	T 58	291	40	40	P 56	296	26	36	P 54	296	35	34	
1271	3	T 60	290	40	40	P 54	296	35	34	P 58	296	28	35	P 56	296	36	34	
1272	3	T 62	289	40	40	P 56	296	36	34	P 60	294	36	32	P 66	292	34	32	
1273	3	T 64	288	40	40	P 64	292	36	32	P 66	290	34	36	P 66	292	34	32	
1274	2	T 66	287	40	40	P 68	290	35	34	P 66	290	34	36	
1275	1	T 68	286	40	40	P 70	288	34	36	
1276	1	T 70	285	40	40	P 72	288	34	34	
1277	1	T 72	284	40	40	P 74	286	36	36	
1278	1	T 74	283	40	40	P 76	284	34	36	
1279	1	T 76	282	40	40	P 79	286	33	32	
1280	1	T 78	281	40	40	P 78	286	34	32	
1281	1	T 80	280	40	40	P 82	284	32	33	
1282	1	T 82	279	40	40	P 82	282	34	34	
1283	1	T 84	278	40	40	P 86	282	28	34	
1284	1	T 86	277	40	40	P 88	280	34	34	
1285	1	T 88	276	40	40	P 90	280	34	28	
1286	1	T 90	275	40	40	P 92	278	36	37	
1287	1	T 92	274	40	40	P 92	278	34	34	
1288	1	T 94	273	40	40	P 98	274	32	36	
1289	1	T 96	272	40	40	P 98	274	32	36	
1290	1	T 98	271	40	40	P 102	274	33	34	
1291	1	T 100	270	40	40	P 102	274	33	34	
1292	0	T 102	269	40	40	
1293	0	T 104	268	40	40	
1294	0	T 106	267	40	40	
1295	0	T 108	266	40	40	
1296	1	T 110	265	40	40	P 108	270	32	34	
1297	3	T 112	264	40	40	P 108	270	32	34	P 108	270	32	34	P 106	270	34	34	
1298	3	T 114	263	40	40	P 106	270	34	34	P 108	270	34	34	P 118	266	30	32	
1299	3	T 116	262	40	40	P 120	266	32	31	P 108	270	34	34	P 118	266	30	32	
1300	2	T 118	261	40	40	P 120	264	34	34	P 121	264	29	34	
1301	2	T 120	260	40	40	P 122	262	35	34	P 121	264	29	34	
1302	1	T 122	259	40	40	P 122	262	35	34	
1303	1	T 124	258	40	40	P 126	260	36	36	
1304	1	T 126	257	40	40	P 130	260	33	32	
1305	1	T 128	256	40	40	P 130	258	34	34	
1306	1	T 130	255	40	40	P 128	260	35	32	
1307	1	T 132	254	40	40	P 132	258	36	34	
1308	1	T 134	253	40	40	P 132	258	35	34	
1309	1	T 136	252	40	40	P 135	256	31	36	
1310	1	T 138	251	40	40	P 134	256	34	36	
1311	1	T 140	250	40	40	P 135	256	29	37	
1312	1	T 142	249	40	40	P 136	256	36	32	
1313	1	T 144	248	40	40	P 140	254	36	34	
1314	1	T 146	247	40	40	P 140	254	34	34	
1315	2	T 148	246	40	40	P 144	252	32	36	P 144	252	32	36	
1316	2	T 150	245	40	40	P 146	252	32	34	P 151	248	33	34	
1317	2	T 152	244	40	40	P 156	246	33	36	P 150	248	34	34	
1318	2	T 154	243	40	40	P 152	248	34	32	P 158	246	27	36	
1319	2	T 156	242	40	40	P 156	246	34	34	P 158	244	34	34	
1320	2	T 158	241	40	40	P 160	242	35	36	P 164	242	28	36	
1321	2	T 160	240	40	40	P 160	242	35	36	P 164	242	28	36	
1322	1	T 162	239	40	40	P 166	242	32	34	
1323	1	T 164	238	40	40	P 166	240	35	35	
1324	1	T 166	237	40	40	P 166	240	36	34	
1325	1	T 168	236	40	40	P 168	238	36	36	
1326	2	T 170	235	40	40	P 170	238	34	36	P 170	238	34	36	
1327	2	T 172	234	40	40	P 172	238	34	34	P 173	238	33	34	
1328	2	T 174	233	40	40	P 174	236	36	34	P 180	234	26	36	
1329	2	T 176	232	40	40	P 178	234	35	34	P 180	234	26	36	
1330	1	T 178	231	40	40	P 181	232	33	36	
1331	1	T 180	230	40	40	P 182	232	35	34	
1332	1	T 182	229	40	40	P 186	232	26	35	
1333	1	T 184	228	40	40	P 188	230	32	36	
1334	1	T 186	227	40	40	P 184	231	35	35	
1335	1	T 188	226	40	40	P 191	230	26	36	
1336	1	T 190	225	40	40	P 190	230	27	36	
1337	2	T 192	224	40	40	P 195	228	26	36	P 190	228	34	36	
1338	2	T 194	223	40	40	P 190	228	34	36	P 194	226	31	36	
1339	2	T 196	222	40	40	P 192	226	36	36	P 196	226	34	34	
1340	2	T 198	221	40	40	P 204	222	28	36	P 200	222	35	36	
1341	2	T 200	220	40	40	P 206	222	27	34	P 202	222	34	34	
1342	2	T 202	219	40	40	P 204	222	34	34	P 205	222	33	34	
1343	2	T 204	218	40	40	P 208	220	33	34	P 205	222	33	34	
1344	1	T 206	217	40	40	P 208	220	33	34	
1345	1	T 208	216	40	40	P 211	218	33	34	
1346	1	T 210	215	40	40	P 216	218	26	34	
1347	1	T 212	214	40	40	P 214	216	35	36	
1348	2	T 214	213	40	40	P 211	218	35	34	P 211	218	35	34	
1349	2	T 216	212	40	40	P 216	216	35	32	P 211	218	35	34	
1350	2	T 218	211	40	40	P 222	212	32	36	P 220	212	34	36	
1351	2	T 220	210	40	40	P 222	212	34	34	P 226	212	28	35	
1352	2	T 222	209	40	40	P 226	212	32	34	P 224	212	36	34	
1353	2	T 224	208	40	40	P 226	210	35	34	P 224	212	36	34	
1354	2	T 226	207	40	40	P 230	208	32	36	P 232	208	27	36	
1355	2	T 228	206	40	40	P 230	208	32	36	P 232	208	27	36	
1356	1	T 230	205	40	40	P 234	208	32	32	
1357	1	T 232	204	40	40	P 234	206	34	36	
1358	1	T 234	203	40	40	P 236	206	34	34	
1359	1	T 236	202	40	40	P 240	206	27	34	
1360	1	T 238	201	40	40	P 238	206	35	32	
1361	1	T 240	200	40	40	P 238	206	35	32	
1362	1	T 242	199	40	40	P 244	200	34	36	
1363	1	T 244	198	40	40	P 248	202	32	32	
1364	1	T 246	197	40	40	P 248	200	34	34	
1365	1	T 248	196	40	40	P 249	200	29	34	
1366	2	T 250	195	40	40	P 251	198	30	36	P 250	198	34	36	
1367	2	T 252	194	40	40	P 250	198	34	36	P 252	198	36	32	
1368	2	T 254	193	40	40	P 254	196	35	34	P 252	198	36	32	
1369	2	T 256	192	40	40	P 264	194	29	34	P 258	194	35	34	
1370	2	T 258	191	40	40	P 264	194	29	34	P 258	194	35	34	
1371	2	T 260	190	40	40	P 263	192	34	34	P 262	192	35	34	
1372	2	T 262	189	40	40	P 264	192	34	32	P 265	192	33	34	
1373	2	T 264	188	40	40	P 264	192	34	32	P 265	192	33	34	
1374	0	T 266	187	40	40	
1375	0	T 268	186	40	40	
1376	0	T 270	185	40	40	
1377	0	T 272	184	40	40	
1378	0	T 274	183	40	40	
1379	0	T 276	182	40	40	
1380	0	T 278	181	40	40	
1381	0	T 280	180	40	40	
1382	0	T 282	179	40	40	
1383	0	T 284	178	40	40	
1384	0	T 286	177	40	40	
1385	0	T 288	176	40	40	
1386	2	T 290	175	40	40	P 292	178	32	36	P 288	178	35	36	
1387	2	T 292	174	40	40	P 270	188	36	34	P 270	188	35	34	
1388	4	T 294	173	40	40	P 272	188	36	32	P 275	186	33	34	P 296	174	35	36	P 297	174	34	36	
1389	4	T 296	172	40	40	P 274	186	34	34	P 294	176	34	36	P 282	184	27	36	P 280	184	34	34	
1390	4	T 298	171	40	40	P 281	184	33	34	P 282	182	34	34	P 289	180	25	37	P 292	178	32	36	
1391	4	T 300	170	40	40	P 300	172	34	36	P 302	172	35	35	P 295	176	31	36	P 295	176	29	36	
1392	4	T 302	169	40	40	P 300	174	31	36	P 298	176	34	30	P 304	172	26	37	P 303	172	34	34	
1393	4	T 304	168	40	40	P 306	173	32	31	P 305	169	35	35	P 304	174	36	30	P 304	174	34	30	
1394	4	T 306	167	40	40	P 305	170	35	34	P 312	170	28	34	P 308	170	35	34	P 308	170	36	34	
1395	4	T 308	166	40	40	P 305	170	35	34	P 312	170	28	34	P 308	170	35	34	P 308	170	36	34	
1396	1	T 310	165	40	40	P 314	170	30	31	
1397	1	T 312	164	40	40	P 314	166	34	34	
1398	1	T 314	163	40	40	P 320	164	28	36	
1399	2	T 316	162	40	40	P 316	164	35	36	P 316	164	35	36	
1400	3	T 318	161	40	40	P 317	164	34	36	P 318	164	36	34	P 317	164	34	36	
1401	3	T 320	160	40	40	P 318	164	34	34	P 320	164	34	34	P 324	162	31	34	
1402	3	T 322	159	40	40	P 326	162	33	32	P 320	164	34	34	P 324	162	31	34	
1403	1	T 324	158	40	40	P 326	162	33	32	
1404	1	T 326	157	40	40	P 328	160	35	34	
1405	1	T 328	156	40	40	P 328	160	35	34	
1406	0	T 330	155	40	40	
1407	0	T 332	154	40	40	
1408	0	T 334	153	40	40	
1409	0	T 336	152	40	40	
1410	1	T 338	151	40	40	P 336	154	36	36	
1411	1	T 340	150	40	40	P 338	154	32	36	
1412	2	T 342	149	40	40	P 336	154	36	36	P 336	154	36	36	
1413	2	T 344	148	40	40	P 346	152	33	34	P 344	152	36	34	
1414	2	T 346	147	40	40	P 346	155	34	25	P 344	152	36	34	
1415	1	T 348	146	40	40	P 352	148	32	34	
1416	1	T 350	145	40	40	P 352	148	36	34	
1417	1	T 352	144	40	40	P 356	146	32	35	
1418	1	T 354	143	40	40	P 358	146	32	34	
1419	1	T 356	142	40	40	P 358	144	35	36	
1420	1	T 358	141	40	40	P 358	144	36	36	
1421	1	T 360	140	40	40	P 362	142	35	36	
1422	1	T 362	139	40	40	P 366	142	31	36	
1423	1	T 364	138	40	40	P 370	141	26	33	
1424	2	T 366	137	40	40	P 367	138	35	36	P 367	138	37	36	
1425	2	T 368	136	40	40	P 367	142	33	32	P 370	138	31	36	
1426	2	T 370	135	40	40	P 371	140	31	32	P 370	140	34	32	
1427	2	T 372	134	40	40	P 372	138	36	32	P 370	140	34	32	
1428	2	T 374	133	40	40	P 375	136	37	34	P 375	136	36	34	
1429	2	T 376	132	40	40	P 380	136	32	32	P 378	136	34	33	
1430	2	T 378	131	40	40	P 380	136	32	32	P 378	136	34	33	
1431	1	T 380	130	40	40	P 382	132	35	34	
1432	1	T 382	129	40	40	P 384	130	34	36	
1433	1	T 384	128	40	40	P 389	130	25	37	
1434	1	T 386	127	40	40	P 388	130	34	34	
1435	1	T 388	126	40	40	P 388	130	34	34	
1436	1	T 390	125	40	40	P 394	128	33	34	
1437	1	T 392	124	40	40	P 396	126	32	36	
1438	1	T 394	123	40	40	P 396	126	35	37	
1439	1	T 396	122	40	40	P 398	126	27	36	
1440	1	T 398	121	40	40	P 398	126	30	34	
1441	1	T 400	120	40	40	P 398	126	33	34	
1442	1	T 402	119	40	40	P 398	124	34	34	
1443	1	T 404	118	40	40	P 404	124	26	34	
1444	1	T 406	117	40	40	P 402	124	33	34	
1445	1	T 408	116	40	40	P 400	124	35	34	
1446	1	T 410	115	40	40	P 402	122	34	34	
1447	1	T 412	114	40	40	P 406	122	32	34	
1448	1	T 414	113	40	40	P 406	120	34	34	
1449	1	T 416	112	40	40	P 418	114	35	36	
1450	2	T 418	111	40	40	P 408	120	34	32	P 418	114	36	36	
1451	3	T 420	110	40	40	P 412	118	36	34	P 411	120	33	32	P 418	114	36	36	
1452	3	T 422	109	40	40	P 412	118	34	34	P 418	114	36	36	P 416	116	32	34	
1453	3	T 424	108	40	40	P 426	110	34	34	P 426	110	36	34	P 430	110	28	35	
1454	3	T 426	107	40	40	P 426	110	34	34	P 426	110	36	34	P 430	110	28	35	
1455	3	T 428	106	40	40	P 430	108	34	34	P 432	108	32	34	P 434	108	26	35	
1456	3	T 430	105	40	40	P 434	108	33	33	P 432	108	32	34	P 434	108	26	35	
1457	1	T 432	104	40	40	P 434	106	35	34	
1458	1	T 434	103	40	40	P 436	106	34	34	
1459	1	T 436	102	40	40	P 437	106	33	34	
1460	1	T 438	101	40	40	P 440	106	30	34	
1461	2	T 440	100	40	40	P 438	106	34	32	P 440	104	36	34	
1462	2	T 442	99	40	40	P 440	104	36	34	P 439	106	29	33	
1463	2	T 444	98	40	40	P 442	104	28	34	P 442	104	32	34	
1464	2	T 446	97	40	40	P 442	104	30	34	P 442	104	36	32	
1465	3	T 448	96	40	40	P 454	98	31	35	P 448	102	32	32	P 451	98	34	34	
1466	3	T 450	95	40	40	P 450	100	32	34	P 450	98	35	34	P 452	98	35	32	
1467	3	T 452	94	40	40	P 456	96	32	34	P 450	98	35	34	P 452	98	35	32	
1468	2	T 454	93	40	40	P 460	96	30	32	P 457	96	33	32	
1469	2	T 456	92	40	40	P 460	96	30	32	P 457	96	33	32	
1470	1	T 458	91	40	40	P 460	94	36	34	
1471	1	T 460	90	40	40	P 460	94	36	34	
1472	0	T 462	89	40	40	
1473	0	T 464	88	40	40	
1474	0	T 466	87	40	40	
1475	0	T 468	86	40	40	
1476	0	T 470	85	40	40	
1477	0	T 472	84	40	40	
1478	0	T 474	83	40	40	
1479	0	T 476	82	40	40	
1480	0	T 478	81	40	40	
1481	0	T 480	80	40	40	
1482	0	T 482	79	40	40	
1483	1	T 484	78	40	40	P 466	90	34	34	
1484	3	T 486	77	40	40	P 466	90	34	34	P 476	86	35	34	P 476	86	35	34	
1485	4	T 488	76	40	40	P 468	90	32	34	P 468	90	36	32	P 470	90	34	32	P 479	84	37	34	
1486	5	T 490	75	40	40	P 479	84	35	34	P 484	82	34	34	P 485	82	33	34	P 488	82	27	34	P 492	78	32	36	
1487	5	T 492	74	40	40	P 494	80	25	35	P 492	78	32	36	P 494	78	34	34	P 488	82	27	34	P 492	78	32	36	
1488	3	T 494	73	40	40	P 496	76	34	34	P 498	76	31	34	P 494	78	34	34	
1489	2	T 496	72	40	40	P 496	76	34	34	P 498	76	31	34	
1490	0	T 498	71	40	40	
1491	0	T 500	70	40	40	
1492	1	T 502	69	40	40	P 502	72	34	36	
1493	2	T 504	68	40	40	P 503	72	30	36	P 502	72	34	36	
1494	2	T 506	67	40	40	P 502	72	34	36	P 506	70	34	34	
1495	2	T 508	66	40	40	P 508	70	36	34	P 514	68	27	34	
1496	2	T 510	65	40	40	P 510	68	36	34	P 514	70	32	30	
1497	2	T 512	64	40	40	P 519	66	29	34	P 514	66	34	34	
1498	2	T 514	63	40	40	P 516	66	32	34	P 516	66	35	34	
1499	2	T 516	62	40	40	P 518	64	36	34	P 518	64	34	34	
1500	2	T 518	61	40	40	P 522	64	28	35	P 520	62	34	36	
1501	2	T 520	60	40	40	P 524	62	27	36	P 520	62	34	36	
1502	1	T 522	59	40	40	P 524	62	27	36	
1503	1	T 524	58	40	40	P 526	60	34	34	
1504	1	T 526	57	40	40	P 528	60	32	34	
1505	1	T 528	56	40	40	P 532	60	26	32	
1506	1	T 530	55	40	40	P 530	60	33	33	
1507	1	T 532	54	40	40	P 530	60	33	32	
1508	1	T 534	53	40	40	P 536	54	35	36	
1509	1	T 536	52	40	40	P 532	58	29	34	
1510	1	T 538	51	40	40	P 532	58	32	35	
1511	2	T 540	50	40	40	P 538	54	35	36	P 538	54	35	36	
1512	2	T 542	49	40	40	P 540	54	33	36	P 540	54	30	36	
1513	2	T 544	48	40	40	P 540	54	34	34	P 544	52	34	34	
1514	2	T 546	47	40	40	P 550	50	27	34	P 546	50	36	34	
1515	2	T 548	46	40	40	P 548	50	32	34	P 550	50	33	34	
1516	2	T 550	45	40	40	P 548	50	35	34	P 550	48	34	34	
1517	2	T 552	44	40	40	P 548	50	35	34	P 550	48	34	34	
1518	0	T 554	43	40	40	
1519	0	T 556	42	40	40	
1520	0	T 558	41	40	40	
1521	1	T 560	40	40	40	P 560	44	36	34	
1522	1	T 562	39	40	40	P 557	46	34	32	
1523	1	T 564	38	40	40	P 560	44	35	34	
1524	2	T 566	37	40	40	P 557	46	37	32	P 570	38	32	36	
1525	2	T 568	36	40	40	P 557	46	35	32	P 560	44	36	34	
1526	4	T 570	35	40	40	P 564	42	36	34	P 563	44	29	33	P 566	42	34	34	P 570	38	34	36	
1527	4	T 572	34	40	40	P 566	42	30	34	P 566	42	34	34	P 572	38	27	36	P 576	36	33	34	
1528	4	T 574	33	40	40	P 574	36	35	34	P 580	36	28	34	P 576	36	35	34	P 576	36	36	34	
1529	4	T 576	32	40	40	P 578	34	36	34	P 582	34	26	35	P 576	36	35	34	P 576	36	36	34	
1530	3	T 578	31	40	40	P 580	34	34	34	P 580	34	36	34	P 581	34	32	34	
1531	3	T 580	30	40	40	P 582	32	34	34	P 580	34	36	34	P 581	34	32	34	
1532	1	T 582	29	40	40	P 586	32	32	34	
1533	1	T 584	28	40	40	P 586	35	34	25	
1534	1	T 586	27	40	40	P 586	35	34	25	
1535	1	T 588	26	40	40	P 590	30	35	32	
1536	1	T 590	25	40	40	P 594	30	26	33	
1537	1	T 592	24	40	40	P 594	28	33	33	
1538	1	T 594	23	40	40	P 596	26	36	34	
1539	1	T 596	22	40	40	P 598	24	34	36	
1540	1	T 598	21	40	40	P 598	24	34	36	
1541	0	T 600	20	40	40	
1542	0	T 602	21	40	40	
1543	0	T 604	22	40	40	
1544	0	T 606	23	40	40	
1545	0	T 608	24	40	40	
1546	0	T 610	25	40	40	
1547	0	T 612	26	40	40	
1548	0	T 614	27	40	40	
1549	0	T 616	28	40	40	
1550	1	T 618	29	40	40	P 612	28	37	34	
1551	4	T 620	30	40	40	P 604	24	35	34	P 612	28	37	34	P 616	28	34	36	P 612	28	37	34	
1552	4	T 622	31	40	40	P 606	24	33	34	P 608	24	33	35	P 608	26	34	34	P 616	28	34	36	
1553	4	T 624	32	40	40	P 622	32	34	34	P 624	32	32	35	P 626	34	34	34	P 630	34	26	35	
1554	4	T 626	33	40	40	P 628	36	34	34	P 624	32	32	35	P 626	34	34	34	P 630	34	26	35	
1555	1	T 628	34	40	40	P 628	36	34	34	
1556	1	T 630	35	40	40	P 632	38	34	34	
1557	1	T 632	36	40	40	P 634	38	34	34	
1558	1	T 634	37	40	40	P 640	40	28	34	
1559	2	T 636	38	40	40	P 636	40	35	34	P 636	40	35	34	
1560	2	T 638	39	40	40	P 640	42	34	34	P 646	42	26	35	
1561	2	T 640	40	40	40	P 640	42	34	34	P 646	42	26	35	
1562	2	T 642	41	40	40	P 644	44	34	34	P 648	44	26	34	
1563	2	T 644	42	40	40	P 646	44	36	34	P 650	44	28	35	
1564	2	T 646	43	40	40	P 646	44	35	34	P 648	46	34	34	
1565	2	T 648	44	40	40	P 654	46	28	34	P 650	46	35	34	
1566	2	T 650	45	40	40	P 654	48	32	32	P 650	46	35	34	
1567	1	T 652	46	40	40	P 656	48	29	36	
1568	1	T 654	47	40	40	P 656	48	29	36	
1569	1	T 656	48	40	40	P 658	52	34	32	
1570	1	T 658	49	40	40	P 656	52	36	28	
1571	2	T 660	50	40	40	P 662	52	32	34	P 662	52	32	34	
1572	2	T 658	51	40	40	P 660	54	34	32	P 662	54	30	33	
1573	2	T 656	52	40	40	P 660	56	32	32	P 662	54	30	33	
1574	1	T 654	53	40	40	P 660	56	32	32	
1575	1	T 652	54	40	40	P 654	56	34	34	
1576	1	T 650	55	40	40	P 654	56	34	34	
1577	1	T 648	56	40	40	P 654	60	30	32	
1578	1	T 646	57	40	40	P 648	60	34	34	
1579	2	T 644	58	40	40	P 650	60	34	32	P 646	60	35	36	
1580	2	T 642	59	40	40	P 652	60	27	34	P 649	60	33	34	
1581	2	T 640	60	40	40	P 651	60	30	36	P 642	62	36	34	
1582	2	T 638	61	40	40	P 640	64	36	34	P 642	62	36	34	
1583	2	T 636	62	40	40	P 640	66	30	32	P 638	66	36	32	
1584	2	T 634	63	40	40	P 638	66	32	32	P 638	66	36	32	
1585	2	T 632	64	40	40	P 634	66	35	34	P 638	66	28	34	
1586	2	T 630	65	40	40	P 632	68	34	33	P 638	66	28	34	
1587	1	T 628	66	40	40	P 630	68	34	34	
1588	1	T 626	67	40	40	P 630	68	34	34	
1589	1	T 624	68	40	40	P 626	70	36	34	
1590	2	T 622	69	40	40	P 626	70	35	34	P 626	70	35	34	
1591	2	T 620	70	40	40	P 624	72	30	34	P 624	72	34	34	
1592	2	T 618	71	40	40	P 624	72	30	35	P 624	72	34	34	
1593	1	T 616	72	40	40	P 620	74	32	36	
1594	1	T 614	73	40	40	P 620	76	26	34	
1595	1	T 612	74	40	40	P 616	76	35	34	
1596	1	T 610	75	40	40	P 614	76	36	34	
1597	1	T 608	76	40	40	P 612	78	35	34	
1598	1	T 606	77	40	40	P 610	80	32	34	
1599	1	T 604	78	40	40	P 606	80	34	34	
1600	1	T 602	79	40	40	P 606	80	34	34	
1601	1	T 600	80	40	40	P 602	84	34	32	
1602	1	T 598	81	40	40	P 602	84	36	32	
1603	1	T 596	82	40	40	P 600	84	32	35	
1604	1	T 594	83	40	40	P 600	84	32	35	
1605	1	T 592	84	40	40	P 596	86	33	34	
1606	1	T 590	85	40	40	P 592	86	36	36	
1607	1	T 588	86	40	40	P 594	86	35	34	
1608	1	T 586	87	40	40	P 596	86	33	35	
1609	1	T 584	88	40	40	P 594	86	32	36	
1610	1	T 582	89	40	40	P 588	90	34	34	
1611	1	T 580	90	40	40	P 590	90	32	34	
1612	1	T 578	91	40	40	P 591	90	31	35	
1613	1	T 576	92	40	40	P 586	90	34	34	
1614	3	T 574	93	40	40	P 584	92	37	34	P 577	94	30	36	P 576	94	34	36	
1615	3	T 572	94	40	40	P 587	92	29	34	P 584	91	28	35	P 581	92	35	34	
1616	3	T 570	95	40	40	P 572	96	34	36	P 580	94	35	34	P 584	94	28	34	
1617	3	T 568	96	40	40	P 580	94	32	34	P 574	96	34	34	P 574	96	36	34	
1618	3	T 566	97	40	40	P 568	98	36	36	P 570	98	32	36	P 571	98	27	37	
1619	3	T 564	98	40	40	P 568	98	36	36	P 570	98	32	36	P 571	98	27	37	
1620	0	T 562	99	40	40	
1621	0	T 560	100	40	40	
1622	1	T 558	101	40	40	P 562	102	34	34	
1623	1	T 556	102	40	40	P 562	102	34	34	
1624	1	T 554	103	40	40	P 556	104	35	36	
1625	1	T 552	104	40	40	P 562	104	33	33	
1626	1	T 550	105	40	40	P 554	106	34	34	
1627	1	T 548	106	40	40	P 559	104	32	34	
1628	1	T 546	107	40	40	P 548	108	34	36	
1629	2	T 544	108	40	40	P 558	106	28	35	P 550	108	35	34	
1630	3	T 542	109	40	40	P 552	108	36	34	P 551	108	34	34	P 551	108	31	35	
1631	4	T 540	110	40	40	P 550	108	35	34	P 551	108	31	35	P 544	112	34	34	P 550	108	35	34	
1632	4	T 538	111	40	40	P 549	112	26	35	P 543	114	33	32	P 542	114	34	32	P 546	113	29	35	
1633	4	T 536	112	40	40	P 542	114	33	34	P 538	114	36	34	P 544	114	31	34	P 538	114	34	35	
1634	4	T 534	113	40	40	P 536	114	36	36	P 538	114	36	34	P 544	114	31	34	P 538	114	34	35	
1635	4	T 532	114	40	40	P 535	116	31	34	P 535	116	34	34	P 534	116	35	34	P 535	116	31	35	
1636	4	T 530	115	40	40	P 535	116	31	34	P 535	116	34	34	P 534	116	35	34	P 535	116	31	35	
1637	0	T 528	116	40	40	
1638	0	T 526	117	40	40	
1639	0	T 524	118	40	40	
1640	0	T 522	119	40	40	
1641	0	T 520	120	40	40	
1642	0	T 518	121	40	40	
1643	0	T 516	122	40	40	
1644	0	T 514	123	40	40	
1645	0	T 512	124	40	40	
1646	1	T 510	125	40	40	P 512	128	34	34	
1647	1	T 508	126	40	40	P 528	120	32	34	
1648	1	T 506	127	40	40	P 526	122	32	32	
1649	1	T 504	128	40	40	P 516	126	33	34	
1650	1	T 502	129	40	40	P 520	124	32	35	
1651	1	T 500	130	40	40	P 502	132	35	36	
1652	1	T 498	131	40	40	P 514	128	31	34	
1653	1	T 496	132	40	40	P 508	130	33	35	
1654	2	T 494	133	40	40	P 510	130	35	32	P 498	134	36	36	
1655	4	T 492	134	40	40	P 504	132	36	33	P 506	130	35	34	P 498	134	36	36	P 498	134	36	36	
1656	4	T 490	135	40	40	P 499	134	31	36	P 496	136	34	34	P 501	136	26	36	P 498	134	36	36	
1657	3	T 488	136	40	40	P 490	138	34	34	P 496	136	34	34	P 501	136	26	36	
1658	2	T 486	137	40	40	P 492	140	28	34	P 490	140	32	34	
1659	2	T 484	138	40	40	P 486	140	37	36	P 488	140	35	36	
1660	2	T 482	139	40	40	P 484	142	34	34	P 488	140	35	36	
1661	1	T 480	140	40	40	P 482	142	37	34	
1662	1	T 478	141	40	40	P 482	142	37	34	
1663	1	T 476	142	40	40	P 482	144	31	36	
1664	1	T 474	143	40	40	P 478	144	35	36	
1665	2	T 472	144	40	40	P 478	146	30	34	P 474	146	34	36	
1666	2	T 470	145	40	40	P 476	146	32	36	P 474	149	32	29	
1667	2	T 468	146	40	40	P 470	148	34	34	P 474	149	32	29	
1668	1	T 466	147	40	40	P 470	148	34	34	
1669	1	T 464	148	40	40	P 466	150	36	36	
1670	1	T 462	149	40	40	P 466	150	34	36	
1671	1	T 460	150	40	40	P 464	152	34	34	
1672	1	T 458	151	40	40	P 460	152	35	37	
1673	2	T 456	152	40	40	P 467	152	29	34	P 462	152	33	36	
1674	3	T 454	153	40	40	P 462	152	33	36	P 463	152	31	34	P 456	154	35	36	
1675	3	T 452	154	40	40	P 454	156	34	34	P 463	152	31	34	P 456	154	35	36	
1676	2	T 450	155	40	40	P 452	156	36	36	P 454	156	32	36	
1677	2	T 448	156	40	40	P 450	158	34	34	P 454	156	32	36	
1678	1	T 446	157	40	40	P 448	158	34	36	
1679	1	T 444	158	40	40	P 446	160	34	34	
1680	1	T 442	159	40	40	P 448	160	32	34	
1681	1	T 440	160	40	40	P 443	164	33	32	
1682	1	T 438	161	40	40	P 440	162	35	36	
1683	2	T 436	162	40	40	P 441	162	31	36	P 441	162	31	36	
1684	2	T 434	163	40	40	P 438	164	35	34	P 442	164	28	35	
1685	2	T 432	164	40	40	P 438	166	33	34	P 436	166	35	34	
1686	2	T 430	165	40	40	P 440	166	27	34	P 436	168	32	33	
1687	2	T 428	166	40	40	P 433	168	33	34	P 431	168	33	34	
1688	3	T 426	167	40	40	P 433	168	29	34	P 434	168	27	34	P 430	168	34	34	
1689	3	T 424	168	40	40	P 430	168	34	34	P 434	168	27	35	P 426	172	35	32	
1690	3	T 422	169	40	40	P 424	172	35	34	P 434	168	27	35	P 426	172	35	32	
1691	1	T 420	170	40	40	P 424	172	32	35	
1692	1	T 418	171	40	40	P 422	174	32	34	
1693	1	T 416	172	40	40	P 418	174	36	35	
1694	1	T 414	173	40	40	P 416	176	34	34	
1695	1	T 412	174	40	40	P 414	176	34	36	
1696	1	T 410	175	40	40	P 414	178	32	34	
1697	1	T 408	176	40	40	P 411	179	29	33	
1698	1	T 406	177	40	40	P 408	180	34	34	
1699	2	T 404	178	40	40	P 411	180	33	32	P 406	180	36	37	
1700	2	T 402	179	40	40	P 410	180	34	32	P 406	180	33	36	
1701	2	T 400	180	40	40	P 410	180	34	32	P 406	180	33	36	
1702	2	T 398	181	40	40	P 400	182	36	36	P 402	182	30	36	
1703	2	T 396	182	40	40	P 402	182	33	36	P 398	184	36	36	
1704	2	T 394	183	40	40	P 402	182	33	36	P 398	184	36	36	
1705	1	T 392	184	40	40	P 394	186	34	34	
1706	1	T 390	185	40	40	P 394	186	34	34	
1707	1	T 388	186	40	40	P 393	188	29	34	
1708	1	T 386	187	40	40	P 390	188	35	34	
1709	1	T 384	188	40	40	P 392	188	33	34	
1710	1	T 382	189	40	40	P 393	188	29	35	
1711	1	T 380	190	40	40	P 390	190	32	34	
1712	1	T 378	191	40	40	P 386	190	34	34	
1713	1	T 376	192	40	40	P 378	194	36	36	
1714	1	T 374	193	40	40	P 384	192	34	34	
1715	1	T 372	194	40	40	P 382	194	32	32	
1716	1	T 370	195	40	40	P 380	194	26	36	
1717	3	T 368	196	40	40	P 374	198	34	32	P 374	198	32	34	P 374	198	32	34	
1718	3	T 366	197	40	40	P 376	198	27	34	P 370	200	32	34	P 368	200	34	34	
1719	3	T 364	198	40	40	P 367	200	31	35	P 366	200	36	34	P 368	200	34	34	
1720	2	T 362	199	40	40	P 364	200	34	36	P 366	200	36	34	
1721	1	T 360	200	40	40	P 362	202	34	34	
1722	1	T 358	201	40	40	P 362	202	34	34	
1723	0	T 356	202	40	40	
1724	0	T 354	203	40	40	
1725	0	T 352	204	40	40	
1726	1	T 350	205	40	40	P 356	206	35	36	
1727	2	T 348	206	40	40	P 356	206	34	33	P 356	206	35	36	
1728	2	T 346	207	40	40	P 356	206	35	36	P 351	208	33	34	
1729	2	T 344	208	40	40	P 350	208	36	34	P 354	208	25	36	
1730	2	T 342	209	40	40	P 350	208	32	36	P 347	210	33	34	
1731	2	T 340	210	40	40	P 346	210	36	34	P 342	212	34	34	
1732	2	T 338	211	40	40	P 340	214	35	34	P 342	212	34	34	
1733	1	T 336	212	40	40	P 340	214	35	34	
1734	1	T 334	213	40	40	P 338	214	32	36	
1735	1	T 332	214	40	40	P 336	214	34	36	
1736	1	T 330	215	40	40	P 341	214	26	37	
1737	1	T 328	216	40	40	P 334	216	34	34	
1738	1	T 326	217	40	40	P 333	216	29	36	
1739	1	T 324	218	40	40	P 332	216	34	36	
1740	1	T 322	219	40	40	P 324	220	34	36	
1741	1	T 320	220	40	40	P 322	222	35	36	
1742	1	T 318	221	40	40	P 322	222	33	36	
1743	1	T 316	222	40	40	P 319	224	33	36	
1744	1	T 314	223	40	40	P 318	224	34	36	
1745	1	T 312	224	40	40	P 316	226	36	34	
1746	1	T 310	225	40	40	P 316	226	34	34	
1747	1	T 308	226	40	40	P 312	228	34	34	
1748	1	T 306	227	40	40	P 316	228	27	34	
1749	1	T 304	228	40	40	P 310	230	27	34	
1750	1	T 302	229	40	40	P 305	230	31	36	
1751	1	T 300	230	40	40	P 306	230	36	34	
1752	1	T 298	231	40	40	P 304	230	35	36	
1753	1	T 296	232	40	40	P 304	230	36	36	
1754	1	T 294	233	40	40	P 302	232	34	36	
1755	1	T 292	234	40	40	P 306	232	26	36	
1756	2	T 290	235	40	40	P 300	234	34	34	P 298	234	34	36	
1757	2	T 288	236	40	40	P 298	234	34	36	P 296	236	35	34	
1758	3	T 286	237	40	40	P 294	236	35	34	P 298	236	31	35	P 298	236	31	35	
1759	3	T 284	238	40	40	P 292	238	34	34	P 290	240	34	32	P 288	240	35	34	
1760	3	T 282	239	40	40	P 286	240	34	34	P 286	242	31	32	P 288	240	35	34	
1761	2	T 280	240	40	40	P 286	240	34	34	P 286	242	31	32	
1762	0	T 278	241	40	40	
1763	0	T 276	242	40	40	
1764	0	T 274	243	40	40	
1765	0	T 272	244	40	40	
1766	0	T 270	245	40	40	
1767	0	T 268	246	40	40	
1768	0	T 266	247	40	40	
1769	2	T 264	248	40	40	P 274	246	32	36	P 274	246	32	36	
1770	2	T 262	249	40	40	P 278	244	34	34	P 278	246	32	34	
1771	2	T 260	250	40	40	P 276	246	36	34	P 274	246	36	34	
1772	3	T 258	251	40	40	P 272	246	38	34	P 276	246	30	34	P 262	252	34	34	
1773	3	T 256	252	40	40	P 270	250	32	34	P 268	250	32	34	P 264	252	34	34	
1774	3	T 254	253	40	40	P 262	252	34	34	P 258	254	34	34	P 256	256	34	34	
1775	3	T 252	254	40	40	P 258	256	32	34	P 254	256	34	34	P 258	256	28	35	
1776	3	T 250	255	40	40	P 252	258	34	34	P 253	258	33	34	P 258	256	28	35	
1777	2	T 248	256	40	40	P 252	258	32	34	P 253	258	33	34	
1778	1	T 246	257	40	40	P 248	260	35	32	
1779	1	T 244	258	40	40	P 248	260	35	32	
1780	1	T 242	259	40	40	P 244	260	34	36	
1781	1	T 240	260	40	40	P 244	263	32	33	
1782	1	T 238	261	40	40	P 240	264	34	32	
1783	1	T 236	262	40	40	P 238	264	36	34	
1784	1	T 234	263	40	40	P 240	264	32	34	
1785	1	T 232	264	40	40	P 234	266	35	35	
1786	2	T 230	265	40	40	P 240	264	30	35	P 232	268	35	36	
1787	2	T 228	266	40	40	P 236	266	34	32	P 235	266	34	34	
1788	2	T 226	267	40	40	P 234	268	33	34	P 230	271	32	31	
1789	2	T 224	268	40	40	P 226	270	35	36	P 230	270	31	36	
1790	2	T 222	269	40	40	P 226	270	35	36	P 230	270	31	36	
1791	1	T 220	270	40	40	P 222	272	36	34	
1792	1	T 218	271	40	40	P 222	272	36	34	
1793	1	T 216	272	40	40	P 219	276	33	32	
1794	1	T 214	273	40	40	P 216	276	34	34	
1795	1	T 212	274	40	40	P 218	276	36	32	
1796	1	T 210	275	40	40	P 222	276	30	32	
1797	1	T 208	276	40	40	P 218	276	32	34	
1798	2	T 206	277	40	40	P 214	278	32	32	P 208	278	35	36	
1799	2	T 204	278	40	40	P 209	278	34	36	P 212	278	32	34	
1800	2	T 202	279	40	40	P 209	278	34	36	P 212	278	32	34	
1801	1	T 200	280	40	40	P 202	282	34	35	
1802	1	T 198	281	40	40	P 202	282	34	35	
1803	1	T 196	282	40	40	P 198	284	34	34	
1804	1	T 194	283	40	40	P 198	284	30	36	
1805	1	T 192	284	40	40	P 196	284	34	36	
1806	1	T 190	285	40	40	P 196	284	34	36	
1807	0	T 188	286	40	40	
1808	0	T 186	287	40	40	
1809	0	T 184	288	40	40	
1810	0	T 182	289	40	40	
1811	0	T 180	290	40	40	
1812	1	T 178	291	40	40	P 179	294	35	34	
1813	1	T 176	292	40	40	P 186	292	34	32	
1814	1	T 174	293	40	40	P 184	294	32	32	
1815	1	T 172	294	40	40	P 180	296	33	32	
1816	1	T 170	295	40	40	P 172	296	34	36	
1817	2	T 168	296	40	40	P 178	296	30	32	P 171	298	33	34	
1818	3	T 166	297	40	40	P 170	298	34	35	P 175	298	33	32	P 168	298	36	36	
1819	3	T 164	298	40	40	P 176	296	26	36	P 171	298	30	34	P 168	298	36	36	
1820	2	T 162	299	40	40	P 176	296	26	36	P 171	298	30	34	
1821	1	T 160	300	40	40	P 164	302	32	34	
1822	1	T 158	301	40	40	P 160	304	34	34	
1823	1	T 156	302	40	40	P 158	304	34	36	
1824	1	T 154	303	40	40	P 164	304	24	36	
1825	2	T 152	304	40	40	P 156	306	34	34	P 156	306	34	34	
1826	2	T 150	305	40	40	P 154	308	34	32	P 154	306	32	36	
1827	2	T 148	306	40	40	P 150	308	35	34	P 152	308	33	34	
1828	2	T 146	307	40	40	P 150	310	33	34	P 148	310	35	34	
1829	2	T 144	308	40	40	P 146	310	36	36	P 148	310	35	34	
1830	1	T 142	309	40	40	P 146	310	36	36	
1831	1	T 140	310	40	40	P 142	312	34	34	
1832	1	T 138	311	40	40	P 142	314	32	34	
1833	1	T 136	312	40	40	P 140	314	36	34	
1834	1	T 134	313	40	40	P 138	316	35	33	
1835	2	T 132	314	40	40	P 138	316	32	34	P 134	316	34	36	
1836	3	T 130	315	40	40	P 140	316	27	34	P 138	316	30	36	P 138	316	30	36	
1837	3	T 128	316	40	40	P 134	318	32	34	P 132	318	36	34	P 132	318	31	34	
1838	3	T 126	317	40	40	P 129	320	31	34	P 128	320	36	34	P 129	320	34	34	
1839	3	T 124	318	40	40	P 126	320	34	36	P 128	320	36	34	P 129	320	34	34	
1840	2	T 122	319	40	40	P 126	322	32	34	P 124	322	34	34	
1841	2	T 120	320	40	40	P 122	322	34	34	P 124	322	34	34	
1842	1	T 118	321	40	40	P 120	324	34	32	
1843	1	T 116	322	40	40	P 118	326	34	30	
1844	1	T 114	323	40	40	P 118	326	34	30	
1845	0	T 112	324	40	40	
1846	0	T 110	325	40	40	
1847	1	T 108	326	40	40	P 113	328	34	35	
1848	1	T 106	327	40	40	P 112	328	35	34	
1849	1	T 104	328	40	40	P 113	328	34	35	
1850	1	T 102	329	40	40	P 110	328	35	34	
1851	1	T 100	330	40	40	P 114	328	28	35	
1852	2	T 98	331	40	40	P 100	332	34	36	P 101	332	30	36	
1853	3	T 96	332	40	40	P 108	330	32	34	P 104	332	34	34	P 98	334	34	35	
1854	3	T 94	333	40	40	P 108	332	27	34	P 103	332	33	34	P 102	332	34	34	
1855	3	T 92	334	40	40	P 96	336	35	34	P 94	338	36	32	P 96	338	33	32	
1856	3	T 90	335	40	40	P 92	338	34	32	P 94	338	32	32	P 96	338	33	32	
1857	2	T 88	336	40	40	P 94	338	27	34	P 92	338	32	34	
1858	2	T 86	337	40	40	P 94	338	27	34	P 92	338	32	34	
1859	1	T 84	338	40	40	P 86	339	36	35	
1860	1	T 82	339	40	40	P 86	342	30	34	
1861	1	T 80	340	40	40	P 82	342	34	34	
1862	1	T 78	341	40	40	P 80	344	34	32	
1863	1	T 76	342	40	40	P 78	344	36	36	
1864	1	T 74	343	40	40	P 81	344	33	32	
1865	1	T 72	344	40	40	P 76	346	34	34	
1866	1	T 70	345	40	40	P 78	346	32	34	
1867	1	T 68	346	40	40	P 82	346	25	35	
1868	1	T 66	347	40	40	P 74	348	34	32	
1869	1	T 64	348	40	40	P 72	348	34	34	
1870	2	T 62	349	40	40	P 76	348	28	34	P 64	350	34	36	
1871	2	T 60	350	40	40	P 70	348	34	34	P 68	350	34	32	
1872	2	T 58	351	40	40	P 66	352	35	32	P 64	354	33	32	
1873	2	T 56	352	40	40	P 62	354	35	32	P 60	354	34	34	
1874	3	T 54	353	40	40	P 60	354	29	34	P 60	354	32	34	P 56	354	35	36	
1875	3	T 52	354	40	40	P 54	356	36	36	P 56	356	34	36	P 60	354	29	35	
1876	3	T 50	355	40	40	P 62	354	26	36	P 58	356	26	36	P 52	360	36	30	
1877	3	T 48	356	40	40	P 52	358	32	34	P 58	356	26	36	P 52	360	36	30	
1878	1	T 46	357	40	40	P 48	360	34	34	
1879	1	T 44	358	40	40	P 48	360	32	34	
1880	1	T 42	359	40	40	P 50	360	28	35	
1881	1	T 40	360	40	40	P 46	362	32	34	
1882	1	T 38	361	40	40	P 44	362	30	34	
1883	2	T 36	362	40	40	P 42	362	36	34	P 42	362	36	34	
1884	2	T 34	363	40	40	P 44	362	32	34	P 44	362	28	35	
1885	2	T 32	364	40	40	P 34	366	34	36	P 42	364	32	34	
1886	2	T 30	365	40	40	P 34	368	32	34	P 36	368	27	34	
1887	2	T 28	366	40	40	P 32	370	33	32	P 36	368	27	34	
1888	2	T 26	367	40	40	P 28	370	34	34	P 30	370	32	34	
1889	2	T 24	368	40	40	P 26	370	34	36	P 30	370	32	34	
1890	2	T 22	369	40	40	P 24	372	35	32	P 24	372	36	32	
1891	2	T 20	370	40	40	P 22	374	36	32	P 24	372	36	32	
1892	2	T 22	371	40	40	P 26	374	32	34	P 24	374	36	34	
1893	2	T 24	372	40	40	P 28	374	27	34	P 26	376	34	32	
1894	2	T 26	373	40	40	P 28	374	27	34	P 26	376	34	32	
1895	1	T 28	374	40	40	P 36	376	30	34	
1896	1	T 30	375	40	40	P 34	378	33	34	
1897	1	T 32	376	40	40	P 36	378	27	34	
1898	1	T 34	377	40	40	P 36	378	32	35	
1899	1	T 36	378	40	40	P 36	380	35	32	
1900	1	T 38	379	40	40	P 39	382	37	34	
1901	1	T 40	380	40	40	P 42	380	27	36	
1902	2	T 42	381	40	40	P 40	380	32	36	P 40	380	32	36	
1903	2	T 44	382	40	40	P 44	382	34	34	P 46	382	28	35	
1904	2	T 46	383	40	40	P 44	384	34	34	P 48	386	35	34	
1905	2	T 48	384	40	40	P 49	386	34	34	P 52	386	28	34	
1906	2	T 50	385	40	40	P 50	386	36	34	P 54	388	32	32	
1907	2	T 52	386	40	40	P 54	388	32	33	P 54	388	32	32	
1908	1	T 54	387	40	40	P 54	388	32	33	
1909	1	T 56	388	40	40	P 58	390	34	34	
1910	1	T 58	389	40	40	P 60	390	32	34	
1911	1	T 60	390	40	40	P 62	392	32	34	
1912	2	T 62	391	40	40	P 60	392	36	34	P 60	392	36	34	
1913	2	T 64	392	40	40	P 62	392	34	34	P 66	394	34	34	
1914	2	T 66	393	40	40	P 70	394	26	35	P 66	394	34	34	
1915	2	T 68	394	40	40	P 72	398	32	32	P 72	398	32	33	
1916	2	T 70	395	40	40	P 72	398	36	34	P 72	398	34	34	
1917	2	T 72	396	40	40	P 73	398	37	34	P 76	398	32	35	
1918	2	T 74	397	40	40	P 76	400	34	32	P 77	400	33	32	
1919	2	T 76	398	40	40	P 78	400	35	36	P 82	400	28	38	
1920	2	T 78	399	40	40	P 78	400	35	36	P 82	400	28	38	
1921	1	T 80	400	40	40	P 82	402	34	34	
1922	1	T 82	401	40	40	P 82	402	34	34	
1923	1	T 84	402	40	40	P 86	404	35	36	
1924	1	T 86	403	40	40	P 90	404	31	36	
1925	1	T 88	404	40	40	P 88	406	36	32	
1926	1	T 90	405	40	40	P 90	406	36	36	
1927	1	T 92	406	40	40	P 92	406	34	36	
1928	1	T 94	407	40	40	P 94	408	36	36	
1929	1	T 96	408	40	40	P 100	412	33	32	
1930	1	T 98	409	40	40	P 100	410	34	36	
1931	1	T 100	410	40	40	P 104	410	26	36	
1932	1	T 102	411	40	40	P 104	410	26	36	
1933	1	T 104	412	40	40	P 106	414	36	36	
1934	1	T 106	413	40	40	P 106	414	36	36	
1935	1	T 108	414	40	40	P 110	416	35	34	
1936	1	T 110	415	40	40	P 112	416	33	34	
1937	1	T 112	416	40	40	P 112	416	33	34	
1938	1	T 114	417	40	40	P 118	420	32	34	
1939	1	T 116	418	40	40	P 120	420	32	35	
1940	1	T 118	419	40	40	P 120	420	32	35	
1941	0	T 120	420	40	40	
1942	0	T 122	419	40	40	
1943	0	T 124	418	40	40	
1944	0	T 126	417	40	40	
1945	0	T 128	416	40	40	
1946	0	T 130	415	40	40	
1947	1	T 132	414	40	40	P 125	420	35	34	
1948	1	T 134	413	40	40	P 126	422	32	33	
1949	2	T 136	412	40	40	P 132	418	34	34	P 140	414	30	35	
1950	2	T 138	411	40	40	P 134	418	28	34	P 140	414	30	34	
1951	2	T 140	410	40	40	P 138	414	36	34	P 140	414	32	34	
1952	2	T 142	409	40	40	P 140	414	34	34	P 144	412	34	34	
1953	2	T 144	408	40	40	P 145	412	33	34	P 148	412	32	30	
1954	2	T 146	407	40	40	P 148	410	34	32	P 148	412	32	30	
1955	2	T 148	406	40	40	P 150	408	35	34	P 152	408	33	34	
1956	2	T 150	405	40	40	P 152	408	28	35	P 152	406	34	36	
1957	2	T 152	404	40	40	P 152	408	28	35	P 152	406	34	36	
1958	2	T 154	403	40	40	P 156	408	35	29	P 156	408	35	28	
1959	2	T 156	402	40	40	P 156	408	35	29	P 156	408	35	28	
1960	2	T 158	401	40	40	P 160	404	34	32	P 161	404	33	32	
1961	2	T 160	400	40	40	P 164	402	33	35	P 161	404	33	32	
1962	2	T 162	399	40	40	P 170	401	26	35	P 166	402	33	34	
1963	2	T 164	398	40	40	P 166	400	34	34	P 166	402	33	34	
1964	1	T 166	397	40	40	P 169	400	33	32	
1965	1	T 168	396	40	40	P 170	398	36	34	
1966	1	T 170	395	40	40	P 172	398	32	34	
1967	1	T 172	394	40	40	P 176	396	32	34	
1968	1	T 174	393	40	40	P 178	394	33	36	
1969	1	T 176	392	40	40	P 180	394	26	36	
1970	2	T 178	391	40	40	P 176	394	35	36	P 176	394	35	36	
1971	2	T 180	390	40	40	P 178	394	35	34	P 182	394	26	35	
1972	2	T 182	389	40	40	P 186	392	26	35	P 182	394	26	35	
1973	2	T 184	388	40	40	P 188	391	28	31	P 188	392	32	30	
1974	2	T 186	387	40	40	P 188	391	28	31	P 188	394	34	24	
1975	2	T 188	386	40	40	P 194	388	30	34	P 192	388	32	34	
1976	2	T 190	385	40	40	P 194	388	32	34	P 192	388	32	34	
1977	1	T 192	384	40	40	P 194	388	32	34	
1978	1	T 194	383	40	40	P 196	386	34	34	
1979	1	T 196	382	40	40	P 201	386	28	35	
1980	1	T 198	381	40	40	P 202	384	30	34	
1981	1	T 200	380	40	40	P 200	384	34	34	
1982	1	T 202	379	40	40	P 207	381	29	35	
1983	1	T 204	378	40	40	P 206	382	33	34	
1984	1	T 206	377	40	40	P 208	380	36	34	
1985	1	T 208	376	40	40	P 208	380	34	34	
1986	1	T 210	375	40	40	P 210	378	35	34	
1987	1	T 212	374	40	40	P 210	378	35	34	
1988	1	T 214	373	40	40	P 218	374	32	36	
1989	1	T 216	372	40	40	P 218	374	34	34	
1990	1	T 218	371	40	40	P 222	374	33	34	
1991	1	T 220	370	40	40	P 222	374	33	34	
1992	1	T 222	369	40	40	P 224	372	34	34	
1993	1	T 224	368	40	40	P 226	370	34	36	
1994	1	T 226	367	40	40	P 228	370	34	34	
1995	1	T 228	366	40	40	P 232	370	27	34	
1996	1	T 230	365	40	40	P 230	368	34	36	
1997	1	T 232	364	40	40	P 232	368	30	36	
1998	1	T 234	363	40	40	P 236	368	32	33	
1999	1	T 236	362	40	40	P 238	366	32	34	
2000	1	T 238	361	40	40	P 242	364	27	34	
