1	0	T 80	80	40	40	
2	0	T 82	81	40	40	
3	0	T 84	82	40	40	
4	0	T 86	83	40	40	
5	0	T 88	84	40	40	
6	0	T 90	85	40	40	
7	0	T 92	86	40	40	
8	0	T 94	87	40	40	
9	0	T 96	88	40	40	
10	0	T 98	89	40	40	
11	0	T 100	90	40	40	
12	0	T 102	91	40	40	
13	0	T 104	92	40	40	
14	0	T 106	93	40	40	
15	0	T 108	94	40	40	
16	0	T 110	95	40	40	
17	0	T 112	96	40	40	
18	0	T 114	97	40	40	
19	0	T 116	98	40	40	
20	0	T 118	99	40	40	
21	0	T 120	100	40	40	
22	0	T 122	101	40	40	
23	0	T 124	102	40	40	
24	0	T 126	103	40	40	
25	0	T 128	104	40	40	
26	1	T 130	105	40	40	P 150	120	18	18	
27	1	T 132	106	40	40	P 156	120	18	24	
28	1	T 134	107	40	40	P 156	120	24	30	
29	1	T 136	108	40	40	P 156	114	24	36	
30	1	T 138	109	40	40	P 150	114	36	36	
31	1	T 140	110	40	40	P 150	114	36	42	
32	1	T 142	111	40	40	P 150	114	42	42	
33	1	T 144	112	40	40	P 156	114	36	42	
34	1	T 146	113	40	40	P 156	114	36	48	
35	1	T 148	114	40	40	P 156	114	42	48	
36	1	T 150	115	40	40	P 156	114	42	48	
37	1	T 152	116	40	40	P 162	114	36	48	
38	1	T 154	117	40	40	P 162	114	42	48	
39	1	T 156	118	40	40	P 162	114	42	54	
40	1	T 158	119	40	40	P 168	114	36	54	
41	1	T 160	120	40	40	P 168	114	42	54	
42	1	T 162	121	40	40	P 168	114	42	54	
43	1	T 164	122	40	40	P 168	120	42	48	
44	1	T 166	123	40	40	P 168	120	48	48	
45	1	T 168	124	40	40	P 174	120	42	48	
46	1	T 170	125	40	40	P 174	120	42	54	
47	1	T 172	126	40	40	P 174	120	48	54	
48	1	T 174	127	40	40	P 174	120	48	54	
49	1	T 176	128	40	40	P 180	120	42	54	
50	1	T 178	129	40	40	P 180	126	48	48	
51	1	T 180	130	40	40	P 180	126	48	54	
52	1	T 182	131	40	40	P 180	126	48	54	
53	1	T 184	132	40	40	P 186	126	48	54	
54	1	T 186	133	40	40	P 186	126	48	54	
55	1	T 188	134	40	40	P 186	126	48	54	
56	1	T 190	135	40	40	P 186	126	54	54	
57	1	T 192	136	40	40	P 192	132	48	54	
58	1	T 194	137	40	40	P 192	132	48	54	
59	1	T 196	138	40	40	P 192	132	54	54	
60	1	T 198	139	40	40	P 198	132	48	54	
61	1	T 200	140	40	40	P 198	132	48	54	
62	1	T 202	141	40	40	P 198	132	54	54	
63	1	T 204	142	40	40	P 198	138	54	54	
64	1	T 206	143	40	40	P 204	138	48	54	
65	1	T 208	144	40	40	P 204	138	48	54	
66	1	T 210	145	40	40	P 204	138	54	54	
67	1	T 212	146	40	40	P 210	138	48	54	
68	1	T 214	147	40	40	P 210	138	54	54	
69	1	T 216	148	40	40	P 210	144	54	54	
70	1	T 218	149	40	40	P 216	144	48	54	
71	1	T 220	150	40	40	P 216	144	54	54	
72	1	T 222	151	40	40	P 216	144	54	54	
73	1	T 224	152	40	40	P 222	144	48	54	
74	1	T 226	153	40	40	P 222	144	54	54	
75	1	T 228	154	40	40	P 222	150	54	54	
76	1	T 230	155	40	40	P 228	150	48	54	
77	1	T 232	156	40	40	P 228	150	54	54	
78	1	T 234	157	40	40	P 228	150	54	54	
79	1	T 236	158	40	40	P 228	150	54	54	
80	1	T 238	159	40	40	P 234	150	54	54	
81	1	T 240	160	40	40	P 234	156	54	54	
82	1	T 242	161	40	40	P 234	156	54	54	
83	1	T 244	162	40	40	P 240	156	48	54	
84	1	T 246	163	40	40	P 240	156	54	54	
85	1	T 248	164	40	40	P 240	156	54	54	
86	1	T 250	165	40	40	P 246	156	48	54	
87	1	T 252	166	40	40	P 246	162	54	54	
88	1	T 254	167	40	40	P 246	162	54	54	
89	1	T 256	168	40	40	P 252	162	54	54	
90	1	T 258	169	40	40	P 252	162	54	54	
91	1	T 260	170	40	40	P 252	162	54	54	
92	1	T 262	171	40	40	P 258	162	48	54	
93	1	T 264	172	40	40	P 258	168	54	54	
94	1	T 266	173	40	40	P 258	168	54	54	
95	1	T 268	174	40	40	P 264	168	54	54	
96	1	T 270	175	40	40	P 264	168	54	54	
97	1	T 272	176	40	40	P 264	168	54	54	
98	1	T 274	177	40	40	P 270	168	54	54	
99	1	T 276	178	40	40	P 270	174	54	48	
100	1	T 278	179	40	40	P 270	174	54	54	
101	1	T 280	180	40	40	P 276	174	54	54	
102	1	T 282	181	40	40	P 276	174	54	54	
103	1	T 284	182	40	40	P 276	174	54	54	
104	1	T 286	183	40	40	P 282	174	54	54	
105	1	T 288	184	40	40	P 282	180	54	54	
106	1	T 290	185	40	40	P 282	180	54	54	
107	1	T 292	186	40	40	P 288	180	54	54	
108	1	T 294	187	40	40	P 288	180	54	54	
109	1	T 296	188	40	40	P 288	180	54	54	
110	1	T 298	189	40	40	P 294	180	54	54	
111	1	T 300	190	40	40	P 294	186	54	54	
112	1	T 302	191	40	40	P 294	186	54	54	
113	1	T 304	192	40	40	P 300	186	48	54	
114	1	T 306	193	40	40	P 300	186	54	54	
115	1	T 308	194	40	40	P 300	186	54	54	
116	1	T 310	195	40	40	P 306	186	54	54	
117	1	T 312	196	40	40	P 306	192	54	54	
118	1	T 314	197	40	40	P 306	192	54	54	
119	1	T 316	198	40	40	P 312	192	48	54	
120	1	T 318	199	40	40	P 312	192	54	54	
121	1	T 320	200	40	40	P 312	192	54	54	
122	1	T 322	201	40	40	P 318	192	48	54	
123	1	T 324	202	40	40	P 318	198	54	54	
124	1	T 326	203	40	40	P 318	198	54	54	
125	1	T 328	204	40	40	P 324	198	48	54	
126	1	T 330	205	40	40	P 324	198	54	54	
127	1	T 332	206	40	40	P 324	198	54	54	
128	1	T 334	207	40	40	P 330	198	54	54	
129	1	T 336	208	40	40	P 330	204	54	48	
130	1	T 338	209	40	40	P 330	204	54	54	
131	1	T 340	210	40	40	P 336	204	54	54	
132	1	T 342	211	40	40	P 336	204	54	54	
133	1	T 344	212	40	40	P 336	204	54	54	
134	1	T 346	213	40	40	P 342	204	54	54	
135	1	T 348	214	40	40	P 342	210	54	54	
136	1	T 350	215	40	40	P 342	210	54	54	
137	1	T 352	216	40	40	P 348	210	54	54	
138	1	T 354	217	40	40	P 348	210	54	54	
139	1	T 356	218	40	40	P 348	210	54	54	
140	1	T 358	219	40	40	P 354	210	54	54	
141	1	T 360	220	40	40	P 354	216	54	54	
142	1	T 362	221	40	40	P 354	216	54	54	
143	1	T 364	222	40	40	P 360	216	54	54	
144	1	T 366	223	40	40	P 360	216	54	54	
145	1	T 368	224	40	40	P 360	216	54	54	
146	1	T 370	225	40	40	P 366	222	54	48	
147	1	T 372	226	40	40	P 366	222	54	54	
148	1	T 374	227	40	40	P 366	222	54	54	
149	1	T 376	228	40	40	P 372	222	54	54	
150	1	T 378	229	40	40	P 372	222	54	54	
151	1	T 380	230	40	40	P 372	222	54	54	
152	1	T 382	231	40	40	P 378	222	54	54	
153	1	T 384	232	40	40	P 378	228	54	54	
154	1	T 386	233	40	40	P 378	228	54	54	
155	1	T 388	234	40	40	P 384	228	54	54	
156	1	T 390	235	40	40	P 384	228	54	54	
157	1	T 392	236	40	40	P 384	228	54	54	
158	1	T 394	237	40	40	P 390	234	48	48	
159	1	T 396	238	40	40	P 390	234	54	54	
160	1	T 398	239	40	40	P 390	234	54	54	
161	1	T 400	240	40	40	P 396	234	54	54	
162	1	T 402	241	40	40	P 396	234	54	54	
163	1	T 404	242	40	40	P 396	234	54	54	
164	1	T 406	243	40	40	P 402	234	54	54	
165	1	T 408	244	40	40	P 402	240	54	48	
166	1	T 410	245	40	40	P 402	240	54	54	
167	1	T 412	246	40	40	P 408	240	48	54	
168	1	T 414	247	40	40	P 408	240	54	54	
169	1	T 416	248	40	40	P 408	240	54	54	
170	1	T 418	249	40	40	P 414	240	54	54	
171	1	T 420	250	40	40	P 414	246	54	48	
172	1	T 422	251	40	40	P 414	246	54	54	
173	1	T 424	252	40	40	P 420	246	48	54	
174	1	T 426	253	40	40	P 420	246	54	54	
175	1	T 428	254	40	40	P 420	246	54	54	
176	1	T 430	255	40	40	P 426	246	54	54	
177	1	T 432	256	40	40	P 426	252	54	54	
178	1	T 434	257	40	40	P 426	252	54	54	
179	1	T 436	258	40	40	P 432	252	54	54	
180	1	T 438	259	40	40	P 432	252	54	54	
181	1	T 440	260	40	40	P 432	252	54	54	
182	1	T 442	261	40	40	P 438	252	48	54	
183	1	T 444	262	40	40	P 438	258	54	54	
184	1	T 446	263	40	40	P 438	258	54	54	
185	1	T 448	264	40	40	P 444	258	54	54	
186	1	T 450	265	40	40	P 444	258	54	54	
187	1	T 452	266	40	40	P 444	258	54	54	
188	1	T 454	267	40	40	P 450	258	54	54	
189	1	T 456	268	40	40	P 450	264	54	54	
190	1	T 458	269	40	40	P 450	264	54	54	
191	1	T 460	270	40	40	P 456	264	54	54	
192	1	T 462	271	40	40	P 456	264	54	54	
193	1	T 464	272	40	40	P 456	264	54	54	
194	1	T 466	273	40	40	P 462	264	54	54	
195	1	T 468	274	40	40	P 462	270	54	54	
196	1	T 470	275	40	40	P 462	270	54	54	
197	1	T 472	276	40	40	P 468	270	54	54	
198	1	T 474	277	40	40	P 468	270	54	54	
199	1	T 476	278	40	40	P 468	270	54	54	
200	1	T 478	279	40	40	P 474	270	54	54	
201	1	T 480	280	40	40	P 474	276	54	48	
202	1	T 482	281	40	40	P 474	276	54	54	
203	1	T 484	282	40	40	P 480	276	54	54	
204	1	T 486	283	40	40	P 480	276	54	54	
205	1	T 488	284	40	40	P 480	276	54	54	
206	1	T 490	285	40	40	P 486	276	54	54	
207	1	T 492	286	40	40	P 486	282	54	54	
208	1	T 494	287	40	40	P 486	282	54	54	
209	1	T 496	288	40	40	P 492	282	48	54	
210	1	T 498	289	40	40	P 492	282	54	54	
211	1	T 500	290	40	40	P 492	282	54	54	
212	1	T 502	291	40	40	P 498	282	54	54	
213	1	T 504	292	40	40	P 498	288	54	54	
214	1	T 506	293	40	40	P 498	288	54	54	
215	1	T 508	294	40	40	P 504	288	54	54	
216	1	T 510	295	40	40	P 504	288	54	54	
217	1	T 512	296	40	40	P 504	288	54	54	
218	1	T 514	297	40	40	P 510	294	48	48	
219	1	T 516	298	40	40	P 510	294	54	54	
220	1	T 518	299	40	40	P 510	294	54	54	
221	1	T 520	300	40	40	P 516	294	54	54	
222	1	T 522	301	40	40	P 516	294	54	54	
223	1	T 524	302	40	40	P 516	294	54	54	
224	1	T 526	303	40	40	P 522	294	54	54	
225	1	T 528	304	40	40	P 522	300	54	48	
226	1	T 530	305	40	40	P 522	300	54	54	
227	1	T 532	306	40	40	P 528	300	54	54	
228	1	T 534	307	40	40	P 528	300	54	54	
229	1	T 536	308	40	40	P 528	300	54	54	
230	1	T 538	309	40	40	P 534	306	54	48	
231	1	T 540	310	40	40	P 534	306	54	54	
232	1	T 542	311	40	40	P 534	306	54	54	
233	1	T 544	312	40	40	P 540	306	54	54	
234	1	T 546	313	40	40	P 540	306	54	54	
235	1	T 548	314	40	40	P 540	306	54	54	
236	1	T 550	315	40	40	P 546	306	54	54	
237	1	T 552	316	40	40	P 546	312	54	48	
238	1	T 554	317	40	40	P 546	312	54	54	
239	1	T 556	318	40	40	P 552	312	54	54	
240	1	T 558	319	40	40	P 552	312	54	54	
241	1	T 560	320	40	40	P 552	312	54	54	
242	1	T 562	321	40	40	P 558	312	54	54	
243	1	T 564	322	40	40	P 558	318	54	54	
244	1	T 566	323	40	40	P 558	318	54	54	
245	1	T 568	324	40	40	P 564	318	54	54	
246	1	T 570	325	40	40	P 564	318	54	54	
247	1	T 572	326	40	40	P 564	318	54	54	
248	1	T 574	327	40	40	P 570	318	48	54	
249	1	T 576	328	40	40	P 570	324	54	54	
250	1	T 578	329	40	40	P 570	324	54	54	
251	1	T 580	330	40	40	P 576	324	54	54	
252	1	T 582	331	40	40	P 576	324	54	54	
253	1	T 584	332	40	40	P 576	324	54	54	
254	1	T 586	333	40	40	P 582	324	54	54	
255	1	T 588	334	40	40	P 582	330	54	54	
256	1	T 590	335	40	40	P 582	330	54	54	
257	1	T 592	336	40	40	P 588	330	54	54	
258	1	T 594	337	40	40	P 588	330	54	54	
259	1	T 596	338	40	40	P 588	330	54	54	
260	1	T 598	339	40	40	P 594	330	54	54	
261	1	T 600	340	40	40	P 594	336	54	54	
262	1	T 602	341	40	40	P 594	336	54	54	
263	1	T 604	342	40	40	P 600	336	54	54	
264	1	T 606	343	40	40	P 600	336	54	54	
265	1	T 608	344	40	40	P 600	336	54	54	
266	1	T 610	345	40	40	P 606	336	48	54	
267	1	T 612	346	40	40	P 606	342	54	48	
268	1	T 614	347	40	40	P 606	342	54	54	
269	1	T 616	348	40	40	P 612	342	54	54	
270	1	T 618	349	40	40	P 612	342	54	54	
271	1	T 620	350	40	40	P 612	342	54	54	
272	1	T 622	351	40	40	P 618	342	54	54	
273	1	T 624	352	40	40	P 618	348	54	48	
274	1	T 626	353	40	40	P 618	348	54	54	
275	1	T 628	354	40	40	P 624	348	54	54	
276	1	T 630	355	40	40	P 624	348	54	54	
277	1	T 632	356	40	40	P 624	348	54	54	
278	1	T 634	357	40	40	P 630	348	54	54	
279	1	T 636	358	40	40	P 630	354	54	54	
280	1	T 638	359	40	40	P 630	354	54	54	
281	1	T 640	360	40	40	P 636	354	54	54	
282	1	T 642	361	40	40	P 636	354	54	54	
283	1	T 644	362	40	40	P 636	354	54	54	
284	1	T 646	363	40	40	P 642	360	48	48	
285	1	T 648	364	40	40	P 642	360	54	54	
286	1	T 650	365	40	40	P 642	360	54	54	
287	1	T 652	366	40	40	P 648	360	54	54	
288	1	T 654	367	40	40	P 648	360	54	54	
289	1	T 656	368	40	40	P 648	360	54	54	
290	1	T 658	369	40	40	P 654	360	54	54	
291	1	T 660	370	40	40	P 654	366	54	54	
292	1	T 658	371	40	40	P 654	366	54	54	
293	1	T 656	372	40	40	P 648	366	54	54	
294	1	T 654	373	40	40	P 648	366	54	54	
295	1	T 652	374	40	40	P 648	366	54	54	
296	1	T 650	375	40	40	P 642	366	54	54	
297	1	T 648	376	40	40	P 642	372	54	54	
298	1	T 646	377	40	40	P 642	372	54	54	
299	1	T 644	378	40	40	P 636	372	54	54	
300	1	T 642	379	40	40	P 636	372	54	54	
301	1	T 640	380	40	40	P 636	372	54	54	
302	1	T 638	381	40	40	P 630	378	54	48	
303	1	T 636	382	40	40	P 630	378	54	54	
304	1	T 634	383	40	40	P 630	378	54	54	
305	1	T 632	384	40	40	P 624	378	54	54	
306	1	T 630	385	40	40	P 624	378	54	54	
307	1	T 628	386	40	40	P 624	378	54	54	
308	1	T 626	387	40	40	P 618	378	54	54	
309	1	T 624	388	40	40	P 618	384	54	48	
310	1	T 622	389	40	40	P 618	384	54	54	
311	1	T 620	390	40	40	P 612	384	54	54	
312	1	T 618	391	40	40	P 612	384	54	54	
313	1	T 616	392	40	40	P 612	384	54	54	
314	1	T 614	393	40	40	P 606	384	54	54	
315	1	T 612	394	40	40	P 606	390	54	54	
316	1	T 610	395	40	40	P 606	390	54	54	
317	1	T 608	396	40	40	P 600	390	54	54	
318	1	T 606	397	40	40	P 600	390	54	54	
319	1	T 604	398	40	40	P 600	390	54	54	
320	1	T 602	399	40	40	P 594	390	54	54	
321	1	T 600	400	40	40	P 594	396	54	54	
322	1	T 598	401	40	40	P 594	396	54	54	
323	1	T 596	402	40	40	P 588	396	54	54	
324	1	T 594	403	40	40	P 588	396	54	54	
325	1	T 592	404	40	40	P 588	396	54	54	
326	1	T 590	405	40	40	P 582	396	54	54	
327	1	T 588	406	40	40	P 582	402	54	48	
328	1	T 586	407	40	40	P 582	402	54	54	
329	1	T 584	408	40	40	P 576	402	54	54	
330	1	T 582	409	40	40	P 576	402	54	54	
331	1	T 580	410	40	40	P 576	402	54	54	
332	1	T 578	411	40	40	P 570	408	54	48	
333	1	T 576	412	40	40	P 570	408	54	54	
334	1	T 574	413	40	40	P 570	408	54	54	
335	1	T 572	414	40	40	P 564	408	54	54	
336	1	T 570	415	40	40	P 564	408	54	54	
337	1	T 568	416	40	40	P 564	408	54	54	
338	1	T 566	417	40	40	P 558	408	54	54	
339	1	T 564	418	40	40	P 558	414	54	54	
340	1	T 562	419	40	40	P 558	414	48	54	
341	1	T 560	420	40	40	P 552	414	54	54	
342	1	T 558	419	40	40	P 552	414	54	54	
343	1	T 556	418	40	40	P 552	414	54	54	
344	1	T 554	417	40	40	P 546	408	54	54	
345	1	T 552	416	40	40	P 546	408	54	54	
346	1	T 550	415	40	40	P 546	408	54	54	
347	1	T 548	414	40	40	P 540	408	54	54	
348	1	T 546	413	40	40	P 540	408	54	54	
349	1	T 544	412	40	40	P 540	408	54	54	
350	1	T 542	411	40	40	P 534	408	54	48	
351	1	T 540	410	40	40	P 534	402	54	54	
352	1	T 538	409	40	40	P 534	402	54	54	
353	1	T 536	408	40	40	P 528	402	54	54	
354	1	T 534	407	40	40	P 528	402	54	54	
355	1	T 532	406	40	40	P 528	402	48	54	
356	1	T 530	405	40	40	P 522	396	54	54	
357	1	T 528	404	40	40	P 522	396	54	54	
358	1	T 526	403	40	40	P 522	396	54	54	
359	1	T 524	402	40	40	P 516	396	54	54	
360	1	T 522	401	40	40	P 516	396	54	54	
361	1	T 520	400	40	40	P 516	396	54	54	
362	1	T 518	399	40	40	P 510	396	54	48	
363	1	T 516	398	40	40	P 510	390	54	54	
364	1	T 514	397	40	40	P 510	390	48	54	
365	1	T 512	396	40	40	P 504	390	54	54	
366	1	T 510	395	40	40	P 504	390	54	54	
367	1	T 508	394	40	40	P 504	390	54	54	
368	1	T 506	393	40	40	P 498	384	54	54	
369	1	T 504	392	40	40	P 498	384	54	54	
370	1	T 502	391	40	40	P 498	384	54	54	
371	1	T 500	390	40	40	P 492	384	54	54	
372	1	T 498	389	40	40	P 492	384	54	54	
373	1	T 496	388	40	40	P 492	384	54	54	
374	1	T 494	387	40	40	P 486	378	54	54	
375	1	T 492	386	40	40	P 486	378	54	54	
376	1	T 490	385	40	40	P 486	378	54	54	
377	1	T 488	384	40	40	P 480	378	54	54	
378	1	T 486	383	40	40	P 480	378	54	54	
379	1	T 484	382	40	40	P 480	378	54	48	
380	1	T 482	381	40	40	P 474	372	54	54	
381	1	T 480	380	40	40	P 474	372	54	54	
382	1	T 478	379	40	40	P 474	372	54	54	
383	1	T 476	378	40	40	P 468	372	54	54	
384	1	T 474	377	40	40	P 468	372	54	54	
385	1	T 472	376	40	40	P 468	372	54	54	
386	1	T 470	375	40	40	P 462	366	54	54	
387	1	T 468	374	40	40	P 462	366	54	54	
388	1	T 466	373	40	40	P 462	366	54	54	
389	1	T 464	372	40	40	P 456	366	54	54	
390	1	T 462	371	40	40	P 456	366	54	54	
391	1	T 460	370	40	40	P 456	366	54	54	
392	1	T 458	369	40	40	P 450	360	54	54	
393	1	T 456	368	40	40	P 450	360	54	54	
394	1	T 454	367	40	40	P 450	360	54	54	
395	1	T 452	366	40	40	P 444	360	54	54	
396	1	T 450	365	40	40	P 444	360	54	54	
397	1	T 448	364	40	40	P 444	360	54	54	
398	1	T 446	363	40	40	P 438	354	54	54	
399	1	T 444	362	40	40	P 438	354	54	54	
400	1	T 442	361	40	40	P 438	354	48	54	
401	1	T 440	360	40	40	P 432	354	54	54	
402	1	T 438	359	40	40	P 432	354	54	54	
403	1	T 436	358	40	40	P 432	354	54	54	
404	1	T 434	357	40	40	P 426	348	54	54	
405	1	T 432	356	40	40	P 426	348	54	54	
406	1	T 430	355	40	40	P 426	348	54	54	
407	1	T 428	354	40	40	P 420	348	54	54	
408	1	T 426	353	40	40	P 420	348	54	54	
409	1	T 424	352	40	40	P 420	348	54	54	
410	1	T 422	351	40	40	P 414	342	54	54	
411	1	T 420	350	40	40	P 414	342	54	54	
412	1	T 418	349	40	40	P 414	342	54	54	
413	1	T 416	348	40	40	P 408	342	54	54	
414	1	T 414	347	40	40	P 408	342	54	54	
415	1	T 412	346	40	40	P 408	342	54	54	
416	1	T 410	345	40	40	P 402	336	54	54	
417	1	T 408	344	40	40	P 402	336	54	54	
418	1	T 406	343	40	40	P 402	336	48	54	
419	1	T 404	342	40	40	P 396	336	54	54	
420	1	T 402	341	40	40	P 396	336	54	54	
421	1	T 400	340	40	40	P 396	336	48	54	
422	1	T 398	339	40	40	P 390	330	54	54	
423	1	T 396	338	40	40	P 390	330	54	54	
424	1	T 394	337	40	40	P 390	330	54	54	
425	1	T 392	336	40	40	P 384	330	54	54	
426	1	T 390	335	40	40	P 384	330	54	54	
427	1	T 388	334	40	40	P 384	330	54	54	
428	1	T 386	333	40	40	P 378	324	54	54	
429	1	T 384	332	40	40	P 378	324	54	54	
430	1	T 382	331	40	40	P 378	324	54	54	
431	1	T 380	330	40	40	P 372	324	54	54	
432	1	T 378	329	40	40	P 372	324	54	54	
433	1	T 376	328	40	40	P 372	324	54	54	
434	1	T 374	327	40	40	P 366	318	54	54	
435	1	T 372	326	40	40	P 366	318	54	54	
436	1	T 370	325	40	40	P 366	318	54	54	
437	1	T 368	324	40	40	P 360	318	54	54	
438	1	T 366	323	40	40	P 360	318	54	54	
439	1	T 364	322	40	40	P 360	318	54	54	
440	1	T 362	321	40	40	P 354	312	54	54	
441	1	T 360	320	40	40	P 354	312	54	54	
442	1	T 358	319	40	40	P 354	312	54	54	
443	1	T 356	318	40	40	P 348	312	54	54	
444	1	T 354	317	40	40	P 348	312	54	54	
445	1	T 352	316	40	40	P 348	312	54	54	
446	1	T 350	315	40	40	P 342	306	54	54	
447	1	T 348	314	40	40	P 342	306	54	54	
448	1	T 346	313	40	40	P 342	306	48	54	
449	1	T 344	312	40	40	P 336	306	54	54	
450	1	T 342	311	40	40	P 336	306	54	54	
451	1	T 340	310	40	40	P 336	306	54	54	
452	1	T 338	309	40	40	P 330	300	54	54	
453	1	T 336	308	40	40	P 330	300	54	54	
454	1	T 334	307	40	40	P 330	300	54	54	
455	1	T 332	306	40	40	P 324	300	54	54	
456	1	T 330	305	40	40	P 324	300	54	54	
457	1	T 328	304	40	40	P 324	300	54	54	
458	1	T 326	303	40	40	P 318	294	54	54	
459	1	T 324	302	40	40	P 318	294	54	54	
460	1	T 322	301	40	40	P 318	294	48	54	
461	1	T 320	300	40	40	P 312	294	54	54	
462	1	T 318	299	40	40	P 312	294	54	54	
463	1	T 316	298	40	40	P 312	294	54	54	
464	1	T 314	297	40	40	P 306	288	54	54	
465	1	T 312	296	40	40	P 306	288	54	54	
466	1	T 310	295	40	40	P 306	288	48	54	
467	1	T 308	294	40	40	P 300	288	54	54	
468	1	T 306	293	40	40	P 300	288	54	54	
469	1	T 304	292	40	40	P 300	288	54	54	
470	1	T 302	291	40	40	P 294	282	54	54	
471	1	T 300	290	40	40	P 294	282	54	54	
472	1	T 298	289	40	40	P 294	282	48	54	
473	1	T 296	288	40	40	P 288	282	54	54	
474	1	T 294	287	40	40	P 288	282	54	54	
475	1	T 292	286	40	40	P 288	282	54	54	
476	1	T 290	285	40	40	P 282	276	54	54	
477	1	T 288	284	40	40	P 282	276	54	54	
478	1	T 286	283	40	40	P 282	276	48	54	
479	1	T 284	282	40	40	P 276	276	54	54	
480	1	T 282	281	40	40	P 276	276	54	54	
481	1	T 280	280	40	40	P 276	276	54	54	
482	1	T 278	279	40	40	P 270	270	54	54	
483	1	T 276	278	40	40	P 270	270	54	54	
484	1	T 274	277	40	40	P 270	270	48	54	
485	1	T 272	276	40	40	P 264	270	54	54	
486	1	T 270	275	40	40	P 264	270	54	54	
487	1	T 268	274	40	40	P 264	270	54	54	
488	1	T 266	273	40	40	P 258	264	54	54	
489	1	T 264	272	40	40	P 258	264	54	54	
490	1	T 262	271	40	40	P 258	264	54	54	
491	1	T 260	270	40	40	P 252	264	54	54	
492	1	T 258	269	40	40	P 252	264	54	54	
493	1	T 256	268	40	40	P 252	264	54	54	
494	1	T 254	267	40	40	P 246	258	54	54	
495	1	T 252	266	40	40	P 246	258	54	54	
496	1	T 250	265	40	40	P 246	258	54	54	
497	1	T 248	264	40	40	P 240	258	54	54	
498	1	T 246	263	40	40	P 240	258	54	54	
499	1	T 244	262	40	40	P 240	258	54	54	
500	1	T 242	261	40	40	P 234	252	54	54	
501	1	T 240	260	40	40	P 234	252	54	54	
502	1	T 238	259	40	40	P 234	252	54	54	
503	1	T 236	258	40	40	P 228	252	54	54	
504	1	T 234	257	40	40	P 228	252	54	54	
505	1	T 232	256	40	40	P 228	252	54	48	
506	1	T 230	255	40	40	P 222	246	54	54	
507	1	T 228	254	40	40	P 222	246	54	54	
508	1	T 226	253	40	40	P 222	246	48	54	
509	1	T 224	252	40	40	P 216	246	54	54	
510	1	T 222	251	40	40	P 216	246	54	54	
511	1	T 220	250	40	40	P 216	246	54	54	
512	1	T 218	249	40	40	P 210	240	54	54	
513	1	T 216	248	40	40	P 210	240	54	54	
514	1	T 214	247	40	40	P 210	240	54	54	
515	1	T 212	246	40	40	P 204	240	54	54	
516	1	T 210	245	40	40	P 204	240	54	54	
517	1	T 208	244	40	40	P 204	240	54	54	
518	1	T 206	243	40	40	P 198	234	54	54	
519	1	T 204	242	40	40	P 198	234	54	54	
520	1	T 202	241	40	40	P 198	234	54	54	
521	1	T 200	240	40	40	P 192	234	54	54	
522	1	T 198	239	40	40	P 192	234	54	54	
523	1	T 196	238	40	40	P 192	234	54	54	
524	1	T 194	237	40	40	P 186	234	54	48	
525	1	T 192	236	40	40	P 186	228	54	54	
526	1	T 190	235	40	40	P 186	228	54	54	
527	1	T 188	234	40	40	P 180	228	54	54	
528	1	T 186	233	40	40	P 180	228	54	54	
529	1	T 184	232	40	40	P 180	228	54	54	
530	1	T 182	231	40	40	P 174	222	54	54	
531	1	T 180	230	40	40	P 174	222	54	54	
532	1	T 178	229	40	40	P 174	222	54	54	
533	1	T 176	228	40	40	P 168	222	54	54	
534	1	T 174	227	40	40	P 168	222	54	54	
535	1	T 172	226	40	40	P 168	222	54	54	
536	1	T 170	225	40	40	P 162	216	54	54	
537	1	T 168	224	40	40	P 162	216	54	54	
538	1	T 166	223	40	40	P 162	216	54	54	
539	1	T 164	222	40	40	P 156	216	54	54	
540	1	T 162	221	40	40	P 156	216	54	54	
541	1	T 160	220	40	40	P 156	216	48	48	
542	1	T 158	219	40	40	P 150	210	54	54	
543	1	T 156	218	40	40	P 150	210	54	54	
544	1	T 154	217	40	40	P 150	210	54	54	
545	1	T 152	216	40	40	P 144	210	54	54	
546	1	T 150	215	40	40	P 144	210	54	54	
547	1	T 148	214	40	40	P 144	210	48	54	
548	1	T 146	213	40	40	P 138	204	54	54	
549	1	T 144	212	40	40	P 138	204	54	54	
550	1	T 142	211	40	40	P 138	204	54	54	
551	1	T 140	210	40	40	P 132	204	54	54	
552	1	T 138	209	40	40	P 132	204	54	54	
553	1	T 136	208	40	40	P 132	204	54	54	
554	1	T 134	207	40	40	P 126	198	54	54	
555	1	T 132	206	40	40	P 126	198	54	54	
556	1	T 130	205	40	40	P 126	198	48	54	
557	1	T 128	204	40	40	P 120	198	54	54	
558	1	T 126	203	40	40	P 120	198	54	54	
559	1	T 124	202	40	40	P 120	198	54	54	
560	1	T 122	201	40	40	P 114	192	54	54	
561	1	T 120	200	40	40	P 114	192	54	54	
562	1	T 118	199	40	40	P 114	192	54	54	
563	1	T 116	198	40	40	P 108	192	54	54	
564	1	T 114	197	40	40	P 108	192	54	54	
565	1	T 112	196	40	40	P 108	192	54	54	
566	1	T 110	195	40	40	P 102	186	54	54	
567	1	T 108	194	40	40	P 102	186	54	54	
568	1	T 106	193	40	40	P 102	186	54	54	
569	1	T 104	192	40	40	P 96	186	54	54	
570	1	T 102	191	40	40	P 96	186	54	54	
571	1	T 100	190	40	40	P 96	186	48	54	
572	1	T 98	189	40	40	P 90	180	54	54	
573	1	T 96	188	40	40	P 90	180	54	54	
574	1	T 94	187	40	40	P 90	180	54	54	
575	1	T 92	186	40	40	P 84	180	54	54	
576	1	T 90	185	40	40	P 84	180	54	54	
577	1	T 88	184	40	40	P 84	180	54	54	
578	1	T 86	183	40	40	P 78	174	54	54	
579	1	T 84	182	40	40	P 78	174	54	54	
580	1	T 82	181	40	40	P 78	174	54	54	
581	1	T 80	180	40	40	P 72	174	54	54	
582	1	T 78	179	40	40	P 72	174	54	54	
583	1	T 76	178	40	40	P 72	174	48	54	
584	1	T 74	177	40	40	P 66	168	54	54	
585	1	T 72	176	40	40	P 66	168	54	54	
586	1	T 70	175	40	40	P 66	168	54	54	
587	1	T 68	174	40	40	P 60	168	54	54	
588	1	T 66	173	40	40	P 60	168	54	54	
589	1	T 64	172	40	40	P 60	168	48	54	
590	1	T 62	171	40	40	P 54	162	54	54	
591	1	T 60	170	40	40	P 54	162	54	54	
592	1	T 58	169	40	40	P 54	162	54	54	
593	1	T 56	168	40	40	P 48	162	54	54	
594	1	T 54	167	40	40	P 48	162	54	54	
595	1	T 52	166	40	40	P 48	162	54	54	
596	1	T 50	165	40	40	P 42	156	54	54	
597	1	T 48	164	40	40	P 42	156	54	54	
598	1	T 46	163	40	40	P 42	156	54	54	
599	1	T 44	162	40	40	P 36	156	54	54	
600	1	T 42	161	40	40	P 36	156	54	54	
601	1	T 40	160	40	40	P 36	156	54	48	
602	1	T 38	159	40	40	P 30	156	54	48	
603	1	T 36	158	40	40	P 30	150	54	54	
604	1	T 34	157	40	40	P 30	150	54	54	
605	1	T 32	156	40	40	P 24	150	54	54	
606	1	T 30	155	40	40	P 24	150	54	54	
607	1	T 28	154	40	40	P 24	150	54	54	
608	1	T 26	153	40	40	P 18	144	54	54	
609	1	T 24	152	40	40	P 18	144	54	54	
610	1	T 22	151	40	40	P 18	144	54	54	
611	1	T 20	150	40	40	P 12	144	54	54	
612	1	T 22	149	40	40	P 18	144	54	54	
613	1	T 24	148	40	40	P 18	144	54	54	
614	1	T 26	147	40	40	P 18	138	54	54	
615	1	T 28	146	40	40	P 24	138	54	54	
616	1	T 30	145	40	40	P 24	138	54	54	
617	1	T 32	144	40	40	P 24	138	54	54	
618	1	T 34	143	40	40	P 30	138	54	54	
619	1	T 36	142	40	40	P 30	138	54	48	
620	1	T 38	141	40	40	P 30	132	54	54	
621	1	T 40	140	40	40	P 36	132	54	54	
622	1	T 42	139	40	40	P 36	132	54	54	
623	1	T 44	138	40	40	P 36	132	54	54	
624	1	T 46	137	40	40	P 42	132	54	54	
625	1	T 48	136	40	40	P 42	132	54	54	
626	1	T 50	135	40	40	P 42	126	54	54	
627	1	T 52	134	40	40	P 48	126	54	54	
628	1	T 54	133	40	40	P 48	126	54	54	
629	1	T 56	132	40	40	P 48	126	54	54	
630	1	T 58	131	40	40	P 54	126	54	54	
631	1	T 60	130	40	40	P 54	126	54	54	
632	1	T 62	129	40	40	P 54	120	54	54	
633	1	T 64	128	40	40	P 60	120	54	54	
634	1	T 66	127	40	40	P 60	120	54	54	
635	1	T 68	126	40	40	P 60	120	54	54	
636	1	T 70	125	40	40	P 66	120	54	54	
637	1	T 72	124	40	40	P 66	120	54	54	
638	1	T 74	123	40	40	P 66	114	54	54	
639	1	T 76	122	40	40	P 72	114	54	54	
640	1	T 78	121	40	40	P 72	114	54	54	
641	1	T 80	120	40	40	P 72	114	54	54	
642	1	T 82	119	40	40	P 78	114	54	54	
643	1	T 84	118	40	40	P 78	114	54	54	
644	1	T 86	117	40	40	P 78	114	54	48	
645	1	T 88	116	40	40	P 84	114	54	48	
646	1	T 90	115	40	40	P 84	114	54	48	
647	1	T 92	114	40	40	P 84	114	54	48	
648	1	T 94	113	40	40	P 90	114	54	48	
649	1	T 96	112	40	40	P 90	114	54	48	
650	1	T 98	111	40	40	P 90	114	54	42	
651	1	T 100	110	40	40	P 96	114	48	42	
652	1	T 102	109	40	40	P 96	114	54	42	
653	1	T 104	108	40	40	P 96	114	54	42	
654	1	T 106	107	40	40	P 102	114	48	42	
655	1	T 108	106	40	40	P 102	114	48	42	
656	1	T 110	105	40	40	P 102	114	48	36	
657	1	T 112	104	40	40	P 108	108	42	42	
658	1	T 114	103	40	40	P 108	108	48	42	
659	1	T 116	102	40	40	P 114	108	42	42	
660	1	T 118	101	40	40	P 114	96	48	54	
661	1	T 120	100	40	40	P 120	96	42	54	
662	1	T 122	99	40	40	P 120	96	48	48	
663	1	T 124	98	40	40	P 126	90	48	48	
664	1	T 126	97	40	40	P 132	90	42	48	
665	1	T 128	96	40	40	P 132	90	42	48	
666	1	T 130	95	40	40	P 132	90	48	48	
667	1	T 132	94	40	40	P 132	90	48	48	
668	1	T 134	93	40	40	P 132	90	48	48	
669	1	T 136	92	40	40	P 132	84	54	54	
670	1	T 138	91	40	40	P 132	84	54	54	
671	1	T 140	90	40	40	P 132	84	54	54	
672	1	T 142	89	40	40	P 138	84	48	54	
673	1	T 144	88	40	40	P 138	84	54	54	
674	1	T 146	87	40	40	P 138	78	54	54	
675	1	T 148	86	40	40	P 144	78	54	54	
676	1	T 150	85	40	40	P 144	78	54	54	
677	1	T 152	84	40	40	P 144	78	54	54	
678	1	T 154	83	40	40	P 150	78	54	54	
679	1	T 156	82	40	40	P 150	78	54	54	
680	1	T 158	81	40	40	P 150	72	54	54	
681	1	T 160	80	40	40	P 156	72	48	54	
682	1	T 162	79	40	40	P 156	72	54	54	
683	1	T 164	78	40	40	P 156	72	54	54	
684	1	T 166	77	40	40	P 162	72	54	54	
685	1	T 168	76	40	40	P 162	72	54	48	
686	1	T 170	75	40	40	P 162	66	54	54	
687	1	T 172	74	40	40	P 168	66	48	54	
688	1	T 174	73	40	40	P 168	66	54	54	
689	1	T 176	72	40	40	P 168	66	54	54	
690	1	T 178	71	40	40	P 174	66	54	54	
691	1	T 180	70	40	40	P 174	66	54	48	
692	1	T 182	69	40	40	P 174	60	54	54	
693	1	T 184	68	40	40	P 180	60	54	54	
694	1	T 186	67	40	40	P 180	60	54	54	
695	1	T 188	66	40	40	P 180	60	54	54	
696	1	T 190	65	40	40	P 186	60	54	54	
697	1	T 192	64	40	40	P 186	60	54	54	
698	1	T 194	63	40	40	P 186	54	54	54	
699	1	T 196	62	40	40	P 192	54	48	54	
700	1	T 198	61	40	40	P 192	54	54	54	
701	1	T 200	60	40	40	P 192	54	54	54	
702	1	T 202	59	40	40	P 198	54	54	54	
703	1	T 204	58	40	40	P 198	54	54	48	
704	1	T 206	57	40	40	P 198	48	54	54	
705	1	T 208	56	40	40	P 204	48	54	54	
706	1	T 210	55	40	40	P 204	48	54	54	
707	1	T 212	54	40	40	P 204	48	54	54	
708	1	T 214	53	40	40	P 210	48	54	54	
709	1	T 216	52	40	40	P 210	48	54	54	
710	1	T 218	51	40	40	P 210	42	54	54	
711	1	T 220	50	40	40	P 216	42	54	54	
712	1	T 222	49	40	40	P 216	42	54	54	
713	1	T 224	48	40	40	P 216	42	54	54	
714	1	T 226	47	40	40	P 222	42	54	54	
715	1	T 228	46	40	40	P 222	42	54	54	
716	1	T 230	45	40	40	P 222	36	54	54	
717	1	T 232	44	40	40	P 228	36	54	54	
718	1	T 234	43	40	40	P 228	36	54	54	
719	1	T 236	42	40	40	P 228	36	54	54	
720	1	T 238	41	40	40	P 234	36	54	54	
721	1	T 240	40	40	40	P 234	36	54	54	
722	1	T 242	39	40	40	P 234	30	54	54	
723	1	T 244	38	40	40	P 240	30	54	54	
724	1	T 246	37	40	40	P 240	30	54	54	
725	1	T 248	36	40	40	P 240	30	54	54	
726	1	T 250	35	40	40	P 246	30	48	54	
727	1	T 252	34	40	40	P 246	30	54	54	
728	1	T 254	33	40	40	P 246	24	54	54	
729	1	T 256	32	40	40	P 252	24	54	54	
730	1	T 258	31	40	40	P 252	24	54	54	
731	1	T 260	30	40	40	P 252	24	54	54	
732	1	T 262	29	40	40	P 258	24	54	54	
733	1	T 264	28	40	40	P 258	24	54	54	
734	1	T 266	27	40	40	P 258	18	54	54	
735	1	T 268	26	40	40	P 264	18	54	54	
736	1	T 270	25	40	40	P 264	18	54	54	
737	1	T 272	24	40	40	P 264	18	54	54	
738	1	T 274	23	40	40	P 270	18	54	54	
739	1	T 276	22	40	40	P 270	18	54	48	
740	1	T 278	21	40	40	P 270	18	54	48	
741	1	T 280	20	40	40	P 276	12	54	54	
742	1	T 282	21	40	40	P 276	12	54	54	
743	1	T 284	22	40	40	P 276	18	54	48	
744	1	T 286	23	40	40	P 282	18	54	54	
745	1	T 288	24	40	40	P 282	18	54	54	
746	1	T 290	25	40	40	P 282	18	54	54	
747	1	T 292	26	40	40	P 288	18	54	54	
748	1	T 294	27	40	40	P 288	18	54	54	
749	1	T 296	28	40	40	P 288	24	54	54	
750	1	T 298	29	40	40	P 294	24	54	54	
751	1	T 300	30	40	40	P 294	24	54	54	
752	1	T 302	31	40	40	P 294	24	54	54	
753	1	T 304	32	40	40	P 300	24	54	54	
754	1	T 306	33	40	40	P 300	24	54	54	
755	1	T 308	34	40	40	P 300	30	54	54	
756	1	T 310	35	40	40	P 306	30	54	54	
757	1	T 312	36	40	40	P 306	30	54	54	
758	1	T 314	37	40	40	P 306	30	54	54	
759	1	T 316	38	40	40	P 312	30	48	54	
760	1	T 318	39	40	40	P 312	36	54	48	
761	1	T 320	40	40	40	P 312	36	54	54	
762	1	T 322	41	40	40	P 318	36	54	54	
763	1	T 324	42	40	40	P 318	36	54	54	
764	1	T 326	43	40	40	P 318	36	54	54	
765	1	T 328	44	40	40	P 324	36	54	54	
766	1	T 330	45	40	40	P 324	36	54	54	
767	1	T 332	46	40	40	P 324	42	54	48	
768	1	T 334	47	40	40	P 330	42	48	54	
769	1	T 336	48	40	40	P 330	42	54	54	
770	1	T 338	49	40	40	P 330	42	54	54	
771	1	T 340	50	40	40	P 336	42	54	54	
772	1	T 342	51	40	40	P 336	48	54	48	
773	1	T 344	52	40	40	P 336	48	54	54	
774	1	T 346	53	40	40	P 342	48	54	54	
775	1	T 348	54	40	40	P 342	48	54	54	
776	1	T 350	55	40	40	P 342	48	54	54	
777	1	T 352	56	40	40	P 348	48	54	54	
778	1	T 354	57	40	40	P 348	48	54	54	
779	1	T 356	58	40	40	P 348	54	54	54	
780	1	T 358	59	40	40	P 354	54	54	54	
781	1	T 360	60	40	40	P 354	54	54	54	
782	1	T 362	61	40	40	P 354	54	54	54	
783	1	T 364	62	40	40	P 360	54	54	54	
784	1	T 366	63	40	40	P 360	54	54	54	
785	1	T 368	64	40	40	P 360	60	54	54	
786	1	T 370	65	40	40	P 366	60	54	54	
787	1	T 372	66	40	40	P 366	60	54	54	
788	1	T 374	67	40	40	P 366	60	54	54	
789	1	T 376	68	40	40	P 372	60	54	54	
790	1	T 378	69	40	40	P 372	60	54	54	
791	1	T 380	70	40	40	P 372	66	54	54	
792	1	T 382	71	40	40	P 378	66	54	54	
793	1	T 384	72	40	40	P 378	66	54	54	
794	1	T 386	73	40	40	P 378	66	54	54	
795	1	T 388	74	40	40	P 384	66	54	54	
796	1	T 390	75	40	40	P 384	66	54	54	
797	1	T 392	76	40	40	P 384	72	54	54	
798	1	T 394	77	40	40	P 390	72	48	54	
799	1	T 396	78	40	40	P 390	72	54	54	
800	1	T 398	79	40	40	P 390	72	54	54	
801	1	T 400	80	40	40	P 396	72	54	54	
802	1	T 402	81	40	40	P 396	72	54	54	
803	1	T 404	82	40	40	P 396	78	54	54	
804	1	T 406	83	40	40	P 402	78	54	54	
805	1	T 408	84	40	40	P 402	78	54	54	
806	1	T 410	85	40	40	P 402	78	54	54	
807	1	T 412	86	40	40	P 408	78	54	54	
808	1	T 414	87	40	40	P 408	78	54	54	
809	1	T 416	88	40	40	P 408	84	54	54	
810	1	T 418	89	40	40	P 414	84	48	54	
811	1	T 420	90	40	40	P 414	84	54	54	
812	1	T 422	91	40	40	P 414	84	54	54	
813	1	T 424	92	40	40	P 420	84	54	54	
814	1	T 426	93	40	40	P 420	84	54	54	
815	1	T 428	94	40	40	P 420	90	54	48	
816	1	T 430	95	40	40	P 426	90	48	54	
817	1	T 432	96	40	40	P 426	90	54	54	
818	1	T 434	97	40	40	P 426	90	54	54	
819	1	T 436	98	40	40	P 432	90	54	54	
820	1	T 438	99	40	40	P 432	90	54	54	
821	1	T 440	100	40	40	P 432	96	54	54	
822	1	T 442	101	40	40	P 438	96	48	54	
823	1	T 444	102	40	40	P 438	96	54	54	
824	1	T 446	103	40	40	P 438	96	54	54	
825	1	T 448	104	40	40	P 444	96	48	54	
826	1	T 450	105	40	40	P 444	96	54	54	
827	1	T 452	106	40	40	P 444	102	54	54	
828	1	T 454	107	40	40	P 450	102	54	54	
829	1	T 456	108	40	40	P 450	102	54	54	
830	1	T 458	109	40	40	P 450	102	54	54	
831	1	T 460	110	40	40	P 456	102	54	54	
832	1	T 462	111	40	40	P 456	102	54	54	
833	1	T 464	112	40	40	P 456	108	54	54	
834	1	T 466	113	40	40	P 462	108	48	54	
835	1	T 468	114	40	40	P 462	108	54	54	
836	1	T 470	115	40	40	P 462	108	54	54	
837	1	T 472	116	40	40	P 468	108	48	54	
838	1	T 474	117	40	40	P 468	108	54	54	
839	1	T 476	118	40	40	P 468	114	54	48	
840	1	T 478	119	40	40	P 474	114	54	54	
841	1	T 480	120	40	40	P 474	114	54	54	
842	1	T 482	121	40	40	P 474	114	54	54	
843	1	T 484	122	40	40	P 480	114	54	54	
844	1	T 486	123	40	40	P 480	114	54	54	
845	1	T 488	124	40	40	P 480	120	54	54	
846	1	T 490	125	40	40	P 486	120	54	54	
847	1	T 492	126	40	40	P 486	120	54	54	
848	1	T 494	127	40	40	P 486	120	54	54	
849	1	T 496	128	40	40	P 492	120	54	54	
850	1	T 498	129	40	40	P 492	120	54	54	
851	1	T 500	130	40	40	P 492	126	54	48	
852	1	T 502	131	40	40	P 498	126	48	54	
853	1	T 504	132	40	40	P 498	126	54	54	
854	1	T 506	133	40	40	P 498	126	54	54	
855	1	T 508	134	40	40	P 504	126	54	54	
856	1	T 510	135	40	40	P 504	126	54	54	
857	1	T 512	136	40	40	P 504	132	54	54	
858	1	T 514	137	40	40	P 510	132	54	54	
859	1	T 516	138	40	40	P 510	132	54	54	
860	1	T 518	139	40	40	P 510	132	54	54	
861	1	T 520	140	40	40	P 516	132	54	54	
862	1	T 522	141	40	40	P 516	132	54	54	
863	1	T 524	142	40	40	P 516	138	54	54	
864	1	T 526	143	40	40	P 522	138	54	54	
865	1	T 528	144	40	40	P 522	138	54	54	
866	1	T 530	145	40	40	P 522	138	54	54	
867	1	T 532	146	40	40	P 528	138	54	54	
868	1	T 534	147	40	40	P 528	144	54	48	
869	1	T 536	148	40	40	P 528	144	54	54	
870	1	T 538	149	40	40	P 534	144	54	54	
871	1	T 540	150	40	40	P 534	144	54	54	
872	1	T 542	151	40	40	P 534	144	54	54	
873	1	T 544	152	40	40	P 540	144	54	54	
874	1	T 546	153	40	40	P 540	144	54	54	
875	1	T 548	154	40	40	P 540	150	54	54	
876	1	T 550	155	40	40	P 546	150	54	54	
877	1	T 552	156	40	40	P 546	150	54	54	
878	1	T 554	157	40	40	P 546	150	54	54	
879	1	T 556	158	40	40	P 552	150	48	54	
880	1	T 558	159	40	40	P 552	156	54	48	
881	1	T 560	160	40	40	P 552	156	54	48	
882	1	T 562	161	40	40	P 558	156	54	54	
883	1	T 564	162	40	40	P 558	156	54	54	
884	1	T 566	163	40	40	P 558	156	54	54	
885	1	T 568	164	40	40	P 564	156	48	54	
886	1	T 570	165	40	40	P 564	162	54	48	
887	1	T 572	166	40	40	P 564	162	54	54	
888	1	T 574	167	40	40	P 570	162	54	54	
889	1	T 576	168	40	40	P 570	162	54	54	
890	1	T 578	169	40	40	P 570	162	54	54	
891	1	T 580	170	40	40	P 576	162	54	54	
892	1	T 582	171	40	40	P 576	162	54	54	
893	1	T 584	172	40	40	P 576	168	54	54	
894	1	T 586	173	40	40	P 582	168	54	54	
895	1	T 588	174	40	40	P 582	168	54	54	
896	1	T 590	175	40	40	P 582	168	54	54	
897	1	T 592	176	40	40	P 588	168	54	54	
898	1	T 594	177	40	40	P 588	174	54	48	
899	1	T 596	178	40	40	P 588	174	54	54	
900	1	T 598	179	40	40	P 594	174	54	54	
901	1	T 600	180	40	40	P 594	174	54	54	
902	1	T 602	181	40	40	P 594	174	54	54	
903	1	T 604	182	40	40	P 600	174	54	54	
904	1	T 606	183	40	40	P 600	174	54	54	
905	1	T 608	184	40	40	P 600	180	54	54	
906	1	T 610	185	40	40	P 606	180	54	54	
907	1	T 612	186	40	40	P 606	180	54	54	
908	1	T 614	187	40	40	P 606	180	54	54	
909	1	T 616	188	40	40	P 612	180	48	54	
910	1	T 618	189	40	40	P 612	180	54	54	
911	1	T 620	190	40	40	P 612	186	54	48	
912	1	T 622	191	40	40	P 618	186	54	54	
913	1	T 624	192	40	40	P 618	186	54	54	
914	1	T 626	193	40	40	P 618	186	54	54	
915	1	T 628	194	40	40	P 624	186	54	54	
916	1	T 630	195	40	40	P 624	186	54	54	
917	1	T 632	196	40	40	P 624	192	54	54	
918	1	T 634	197	40	40	P 630	192	54	54	
919	1	T 636	198	40	40	P 630	192	54	54	
920	1	T 638	199	40	40	P 630	192	54	54	
921	1	T 640	200	40	40	P 636	192	54	54	
922	1	T 642	201	40	40	P 636	192	54	54	
923	1	T 644	202	40	40	P 636	198	54	54	
924	1	T 646	203	40	40	P 642	198	54	54	
925	1	T 648	204	40	40	P 642	198	54	54	
926	1	T 650	205	40	40	P 642	198	54	54	
927	1	T 652	206	40	40	P 648	198	54	54	
928	1	T 654	207	40	40	P 648	198	54	54	
929	1	T 656	208	40	40	P 648	204	54	54	
930	1	T 658	209	40	40	P 654	204	54	54	
931	1	T 660	210	40	40	P 654	204	54	54	
932	1	T 658	211	40	40	P 654	204	54	54	
933	1	T 656	212	40	40	P 648	204	54	54	
934	1	T 654	213	40	40	P 648	204	54	54	
935	1	T 652	214	40	40	P 648	210	54	54	
936	1	T 650	215	40	40	P 642	210	54	54	
937	1	T 648	216	40	40	P 642	210	54	54	
938	1	T 646	217	40	40	P 642	210	54	54	
939	1	T 644	218	40	40	P 636	210	54	54	
940	1	T 642	219	40	40	P 636	210	54	54	
941	1	T 640	220	40	40	P 636	216	54	54	
942	1	T 638	221	40	40	P 630	216	54	54	
943	1	T 636	222	40	40	P 630	216	54	54	
944	1	T 634	223	40	40	P 630	216	54	54	
945	1	T 632	224	40	40	P 624	216	54	54	
946	1	T 630	225	40	40	P 624	216	54	54	
947	1	T 628	226	40	40	P 624	222	54	54	
948	1	T 626	227	40	40	P 618	222	54	54	
949	1	T 624	228	40	40	P 618	222	54	54	
950	1	T 622	229	40	40	P 618	222	48	54	
951	1	T 620	230	40	40	P 612	222	54	54	
952	1	T 618	231	40	40	P 612	222	54	54	
953	1	T 616	232	40	40	P 612	228	54	54	
954	1	T 614	233	40	40	P 606	228	54	54	
955	1	T 612	234	40	40	P 606	228	54	54	
956	1	T 610	235	40	40	P 606	228	54	54	
957	1	T 608	236	40	40	P 600	228	54	54	
958	1	T 606	237	40	40	P 600	228	54	54	
959	1	T 604	238	40	40	P 600	234	54	54	
960	1	T 602	239	40	40	P 594	234	54	54	
961	1	T 600	240	40	40	P 594	234	54	54	
962	1	T 598	241	40	40	P 594	234	54	54	
963	1	T 596	242	40	40	P 588	234	54	54	
964	1	T 594	243	40	40	P 588	240	54	48	
965	1	T 592	244	40	40	P 588	240	54	54	
966	1	T 590	245	40	40	P 582	240	54	54	
967	1	T 588	246	40	40	P 582	240	54	54	
968	1	T 586	247	40	40	P 582	240	48	54	
969	1	T 584	248	40	40	P 576	240	54	54	
970	1	T 582	249	40	40	P 576	246	54	48	
971	1	T 580	250	40	40	P 576	246	54	54	
972	1	T 578	251	40	40	P 570	246	54	54	
973	1	T 576	252	40	40	P 570	246	54	54	
974	1	T 574	253	40	40	P 570	246	54	54	
975	1	T 572	254	40	40	P 564	246	54	54	
976	1	T 570	255	40	40	P 564	246	54	54	
977	1	T 568	256	40	40	P 564	252	54	54	
978	1	T 566	257	40	40	P 558	252	54	54	
979	1	T 564	258	40	40	P 558	252	54	54	
980	1	T 562	259	40	40	P 558	252	48	54	
981	1	T 560	260	40	40	P 552	252	54	54	
982	1	T 558	261	40	40	P 552	252	54	54	
983	1	T 556	262	40	40	P 552	258	54	54	
984	1	T 554	263	40	40	P 546	258	54	54	
985	1	T 552	264	40	40	P 546	258	54	54	
986	1	T 550	265	40	40	P 546	258	54	54	
987	1	T 548	266	40	40	P 540	258	54	54	
988	1	T 546	267	40	40	P 540	258	54	54	
989	1	T 544	268	40	40	P 540	264	54	54	
990	1	T 542	269	40	40	P 534	264	54	54	
991	1	T 540	270	40	40	P 534	264	54	54	
992	1	T 538	271	40	40	P 534	264	48	54	
993	1	T 536	272	40	40	P 528	264	54	54	
994	1	T 534	273	40	40	P 528	264	54	54	
995	1	T 532	274	40	40	P 528	270	54	54	
996	1	T 530	275	40	40	P 522	270	54	54	
997	1	T 528	276	40	40	P 522	270	54	54	
998	1	T 526	277	40	40	P 522	270	54	54	
999	1	T 524	278	40	40	P 516	270	54	54	
1000	1	T 522	279	40	40	P 516	270	54	54	
1001	1	T 520	280	40	40	P 516	276	54	48	
1002	1	T 518	281	40	40	P 510	276	54	54	
1003	1	T 516	282	40	40	P 510	276	54	54	
1004	1	T 514	283	40	40	P 510	276	54	54	
1005	1	T 512	284	40	40	P 504	276	54	54	
1006	1	T 510	285	40	40	P 504	276	54	54	
1007	1	T 508	286	40	40	P 504	282	48	54	
1008	1	T 506	287	40	40	P 498	282	54	54	
1009	1	T 504	288	40	40	P 498	282	54	54	
1010	1	T 502	289	40	40	P 498	282	54	54	
1011	1	T 500	290	40	40	P 492	282	54	54	
1012	1	T 498	291	40	40	P 492	282	54	54	
1013	1	T 496	292	40	40	P 492	288	54	48	
1014	1	T 494	293	40	40	P 486	288	54	54	
1015	1	T 492	294	40	40	P 486	288	54	54	
1016	1	T 490	295	40	40	P 486	288	54	54	
1017	1	T 488	296	40	40	P 480	288	54	54	
1018	1	T 486	297	40	40	P 480	288	54	54	
1019	1	T 484	298	40	40	P 480	294	54	54	
1020	1	T 482	299	40	40	P 474	294	54	54	
1021	1	T 480	300	40	40	P 474	294	54	54	
1022	1	T 478	301	40	40	P 474	294	54	54	
1023	1	T 476	302	40	40	P 468	294	54	54	
1024	1	T 474	303	40	40	P 468	294	54	54	
1025	1	T 472	304	40	40	P 468	300	54	54	
1026	1	T 470	305	40	40	P 462	300	54	54	
1027	1	T 468	306	40	40	P 462	300	54	54	
1028	1	T 466	307	40	40	P 462	300	54	54	
1029	1	T 464	308	40	40	P 456	300	54	54	
1030	1	T 462	309	40	40	P 456	300	54	54	
1031	1	T 460	310	40	40	P 456	306	54	54	
1032	1	T 458	311	40	40	P 450	306	54	54	
1033	1	T 456	312	40	40	P 450	306	54	54	
1034	1	T 454	313	40	40	P 450	306	54	54	
1035	1	T 452	314	40	40	P 444	306	54	54	
1036	1	T 450	315	40	40	P 444	306	54	54	
1037	1	T 448	316	40	40	P 444	312	54	48	
1038	1	T 446	317	40	40	P 438	312	54	54	
1039	1	T 444	318	40	40	P 438	312	54	54	
1040	1	T 442	319	40	40	P 438	312	54	54	
1041	1	T 440	320	40	40	P 432	312	54	54	
1042	1	T 438	321	40	40	P 432	312	54	54	
1043	1	T 436	322	40	40	P 432	318	54	54	
1044	1	T 434	323	40	40	P 426	318	54	54	
1045	1	T 432	324	40	40	P 426	318	54	54	
1046	1	T 430	325	40	40	P 426	318	54	54	
1047	1	T 428	326	40	40	P 420	318	54	54	
1048	1	T 426	327	40	40	P 420	318	54	54	
1049	1	T 424	328	40	40	P 420	324	48	54	
1050	1	T 422	329	40	40	P 414	324	54	54	
1051	1	T 420	330	40	40	P 414	324	54	54	
1052	1	T 418	331	40	40	P 414	324	54	54	
1053	1	T 416	332	40	40	P 408	324	54	54	
1054	1	T 414	333	40	40	P 408	324	54	54	
1055	1	T 412	334	40	40	P 408	330	48	54	
1056	1	T 410	335	40	40	P 402	330	54	54	
1057	1	T 408	336	40	40	P 402	330	54	54	
1058	1	T 406	337	40	40	P 402	330	54	54	
1059	1	T 404	338	40	40	P 396	330	54	54	
1060	1	T 402	339	40	40	P 396	330	54	54	
1061	1	T 400	340	40	40	P 396	336	54	54	
1062	1	T 398	341	40	40	P 390	336	54	54	
1063	1	T 396	342	40	40	P 390	336	54	54	
1064	1	T 394	343	40	40	P 390	336	54	54	
1065	1	T 392	344	40	40	P 384	336	54	54	
1066	1	T 390	345	40	40	P 384	342	54	48	
1067	1	T 388	346	40	40	P 384	342	54	54	
1068	1	T 386	347	40	40	P 378	342	54	54	
1069	1	T 384	348	40	40	P 378	342	54	54	
1070	1	T 382	349	40	40	P 378	342	54	54	
1071	1	T 380	350	40	40	P 372	342	54	54	
1072	1	T 378	351	40	40	P 372	342	54	54	
1073	1	T 376	352	40	40	P 372	348	54	54	
1074	1	T 374	353	40	40	P 366	348	54	54	
1075	1	T 372	354	40	40	P 366	348	54	54	
1076	1	T 370	355	40	40	P 366	348	54	54	
1077	1	T 368	356	40	40	P 360	348	54	54	
1078	1	T 366	357	40	40	P 360	348	54	54	
1079	1	T 364	358	40	40	P 360	354	54	48	
1080	1	T 362	359	40	40	P 354	354	54	54	
1081	1	T 360	360	40	40	P 354	354	54	54	
1082	1	T 358	361	40	40	P 354	354	54	54	
1083	1	T 356	362	40	40	P 348	354	54	54	
1084	1	T 354	363	40	40	P 348	354	54	54	
1085	1	T 352	364	40	40	P 348	360	48	54	
1086	1	T 350	365	40	40	P 342	360	54	54	
1087	1	T 348	366	40	40	P 342	360	54	54	
1088	1	T 346	367	40	40	P 342	360	54	54	
1089	1	T 344	368	40	40	P 336	360	54	54	
1090	1	T 342	369	40	40	P 336	360	54	54	
1091	1	T 340	370	40	40	P 336	366	48	54	
1092	1	T 338	371	40	40	P 330	366	54	54	
1093	1	T 336	372	40	40	P 330	366	54	54	
1094	1	T 334	373	40	40	P 330	366	54	54	
1095	1	T 332	374	40	40	P 324	366	54	54	
1096	1	T 330	375	40	40	P 324	366	54	54	
1097	1	T 328	376	40	40	P 324	372	48	54	
1098	1	T 326	377	40	40	P 318	372	54	54	
1099	1	T 324	378	40	40	P 318	372	54	54	
1100	1	T 322	379	40	40	P 318	372	54	54	
1101	1	T 320	380	40	40	P 312	372	54	54	
1102	1	T 318	381	40	40	P 312	372	54	54	
1103	1	T 316	382	40	40	P 312	378	54	54	
1104	1	T 314	383	40	40	P 306	378	54	54	
1105	1	T 312	384	40	40	P 306	378	54	54	
1106	1	T 310	385	40	40	P 306	378	48	54	
1107	1	T 308	386	40	40	P 300	378	54	54	
1108	1	T 306	387	40	40	P 300	384	54	48	
1109	1	T 304	388	40	40	P 300	384	54	54	
1110	1	T 302	389	40	40	P 294	384	54	54	
1111	1	T 300	390	40	40	P 294	384	54	54	
1112	1	T 298	391	40	40	P 294	384	54	54	
1113	1	T 296	392	40	40	P 288	384	54	54	
1114	1	T 294	393	40	40	P 288	384	54	54	
1115	1	T 292	394	40	40	P 288	390	48	54	
1116	1	T 290	395	40	40	P 282	390	54	54	
1117	1	T 288	396	40	40	P 282	390	54	54	
1118	1	T 286	397	40	40	P 282	390	54	54	
1119	1	T 284	398	40	40	P 276	390	54	54	
1120	1	T 282	399	40	40	P 276	390	54	54	
1121	1	T 280	400	40	40	P 276	396	54	54	
1122	1	T 278	401	40	40	P 270	396	54	54	
1123	1	T 276	402	40	40	P 270	396	54	54	
1124	1	T 274	403	40	40	P 270	396	54	54	
1125	1	T 272	404	40	40	P 264	396	54	54	
1126	1	T 270	405	40	40	P 264	396	54	54	
1127	1	T 268	406	40	40	P 264	402	48	48	
1128	1	T 266	407	40	40	P 258	402	54	54	
1129	1	T 264	408	40	40	P 258	402	54	54	
1130	1	T 262	409	40	40	P 258	402	54	54	
1131	1	T 260	410	40	40	P 252	402	54	54	
1132	1	T 258	411	40	40	P 252	402	54	54	
1133	1	T 256	412	40	40	P 252	408	54	54	
1134	1	T 254	413	40	40	P 246	408	54	54	
1135	1	T 252	414	40	40	P 246	408	54	54	
1136	1	T 250	415	40	40	P 246	408	54	54	
1137	1	T 248	416	40	40	P 240	408	54	54	
1138	1	T 246	417	40	40	P 240	408	54	54	
1139	1	T 244	418	40	40	P 240	414	54	54	
1140	1	T 242	419	40	40	P 234	414	54	54	
1141	1	T 240	420	40	40	P 234	414	54	54	
1142	1	T 238	419	40	40	P 234	414	54	54	
1143	1	T 236	418	40	40	P 228	414	54	54	
1144	1	T 234	417	40	40	P 228	408	54	54	
1145	1	T 232	416	40	40	P 228	408	48	54	
1146	1	T 230	415	40	40	P 222	408	54	54	
1147	1	T 228	414	40	40	P 222	408	54	54	
1148	1	T 226	413	40	40	P 222	408	54	54	
1149	1	T 224	412	40	40	P 216	408	54	54	
1150	1	T 222	411	40	40	P 216	402	54	54	
1151	1	T 220	410	40	40	P 216	402	54	54	
1152	1	T 218	409	40	40	P 210	402	54	54	
1153	1	T 216	408	40	40	P 210	402	54	54	
1154	1	T 214	407	40	40	P 210	402	54	54	
1155	1	T 212	406	40	40	P 204	402	54	54	
1156	1	T 210	405	40	40	P 204	402	54	48	
1157	1	T 208	404	40	40	P 204	396	54	54	
1158	1	T 206	403	40	40	P 198	396	54	54	
1159	1	T 204	402	40	40	P 198	396	54	54	
1160	1	T 202	401	40	40	P 198	396	54	54	
1161	1	T 200	400	40	40	P 192	396	54	54	
1162	1	T 198	399	40	40	P 192	390	54	54	
1163	1	T 196	398	40	40	P 192	390	54	54	
1164	1	T 194	397	40	40	P 186	390	54	54	
1165	1	T 192	396	40	40	P 186	390	54	54	
1166	1	T 190	395	40	40	P 186	390	48	54	
1167	1	T 188	394	40	40	P 180	390	54	54	
1168	1	T 186	393	40	40	P 180	384	54	54	
1169	1	T 184	392	40	40	P 180	384	54	54	
1170	1	T 182	391	40	40	P 174	384	54	54	
1171	1	T 180	390	40	40	P 174	384	54	54	
1172	1	T 178	389	40	40	P 174	384	54	54	
1173	1	T 176	388	40	40	P 168	384	54	54	
1174	1	T 174	387	40	40	P 168	378	54	54	
1175	1	T 172	386	40	40	P 168	378	54	54	
1176	1	T 170	385	40	40	P 162	378	54	54	
1177	1	T 168	384	40	40	P 162	378	54	54	
1178	1	T 166	383	40	40	P 162	378	54	54	
1179	1	T 164	382	40	40	P 156	378	54	54	
1180	1	T 162	381	40	40	P 156	372	54	54	
1181	1	T 160	380	40	40	P 156	372	54	54	
1182	1	T 158	379	40	40	P 150	372	54	54	
1183	1	T 156	378	40	40	P 150	372	54	54	
1184	1	T 154	377	40	40	P 150	372	54	54	
1185	1	T 152	376	40	40	P 144	372	54	54	
1186	1	T 150	375	40	40	P 144	372	54	48	
1187	1	T 148	374	40	40	P 144	366	54	54	
1188	1	T 146	373	40	40	P 138	366	54	54	
1189	1	T 144	372	40	40	P 138	366	54	54	
1190	1	T 142	371	40	40	P 138	366	54	54	
1191	1	T 140	370	40	40	P 132	366	54	54	
1192	1	T 138	369	40	40	P 132	366	54	48	
1193	1	T 136	368	40	40	P 132	360	54	54	
1194	1	T 134	367	40	40	P 126	360	54	54	
1195	1	T 132	366	40	40	P 126	360	54	54	
1196	1	T 130	365	40	40	P 126	360	54	54	
1197	1	T 128	364	40	40	P 120	360	54	54	
1198	1	T 126	363	40	40	P 120	354	54	54	
1199	1	T 124	362	40	40	P 120	354	54	54	
1200	1	T 122	361	40	40	P 114	354	54	54	
1201	1	T 120	360	40	40	P 114	354	54	54	
1202	1	T 118	359	40	40	P 114	354	48	54	
1203	1	T 116	358	40	40	P 108	354	54	54	
1204	1	T 114	357	40	40	P 108	348	54	54	
1205	1	T 112	356	40	40	P 108	348	54	54	
1206	1	T 110	355	40	40	P 102	348	54	54	
1207	1	T 108	354	40	40	P 102	348	54	54	
1208	1	T 106	353	40	40	P 102	348	54	54	
1209	1	T 104	352	40	40	P 96	348	54	54	
1210	1	T 102	351	40	40	P 96	348	54	48	
1211	1	T 100	350	40	40	P 96	342	54	54	
1212	1	T 98	349	40	40	P 90	342	54	54	
1213	1	T 96	348	40	40	P 90	342	54	54	
1214	1	T 94	347	40	40	P 90	342	54	54	
1215	1	T 92	346	40	40	P 84	342	54	54	
1216	1	T 90	345	40	40	P 84	336	54	54	
1217	1	T 88	344	40	40	P 84	336	54	54	
1218	1	T 86	343	40	40	P 78	336	54	54	
1219	1	T 84	342	40	40	P 78	336	54	54	
1220	1	T 82	341	40	40	P 78	336	54	54	
1221	1	T 80	340	40	40	P 72	336	54	54	
1222	1	T 78	339	40	40	P 72	330	54	54	
1223	1	T 76	338	40	40	P 72	330	54	54	
1224	1	T 74	337	40	40	P 66	330	54	54	
1225	1	T 72	336	40	40	P 66	330	54	54	
1226	1	T 70	335	40	40	P 66	330	54	54	
1227	1	T 68	334	40	40	P 60	330	54	54	
1228	1	T 66	333	40	40	P 60	324	54	54	
1229	1	T 64	332	40	40	P 60	324	48	54	
1230	1	T 62	331	40	40	P 54	324	54	54	
1231	1	T 60	330	40	40	P 54	324	54	54	
1232	1	T 58	329	40	40	P 54	324	54	54	
1233	1	T 56	328	40	40	P 48	324	54	54	
1234	1	T 54	327	40	40	P 48	318	54	54	
1235	1	T 52	326	40	40	P 48	318	54	54	
1236	1	T 50	325	40	40	P 42	318	54	54	
1237	1	T 48	324	40	40	P 42	318	54	54	
1238	1	T 46	323	40	40	P 42	318	48	54	
1239	1	T 44	322	40	40	P 36	318	54	54	
1240	1	T 42	321	40	40	P 36	312	54	54	
1241	1	T 40	320	40	40	P 36	312	54	54	
1242	1	T 38	319	40	40	P 30	312	54	54	
1243	1	T 36	318	40	40	P 30	312	54	54	
1244	1	T 34	317	40	40	P 30	312	54	54	
1245	1	T 32	316	40	40	P 24	312	54	54	
1246	1	T 30	315	40	40	P 24	306	54	54	
1247	1	T 28	314	40	40	P 24	306	54	54	
1248	1	T 26	313	40	40	P 18	306	54	54	
1249	1	T 24	312	40	40	P 18	306	54	54	
1250	1	T 22	311	40	40	P 18	306	54	54	
1251	1	T 20	310	40	40	P 12	306	54	54	
1252	1	T 22	309	40	40	P 18	300	54	54	
1253	1	T 24	308	40	40	P 18	300	54	54	
1254	1	T 26	307	40	40	P 18	300	54	54	
1255	1	T 28	306	40	40	P 24	300	54	54	
1256	1	T 30	305	40	40	P 24	300	54	54	
1257	1	T 32	304	40	40	P 24	300	54	54	
1258	1	T 34	303	40	40	P 30	300	48	48	
1259	1	T 36	302	40	40	P 30	294	54	54	
1260	1	T 38	301	40	40	P 30	294	54	54	
1261	1	T 40	300	40	40	P 36	294	54	54	
1262	1	T 42	299	40	40	P 36	294	54	54	
1263	1	T 44	298	40	40	P 36	294	54	54	
1264	1	T 46	297	40	40	P 42	288	54	54	
1265	1	T 48	296	40	40	P 42	288	54	54	
1266	1	T 50	295	40	40	P 42	288	54	54	
1267	1	T 52	294	40	40	P 48	288	54	54	
1268	1	T 54	293	40	40	P 48	288	54	54	
1269	1	T 56	292	40	40	P 48	288	54	48	
1270	1	T 58	291	40	40	P 54	282	54	54	
1271	1	T 60	290	40	40	P 54	282	54	54	
1272	1	T 62	289	40	40	P 54	282	54	54	
1273	1	T 64	288	40	40	P 60	282	48	54	
1274	1	T 66	287	40	40	P 60	282	54	54	
1275	1	T 68	286	40	40	P 60	282	54	54	
1276	1	T 70	285	40	40	P 66	276	54	54	
1277	1	T 72	284	40	40	P 66	276	54	54	
1278	1	T 74	283	40	40	P 66	276	54	54	
1279	1	T 76	282	40	40	P 72	276	54	54	
1280	1	T 78	281	40	40	P 72	276	54	54	
1281	1	T 80	280	40	40	P 72	276	54	54	
1282	1	T 82	279	40	40	P 78	270	54	54	
1283	1	T 84	278	40	40	P 78	270	54	54	
1284	1	T 86	277	40	40	P 78	270	54	54	
1285	1	T 88	276	40	40	P 84	270	48	54	
1286	1	T 90	275	40	40	P 84	270	54	54	
1287	1	T 92	274	40	40	P 84	270	54	54	
1288	1	T 94	273	40	40	P 90	264	54	54	
1289	1	T 96	272	40	40	P 90	264	54	54	
1290	1	T 98	271	40	40	P 90	264	54	54	
1291	1	T 100	270	40	40	P 96	264	54	54	
1292	1	T 102	269	40	40	P 96	264	54	54	
1293	1	T 104	268	40	40	P 96	264	54	54	
1294	1	T 106	267	40	40	P 102	258	54	54	
1295	1	T 108	266	40	40	P 102	258	54	54	
1296	1	T 110	265	40	40	P 102	258	54	54	
1297	1	T 112	264	40	40	P 108	258	54	54	
1298	1	T 114	263	40	40	P 108	258	54	54	
1299	1	T 116	262	40	40	P 108	258	54	54	
1300	1	T 118	261	40	40	P 114	252	48	54	
1301	1	T 120	260	40	40	P 114	252	54	54	
1302	1	T 122	259	40	40	P 114	252	54	54	
1303	1	T 124	258	40	40	P 120	252	54	54	
1304	1	T 126	257	40	40	P 120	252	54	54	
1305	1	T 128	256	40	40	P 120	252	54	54	
1306	1	T 130	255	40	40	P 126	246	54	54	
1307	1	T 132	254	40	40	P 126	246	54	54	
1308	1	T 134	253	40	40	P 126	246	54	54	
1309	1	T 136	252	40	40	P 132	246	54	54	
1310	1	T 138	251	40	40	P 132	246	54	54	
1311	1	T 140	250	40	40	P 132	246	54	54	
1312	1	T 142	249	40	40	P 138	246	48	48	
1313	1	T 144	248	40	40	P 138	240	54	54	
1314	1	T 146	247	40	40	P 138	240	54	54	
1315	1	T 148	246	40	40	P 144	240	54	54	
1316	1	T 150	245	40	40	P 144	240	54	54	
1317	1	T 152	244	40	40	P 144	240	54	54	
1318	1	T 154	243	40	40	P 150	240	54	48	
1319	1	T 156	242	40	40	P 150	234	54	54	
1320	1	T 158	241	40	40	P 150	234	54	54	
1321	1	T 160	240	40	40	P 156	234	54	54	
1322	1	T 162	239	40	40	P 156	234	54	54	
1323	1	T 164	238	40	40	P 156	234	54	54	
1324	1	T 166	237	40	40	P 162	228	54	54	
1325	1	T 168	236	40	40	P 162	228	54	54	
1326	1	T 170	235	40	40	P 162	228	54	54	
1327	1	T 172	234	40	40	P 168	228	54	54	
1328	1	T 174	233	40	40	P 168	228	54	54	
1329	1	T 176	232	40	40	P 168	228	54	54	
1330	1	T 178	231	40	40	P 174	228	54	48	
1331	1	T 180	230	40	40	P 174	222	54	54	
1332	1	T 182	229	40	40	P 174	222	54	54	
1333	1	T 184	228	40	40	P 180	222	54	54	
1334	1	T 186	227	40	40	P 180	222	54	54	
1335	1	T 188	226	40	40	P 180	222	54	54	
1336	1	T 190	225	40	40	P 186	216	54	54	
1337	1	T 192	224	40	40	P 186	216	54	54	
1338	1	T 194	223	40	40	P 186	216	54	54	
1339	1	T 196	222	40	40	P 192	216	54	54	
1340	1	T 198	221	40	40	P 192	216	54	54	
1341	1	T 200	220	40	40	P 192	216	54	54	
1342	1	T 202	219	40	40	P 198	210	54	54	
1343	1	T 204	218	40	40	P 198	210	54	54	
1344	1	T 206	217	40	40	P 198	210	54	54	
1345	1	T 208	216	40	40	P 204	210	54	54	
1346	1	T 210	215	40	40	P 204	210	54	54	
1347	1	T 212	214	40	40	P 204	210	54	48	
1348	1	T 214	213	40	40	P 210	204	54	54	
1349	1	T 216	212	40	40	P 210	204	54	54	
1350	1	T 218	211	40	40	P 210	204	54	54	
1351	1	T 220	210	40	40	P 216	204	54	54	
1352	1	T 222	209	40	40	P 216	204	54	54	
1353	1	T 224	208	40	40	P 216	204	54	54	
1354	1	T 226	207	40	40	P 222	198	54	54	
1355	1	T 228	206	40	40	P 222	198	54	54	
1356	1	T 230	205	40	40	P 222	198	54	54	
1357	1	T 232	204	40	40	P 228	198	54	54	
1358	1	T 234	203	40	40	P 228	198	54	54	
1359	1	T 236	202	40	40	P 228	198	54	54	
1360	1	T 238	201	40	40	P 234	192	54	54	
1361	1	T 240	200	40	40	P 234	192	54	54	
1362	1	T 242	199	40	40	P 234	192	54	54	
1363	1	T 244	198	40	40	P 240	192	54	54	
1364	1	T 246	197	40	40	P 240	192	54	54	
1365	1	T 248	196	40	40	P 240	192	54	54	
1366	1	T 250	195	40	40	P 246	186	54	54	
1367	1	T 252	194	40	40	P 246	186	54	54	
1368	1	T 254	193	40	40	P 246	186	54	54	
1369	1	T 256	192	40	40	P 252	186	54	54	
1370	1	T 258	191	40	40	P 252	186	54	54	
1371	1	T 260	190	40	40	P 252	186	54	54	
1372	1	T 262	189	40	40	P 258	186	54	48	
1373	1	T 264	188	40	40	P 258	180	54	54	
1374	1	T 266	187	40	40	P 258	180	54	54	
1375	1	T 268	186	40	40	P 264	180	54	54	
1376	1	T 270	185	40	40	P 264	180	54	54	
1377	1	T 272	184	40	40	P 264	180	54	54	
1378	1	T 274	183	40	40	P 270	174	54	54	
1379	1	T 276	182	40	40	P 270	174	54	54	
1380	1	T 278	181	40	40	P 270	174	54	54	
1381	1	T 280	180	40	40	P 276	174	54	54	
1382	1	T 282	179	40	40	P 276	174	54	54	
1383	1	T 284	178	40	40	P 276	174	54	54	
1384	1	T 286	177	40	40	P 282	168	48	54	
1385	1	T 288	176	40	40	P 282	168	54	54	
1386	1	T 290	175	40	40	P 282	168	54	54	
1387	1	T 292	174	40	40	P 288	168	54	54	
1388	1	T 294	173	40	40	P 288	168	54	54	
1389	1	T 296	172	40	40	P 288	168	54	54	
1390	1	T 298	171	40	40	P 294	162	54	54	
1391	1	T 300	170	40	40	P 294	162	54	54	
1392	1	T 302	169	40	40	P 294	162	54	54	
1393	1	T 304	168	40	40	P 300	162	54	54	
1394	1	T 306	167	40	40	P 300	162	54	54	
1395	1	T 308	166	40	40	P 300	162	54	48	
1396	1	T 310	165	40	40	P 306	156	54	54	
1397	1	T 312	164	40	40	P 306	156	54	54	
1398	1	T 314	163	40	40	P 306	156	54	54	
1399	1	T 316	162	40	40	P 312	156	54	54	
1400	1	T 318	161	40	40	P 312	156	54	54	
1401	1	T 320	160	40	40	P 312	156	54	54	
1402	1	T 322	159	40	40	P 318	156	54	48	
1403	1	T 324	158	40	40	P 318	150	54	54	
1404	1	T 326	157	40	40	P 318	150	54	54	
1405	1	T 328	156	40	40	P 324	150	54	54	
1406	1	T 330	155	40	40	P 324	150	54	54	
1407	1	T 332	154	40	40	P 324	150	54	48	
1408	1	T 334	153	40	40	P 330	144	54	54	
1409	1	T 336	152	40	40	P 330	144	54	54	
1410	1	T 338	151	40	40	P 330	144	54	54	
1411	1	T 340	150	40	40	P 336	144	48	54	
1412	1	T 342	149	40	40	P 336	144	54	54	
1413	1	T 344	148	40	40	P 336	144	54	48	
1414	1	T 346	147	40	40	P 342	138	54	54	
1415	1	T 348	146	40	40	P 342	138	54	54	
1416	1	T 350	145	40	40	P 342	138	54	54	
1417	1	T 352	144	40	40	P 348	138	48	54	
1418	1	T 354	143	40	40	P 348	138	54	54	
1419	1	T 356	142	40	40	P 348	138	54	54	
1420	1	T 358	141	40	40	P 354	138	54	48	
1421	1	T 360	140	40	40	P 354	132	54	54	
1422	1	T 362	139	40	40	P 354	132	54	54	
1423	1	T 364	138	40	40	P 360	132	48	54	
1424	1	T 366	137	40	40	P 360	132	54	54	
1425	1	T 368	136	40	40	P 360	132	54	48	
1426	1	T 370	135	40	40	P 366	126	48	54	
1427	1	T 372	134	40	40	P 366	126	54	54	
1428	1	T 374	133	40	40	P 366	126	54	54	
1429	1	T 376	132	40	40	P 372	126	54	54	
1430	1	T 378	131	40	40	P 372	126	54	54	
1431	1	T 380	130	40	40	P 372	126	54	54	
1432	1	T 382	129	40	40	P 378	120	54	54	
1433	1	T 384	128	40	40	P 378	120	54	54	
1434	1	T 386	127	40	40	P 378	120	54	54	
1435	1	T 388	126	40	40	P 384	120	54	54	
1436	1	T 390	125	40	40	P 384	120	54	54	
1437	1	T 392	124	40	40	P 384	120	54	54	
1438	1	T 394	123	40	40	P 390	114	54	54	
1439	1	T 396	122	40	40	P 390	114	54	54	
1440	1	T 398	121	40	40	P 390	114	54	54	
1441	1	T 400	120	40	40	P 396	114	54	54	
1442	1	T 402	119	40	40	P 396	114	54	54	
1443	1	T 404	118	40	40	P 396	114	54	54	
1444	1	T 406	117	40	40	P 402	108	48	54	
1445	1	T 408	116	40	40	P 402	108	54	54	
1446	1	T 410	115	40	40	P 402	108	54	54	
1447	1	T 412	114	40	40	P 408	108	54	54	
1448	1	T 414	113	40	40	P 408	108	54	54	
1449	1	T 416	112	40	40	P 408	108	54	48	
1450	1	T 418	111	40	40	P 414	102	54	54	
1451	1	T 420	110	40	40	P 414	102	54	54	
1452	1	T 422	109	40	40	P 414	102	54	54	
1453	1	T 424	108	40	40	P 420	102	54	54	
1454	1	T 426	107	40	40	P 420	102	54	54	
1455	1	T 428	106	40	40	P 420	102	54	54	
1456	1	T 430	105	40	40	P 426	96	54	54	
1457	1	T 432	104	40	40	P 426	96	54	54	
1458	1	T 434	103	40	40	P 426	96	54	54	
1459	1	T 436	102	40	40	P 432	96	48	54	
1460	1	T 438	101	40	40	P 432	96	54	54	
1461	1	T 440	100	40	40	P 432	96	54	54	
1462	1	T 442	99	40	40	P 438	90	54	54	
1463	1	T 444	98	40	40	P 438	90	54	54	
1464	1	T 446	97	40	40	P 438	90	54	54	
1465	1	T 448	96	40	40	P 444	90	54	54	
1466	1	T 450	95	40	40	P 444	90	54	54	
1467	1	T 452	94	40	40	P 444	90	54	54	
1468	1	T 454	93	40	40	P 450	84	54	54	
1469	1	T 456	92	40	40	P 450	84	54	54	
1470	1	T 458	91	40	40	P 450	84	54	54	
1471	1	T 460	90	40	40	P 456	84	48	54	
1472	1	T 462	89	40	40	P 456	84	54	54	
1473	1	T 464	88	40	40	P 456	84	54	54	
1474	1	T 466	87	40	40	P 462	78	54	54	
1475	1	T 468	86	40	40	P 462	78	54	54	
1476	1	T 470	85	40	40	P 462	78	54	54	
1477	1	T 472	84	40	40	P 468	78	54	54	
1478	1	T 474	83	40	40	P 468	78	54	54	
1479	1	T 476	82	40	40	P 468	78	54	54	
1480	1	T 478	81	40	40	P 474	72	48	54	
1481	1	T 480	80	40	40	P 474	72	54	54	
1482	1	T 482	79	40	40	P 474	72	54	54	
1483	1	T 484	78	40	40	P 480	72	54	54	
1484	1	T 486	77	40	40	P 480	72	54	54	
1485	1	T 488	76	40	40	P 480	72	54	54	
1486	1	T 490	75	40	40	P 486	72	54	48	
1487	1	T 492	74	40	40	P 486	66	54	54	
1488	1	T 494	73	40	40	P 486	66	54	54	
1489	1	T 496	72	40	40	P 492	66	54	54	
1490	1	T 498	71	40	40	P 492	66	54	54	
1491	1	T 500	70	40	40	P 492	66	54	54	
1492	1	T 502	69	40	40	P 498	66	54	48	
1493	1	T 504	68	40	40	P 498	60	54	54	
1494	1	T 506	67	40	40	P 498	60	54	54	
1495	1	T 508	66	40	40	P 504	60	54	54	
1496	1	T 510	65	40	40	P 504	60	54	54	
1497	1	T 512	64	40	40	P 504	60	54	54	
1498	1	T 514	63	40	40	P 510	54	54	54	
1499	1	T 516	62	40	40	P 510	54	54	54	
1500	1	T 518	61	40	40	P 510	54	54	54	
1501	1	T 520	60	40	40	P 516	54	54	54	
1502	1	T 522	59	40	40	P 516	54	54	54	
1503	1	T 524	58	40	40	P 516	54	54	48	
1504	1	T 526	57	40	40	P 522	48	54	54	
1505	1	T 528	56	40	40	P 522	48	54	54	
1506	1	T 530	55	40	40	P 522	48	54	54	
1507	1	T 532	54	40	40	P 528	48	54	54	
1508	1	T 534	53	40	40	P 528	48	54	54	
1509	1	T 536	52	40	40	P 528	48	54	54	
1510	1	T 538	51	40	40	P 534	48	48	48	
1511	1	T 540	50	40	40	P 534	42	54	54	
1512	1	T 542	49	40	40	P 534	42	54	54	
1513	1	T 544	48	40	40	P 540	42	48	54	
1514	1	T 546	47	40	40	P 540	42	54	54	
1515	1	T 548	46	40	40	P 540	42	54	48	
1516	1	T 550	45	40	40	P 546	36	54	54	
1517	1	T 552	44	40	40	P 546	36	54	54	
1518	1	T 554	43	40	40	P 546	36	54	54	
1519	1	T 556	42	40	40	P 552	36	54	54	
1520	1	T 558	41	40	40	P 552	36	54	54	
1521	1	T 560	40	40	40	P 552	36	54	54	
1522	1	T 562	39	40	40	P 558	30	54	54	
1523	1	T 564	38	40	40	P 558	30	54	54	
1524	1	T 566	37	40	40	P 558	30	54	54	
1525	1	T 568	36	40	40	P 564	30	54	54	
1526	1	T 570	35	40	40	P 564	30	54	54	
1527	1	T 572	34	40	40	P 564	30	54	54	
1528	1	T 574	33	40	40	P 570	24	54	54	
1529	1	T 576	32	40	40	P 570	24	54	54	
1530	1	T 578	31	40	40	P 570	24	54	54	
1531	1	T 580	30	40	40	P 576	24	54	54	
1532	1	T 582	29	40	40	P 576	24	54	54	
1533	1	T 584	28	40	40	P 576	24	54	48	
1534	1	T 586	27	40	40	P 582	18	54	54	
1535	1	T 588	26	40	40	P 582	18	54	54	
1536	1	T 590	25	40	40	P 582	18	54	54	
1537	1	T 592	24	40	40	P 588	18	54	54	
1538	1	T 594	23	40	40	P 588	18	54	54	
1539	1	T 596	22	40	40	P 588	18	54	54	
1540	1	T 598	21	40	40	P 594	12	54	54	
1541	1	T 600	20	40	40	P 594	12	54	54	
1542	1	T 602	21	40	40	P 594	18	54	48	
1543	1	T 604	22	40	40	P 600	18	54	54	
1544	1	T 606	23	40	40	P 600	18	54	54	
1545	1	T 608	24	40	40	P 600	18	54	54	
1546	1	T 610	25	40	40	P 606	18	54	54	
1547	1	T 612	26	40	40	P 606	18	54	54	
1548	1	T 614	27	40	40	P 606	18	54	54	
1549	1	T 616	28	40	40	P 612	24	54	48	
1550	1	T 618	29	40	40	P 612	24	54	54	
1551	1	T 620	30	40	40	P 612	24	54	54	
1552	1	T 622	31	40	40	P 618	24	54	54	
1553	1	T 624	32	40	40	P 618	24	54	54	
1554	1	T 626	33	40	40	P 618	24	54	54	
1555	1	T 628	34	40	40	P 624	30	54	54	
1556	1	T 630	35	40	40	P 624	30	54	54	
1557	1	T 632	36	40	40	P 624	30	54	54	
1558	1	T 634	37	40	40	P 630	30	54	54	
1559	1	T 636	38	40	40	P 630	30	54	54	
1560	1	T 638	39	40	40	P 630	30	54	54	
1561	1	T 640	40	40	40	P 636	36	54	54	
1562	1	T 642	41	40	40	P 636	36	54	54	
1563	1	T 644	42	40	40	P 636	36	54	54	
1564	1	T 646	43	40	40	P 642	36	54	54	
1565	1	T 648	44	40	40	P 642	36	54	54	
1566	1	T 650	45	40	40	P 642	42	54	48	
1567	1	T 652	46	40	40	P 648	42	54	54	
1568	1	T 654	47	40	40	P 648	42	54	54	
1569	1	T 656	48	40	40	P 648	42	54	54	
1570	1	T 658	49	40	40	P 654	42	54	54	
1571	1	T 660	50	40	40	P 654	42	54	54	
1572	1	T 658	51	40	40	P 654	48	48	48	
1573	1	T 656	52	40	40	P 648	48	54	54	
1574	1	T 654	53	40	40	P 648	48	54	54	
1575	1	T 652	54	40	40	P 648	48	54	54	
1576	1	T 650	55	40	40	P 642	48	54	54	
1577	1	T 648	56	40	40	P 642	48	54	54	
1578	1	T 646	57	40	40	P 642	48	54	54	
1579	1	T 644	58	40	40	P 636	54	54	54	
1580	1	T 642	59	40	40	P 636	54	54	54	
1581	1	T 640	60	40	40	P 636	54	54	54	
1582	1	T 638	61	40	40	P 630	54	54	54	
1583	1	T 636	62	40	40	P 630	54	54	54	
1584	1	T 634	63	40	40	P 630	54	54	54	
1585	1	T 632	64	40	40	P 624	60	54	54	
1586	1	T 630	65	40	40	P 624	60	54	54	
1587	1	T 628	66	40	40	P 624	60	54	54	
1588	1	T 626	67	40	40	P 618	60	54	54	
1589	1	T 624	68	40	40	P 618	60	54	54	
1590	1	T 622	69	40	40	P 618	60	54	54	
1591	1	T 620	70	40	40	P 612	66	54	54	
1592	1	T 618	71	40	40	P 612	66	54	54	
1593	1	T 616	72	40	40	P 612	66	54	54	
1594	1	T 614	73	40	40	P 606	66	54	54	
1595	1	T 612	74	40	40	P 606	66	54	54	
1596	1	T 610	75	40	40	P 606	66	54	54	
1597	1	T 608	76	40	40	P 600	72	54	54	
1598	1	T 606	77	40	40	P 600	72	54	54	
1599	1	T 604	78	40	40	P 600	72	54	54	
1600	1	T 602	79	40	40	P 594	72	54	54	
1601	1	T 600	80	40	40	P 594	72	54	54	
1602	1	T 598	81	40	40	P 594	72	54	54	
1603	1	T 596	82	40	40	P 588	78	54	54	
1604	1	T 594	83	40	40	P 588	78	54	54	
1605	1	T 592	84	40	40	P 588	78	54	54	
1606	1	T 590	85	40	40	P 582	78	54	54	
1607	1	T 588	86	40	40	P 582	78	54	54	
1608	1	T 586	87	40	40	P 582	78	54	54	
1609	1	T 584	88	40	40	P 576	84	54	48	
1610	1	T 582	89	40	40	P 576	84	54	54	
1611	1	T 580	90	40	40	P 576	84	54	54	
1612	1	T 578	91	40	40	P 570	84	54	54	
1613	1	T 576	92	40	40	P 570	84	54	54	
1614	1	T 574	93	40	40	P 570	84	54	54	
1615	1	T 572	94	40	40	P 564	90	54	54	
1616	1	T 570	95	40	40	P 564	90	54	54	
1617	1	T 568	96	40	40	P 564	90	48	54	
1618	1	T 566	97	40	40	P 558	90	54	54	
1619	1	T 564	98	40	40	P 558	90	54	54	
1620	1	T 562	99	40	40	P 558	90	54	54	
1621	1	T 560	100	40	40	P 552	96	54	54	
1622	1	T 558	101	40	40	P 552	96	54	54	
1623	1	T 556	102	40	40	P 552	96	54	54	
1624	1	T 554	103	40	40	P 546	96	54	54	
1625	1	T 552	104	40	40	P 546	96	54	54	
1626	1	T 550	105	40	40	P 546	102	54	48	
1627	1	T 548	106	40	40	P 540	102	54	54	
1628	1	T 546	107	40	40	P 540	102	54	54	
1629	1	T 544	108	40	40	P 540	102	54	54	
1630	1	T 542	109	40	40	P 534	102	54	54	
1631	1	T 540	110	40	40	P 534	102	54	54	
1632	1	T 538	111	40	40	P 534	102	48	54	
1633	1	T 536	112	40	40	P 528	108	54	54	
1634	1	T 534	113	40	40	P 528	108	54	54	
1635	1	T 532	114	40	40	P 528	108	54	54	
1636	1	T 530	115	40	40	P 522	108	54	54	
1637	1	T 528	116	40	40	P 522	108	54	54	
1638	1	T 526	117	40	40	P 522	114	54	48	
1639	1	T 524	118	40	40	P 516	114	54	54	
1640	1	T 522	119	40	40	P 516	114	54	54	
1641	1	T 520	120	40	40	P 516	114	54	54	
1642	1	T 518	121	40	40	P 510	114	54	54	
1643	1	T 516	122	40	40	P 510	114	54	54	
1644	1	T 514	123	40	40	P 510	114	48	54	
1645	1	T 512	124	40	40	P 504	120	54	48	
1646	1	T 510	125	40	40	P 504	120	54	54	
1647	1	T 508	126	40	40	P 504	120	54	54	
1648	1	T 506	127	40	40	P 498	120	54	54	
1649	1	T 504	128	40	40	P 498	120	54	54	
1650	1	T 502	129	40	40	P 498	120	54	54	
1651	1	T 500	130	40	40	P 492	126	54	54	
1652	1	T 498	131	40	40	P 492	126	54	54	
1653	1	T 496	132	40	40	P 492	126	48	54	
1654	1	T 494	133	40	40	P 486	126	54	54	
1655	1	T 492	134	40	40	P 486	126	54	54	
1656	1	T 490	135	40	40	P 486	126	54	54	
1657	1	T 488	136	40	40	P 480	132	54	48	
1658	1	T 486	137	40	40	P 480	132	54	54	
1659	1	T 484	138	40	40	P 480	132	54	54	
1660	1	T 482	139	40	40	P 474	132	54	54	
1661	1	T 480	140	40	40	P 474	132	54	54	
1662	1	T 478	141	40	40	P 474	132	54	54	
1663	1	T 476	142	40	40	P 468	138	54	54	
1664	1	T 474	143	40	40	P 468	138	54	54	
1665	1	T 472	144	40	40	P 468	138	54	54	
1666	1	T 470	145	40	40	P 462	138	54	54	
1667	1	T 468	146	40	40	P 462	138	54	54	
1668	1	T 466	147	40	40	P 462	144	54	48	
1669	1	T 464	148	40	40	P 456	144	54	54	
1670	1	T 462	149	40	40	P 456	144	54	54	
1671	1	T 460	150	40	40	P 456	144	54	54	
1672	1	T 458	151	40	40	P 450	144	54	54	
1673	1	T 456	152	40	40	P 450	144	54	54	
1674	1	T 454	153	40	40	P 450	144	54	54	
1675	1	T 452	154	40	40	P 444	150	54	48	
1676	1	T 450	155	40	40	P 444	150	54	54	
1677	1	T 448	156	40	40	P 444	150	54	54	
1678	1	T 446	157	40	40	P 438	150	54	54	
1679	1	T 444	158	40	40	P 438	150	54	54	
1680	1	T 442	159	40	40	P 438	150	54	54	
1681	1	T 440	160	40	40	P 432	156	54	54	
1682	1	T 438	161	40	40	P 432	156	54	54	
1683	1	T 436	162	40	40	P 432	156	54	54	
1684	1	T 434	163	40	40	P 426	156	54	54	
1685	1	T 432	164	40	40	P 426	156	54	54	
1686	1	T 430	165	40	40	P 426	156	54	54	
1687	1	T 428	166	40	40	P 420	162	54	54	
1688	1	T 426	167	40	40	P 420	162	54	54	
1689	1	T 424	168	40	40	P 420	162	54	54	
1690	1	T 422	169	40	40	P 414	162	54	54	
1691	1	T 420	170	40	40	P 414	162	54	54	
1692	1	T 418	171	40	40	P 414	162	48	54	
1693	1	T 416	172	40	40	P 408	168	54	54	
1694	1	T 414	173	40	40	P 408	168	54	54	
1695	1	T 412	174	40	40	P 408	168	54	54	
1696	1	T 410	175	40	40	P 402	168	54	54	
1697	1	T 408	176	40	40	P 402	168	54	54	
1698	1	T 406	177	40	40	P 402	174	54	48	
1699	1	T 404	178	40	40	P 396	174	54	54	
1700	1	T 402	179	40	40	P 396	174	54	54	
1701	1	T 400	180	40	40	P 396	174	54	54	
1702	1	T 398	181	40	40	P 390	174	54	54	
1703	1	T 396	182	40	40	P 390	174	54	54	
1704	1	T 394	183	40	40	P 390	180	54	48	
1705	1	T 392	184	40	40	P 384	180	54	54	
1706	1	T 390	185	40	40	P 384	180	54	54	
1707	1	T 388	186	40	40	P 384	180	54	54	
1708	1	T 386	187	40	40	P 378	180	54	54	
1709	1	T 384	188	40	40	P 378	180	54	54	
1710	1	T 382	189	40	40	P 378	180	54	54	
1711	1	T 380	190	40	40	P 372	186	54	54	
1712	1	T 378	191	40	40	P 372	186	54	54	
1713	1	T 376	192	40	40	P 372	186	54	54	
1714	1	T 374	193	40	40	P 366	186	54	54	
1715	1	T 372	194	40	40	P 366	186	54	54	
1716	1	T 370	195	40	40	P 366	186	54	54	
1717	1	T 368	196	40	40	P 360	192	54	54	
1718	1	T 366	197	40	40	P 360	192	54	54	
1719	1	T 364	198	40	40	P 360	192	54	54	
1720	1	T 362	199	40	40	P 354	192	54	54	
1721	1	T 360	200	40	40	P 354	192	54	54	
1722	1	T 358	201	40	40	P 354	192	54	54	
1723	1	T 356	202	40	40	P 348	198	54	54	
1724	1	T 354	203	40	40	P 348	198	54	54	
1725	1	T 352	204	40	40	P 348	198	54	54	
1726	1	T 350	205	40	40	P 342	198	54	54	
1727	1	T 348	206	40	40	P 342	198	54	54	
1728	1	T 346	207	40	40	P 342	198	54	54	
1729	1	T 344	208	40	40	P 336	204	54	54	
1730	1	T 342	209	40	40	P 336	204	54	54	
1731	1	T 340	210	40	40	P 336	204	54	54	
1732	1	T 338	211	40	40	P 330	204	54	54	
1733	1	T 336	212	40	40	P 330	204	54	54	
1734	1	T 334	213	40	40	P 330	204	48	54	
1735	1	T 332	214	40	40	P 324	210	54	48	
1736	1	T 330	215	40	40	P 324	210	54	54	
1737	1	T 328	216	40	40	P 324	210	54	54	
1738	1	T 326	217	40	40	P 318	210	54	54	
1739	1	T 324	218	40	40	P 318	210	54	54	
1740	1	T 322	219	40	40	P 318	210	54	54	
1741	1	T 320	220	40	40	P 312	216	54	54	
1742	1	T 318	221	40	40	P 312	216	54	54	
1743	1	T 316	222	40	40	P 312	216	54	54	
1744	1	T 314	223	40	40	P 306	216	54	54	
1745	1	T 312	224	40	40	P 306	216	54	54	
1746	1	T 310	225	40	40	P 306	222	54	48	
1747	1	T 308	226	40	40	P 300	222	54	54	
1748	1	T 306	227	40	40	P 300	222	54	54	
1749	1	T 304	228	40	40	P 300	222	54	54	
1750	1	T 302	229	40	40	P 294	222	54	54	
1751	1	T 300	230	40	40	P 294	222	54	54	
1752	1	T 298	231	40	40	P 294	222	48	54	
1753	1	T 296	232	40	40	P 288	228	54	48	
1754	1	T 294	233	40	40	P 288	228	54	54	
1755	1	T 292	234	40	40	P 288	228	54	54	
1756	1	T 290	235	40	40	P 282	228	54	54	
1757	1	T 288	236	40	40	P 282	228	54	54	
1758	1	T 286	237	40	40	P 282	228	54	54	
1759	1	T 284	238	40	40	P 276	234	54	54	
1760	1	T 282	239	40	40	P 276	234	54	54	
1761	1	T 280	240	40	40	P 276	234	54	54	
1762	1	T 278	241	40	40	P 270	234	54	54	
1763	1	T 276	242	40	40	P 270	234	54	54	
1764	1	T 274	243	40	40	P 270	240	54	48	
1765	1	T 272	244	40	40	P 264	240	54	54	
1766	1	T 270	245	40	40	P 264	240	54	54	
1767	1	T 268	246	40	40	P 264	240	54	54	
1768	1	T 266	247	40	40	P 258	240	54	54	
1769	1	T 264	248	40	40	P 258	240	54	54	
1770	1	T 262	249	40	40	P 258	240	54	54	
1771	1	T 260	250	40	40	P 252	246	54	54	
1772	1	T 258	251	40	40	P 252	246	54	54	
1773	1	T 256	252	40	40	P 252	246	48	54	
1774	1	T 254	253	40	40	P 246	246	54	54	
1775	1	T 252	254	40	40	P 246	246	54	54	
1776	1	T 250	255	40	40	P 246	246	48	54	
1777	1	T 248	256	40	40	P 240	252	54	54	
1778	1	T 246	257	40	40	P 240	252	54	54	
1779	1	T 244	258	40	40	P 240	252	54	54	
1780	1	T 242	259	40	40	P 234	252	54	54	
1781	1	T 240	260	40	40	P 234	252	54	54	
1782	1	T 238	261	40	40	P 234	252	54	54	
1783	1	T 236	262	40	40	P 228	258	54	54	
1784	1	T 234	263	40	40	P 228	258	54	54	
1785	1	T 232	264	40	40	P 228	258	54	54	
1786	1	T 230	265	40	40	P 222	258	54	54	
1787	1	T 228	266	40	40	P 222	258	54	54	
1788	1	T 226	267	40	40	P 222	258	54	54	
1789	1	T 224	268	40	40	P 216	264	54	48	
1790	1	T 222	269	40	40	P 216	264	54	54	
1791	1	T 220	270	40	40	P 216	264	48	54	
1792	1	T 218	271	40	40	P 210	264	54	54	
1793	1	T 216	272	40	40	P 210	264	54	54	
1794	1	T 214	273	40	40	P 210	264	54	54	
1795	1	T 212	274	40	40	P 204	270	54	54	
1796	1	T 210	275	40	40	P 204	270	54	54	
1797	1	T 208	276	40	40	P 204	270	54	54	
1798	1	T 206	277	40	40	P 198	270	54	54	
1799	1	T 204	278	40	40	P 198	270	54	54	
1800	1	T 202	279	40	40	P 198	270	54	54	
1801	1	T 200	280	40	40	P 192	276	54	54	
1802	1	T 198	281	40	40	P 192	276	54	54	
1803	1	T 196	282	40	40	P 192	276	54	54	
1804	1	T 194	283	40	40	P 186	276	54	54	
1805	1	T 192	284	40	40	P 186	276	54	54	
1806	1	T 190	285	40	40	P 186	276	54	54	
1807	1	T 188	286	40	40	P 180	282	54	54	
1808	1	T 186	287	40	40	P 180	282	54	54	
1809	1	T 184	288	40	40	P 180	282	48	54	
1810	1	T 182	289	40	40	P 174	282	54	54	
1811	1	T 180	290	40	40	P 174	282	54	54	
1812	1	T 178	291	40	40	P 174	282	54	54	
1813	1	T 176	292	40	40	P 168	288	54	48	
1814	1	T 174	293	40	40	P 168	288	54	54	
1815	1	T 172	294	40	40	P 168	288	54	54	
1816	1	T 170	295	40	40	P 162	288	54	54	
1817	1	T 168	296	40	40	P 162	288	54	54	
1818	1	T 166	297	40	40	P 162	288	54	54	
1819	1	T 164	298	40	40	P 156	294	54	48	
1820	1	T 162	299	40	40	P 156	294	54	54	
1821	1	T 160	300	40	40	P 156	294	54	54	
1822	1	T 158	301	40	40	P 150	294	54	54	
1823	1	T 156	302	40	40	P 150	294	54	54	
1824	1	T 154	303	40	40	P 150	294	54	54	
1825	1	T 152	304	40	40	P 144	300	54	54	
1826	1	T 150	305	40	40	P 144	300	54	54	
1827	1	T 148	306	40	40	P 144	300	54	54	
1828	1	T 146	307	40	40	P 138	300	54	54	
1829	1	T 144	308	40	40	P 138	300	54	54	
1830	1	T 142	309	40	40	P 138	306	54	48	
1831	1	T 140	310	40	40	P 132	306	54	54	
1832	1	T 138	311	40	40	P 132	306	54	54	
1833	1	T 136	312	40	40	P 132	306	54	54	
1834	1	T 134	313	40	40	P 126	306	54	54	
1835	1	T 132	314	40	40	P 126	306	54	54	
1836	1	T 130	315	40	40	P 126	306	54	54	
1837	1	T 128	316	40	40	P 120	312	54	54	
1838	1	T 126	317	40	40	P 120	312	54	54	
1839	1	T 124	318	40	40	P 120	312	54	54	
1840	1	T 122	319	40	40	P 114	312	54	54	
1841	1	T 120	320	40	40	P 114	312	54	54	
1842	1	T 118	321	40	40	P 114	312	48	54	
1843	1	T 116	322	40	40	P 108	318	54	54	
1844	1	T 114	323	40	40	P 108	318	54	54	
1845	1	T 112	324	40	40	P 108	318	54	54	
1846	1	T 110	325	40	40	P 102	318	54	54	
1847	1	T 108	326	40	40	P 102	318	54	54	
1848	1	T 106	327	40	40	P 102	324	48	48	
1849	1	T 104	328	40	40	P 96	324	54	54	
1850	1	T 102	329	40	40	P 96	324	54	54	
1851	1	T 100	330	40	40	P 96	324	54	54	
1852	1	T 98	331	40	40	P 90	324	54	54	
1853	1	T 96	332	40	40	P 90	324	54	54	
1854	1	T 94	333	40	40	P 90	330	54	48	
1855	1	T 92	334	40	40	P 84	330	54	54	
1856	1	T 90	335	40	40	P 84	330	54	54	
1857	1	T 88	336	40	40	P 84	330	54	54	
1858	1	T 86	337	40	40	P 78	330	54	54	
1859	1	T 84	338	40	40	P 78	330	54	54	
1860	1	T 82	339	40	40	P 78	330	54	54	
1861	1	T 80	340	40	40	P 72	336	54	54	
1862	1	T 78	341	40	40	P 72	336	54	54	
1863	1	T 76	342	40	40	P 72	336	48	54	
1864	1	T 74	343	40	40	P 66	336	54	54	
1865	1	T 72	344	40	40	P 66	336	54	54	
1866	1	T 70	345	40	40	P 66	336	54	54	
1867	1	T 68	346	40	40	P 60	342	54	54	
1868	1	T 66	347	40	40	P 60	342	54	54	
1869	1	T 64	348	40	40	P 60	342	54	54	
1870	1	T 62	349	40	40	P 54	342	54	54	
1871	1	T 60	350	40	40	P 54	342	54	54	
1872	1	T 58	351	40	40	P 54	342	54	54	
1873	1	T 56	352	40	40	P 48	348	54	54	
1874	1	T 54	353	40	40	P 48	348	54	54	
1875	1	T 52	354	40	40	P 48	348	54	54	
1876	1	T 50	355	40	40	P 42	348	54	54	
1877	1	T 48	356	40	40	P 42	348	54	54	
1878	1	T 46	357	40	40	P 42	354	54	48	
1879	1	T 44	358	40	40	P 36	354	54	54	
1880	1	T 42	359	40	40	P 36	354	54	54	
1881	1	T 40	360	40	40	P 36	354	54	54	
1882	1	T 38	361	40	40	P 30	354	54	54	
1883	1	T 36	362	40	40	P 30	354	54	54	
1884	1	T 34	363	40	40	P 30	354	54	54	
1885	1	T 32	364	40	40	P 24	360	54	54	
1886	1	T 30	365	40	40	P 24	360	54	54	
1887	1	T 28	366	40	40	P 24	360	54	54	
1888	1	T 26	367	40	40	P 18	360	54	54	
1889	1	T 24	368	40	40	P 18	360	54	54	
1890	1	T 22	369	40	40	P 18	366	54	48	
1891	1	T 20	370	40	40	P 12	366	54	54	
1892	1	T 22	371	40	40	P 18	366	54	54	
1893	1	T 24	372	40	40	P 18	366	54	54	
1894	1	T 26	373	40	40	P 18	366	54	54	
1895	1	T 28	374	40	40	P 24	366	48	54	
1896	1	T 30	375	40	40	P 24	372	54	48	
1897	1	T 32	376	40	40	P 24	372	54	54	
1898	1	T 34	377	40	40	P 30	372	54	54	
1899	1	T 36	378	40	40	P 30	372	54	54	
1900	1	T 38	379	40	40	P 30	372	54	54	
1901	1	T 40	380	40	40	P 36	372	54	54	
1902	1	T 42	381	40	40	P 36	372	54	54	
1903	1	T 44	382	40	40	P 36	378	54	54	
1904	1	T 46	383	40	40	P 42	378	54	54	
1905	1	T 48	384	40	40	P 42	378	54	54	
1906	1	T 50	385	40	40	P 42	378	54	54	
1907	1	T 52	386	40	40	P 48	378	54	54	
1908	1	T 54	387	40	40	P 48	378	54	54	
1909	1	T 56	388	40	40	P 48	384	54	54	
1910	1	T 58	389	40	40	P 54	384	48	54	
1911	1	T 60	390	40	40	P 54	384	54	54	
1912	1	T 62	391	40	40	P 54	384	54	54	
1913	1	T 64	392	40	40	P 60	384	48	54	
1914	1	T 66	393	40	40	P 60	384	54	54	
1915	1	T 68	394	40	40	P 60	390	54	48	
1916	1	T 70	395	40	40	P 66	390	54	54	
1917	1	T 72	396	40	40	P 66	390	54	54	
1918	1	T 74	397	40	40	P 66	390	54	54	
1919	1	T 76	398	40	40	P 72	390	54	54	
1920	1	T 78	399	40	40	P 72	396	54	48	
1921	1	T 80	400	40	40	P 72	396	54	54	
1922	1	T 82	401	40	40	P 78	396	54	54	
1923	1	T 84	402	40	40	P 78	396	54	54	
1924	1	T 86	403	40	40	P 78	396	54	54	
1925	1	T 88	404	40	40	P 84	396	54	54	
1926	1	T 90	405	40	40	P 84	396	54	54	
1927	1	T 92	406	40	40	P 84	402	54	48	
1928	1	T 94	407	40	40	P 90	402	54	54	
1929	1	T 96	408	40	40	P 90	402	54	54	
1930	1	T 98	409	40	40	P 90	402	54	54	
1931	1	T 100	410	40	40	P 96	402	54	54	
1932	1	T 102	411	40	40	P 96	402	54	54	
1933	1	T 104	412	40	40	P 96	408	54	54	
1934	1	T 106	413	40	40	P 102	408	54	54	
1935	1	T 108	414	40	40	P 102	408	54	54	
1936	1	T 110	415	40	40	P 102	408	54	54	
1937	1	T 112	416	40	40	P 108	408	54	54	
1938	1	T 114	417	40	40	P 108	408	54	54	
1939	1	T 116	418	40	40	P 108	414	54	48	
1940	1	T 118	419	40	40	P 114	414	54	54	
1941	1	T 120	420	40	40	P 114	414	54	54	
1942	1	T 122	419	40	40	P 114	414	54	54	
1943	1	T 124	418	40	40	P 120	414	54	54	
1944	1	T 126	417	40	40	P 120	414	54	48	
1945	1	T 128	416	40	40	P 120	408	54	54	
1946	1	T 130	415	40	40	P 126	408	54	54	
1947	1	T 132	414	40	40	P 126	408	54	54	
1948	1	T 134	413	40	40	P 126	408	54	54	
1949	1	T 136	412	40	40	P 132	408	54	54	
1950	1	T 138	411	40	40	P 132	402	54	54	
1951	1	T 140	410	40	40	P 132	402	54	54	
1952	1	T 142	409	40	40	P 138	402	48	54	
1953	1	T 144	408	40	40	P 138	402	54	54	
1954	1	T 146	407	40	40	P 138	402	54	54	
1955	1	T 148	406	40	40	P 144	402	48	48	
1956	1	T 150	405	40	40	P 144	402	54	48	
1957	1	T 152	404	40	40	P 144	396	54	54	
1958	1	T 154	403	40	40	P 150	396	54	54	
1959	1	T 156	402	40	40	P 150	396	54	54	
1960	1	T 158	401	40	40	P 150	396	54	54	
1961	1	T 160	400	40	40	P 156	396	48	54	
1962	1	T 162	399	40	40	P 156	396	54	48	
1963	1	T 164	398	40	40	P 156	390	54	54	
1964	1	T 166	397	40	40	P 162	390	54	54	
1965	1	T 168	396	40	40	P 162	390	54	54	
1966	1	T 170	395	40	40	P 162	390	54	54	
1967	1	T 172	394	40	40	P 168	390	54	54	
1968	1	T 174	393	40	40	P 168	390	54	48	
1969	1	T 176	392	40	40	P 168	384	54	54	
1970	1	T 178	391	40	40	P 174	384	54	54	
1971	1	T 180	390	40	40	P 174	384	54	54	
1972	1	T 182	389	40	40	P 174	384	54	54	
1973	1	T 184	388	40	40	P 180	384	54	54	
1974	1	T 186	387	40	40	P 180	378	54	54	
1975	1	T 188	386	40	40	P 180	378	54	54	
1976	1	T 190	385	40	40	P 186	378	48	54	
1977	1	T 192	384	40	40	P 186	378	54	54	
1978	1	T 194	383	40	40	P 186	378	54	54	
1979	1	T 196	382	40	40	P 192	378	48	54	
1980	1	T 198	381	40	40	P 192	372	54	54	
1981	1	T 200	380	40	40	P 192	372	54	54	
1982	1	T 202	379	40	40	P 198	372	54	54	
1983	1	T 204	378	40	40	P 198	372	54	54	
1984	1	T 206	377	40	40	P 198	372	54	54	
1985	1	T 208	376	40	40	P 204	372	54	54	
1986	1	T 210	375	40	40	P 204	372	54	48	
1987	1	T 212	374	40	40	P 204	366	54	54	
1988	1	T 214	373	40	40	P 210	366	54	54	
1989	1	T 216	372	40	40	P 210	366	54	54	
1990	1	T 218	371	40	40	P 210	366	54	54	
1991	1	T 220	370	40	40	P 216	366	54	54	
1992	1	T 222	369	40	40	P 216	360	54	54	
1993	1	T 224	368	40	40	P 216	360	54	54	
1994	1	T 226	367	40	40	P 222	360	54	54	
1995	1	T 228	366	40	40	P 222	360	54	54	
1996	1	T 230	365	40	40	P 222	360	54	54	
1997	1	T 232	364	40	40	P 228	360	54	48	
1998	1	T 234	363	40	40	P 228	354	54	54	
1999	1	T 236	362	40	40	P 228	354	54	54	
2000	1	T 238	361	40	40	P 234	354	54	54	
