1	1	T 80	80	40	40	P 48	96	65	49	
2	1	T 82	81	40	40	P 96	48	49	65	
3	1	T 84	82	40	40	P 96	48	49	97	
4	1	T 86	83	40	40	P 64	64	81	81	
5	1	T 88	84	40	40	P 64	64	97	81	
6	1	T 90	85	40	40	P 64	64	97	81	
7	1	T 92	86	40	40	P 64	64	97	97	
8	1	T 94	87	40	40	P 64	64	97	49	
9	1	T 96	88	40	40	P 64	96	97	65	
10	1	T 98	89	40	40	P 80	64	81	97	
11	1	T 100	90	40	40	P 112	96	49	65	
12	1	T 102	91	40	40	P 80	96	49	65	
13	1	T 104	92	40	40	P 80	64	49	65	
14	1	T 106	93	40	40	P 80	64	97	65	
15	1	T 108	94	40	40	P 80	64	97	97	
16	1	T 110	95	40	40	P 80	64	97	97	
17	1	T 112	96	40	40	P 80	64	97	97	
18	1	T 114	97	40	40	P 96	64	81	97	
19	1	T 116	98	40	40	P 96	64	81	97	
20	1	T 118	99	40	40	P 96	80	97	81	
21	1	T 120	100	40	40	P 96	80	97	81	
22	1	T 122	101	40	40	P 96	80	97	81	
23	1	T 124	102	40	40	P 96	80	97	97	
24	1	T 126	103	40	40	P 144	80	49	49	
25	1	T 128	104	40	40	P 96	112	65	65	
26	1	T 130	105	40	40	P 96	112	97	65	
27	1	T 132	106	40	40	P 112	80	49	49	
28	1	T 134	107	40	40	P 112	80	49	97	
29	1	T 136	108	40	40	P 112	112	97	65	
30	2	T 138	109	40	40	P 0	256	33	49	P 112	80	97	49	
31	1	T 140	110	40	40	P 112	80	65	65	
32	1	T 142	111	40	40	P 112	80	97	97	
33	1	T 144	112	40	40	P 112	80	65	97	
34	1	T 146	113	40	40	P 160	128	49	49	
35	1	T 148	114	40	40	P 160	96	49	49	
36	0	T 150	115	40	40	
37	0	T 152	116	40	40	
38	1	T 154	117	40	40	P 128	96	97	81	
39	1	T 156	118	40	40	P 128	96	97	49	
40	0	T 158	119	40	40	
41	0	T 160	120	40	40	
42	0	T 162	121	40	40	
43	1	T 164	122	40	40	P 176	96	49	49	
44	1	T 166	123	40	40	P 144	96	97	49	
45	1	T 168	124	40	40	P 144	96	97	65	
46	1	T 170	125	40	40	P 144	96	49	49	
47	1	T 172	126	40	40	P 144	96	97	97	
48	1	T 174	127	40	40	P 144	96	97	65	
49	1	T 176	128	40	40	P 144	96	97	97	
50	1	T 178	129	40	40	P 144	96	97	97	
51	1	T 180	130	40	40	P 160	144	81	49	
52	1	T 182	131	40	40	P 160	112	81	81	
53	1	T 184	132	40	40	P 160	144	97	49	
54	1	T 186	133	40	40	P 160	112	97	81	
55	1	T 188	134	40	40	P 160	112	65	97	
56	0	T 190	135	40	40	
57	1	T 192	136	40	40	P 160	112	65	49	
58	0	T 194	137	40	40	
59	1	T 196	138	40	40	P 208	112	49	49	
60	0	T 198	139	40	40	
61	1	T 200	140	40	40	P 176	160	49	49	
62	1	T 202	141	40	40	P 176	112	49	65	
63	1	T 204	142	40	40	P 176	112	97	65	
64	1	T 206	143	40	40	P 224	112	49	97	
65	1	T 208	144	40	40	P 176	160	97	49	
66	0	T 210	145	40	40	
67	1	T 212	146	40	40	P 192	128	81	49	
68	1	T 214	147	40	40	P 224	128	65	81	
69	1	T 216	148	40	40	P 224	160	65	49	
70	1	T 218	149	40	40	P 224	128	65	81	
71	1	T 220	150	40	40	P 192	128	97	49	
72	1	T 222	151	40	40	P 192	128	97	81	
73	1	T 224	152	40	40	P 192	128	65	49	
74	1	T 226	153	40	40	P 208	128	49	49	
75	1	T 228	154	40	40	P 208	128	81	65	
76	1	T 230	155	40	40	P 208	128	81	49	
77	1	T 232	156	40	40	P 208	128	49	65	
78	1	T 234	157	40	40	P 208	176	49	49	
79	1	T 236	158	40	40	P 208	128	97	97	
80	1	T 238	159	40	40	P 208	128	97	97	
81	1	T 240	160	40	40	P 208	128	97	65	
82	1	T 242	161	40	40	P 256	176	49	49	
83	0	T 244	162	40	40	
84	1	T 246	163	40	40	P 224	144	97	81	
85	1	T 248	164	40	40	P 224	144	97	81	
86	1	T 250	165	40	40	P 224	144	97	81	
87	1	T 252	166	40	40	P 224	144	97	49	
88	1	T 254	167	40	40	P 224	144	65	97	
89	1	T 256	168	40	40	P 224	144	97	97	
90	1	T 258	169	40	40	P 224	144	97	49	
91	1	T 260	170	40	40	P 240	144	49	97	
92	1	T 262	171	40	40	P 240	144	97	49	
93	1	T 264	172	40	40	P 272	144	65	65	
94	1	T 266	173	40	40	P 240	144	49	65	
95	1	T 268	174	40	40	P 240	144	97	97	
96	1	T 270	175	40	40	P 288	192	49	49	
97	1	T 272	176	40	40	P 240	144	97	65	
98	2	T 274	177	40	40	P 256	144	81	97	P 496	0	65	33	
99	1	T 276	178	40	40	P 256	192	49	49	
100	1	T 278	179	40	40	P 256	160	97	81	
101	1	T 280	180	40	40	P 288	160	65	81	
102	1	T 282	181	40	40	P 256	192	97	49	
103	1	T 284	182	40	40	P 256	160	97	81	
104	1	T 286	183	40	40	P 256	192	97	65	
105	1	T 288	184	40	40	P 256	160	97	97	
106	1	T 290	185	40	40	P 272	160	81	97	
107	1	T 292	186	40	40	P 272	160	81	97	
108	1	T 294	187	40	40	P 272	192	49	65	
109	1	T 296	188	40	40	P 304	192	65	65	
110	1	T 298	189	40	40	P 272	208	49	49	
111	1	T 300	190	40	40	P 272	160	97	97	
112	1	T 302	191	40	40	P 272	208	97	49	
113	1	T 304	192	40	40	P 272	160	97	97	
114	1	T 306	193	40	40	P 320	208	49	49	
115	1	T 308	194	40	40	P 288	160	81	97	
116	1	T 310	195	40	40	P 288	176	97	81	
117	1	T 312	196	40	40	P 288	176	49	49	
118	1	T 314	197	40	40	P 288	176	97	81	
119	1	T 316	198	40	40	P 288	176	97	81	
120	1	T 318	199	40	40	P 288	176	65	49	
121	1	T 320	200	40	40	P 288	176	97	97	
122	0	T 322	201	40	40	
123	1	T 324	202	40	40	P 304	208	81	65	
124	1	T 326	203	40	40	P 304	176	81	65	
125	0	T 328	204	40	40	
126	1	T 330	205	40	40	P 304	176	97	97	
127	1	T 332	206	40	40	P 352	176	49	65	
128	1	T 334	207	40	40	P 304	176	97	65	
129	1	T 336	208	40	40	P 304	176	97	97	
130	1	T 338	209	40	40	P 320	176	81	97	
131	1	T 340	210	40	40	P 320	176	49	97	
132	1	T 342	211	40	40	P 320	192	81	81	
133	1	T 344	212	40	40	P 320	192	97	81	
134	1	T 346	213	40	40	P 320	224	97	49	
135	1	T 348	214	40	40	P 368	192	49	81	
136	1	T 350	215	40	40	P 368	192	49	49	
137	1	T 352	216	40	40	P 368	192	49	49	
138	1	T 354	217	40	40	P 336	192	81	97	
139	1	T 356	218	40	40	P 336	192	49	97	
140	1	T 358	219	40	40	P 336	192	49	49	
141	1	T 360	220	40	40	P 336	224	49	65	
142	1	T 362	221	40	40	P 336	240	49	49	
143	1	T 364	222	40	40	P 368	240	65	49	
144	1	T 366	223	40	40	P 336	192	65	97	
145	1	T 368	224	40	40	P 336	192	65	97	
146	1	T 370	225	40	40	P 336	208	97	81	
147	1	T 372	226	40	40	P 352	192	81	97	
148	1	T 374	227	40	40	P 384	208	65	81	
149	1	T 376	228	40	40	P 352	240	97	49	
150	1	T 378	229	40	40	P 384	208	65	81	
151	0	T 380	230	40	40	
152	1	T 382	231	40	40	P 352	240	65	65	
153	1	T 384	232	40	40	P 400	208	49	97	
154	1	T 386	233	40	40	P 368	208	81	97	
155	1	T 388	234	40	40	P 368	240	49	65	
156	1	T 390	235	40	40	P 368	208	97	97	
157	2	T 392	236	40	40	P 0	96	33	65	P 368	208	97	65	
158	1	T 394	237	40	40	P 368	256	97	49	
159	1	T 396	238	40	40	P 368	208	97	65	
160	0	T 398	239	40	40	
161	1	T 400	240	40	40	P 368	208	97	65	
162	0	T 402	241	40	40	
163	1	T 404	242	40	40	P 384	208	81	97	
164	1	T 406	243	40	40	P 384	256	49	49	
165	1	T 408	244	40	40	P 384	224	97	81	
166	1	T 410	245	40	40	P 384	224	49	49	
167	1	T 412	246	40	40	P 432	256	49	49	
168	1	T 414	247	40	40	P 384	224	97	81	
169	1	T 416	248	40	40	P 384	224	97	97	
170	1	T 418	249	40	40	P 400	224	81	97	
171	1	T 420	250	40	40	P 400	224	81	97	
172	1	T 422	251	40	40	P 400	224	81	97	
173	1	T 424	252	40	40	P 400	272	49	49	
174	1	T 426	253	40	40	P 400	272	97	49	
175	1	T 428	254	40	40	P 432	272	65	49	
176	1	T 430	255	40	40	P 400	224	97	65	
177	1	T 432	256	40	40	P 448	272	49	49	
178	1	T 434	257	40	40	P 416	272	81	49	
179	1	T 436	258	40	40	P 448	272	49	49	
180	1	T 438	259	40	40	P 416	240	49	49	
181	1	T 440	260	40	40	P 448	240	65	81	
182	1	T 442	261	40	40	P 416	240	97	81	
183	1	T 444	262	40	40	P 416	240	97	81	
184	1	T 446	263	40	40	P 416	240	97	65	
185	1	T 448	264	40	40	P 464	240	49	49	
186	2	T 450	265	40	40	P 0	240	33	49	P 416	240	65	97	
187	1	T 452	266	40	40	P 432	240	81	49	
188	1	T 454	267	40	40	P 432	240	81	97	
189	1	T 456	268	40	40	P 432	240	97	97	
190	1	T 458	269	40	40	P 432	288	49	49	
191	0	T 460	270	40	40	
192	1	T 462	271	40	40	P 432	240	97	97	
193	1	T 464	272	40	40	P 432	240	97	97	
194	1	T 466	273	40	40	P 432	240	97	97	
195	1	T 468	274	40	40	P 448	240	49	65	
196	0	T 470	275	40	40	
197	1	T 472	276	40	40	P 448	256	97	81	
198	1	T 474	277	40	40	P 448	256	97	81	
199	1	T 476	278	40	40	P 448	256	97	97	
200	1	T 478	279	40	40	P 448	256	97	97	
201	1	T 480	280	40	40	P 448	256	65	97	
202	1	T 482	281	40	40	P 448	288	97	65	
203	1	T 484	282	40	40	P 464	256	81	65	
204	1	T 486	283	40	40	P 464	256	97	97	
205	1	T 488	284	40	40	P 464	256	49	97	
206	1	T 490	285	40	40	P 496	256	65	65	
207	1	T 492	286	40	40	P 464	304	65	49	
208	1	T 494	287	40	40	P 464	256	65	97	
209	1	T 496	288	40	40	P 464	256	97	65	
210	1	T 498	289	40	40	P 480	256	49	65	
211	1	T 500	290	40	40	P 480	256	81	97	
212	1	T 502	291	40	40	P 480	272	97	81	
213	0	T 504	292	40	40	
214	0	T 506	293	40	40	
215	1	T 508	294	40	40	P 480	272	97	97	
216	1	T 510	295	40	40	P 480	304	97	65	
217	0	T 512	296	40	40	
218	2	T 514	297	40	40	P 224	208	65	49	P 528	304	49	65	
219	1	T 516	298	40	40	P 496	304	49	65	
220	1	T 518	299	40	40	P 496	304	81	65	
221	1	T 520	300	40	40	P 496	272	97	65	
222	1	T 522	301	40	40	P 496	272	97	65	
223	1	T 524	302	40	40	P 496	272	97	97	
224	0	T 526	303	40	40	
225	1	T 528	304	40	40	P 496	320	97	49	
226	1	T 530	305	40	40	P 496	320	65	49	
227	1	T 532	306	40	40	P 512	288	81	81	
228	1	T 534	307	40	40	P 512	320	49	49	
229	1	T 536	308	40	40	P 512	288	49	81	
230	1	T 538	309	40	40	P 512	288	97	49	
231	1	T 540	310	40	40	P 512	288	97	97	
232	0	T 542	311	40	40	
233	1	T 544	312	40	40	P 512	288	97	97	
234	1	T 546	313	40	40	P 512	288	65	49	
235	1	T 548	314	40	40	P 528	288	49	49	
236	1	T 550	315	40	40	P 560	336	49	49	
237	1	T 552	316	40	40	P 528	288	97	97	
238	1	T 554	317	40	40	P 560	288	65	97	
239	1	T 556	318	40	40	P 528	288	97	97	
240	1	T 558	319	40	40	P 528	288	97	97	
241	1	T 560	320	40	40	P 576	336	49	49	
242	1	T 562	321	40	40	P 576	288	49	65	
243	1	T 564	322	40	40	P 576	336	49	49	
244	1	T 566	323	40	40	P 544	304	49	49	
245	1	T 568	324	40	40	P 576	304	65	81	
246	1	T 570	325	40	40	P 544	304	97	81	
247	1	T 572	326	40	40	P 592	304	49	49	
248	1	T 574	327	40	40	P 544	304	97	49	
249	0	T 576	328	40	40	
250	1	T 578	329	40	40	P 560	336	81	65	
251	1	T 580	330	40	40	P 560	304	81	49	
252	1	T 582	331	40	40	P 560	304	97	49	
253	1	T 584	332	40	40	P 592	304	65	65	
254	0	T 586	333	40	40	
255	1	T 588	334	40	40	P 560	304	97	97	
256	0	T 590	335	40	40	
257	1	T 592	336	40	40	P 560	304	97	97	
258	1	T 594	337	40	40	P 608	352	49	49	
259	1	T 596	338	40	40	P 576	304	81	97	
260	1	T 598	339	40	40	P 608	320	65	81	
261	1	T 600	340	40	40	P 432	112	49	65	
262	1	T 602	341	40	40	P 608	320	65	49	
263	1	T 604	342	40	40	P 576	320	97	97	
264	2	T 606	343	40	40	P 576	0	49	33	P 624	320	49	81	
265	1	T 608	344	40	40	P 576	320	65	49	
266	1	T 610	345	40	40	P 624	320	49	97	
267	1	T 612	346	40	40	P 592	320	81	65	
268	1	T 614	347	40	40	P 592	320	81	97	
269	1	T 616	348	40	40	P 592	320	97	97	
270	1	T 618	349	40	40	P 624	320	65	97	
271	1	T 620	350	40	40	P 592	320	97	65	
272	1	T 622	351	40	40	P 592	320	97	97	
273	1	T 624	352	40	40	P 640	320	49	65	
274	1	T 626	353	40	40	P 592	320	97	97	
275	1	T 628	354	40	40	P 608	320	81	65	
276	1	T 630	355	40	40	P 0	0	33	33	
277	1	T 632	356	40	40	P 608	336	97	81	
278	1	T 634	357	40	40	P 608	336	97	81	
279	1	T 636	358	40	40	P 608	336	97	49	
280	1	T 638	359	40	40	P 656	336	49	97	
281	1	T 640	360	40	40	P 608	336	97	97	
282	1	T 642	361	40	40	P 624	336	81	97	
283	0	T 644	362	40	40	
284	1	T 646	363	40	40	P 656	336	49	49	
285	0	T 648	364	40	40	
286	1	T 650	365	40	40	P 624	336	81	65	
287	1	T 652	366	40	40	P 624	336	81	65	
288	1	T 654	367	40	40	P 624	384	65	49	
289	1	T 656	368	40	40	P 672	384	33	49	
290	1	T 658	369	40	40	P 640	336	65	49	
291	1	T 660	370	40	40	P 672	384	33	49	
292	1	T 658	371	40	40	P 624	352	81	81	
293	1	T 656	372	40	40	P 672	352	33	49	
294	1	T 654	373	40	40	P 624	352	65	49	
295	1	T 652	374	40	40	P 656	352	49	49	
296	1	T 650	375	40	40	P 624	352	49	81	
297	1	T 648	376	40	40	P 624	352	49	49	
298	0	T 646	377	40	40	
299	1	T 644	378	40	40	P 624	352	49	97	
300	1	T 642	379	40	40	P 624	352	81	97	
301	0	T 640	380	40	40	
302	1	T 638	381	40	40	P 608	352	97	97	
303	1	T 636	382	40	40	P 608	352	65	97	
304	1	T 634	383	40	40	P 640	352	65	97	
305	1	T 632	384	40	40	P 608	352	49	97	
306	1	T 630	385	40	40	P 608	400	97	49	
307	1	T 628	386	40	40	P 608	400	81	49	
308	1	T 626	387	40	40	P 640	368	49	49	
309	1	T 624	388	40	40	P 592	368	97	49	
310	1	T 622	389	40	40	P 592	368	97	49	
311	1	T 620	390	40	40	P 624	400	65	65	
312	1	T 618	391	40	40	P 624	368	65	49	
313	1	T 616	392	40	40	P 592	400	97	65	
314	1	T 614	393	40	40	P 592	368	97	49	
315	1	T 612	394	40	40	P 592	368	49	49	
316	1	T 610	395	40	40	P 576	400	65	65	
317	1	T 608	396	40	40	P 576	368	97	97	
318	0	T 606	397	40	40	
319	1	T 604	398	40	40	P 576	416	97	49	
320	1	T 602	399	40	40	P 608	368	65	97	
321	1	T 600	400	40	40	P 576	368	97	97	
322	1	T 598	401	40	40	P 576	368	97	97	
323	1	T 596	402	40	40	P 576	384	49	49	
324	1	T 594	403	40	40	P 608	416	49	49	
325	1	T 592	404	40	40	P 608	384	49	49	
326	1	T 590	405	40	40	P 608	384	49	81	
327	1	T 588	406	40	40	P 560	384	97	81	
328	1	T 586	407	40	40	P 560	384	97	81	
329	1	T 584	408	40	40	P 592	384	65	49	
330	1	T 582	409	40	40	P 560	384	97	81	
331	1	T 580	410	40	40	P 592	384	49	49	
332	1	T 578	411	40	40	P 544	384	97	81	
333	0	T 576	412	40	40	
334	1	T 574	413	40	40	P 544	384	97	81	
335	1	T 572	414	40	40	P 288	304	49	65	
336	1	T 570	415	40	40	P 576	384	65	65	
337	1	T 568	416	40	40	P 576	432	65	33	
338	1	T 566	417	40	40	P 544	432	97	33	
339	1	T 564	418	40	40	P 544	384	81	81	
340	1	T 562	419	40	40	P 528	400	97	49	
341	1	T 560	420	40	40	P 528	400	97	65	
342	1	T 558	419	40	40	P 528	400	97	49	
343	1	T 556	418	40	40	P 528	384	97	65	
344	1	T 554	417	40	40	P 528	384	97	65	
345	1	T 552	416	40	40	P 560	432	65	33	
346	1	T 550	415	40	40	P 528	384	97	81	
347	0	T 548	414	40	40	
348	1	T 546	413	40	40	P 560	384	49	49	
349	1	T 544	412	40	40	P 560	432	49	33	
350	1	T 542	411	40	40	P 512	416	97	49	
351	1	T 540	410	40	40	P 512	384	97	81	
352	1	T 538	409	40	40	P 512	384	97	81	
353	1	T 536	408	40	40	P 512	384	97	49	
354	0	T 534	407	40	40	
355	1	T 532	406	40	40	P 512	384	49	81	
356	1	T 530	405	40	40	P 512	384	49	49	
357	1	T 528	404	40	40	P 496	384	97	81	
358	1	T 526	403	40	40	P 496	384	65	49	
359	1	T 524	402	40	40	P 496	368	97	65	
360	1	T 522	401	40	40	P 496	368	97	97	
361	1	T 520	400	40	40	P 496	368	49	97	
362	1	T 518	399	40	40	P 496	368	97	65	
363	1	T 516	398	40	40	P 496	368	81	65	
364	1	T 514	397	40	40	P 496	416	49	49	
365	1	T 512	396	40	40	P 480	368	97	65	
366	0	T 510	395	40	40	
367	0	T 508	394	40	40	
368	1	T 506	393	40	40	P 480	368	49	97	
369	1	T 504	392	40	40	P 512	368	65	49	
370	1	T 502	391	40	40	P 512	400	65	65	
371	2	T 500	390	40	40	P 64	64	65	65	P 512	368	49	49	
372	0	T 498	389	40	40	
373	1	T 496	388	40	40	P 464	368	97	81	
374	1	T 494	387	40	40	P 512	368	49	81	
375	1	T 492	386	40	40	P 464	352	97	97	
376	1	T 490	385	40	40	P 464	352	97	97	
377	1	T 488	384	40	40	P 496	352	65	97	
378	1	T 486	383	40	40	P 464	352	49	65	
379	1	T 484	382	40	40	P 464	400	49	49	
380	1	T 482	381	40	40	P 464	352	81	65	
381	1	T 480	380	40	40	P 448	352	97	97	
382	1	T 478	379	40	40	P 496	352	49	49	
383	0	T 476	378	40	40	
384	1	T 474	377	40	40	P 448	352	97	97	
385	1	T 472	376	40	40	P 480	352	65	97	
386	1	T 470	375	40	40	P 448	352	97	49	
387	1	T 468	374	40	40	P 448	352	81	49	
388	1	T 466	373	40	40	P 432	352	97	81	
389	0	T 464	372	40	40	
390	1	T 462	371	40	40	P 480	384	49	49	
391	0	T 460	370	40	40	
392	1	T 458	369	40	40	P 432	352	97	49	
393	1	T 456	368	40	40	P 464	384	65	49	
394	1	T 454	367	40	40	P 432	336	97	97	
395	1	T 452	366	40	40	P 432	336	81	97	
396	1	T 450	365	40	40	P 464	336	49	49	
397	0	T 448	364	40	40	
398	1	T 446	363	40	40	P 416	336	97	97	
399	1	T 444	362	40	40	P 416	368	65	65	
400	1	T 442	361	40	40	P 448	368	65	65	
401	1	T 440	360	40	40	P 448	336	65	49	
402	1	T 438	359	40	40	P 416	368	81	65	
403	1	T 436	358	40	40	P 448	336	49	97	
404	0	T 434	357	40	40	
405	1	T 432	356	40	40	P 448	336	49	49	
406	1	T 430	355	40	40	P 448	336	49	81	
407	1	T 428	354	40	40	P 432	368	65	49	
408	1	T 426	353	40	40	P 400	320	97	97	
409	1	T 424	352	40	40	P 400	320	97	97	
410	1	T 422	351	40	40	P 400	368	81	49	
411	1	T 420	350	40	40	P 400	320	81	97	
412	1	T 418	349	40	40	P 384	320	65	65	
413	1	T 416	348	40	40	P 384	320	97	97	
414	1	T 414	347	40	40	P 384	320	97	97	
415	1	T 412	346	40	40	P 384	320	65	97	
416	1	T 410	345	40	40	P 384	352	97	65	
417	1	T 408	344	40	40	P 384	352	49	65	
418	1	T 406	343	40	40	P 384	320	49	49	
419	1	T 404	342	40	40	P 416	320	49	49	
420	1	T 402	341	40	40	P 368	320	65	49	
421	1	T 400	340	40	40	P 368	320	65	49	
422	1	T 398	339	40	40	P 368	320	97	81	
423	1	T 396	338	40	40	P 400	352	65	49	
424	1	T 394	337	40	40	P 368	304	97	97	
425	1	T 392	336	40	40	P 400	352	65	49	
426	1	T 390	335	40	40	P 368	304	97	97	
427	1	T 388	334	40	40	P 400	336	49	65	
428	1	T 386	333	40	40	P 352	304	65	97	
429	1	T 384	332	40	40	P 352	304	97	65	
430	0	T 382	331	40	40	
431	0	T 380	330	40	40	
432	1	T 378	329	40	40	P 352	336	49	65	
433	1	T 376	328	40	40	P 352	304	97	97	
434	1	T 374	327	40	40	P 352	304	97	81	
435	1	T 372	326	40	40	P 352	304	49	97	
436	1	T 370	325	40	40	P 336	304	97	81	
437	1	T 368	324	40	40	P 336	304	65	81	
438	1	T 366	323	40	40	P 336	304	97	81	
439	1	T 364	322	40	40	P 368	288	65	97	
440	1	T 362	321	40	40	P 336	288	97	65	
441	1	T 360	320	40	40	P 368	288	65	97	
442	1	T 358	319	40	40	P 336	288	97	97	
443	1	T 356	318	40	40	P 336	288	81	97	
444	1	T 354	317	40	40	P 320	336	97	49	
445	1	T 352	316	40	40	P 320	288	97	97	
446	1	T 350	315	40	40	P 320	320	97	65	
447	1	T 348	314	40	40	P 320	288	97	97	
448	1	T 346	313	40	40	P 320	288	97	97	
449	0	T 344	312	40	40	
450	1	T 342	311	40	40	P 320	288	97	49	
451	0	T 340	310	40	40	
452	1	T 338	309	40	40	P 304	288	65	81	
453	1	T 336	308	40	40	P 304	288	97	49	
454	1	T 334	307	40	40	P 352	288	49	81	
455	2	T 332	306	40	40	P 304	288	65	81	P 608	368	49	65	
456	0	T 330	305	40	40	
457	1	T 328	304	40	40	P 304	272	97	97	
458	1	T 326	303	40	40	P 304	320	49	49	
459	1	T 324	302	40	40	P 304	272	81	65	
460	1	T 322	301	40	40	P 336	320	49	49	
461	1	T 320	300	40	40	P 288	272	97	97	
462	1	T 318	299	40	40	P 288	272	97	49	
463	1	T 316	298	40	40	P 288	272	97	97	
464	1	T 314	297	40	40	P 320	272	65	49	
465	1	T 312	296	40	40	P 320	272	65	49	
466	1	T 310	295	40	40	P 320	304	65	65	
467	1	T 308	294	40	40	P 288	272	81	49	
468	1	T 306	293	40	40	P 272	272	97	49	
469	1	T 304	292	40	40	P 272	272	97	81	
470	1	T 302	291	40	40	P 272	272	65	81	
471	1	T 300	290	40	40	P 272	272	97	49	
472	1	T 298	289	40	40	P 272	304	49	49	
473	1	T 296	288	40	40	P 304	304	65	49	
474	1	T 294	287	40	40	P 272	256	49	97	
475	1	T 292	286	40	40	P 304	304	49	49	
476	1	T 290	285	40	40	P 304	256	49	97	
477	1	T 288	284	40	40	P 256	256	97	97	
478	1	T 286	283	40	40	P 256	256	65	97	
479	1	T 284	282	40	40	P 288	256	65	97	
480	1	T 282	281	40	40	P 256	256	97	97	
481	0	T 280	280	40	40	
482	1	T 278	279	40	40	P 256	256	97	65	
483	1	T 276	278	40	40	P 256	256	49	81	
484	0	T 274	277	40	40	
485	0	T 272	276	40	40	
486	1	T 270	275	40	40	P 240	256	97	81	
487	1	T 268	274	40	40	P 272	240	65	97	
488	1	T 266	273	40	40	P 240	240	97	97	
489	1	T 264	272	40	40	P 240	240	97	97	
490	1	T 262	271	40	40	P 240	240	97	65	
491	1	T 260	270	40	40	P 240	240	81	97	
492	1	T 258	269	40	40	P 240	240	81	97	
493	1	T 256	268	40	40	P 224	240	97	97	
494	1	T 254	267	40	40	P 224	240	65	97	
495	1	T 252	266	40	40	P 224	240	97	97	
496	1	T 250	265	40	40	P 224	240	49	97	
497	1	T 248	264	40	40	P 224	272	49	65	
498	1	T 246	263	40	40	P 224	240	97	81	
499	1	T 244	262	40	40	P 224	240	49	81	
500	1	T 242	261	40	40	P 208	240	65	49	
501	1	T 240	260	40	40	P 208	240	65	49	
502	1	T 238	259	40	40	P 256	272	49	49	
503	1	T 236	258	40	40	P 208	224	65	97	
504	1	T 234	257	40	40	P 208	224	97	97	
505	1	T 232	256	40	40	P 240	224	65	97	
506	1	T 230	255	40	40	P 240	224	49	65	
507	1	T 228	254	40	40	P 240	272	49	49	
508	1	T 226	253	40	40	P 192	272	65	49	
509	0	T 224	252	40	40	
510	1	T 222	251	40	40	P 192	224	97	97	
511	1	T 220	250	40	40	P 192	224	65	49	
512	1	T 218	249	40	40	P 192	224	49	49	
513	1	T 216	248	40	40	P 192	224	49	49	
514	1	T 214	247	40	40	P 224	224	65	81	
515	1	T 212	246	40	40	P 192	224	81	97	
516	1	T 210	245	40	40	P 176	224	65	49	
517	1	T 208	244	40	40	P 176	224	97	81	
518	1	T 206	243	40	40	P 224	224	49	49	
519	1	T 204	242	40	40	P 176	224	97	81	
520	1	T 202	241	40	40	P 208	208	65	97	
521	1	T 200	240	40	40	P 208	208	65	65	
522	1	T 198	239	40	40	P 176	208	81	65	
523	0	T 196	238	40	40	
524	1	T 194	237	40	40	P 160	208	97	97	
525	1	T 192	236	40	40	P 160	240	65	65	
526	1	T 190	235	40	40	P 160	208	97	65	
527	1	T 188	234	40	40	P 192	240	65	65	
528	1	T 186	233	40	40	P 160	208	97	97	
529	0	T 184	232	40	40	
530	1	T 182	231	40	40	P 192	208	65	49	
531	2	T 180	230	40	40	P 160	208	81	49	P 224	0	49	33	
532	1	T 178	229	40	40	P 144	208	97	81	
533	1	T 176	228	40	40	P 144	208	97	81	
534	1	T 174	227	40	40	P 144	208	97	81	
535	0	T 172	226	40	40	
536	1	T 170	225	40	40	P 176	240	65	49	
537	1	T 168	224	40	40	P 176	192	65	65	
538	1	T 166	223	40	40	P 144	192	49	97	
539	1	T 164	222	40	40	P 144	192	81	97	
540	1	T 162	221	40	40	P 128	192	97	97	
541	1	T 160	220	40	40	P 176	192	49	97	
542	1	T 158	219	40	40	P 128	192	97	97	
543	0	T 156	218	40	40	
544	1	T 154	217	40	40	P 128	192	49	49	
545	0	T 152	216	40	40	
546	1	T 150	215	40	40	P 160	224	49	65	
547	1	T 148	214	40	40	P 128	224	49	65	
548	2	T 146	213	40	40	P 112	192	65	49	P 192	0	49	33	
549	1	T 144	212	40	40	P 112	192	97	81	
550	1	T 142	211	40	40	P 112	192	97	81	
551	1	T 140	210	40	40	P 112	224	49	49	
552	1	T 138	209	40	40	P 112	176	97	97	
553	1	T 136	208	40	40	P 112	176	97	97	
554	1	T 134	207	40	40	P 112	176	97	97	
555	1	T 132	206	40	40	P 112	176	49	65	
556	1	T 130	205	40	40	P 112	176	49	97	
557	1	T 128	204	40	40	P 96	176	97	97	
558	0	T 126	203	40	40	
559	1	T 124	202	40	40	P 96	176	97	65	
560	1	T 122	201	40	40	P 128	176	65	97	
561	1	T 120	200	40	40	P 96	176	97	97	
562	1	T 118	199	40	40	P 96	176	97	49	
563	1	T 116	198	40	40	P 128	208	49	65	
564	1	T 114	197	40	40	P 80	208	97	49	
565	1	T 112	196	40	40	P 80	176	97	49	
566	1	T 110	195	40	40	P 128	176	49	49	
567	1	T 108	194	40	40	P 80	160	97	97	
568	1	T 106	193	40	40	P 80	160	97	65	
569	2	T 104	192	40	40	P 0	208	33	49	P 80	160	97	65	
570	1	T 102	191	40	40	P 80	160	49	65	
571	1	T 100	190	40	40	P 80	208	49	49	
572	1	T 98	189	40	40	P 64	160	97	97	
573	1	T 96	188	40	40	P 112	192	49	65	
574	0	T 94	187	40	40	
575	2	T 92	186	40	40	P 0	272	33	65	P 64	160	97	97	
576	0	T 90	185	40	40	
577	1	T 88	184	40	40	P 96	160	65	49	
578	1	T 86	183	40	40	P 64	192	97	65	
579	1	T 84	182	40	40	P 64	192	49	49	
580	1	T 82	181	40	40	P 48	160	97	81	
581	1	T 80	180	40	40	P 48	160	97	49	
582	1	T 78	179	40	40	P 96	192	49	49	
583	1	T 76	178	40	40	P 48	192	49	49	
584	1	T 74	177	40	40	P 48	144	97	97	
585	1	T 72	176	40	40	P 48	144	49	97	
586	1	T 70	175	40	40	P 48	144	81	97	
587	1	T 68	174	40	40	P 48	144	81	97	
588	1	T 66	173	40	40	P 32	144	97	65	
589	0	T 64	172	40	40	
590	1	T 62	171	40	40	P 32	176	65	65	
591	1	T 60	170	40	40	P 32	144	97	97	
592	1	T 58	169	40	40	P 32	144	97	97	
593	1	T 56	168	40	40	P 32	144	49	49	
594	1	T 54	167	40	40	P 64	144	49	49	
595	1	T 52	166	40	40	P 32	144	81	49	
596	1	T 50	165	40	40	P 32	144	81	49	
597	1	T 48	164	40	40	P 16	144	65	81	
598	1	T 46	163	40	40	P 16	176	97	49	
599	1	T 44	162	40	40	P 16	128	97	97	
600	1	T 42	161	40	40	P 48	128	65	65	
601	0	T 40	160	40	40	
602	1	T 38	159	40	40	P 16	128	97	65	
603	1	T 36	158	40	40	P 16	128	81	65	
604	1	T 34	157	40	40	P 48	128	49	49	
605	1	T 32	156	40	40	P 0	128	65	97	
606	0	T 30	155	40	40	
607	1	T 28	154	40	40	P 32	128	65	97	
608	1	T 26	153	40	40	P 0	128	49	49	
609	1	T 24	152	40	40	P 32	128	65	97	
610	1	T 22	151	40	40	P 32	160	65	49	
611	1	T 20	150	40	40	P 0	160	81	65	
612	1	T 22	149	40	40	P 0	128	97	49	
613	2	T 24	148	40	40	P 32	128	65	49	P 304	304	65	49	
614	1	T 26	147	40	40	P 0	160	49	49	
615	1	T 28	146	40	40	P 0	112	97	97	
616	1	T 30	145	40	40	P 48	112	49	65	
617	0	T 32	144	40	40	
618	1	T 34	143	40	40	P 48	112	49	65	
619	1	T 36	142	40	40	P 16	112	49	65	
620	1	T 38	141	40	40	P 16	112	49	97	
621	1	T 40	140	40	40	P 16	112	97	97	
622	1	T 42	139	40	40	P 16	112	97	97	
623	1	T 44	138	40	40	P 16	112	97	97	
624	1	T 46	137	40	40	P 16	144	65	65	
625	0	T 48	136	40	40	
626	1	T 50	135	40	40	P 16	112	97	97	
627	1	T 52	134	40	40	P 64	144	49	65	
628	1	T 54	133	40	40	P 32	112	49	49	
629	1	T 56	132	40	40	P 32	112	97	49	
630	1	T 58	131	40	40	P 32	112	97	81	
631	1	T 60	130	40	40	P 32	112	97	81	
632	0	T 62	129	40	40	
633	1	T 64	128	40	40	P 80	96	49	97	
634	1	T 66	127	40	40	P 32	144	97	49	
635	0	T 68	126	40	40	
636	1	T 70	125	40	40	P 48	96	97	65	
637	1	T 72	124	40	40	P 48	96	97	97	
638	1	T 74	123	40	40	P 48	96	97	97	
639	1	T 76	122	40	40	P 48	128	97	65	
640	1	T 78	121	40	40	P 96	128	49	65	
641	1	T 80	120	40	40	P 48	96	97	97	
642	1	T 82	119	40	40	P 48	96	97	49	
643	1	T 84	118	40	40	P 96	96	49	81	
644	1	T 86	117	40	40	P 64	96	97	49	
645	1	T 88	116	40	40	P 96	128	65	49	
646	1	T 90	115	40	40	P 64	128	49	49	
647	1	T 92	114	40	40	P 64	128	97	49	
648	1	T 94	113	40	40	P 112	96	49	49	
649	1	T 96	112	40	40	P 112	128	49	49	
650	1	T 98	111	40	40	P 80	80	81	65	
651	1	T 100	110	40	40	P 80	80	81	65	
652	1	T 102	109	40	40	P 80	128	49	49	
653	0	T 104	108	40	40	
654	0	T 106	107	40	40	
655	1	T 108	106	40	40	P 80	80	97	97	
656	1	T 110	105	40	40	P 128	80	49	97	
657	1	T 112	104	40	40	P 80	112	97	65	
658	0	T 114	103	40	40	
659	1	T 116	102	40	40	P 96	80	81	97	
660	1	T 118	101	40	40	P 96	112	49	49	
661	1	T 120	100	40	40	P 96	80	97	81	
662	1	T 122	99	40	40	P 128	80	65	49	
663	1	T 124	98	40	40	P 96	64	65	97	
664	1	T 126	97	40	40	P 96	64	97	97	
665	0	T 128	96	40	40	
666	1	T 130	95	40	40	P 96	64	97	97	
667	1	T 132	94	40	40	P 112	64	49	97	
668	1	T 134	93	40	40	P 112	64	97	97	
669	1	T 136	92	40	40	P 144	64	65	97	
670	1	T 138	91	40	40	P 112	64	97	97	
671	1	T 140	90	40	40	P 112	96	97	65	
672	1	T 142	89	40	40	P 112	96	97	65	
673	1	T 144	88	40	40	P 112	96	97	65	
674	1	T 146	87	40	40	P 160	64	49	49	
675	1	T 148	86	40	40	P 128	64	81	97	
676	1	T 150	85	40	40	P 128	64	97	49	
677	1	T 152	84	40	40	P 112	32	113	113	
678	1	T 154	83	40	40	P 128	96	97	49	
679	1	T 156	82	40	40	P 128	96	97	49	
680	1	T 158	81	40	40	P 128	96	65	49	
681	1	T 160	80	40	40	P 128	48	97	97	
682	1	T 162	79	40	40	P 128	48	97	65	
683	1	T 164	78	40	40	P 144	48	81	65	
684	1	T 166	77	40	40	P 144	48	97	65	
685	1	T 168	76	40	40	P 144	48	97	97	
686	1	T 170	75	40	40	P 144	48	49	97	
687	1	T 172	74	40	40	P 144	80	49	65	
688	1	T 174	73	40	40	P 144	48	97	97	
689	1	T 176	72	40	40	P 144	48	65	49	
690	1	T 178	71	40	40	P 144	48	65	81	
691	2	T 180	70	40	40	P 160	48	81	81	P 464	48	65	65	
692	1	T 182	69	40	40	P 160	80	49	49	
693	0	T 184	68	40	40	
694	1	T 186	67	40	40	P 192	48	65	81	
695	1	T 188	66	40	40	P 160	32	97	97	
696	1	T 190	65	40	40	P 160	32	97	97	
697	1	T 192	64	40	40	P 160	32	97	97	
698	1	T 194	63	40	40	P 176	80	81	49	
699	1	T 196	62	40	40	P 208	32	49	65	
700	1	T 198	61	40	40	P 176	80	49	49	
701	1	T 200	60	40	40	P 208	32	65	65	
702	1	T 202	59	40	40	P 176	32	97	97	
703	1	T 204	58	40	40	P 208	32	65	97	
704	1	T 206	57	40	40	P 176	32	65	49	
705	1	T 208	56	40	40	P 224	32	49	97	
706	1	T 210	55	40	40	P 224	64	49	65	
707	1	T 212	54	40	40	P 192	32	49	49	
708	1	T 214	53	40	40	P 192	32	81	81	
709	0	T 216	52	40	40	
710	1	T 218	51	40	40	P 192	64	49	49	
711	1	T 220	50	40	40	P 192	16	97	65	
712	1	T 222	49	40	40	P 192	16	97	97	
713	1	T 224	48	40	40	P 192	16	97	97	
714	1	T 226	47	40	40	P 192	32	65	81	
715	1	T 228	46	40	40	P 208	16	49	97	
716	1	T 230	45	40	40	P 240	16	65	65	
717	1	T 232	44	40	40	P 240	16	65	49	
718	1	T 234	43	40	40	P 208	16	97	49	
719	1	T 236	42	40	40	P 208	16	49	49	
720	1	T 238	41	40	40	P 208	16	97	97	
721	1	T 240	40	40	40	P 256	16	49	49	
722	1	T 242	39	40	40	P 208	48	65	49	
723	1	T 244	38	40	40	P 256	16	49	97	
724	1	T 246	37	40	40	P 224	16	97	81	
725	1	T 248	36	40	40	P 224	48	49	49	
726	1	T 250	35	40	40	P 224	16	97	81	
727	1	T 252	34	40	40	P 256	0	65	97	
728	1	T 254	33	40	40	P 224	16	97	81	
729	1	T 256	32	40	40	P 224	0	97	97	
730	1	T 258	31	40	40	P 272	0	49	65	
731	1	T 260	30	40	40	P 240	48	81	49	
732	1	T 262	29	40	40	P 240	0	97	97	
733	0	T 264	28	40	40	
734	1	T 266	27	40	40	P 240	0	97	97	
735	1	T 268	26	40	40	P 240	0	49	97	
736	1	T 270	25	40	40	P 240	0	97	97	
737	1	T 272	24	40	40	P 240	0	97	65	
738	1	T 274	23	40	40	P 240	0	97	97	
739	1	T 276	22	40	40	P 288	32	49	65	
740	0	T 278	21	40	40	
741	0	T 280	20	40	40	
742	0	T 282	21	40	40	
743	1	T 284	22	40	40	P 256	0	97	97	
744	1	T 286	23	40	40	P 304	32	49	65	
745	1	T 288	24	40	40	P 304	0	49	49	
746	1	T 290	25	40	40	P 256	0	97	97	
747	1	T 292	26	40	40	P 272	32	49	65	
748	1	T 294	27	40	40	P 272	0	49	49	
749	1	T 296	28	40	40	P 272	48	49	49	
750	1	T 298	29	40	40	P 304	0	65	65	
751	1	T 300	30	40	40	P 272	0	49	65	
752	1	T 302	31	40	40	P 272	0	97	97	
753	1	T 304	32	40	40	P 272	0	97	65	
754	0	T 306	33	40	40	
755	1	T 308	34	40	40	P 320	48	49	49	
756	1	T 310	35	40	40	P 288	16	97	49	
757	1	T 312	36	40	40	P 288	16	97	81	
758	1	T 314	37	40	40	P 288	48	97	49	
759	1	T 316	38	40	40	P 288	16	97	97	
760	1	T 318	39	40	40	P 336	16	49	49	
761	1	T 320	40	40	40	P 288	16	97	97	
762	2	T 322	41	40	40	P 304	16	49	49	P 384	432	65	33	
763	1	T 324	42	40	40	P 304	16	81	97	
764	1	T 326	43	40	40	P 304	16	97	97	
765	1	T 328	44	40	40	P 304	16	97	97	
766	1	T 330	45	40	40	P 304	64	49	49	
767	1	T 332	46	40	40	P 304	16	65	65	
768	1	T 334	47	40	40	P 352	64	49	49	
769	1	T 336	48	40	40	P 304	16	97	97	
770	1	T 338	49	40	40	P 352	32	49	49	
771	1	T 340	50	40	40	P 320	64	49	49	
772	1	T 342	51	40	40	P 320	32	81	81	
773	1	T 344	52	40	40	P 320	32	97	81	
774	1	T 346	53	40	40	P 320	32	97	81	
775	1	T 348	54	40	40	P 368	32	49	49	
776	1	T 350	55	40	40	P 368	32	49	97	
777	1	T 352	56	40	40	P 320	64	65	65	
778	1	T 354	57	40	40	P 320	64	65	65	
779	1	T 356	58	40	40	P 336	32	81	97	
780	1	T 358	59	40	40	P 336	32	49	97	
781	1	T 360	60	40	40	P 336	32	97	97	
782	1	T 362	61	40	40	P 336	32	97	65	
783	1	T 364	62	40	40	P 336	32	97	97	
784	1	T 366	63	40	40	P 336	32	97	97	
785	0	T 368	64	40	40	
786	1	T 370	65	40	40	P 384	48	49	81	
787	1	T 372	66	40	40	P 352	32	81	97	
788	1	T 374	67	40	40	P 384	80	49	49	
789	1	T 376	68	40	40	P 352	48	97	81	
790	0	T 378	69	40	40	
791	1	T 380	70	40	40	P 352	80	65	65	
792	1	T 382	71	40	40	P 400	80	49	65	
793	1	T 384	72	40	40	P 352	48	97	65	
794	0	T 386	73	40	40	
795	1	T 388	74	40	40	P 368	48	81	49	
796	1	T 390	75	40	40	P 368	96	49	49	
797	1	T 392	76	40	40	P 400	48	65	97	
798	1	T 394	77	40	40	P 368	48	97	97	
799	1	T 396	78	40	40	P 416	48	49	65	
800	1	T 398	79	40	40	P 416	48	49	97	
801	0	T 400	80	40	40	
802	1	T 402	81	40	40	P 416	48	49	65	
803	1	T 404	82	40	40	P 384	64	81	81	
804	1	T 406	83	40	40	P 416	96	65	49	
805	1	T 408	84	40	40	P 384	64	97	81	
806	1	T 410	85	40	40	P 384	64	97	81	
807	1	T 412	86	40	40	P 384	96	97	49	
808	1	T 414	87	40	40	P 384	64	97	81	
809	1	T 416	88	40	40	P 432	96	49	65	
810	1	T 418	89	40	40	P 384	64	65	49	
811	1	T 420	90	40	40	P 400	64	81	65	
812	1	T 422	91	40	40	P 432	64	65	49	
813	1	T 424	92	40	40	P 400	64	97	97	
814	1	T 426	93	40	40	P 432	64	65	97	
815	1	T 428	94	40	40	P 400	64	97	65	
816	1	T 430	95	40	40	P 400	64	97	97	
817	0	T 432	96	40	40	
818	1	T 434	97	40	40	P 448	64	49	65	
819	1	T 436	98	40	40	P 416	64	81	65	
820	1	T 438	99	40	40	P 416	80	49	49	
821	1	T 440	100	40	40	P 448	112	65	49	
822	1	T 442	101	40	40	P 448	112	65	49	
823	1	T 444	102	40	40	P 416	80	97	81	
824	1	T 446	103	40	40	P 464	112	49	65	
825	1	T 448	104	40	40	P 416	80	97	97	
826	1	T 450	105	40	40	P 416	80	97	97	
827	1	T 452	106	40	40	P 432	112	49	65	
828	1	T 454	107	40	40	P 464	80	65	97	
829	1	T 456	108	40	40	P 432	80	97	97	
830	1	T 458	109	40	40	P 432	80	97	97	
831	1	T 460	110	40	40	P 432	80	97	65	
832	1	T 462	111	40	40	P 432	80	97	97	
833	1	T 464	112	40	40	P 432	80	97	65	
834	1	T 466	113	40	40	P 480	96	49	49	
835	1	T 468	114	40	40	P 448	80	81	97	
836	1	T 470	115	40	40	P 448	96	81	81	
837	1	T 472	116	40	40	P 448	96	49	49	
838	1	T 474	117	40	40	P 448	128	97	49	
839	1	T 476	118	40	40	P 448	96	97	81	
840	1	T 478	119	40	40	P 496	96	49	49	
841	1	T 480	120	40	40	P 448	96	97	49	
842	1	T 482	121	40	40	P 448	96	65	97	
843	1	T 484	122	40	40	P 464	128	81	65	
844	1	T 486	123	40	40	P 464	96	97	97	
845	1	T 488	124	40	40	P 496	96	65	97	
846	1	T 490	125	40	40	P 464	96	97	65	
847	0	T 492	126	40	40	
848	1	T 494	127	40	40	P 464	96	97	97	
849	1	T 496	128	40	40	P 464	144	97	49	
850	1	T 498	129	40	40	P 512	96	49	97	
851	1	T 500	130	40	40	P 480	96	81	97	
852	1	T 502	131	40	40	P 480	112	97	81	
853	1	T 504	132	40	40	P 512	144	65	49	
854	1	T 506	133	40	40	P 480	112	97	81	
855	1	T 508	134	40	40	P 480	112	97	97	
856	1	T 510	135	40	40	P 480	144	97	49	
857	1	T 512	136	40	40	P 480	112	65	97	
858	1	T 514	137	40	40	P 496	144	49	65	
859	1	T 516	138	40	40	P 496	144	49	65	
860	0	T 518	139	40	40	
861	1	T 520	140	40	40	P 496	112	49	97	
862	1	T 522	141	40	40	P 496	112	97	97	
863	1	T 524	142	40	40	P 496	112	97	97	
864	1	T 526	143	40	40	P 496	112	97	97	
865	1	T 528	144	40	40	P 496	112	97	97	
866	1	T 530	145	40	40	P 496	112	97	97	
867	0	T 532	146	40	40	
868	1	T 534	147	40	40	P 512	128	49	49	
869	1	T 536	148	40	40	P 512	160	97	49	
870	1	T 538	149	40	40	P 512	128	49	49	
871	0	T 540	150	40	40	
872	1	T 542	151	40	40	P 512	128	65	81	
873	1	T 544	152	40	40	P 512	160	65	65	
874	1	T 546	153	40	40	P 560	128	49	97	
875	1	T 548	154	40	40	P 528	128	49	97	
876	2	T 550	155	40	40	P 400	112	49	49	P 528	128	49	49	
877	1	T 552	156	40	40	P 528	128	97	97	
878	1	T 554	157	40	40	P 528	128	49	49	
879	1	T 556	158	40	40	P 528	128	97	97	
880	1	T 558	159	40	40	P 576	128	49	65	
881	1	T 560	160	40	40	P 576	128	49	65	
882	1	T 562	161	40	40	P 528	176	97	49	
883	1	T 564	162	40	40	P 576	128	49	65	
884	1	T 566	163	40	40	P 576	144	65	81	
885	1	T 568	164	40	40	P 576	176	65	49	
886	1	T 570	165	40	40	P 544	176	97	49	
887	1	T 572	166	40	40	P 592	176	49	49	
888	1	T 574	167	40	40	P 544	144	65	81	
889	1	T 576	168	40	40	P 592	144	49	97	
890	1	T 578	169	40	40	P 560	176	81	65	
891	1	T 580	170	40	40	P 560	144	81	97	
892	1	T 582	171	40	40	P 560	144	49	97	
893	1	T 584	172	40	40	P 560	176	97	65	
894	1	T 586	173	40	40	P 560	192	97	49	
895	0	T 588	174	40	40	
896	1	T 590	175	40	40	P 560	144	97	65	
897	1	T 592	176	40	40	P 560	144	97	65	
898	1	T 594	177	40	40	P 560	192	97	49	
899	1	T 596	178	40	40	P 576	144	49	65	
900	1	T 598	179	40	40	P 576	160	81	49	
901	1	T 600	180	40	40	P 576	160	49	49	
902	1	T 602	181	40	40	P 608	160	65	49	
903	1	T 604	182	40	40	P 576	192	49	49	
904	1	T 606	183	40	40	P 576	160	65	81	
905	1	T 608	184	40	40	P 576	160	97	97	
906	2	T 610	185	40	40	P 304	192	65	49	P 576	160	65	49	
907	1	T 612	186	40	40	P 624	160	49	49	
908	1	T 614	187	40	40	P 592	160	81	49	
909	1	T 616	188	40	40	P 592	192	97	65	
910	1	T 618	189	40	40	P 592	208	97	49	
911	1	T 620	190	40	40	P 592	160	97	97	
912	1	T 622	191	40	40	P 592	160	65	97	
913	1	T 624	192	40	40	P 640	160	49	65	
914	1	T 626	193	40	40	P 592	176	65	81	
915	1	T 628	194	40	40	P 608	160	81	97	
916	1	T 630	195	40	40	P 640	176	65	81	
917	0	T 632	196	40	40	
918	1	T 634	197	40	40	P 640	176	65	49	
919	1	T 636	198	40	40	P 608	176	49	49	
920	1	T 638	199	40	40	P 608	176	65	97	
921	0	T 640	200	40	40	
922	2	T 642	201	40	40	P 0	336	49	49	P 656	176	49	97	
923	1	T 644	202	40	40	P 656	208	49	65	
924	1	T 646	203	40	40	P 624	176	81	97	
925	1	T 648	204	40	40	P 624	176	81	97	
926	1	T 650	205	40	40	P 656	224	49	49	
927	1	T 652	206	40	40	P 656	224	49	49	
928	1	T 654	207	40	40	P 672	224	33	49	
929	1	T 656	208	40	40	P 672	176	33	65	
930	1	T 658	209	40	40	P 624	176	81	97	
931	1	T 660	210	40	40	P 640	176	65	97	
932	1	T 658	211	40	40	P 624	192	65	49	
933	1	T 656	212	40	40	P 624	192	81	81	
934	1	T 654	213	40	40	P 672	224	33	49	
935	1	T 652	214	40	40	P 656	192	49	97	
936	1	T 650	215	40	40	P 656	224	49	65	
937	1	T 648	216	40	40	P 656	224	49	65	
938	0	T 646	217	40	40	
939	1	T 644	218	40	40	P 624	192	81	97	
940	1	T 642	219	40	40	P 624	192	81	49	
941	1	T 640	220	40	40	P 608	224	65	65	
942	1	T 638	221	40	40	P 656	240	49	49	
943	0	T 636	222	40	40	
944	1	T 634	223	40	40	P 608	192	49	65	
945	1	T 632	224	40	40	P 640	240	65	49	
946	0	T 630	225	40	40	
947	1	T 628	226	40	40	P 608	240	49	49	
948	1	T 626	227	40	40	P 592	240	97	49	
949	1	T 624	228	40	40	P 592	208	97	49	
950	1	T 622	229	40	40	P 592	208	97	81	
951	1	T 620	230	40	40	P 592	208	97	81	
952	1	T 618	231	40	40	P 592	208	97	97	
953	1	T 616	232	40	40	P 592	240	49	65	
954	0	T 614	233	40	40	
955	1	T 612	234	40	40	P 592	208	81	97	
956	1	T 610	235	40	40	P 592	208	81	97	
957	1	T 608	236	40	40	P 576	208	97	97	
958	1	T 606	237	40	40	P 576	208	97	97	
959	1	T 604	238	40	40	P 576	208	97	65	
960	1	T 602	239	40	40	P 608	256	65	49	
961	1	T 600	240	40	40	P 576	208	97	97	
962	1	T 598	241	40	40	P 576	208	81	97	
963	1	T 596	242	40	40	P 608	256	49	49	
964	2	T 594	243	40	40	P 0	176	33	65	P 560	224	97	81	
965	1	T 592	244	40	40	P 560	256	65	49	
966	1	T 590	245	40	40	P 608	256	49	49	
967	1	T 588	246	40	40	P 560	256	65	65	
968	1	T 586	247	40	40	P 560	224	97	97	
969	1	T 584	248	40	40	P 592	256	65	65	
970	1	T 582	249	40	40	P 560	224	97	49	
971	1	T 580	250	40	40	P 560	224	81	97	
972	1	T 578	251	40	40	P 560	224	81	49	
973	1	T 576	252	40	40	P 544	224	65	65	
974	1	T 574	253	40	40	P 544	224	65	49	
975	1	T 572	254	40	40	P 544	224	97	97	
976	1	T 570	255	40	40	P 544	272	49	49	
977	1	T 568	256	40	40	P 576	224	65	65	
978	1	T 566	257	40	40	P 544	224	97	97	
979	1	T 564	258	40	40	P 544	224	49	65	
980	0	T 562	259	40	40	
981	1	T 560	260	40	40	P 528	240	97	49	
982	1	T 558	261	40	40	P 528	272	97	49	
983	1	T 556	262	40	40	P 528	240	49	49	
984	1	T 554	263	40	40	P 528	240	97	81	
985	1	T 552	264	40	40	P 528	240	97	97	
986	1	T 550	265	40	40	P 560	272	65	65	
987	1	T 548	266	40	40	P 528	240	81	97	
988	1	T 546	267	40	40	P 512	272	97	65	
989	1	T 544	268	40	40	P 512	240	65	97	
990	1	T 542	269	40	40	P 512	240	65	49	
991	1	T 540	270	40	40	P 512	240	97	97	
992	1	T 538	271	40	40	P 512	240	49	97	
993	1	T 536	272	40	40	P 512	240	49	65	
994	1	T 534	273	40	40	P 512	256	97	49	
995	1	T 532	274	40	40	P 512	256	81	81	
996	1	T 530	275	40	40	P 496	256	97	81	
997	1	T 528	276	40	40	P 496	256	97	81	
998	1	T 526	277	40	40	P 496	256	97	81	
999	1	T 524	278	40	40	P 528	256	65	81	
1000	1	T 522	279	40	40	P 496	256	97	81	
1001	1	T 520	280	40	40	P 496	256	97	65	
1002	1	T 518	281	40	40	P 528	288	65	65	
1003	2	T 516	282	40	40	P 0	272	33	49	P 496	256	81	97	
1004	1	T 514	283	40	40	P 480	256	97	65	
1005	1	T 512	284	40	40	P 480	256	65	65	
1006	1	T 510	285	40	40	P 528	256	49	97	
1007	1	T 508	286	40	40	P 480	256	97	97	
1008	1	T 506	287	40	40	P 480	256	97	65	
1009	1	T 504	288	40	40	P 480	256	97	97	
1010	1	T 502	289	40	40	P 480	304	49	49	
1011	1	T 500	290	40	40	P 512	304	49	49	
1012	1	T 498	291	40	40	P 464	272	65	81	
1013	1	T 496	292	40	40	P 464	304	65	49	
1014	1	T 494	293	40	40	P 464	272	65	81	
1015	1	T 492	294	40	40	P 464	272	49	49	
1016	1	T 490	295	40	40	P 496	272	65	49	
1017	1	T 488	296	40	40	P 464	272	97	97	
1018	1	T 486	297	40	40	P 464	272	49	97	
1019	1	T 484	298	40	40	P 464	272	81	65	
1020	0	T 482	299	40	40	
1021	1	T 480	300	40	40	P 448	272	65	65	
1022	1	T 478	301	40	40	P 448	320	97	49	
1023	0	T 476	302	40	40	
1024	1	T 474	303	40	40	P 448	272	49	97	
1025	1	T 472	304	40	40	P 448	272	97	97	
1026	1	T 470	305	40	40	P 448	272	49	65	
1027	1	T 468	306	40	40	P 480	320	49	49	
1028	1	T 466	307	40	40	P 432	320	97	49	
1029	2	T 464	308	40	40	P 432	288	97	81	P 656	112	49	49	
1030	1	T 462	309	40	40	P 432	288	97	81	
1031	1	T 460	310	40	40	P 464	320	65	65	
1032	1	T 458	311	40	40	P 432	288	97	97	
1033	1	T 456	312	40	40	P 432	288	97	97	
1034	1	T 454	313	40	40	P 464	288	65	49	
1035	1	T 452	314	40	40	P 432	288	81	97	
1036	1	T 450	315	40	40	P 432	288	81	97	
1037	1	T 448	316	40	40	P 464	336	49	49	
1038	1	T 446	317	40	40	P 464	336	49	49	
1039	1	T 444	318	40	40	P 416	336	49	49	
1040	1	T 442	319	40	40	P 416	336	49	49	
1041	1	T 440	320	40	40	P 448	288	65	97	
1042	0	T 438	321	40	40	
1043	0	T 436	322	40	40	
1044	1	T 434	323	40	40	P 448	336	49	49	
1045	1	T 432	324	40	40	P 400	304	97	81	
1046	1	T 430	325	40	40	P 400	304	97	49	
1047	1	T 428	326	40	40	P 400	304	97	81	
1048	1	T 426	327	40	40	P 400	336	49	49	
1049	1	T 424	328	40	40	P 400	336	97	65	
1050	1	T 422	329	40	40	P 432	304	65	49	
1051	1	T 420	330	40	40	P 400	304	49	49	
1052	1	T 418	331	40	40	P 384	304	97	49	
1053	1	T 416	332	40	40	P 384	304	81	65	
1054	1	T 414	333	40	40	P 384	352	65	49	
1055	1	T 412	334	40	40	P 384	352	49	49	
1056	1	T 410	335	40	40	P 416	304	65	65	
1057	1	T 408	336	40	40	P 384	304	97	97	
1058	1	T 406	337	40	40	P 384	304	97	65	
1059	1	T 404	338	40	40	P 384	320	49	81	
1060	1	T 402	339	40	40	P 368	352	97	49	
1061	1	T 400	340	40	40	P 368	320	97	81	
1062	1	T 398	341	40	40	P 416	352	49	49	
1063	1	T 396	342	40	40	P 368	320	97	65	
1064	1	T 394	343	40	40	P 368	320	97	97	
1065	0	T 392	344	40	40	
1066	1	T 390	345	40	40	P 368	320	81	97	
1067	1	T 388	346	40	40	P 400	320	49	97	
1068	1	T 386	347	40	40	P 352	320	97	65	
1069	1	T 384	348	40	40	P 400	320	49	97	
1070	1	T 382	349	40	40	P 352	320	97	97	
1071	1	T 380	350	40	40	P 352	320	97	97	
1072	0	T 378	351	40	40	
1073	1	T 376	352	40	40	P 384	320	65	97	
1074	1	T 374	353	40	40	P 352	320	97	97	
1075	1	T 372	354	40	40	P 352	320	81	65	
1076	1	T 370	355	40	40	P 336	336	97	49	
1077	1	T 368	356	40	40	P 384	336	49	49	
1078	1	T 366	357	40	40	P 336	368	65	49	
1079	1	T 364	358	40	40	P 336	336	97	97	
1080	1	T 362	359	40	40	P 336	336	97	49	
1081	1	T 360	360	40	40	P 368	336	65	49	
1082	1	T 358	361	40	40	P 336	368	49	65	
1083	1	T 356	362	40	40	P 336	336	81	97	
1084	1	T 354	363	40	40	P 320	336	97	97	
1085	1	T 352	364	40	40	P 320	368	65	65	
1086	1	T 350	365	40	40	P 320	336	97	65	
1087	1	T 348	366	40	40	P 320	336	97	97	
1088	1	T 346	367	40	40	P 352	336	65	65	
1089	0	T 344	368	40	40	
1090	1	T 342	369	40	40	P 320	384	49	49	
1091	1	T 340	370	40	40	P 320	352	81	81	
1092	1	T 338	371	40	40	P 304	352	65	49	
1093	1	T 336	372	40	40	P 352	384	49	49	
1094	1	T 334	373	40	40	P 304	352	65	81	
1095	1	T 332	374	40	40	P 304	352	97	49	
1096	1	T 330	375	40	40	P 304	352	97	81	
1097	1	T 328	376	40	40	P 304	352	49	97	
1098	1	T 326	377	40	40	P 304	384	97	65	
1099	1	T 324	378	40	40	P 304	384	81	65	
1100	2	T 322	379	40	40	P 240	80	49	49	P 288	384	65	65	
1101	1	T 320	380	40	40	P 288	352	65	65	
1102	0	T 318	381	40	40	
1103	1	T 316	382	40	40	P 320	400	65	49	
1104	0	T 314	383	40	40	
1105	1	T 312	384	40	40	P 288	352	97	97	
1106	1	T 310	385	40	40	P 288	352	49	65	
1107	1	T 308	386	40	40	P 288	400	81	49	
1108	1	T 306	387	40	40	P 320	400	49	49	
1109	0	T 304	388	40	40	
1110	0	T 302	389	40	40	
1111	1	T 300	390	40	40	P 272	368	97	97	
1112	1	T 298	391	40	40	P 272	400	97	65	
1113	1	T 296	392	40	40	P 272	368	49	49	
1114	1	T 294	393	40	40	P 272	368	49	97	
1115	2	T 292	394	40	40	P 0	48	33	49	P 272	368	81	97	
1116	1	T 290	395	40	40	P 256	368	97	97	
1117	1	T 288	396	40	40	P 256	368	97	97	
1118	0	T 286	397	40	40	
1119	1	T 284	398	40	40	P 288	368	65	65	
1120	1	T 282	399	40	40	P 256	416	49	49	
1121	2	T 280	400	40	40	P 256	368	97	97	P 640	304	49	65	
1122	1	T 278	401	40	40	P 288	384	65	81	
1123	0	T 276	402	40	40	
1124	1	T 274	403	40	40	P 256	384	81	81	
1125	1	T 272	404	40	40	P 240	384	97	81	
1126	1	T 270	405	40	40	P 32	128	49	49	
1127	1	T 268	406	40	40	P 240	416	97	49	
1128	1	T 266	407	40	40	P 272	384	65	49	
1129	1	T 264	408	40	40	P 240	384	49	81	
1130	1	T 262	409	40	40	P 240	384	97	49	
1131	0	T 260	410	40	40	
1132	1	T 258	411	40	40	P 240	384	81	81	
1133	1	T 256	412	40	40	P 224	384	97	81	
1134	0	T 254	413	40	40	
1135	1	T 252	414	40	40	P 224	384	97	81	
1136	1	T 250	415	40	40	P 256	432	65	33	
1137	1	T 248	416	40	40	P 224	384	97	81	
1138	1	T 246	417	40	40	P 224	400	49	49	
1139	1	T 244	418	40	40	P 224	400	49	49	
1140	1	T 242	419	40	40	P 208	432	65	33	
1141	1	T 240	420	40	40	P 208	400	65	65	
1142	1	T 238	419	40	40	P 208	400	97	49	
1143	1	T 236	418	40	40	P 208	384	65	65	
1144	1	T 234	417	40	40	P 208	384	97	81	
1145	2	T 232	416	40	40	P 208	384	49	81	P 656	416	49	49	
1146	1	T 230	415	40	40	P 240	432	65	33	
1147	1	T 228	414	40	40	P 240	384	49	81	
1148	1	T 226	413	40	40	P 192	384	65	81	
1149	1	T 224	412	40	40	P 240	416	49	49	
1150	1	T 222	411	40	40	P 192	384	97	81	
1151	1	T 220	410	40	40	P 192	384	97	81	
1152	1	T 218	409	40	40	P 192	384	97	81	
1153	1	T 216	408	40	40	P 192	384	49	49	
1154	1	T 214	407	40	40	P 192	384	97	81	
1155	1	T 212	406	40	40	P 224	416	49	49	
1156	1	T 210	405	40	40	P 176	416	65	49	
1157	0	T 208	404	40	40	
1158	1	T 206	403	40	40	P 176	384	65	49	
1159	1	T 204	402	40	40	P 176	384	97	81	
1160	1	T 202	401	40	40	P 176	368	97	97	
1161	1	T 200	400	40	40	P 176	368	49	97	
1162	1	T 198	399	40	40	P 176	368	97	97	
1163	0	T 196	398	40	40	
1164	0	T 194	397	40	40	
1165	1	T 192	396	40	40	P 160	400	97	65	
1166	1	T 190	395	40	40	P 160	368	65	49	
1167	1	T 188	394	40	40	P 208	400	49	65	
1168	1	T 186	393	40	40	P 160	368	97	97	
1169	1	T 184	392	40	40	P 160	368	49	49	
1170	0	T 182	391	40	40	
1171	1	T 180	390	40	40	P 160	368	81	97	
1172	1	T 178	389	40	40	P 192	400	49	49	
1173	1	T 176	388	40	40	P 144	368	97	49	
1174	1	T 174	387	40	40	P 144	368	97	81	
1175	1	T 172	386	40	40	P 144	352	97	65	
1176	1	T 170	385	40	40	P 144	352	49	65	
1177	1	T 168	384	40	40	P 176	400	65	49	
1178	1	T 166	383	40	40	P 176	352	65	97	
1179	1	T 164	382	40	40	P 176	400	49	49	
1180	1	T 162	381	40	40	P 128	352	97	97	
1181	1	T 160	380	40	40	P 176	384	49	65	
1182	1	T 158	379	40	40	P 176	352	49	49	
1183	1	T 156	378	40	40	P 128	352	97	97	
1184	1	T 154	377	40	40	P 128	352	49	49	
1185	1	T 152	376	40	40	P 128	352	49	49	
1186	0	T 150	375	40	40	
1187	1	T 148	374	40	40	P 128	384	81	65	
1188	1	T 146	373	40	40	P 112	384	65	49	
1189	1	T 144	372	40	40	P 112	352	97	81	
1190	1	T 142	371	40	40	P 112	352	97	81	
1191	1	T 140	370	40	40	P 208	16	49	49	
1192	1	T 138	369	40	40	P 144	384	65	49	
1193	1	T 136	368	40	40	P 112	336	49	65	
1194	1	T 134	367	40	40	P 112	336	97	97	
1195	1	T 132	366	40	40	P 112	384	49	49	
1196	1	T 130	365	40	40	P 144	336	49	97	
1197	1	T 128	364	40	40	P 96	368	97	65	
1198	1	T 126	363	40	40	P 96	384	65	49	
1199	1	T 124	362	40	40	P 96	336	97	97	
1200	1	T 122	361	40	40	P 128	336	65	97	
1201	1	T 120	360	40	40	P 128	336	65	49	
1202	1	T 118	359	40	40	P 128	336	65	97	
1203	1	T 116	358	40	40	P 96	336	81	97	
1204	1	T 114	357	40	40	P 80	336	97	81	
1205	1	T 112	356	40	40	P 80	336	97	81	
1206	1	T 110	355	40	40	P 80	336	65	49	
1207	0	T 108	354	40	40	
1208	1	T 106	353	40	40	P 80	320	97	97	
1209	1	T 104	352	40	40	P 80	320	97	65	
1210	1	T 102	351	40	40	P 80	320	81	65	
1211	0	T 100	350	40	40	
1212	1	T 98	349	40	40	P 64	320	97	97	
1213	1	T 96	348	40	40	P 64	320	97	97	
1214	1	T 94	347	40	40	P 64	320	97	97	
1215	1	T 92	346	40	40	P 96	320	65	97	
1216	1	T 90	345	40	40	P 64	320	97	97	
1217	0	T 88	344	40	40	
1218	1	T 86	343	40	40	P 96	320	65	49	
1219	1	T 84	342	40	40	P 64	320	49	81	
1220	1	T 82	341	40	40	P 48	320	97	81	
1221	1	T 80	340	40	40	P 96	320	49	49	
1222	1	T 78	339	40	40	P 48	320	97	81	
1223	1	T 76	338	40	40	P 80	352	65	49	
1224	1	T 74	337	40	40	P 48	320	97	81	
1225	1	T 72	336	40	40	P 80	352	65	49	
1226	1	T 70	335	40	40	P 48	352	97	49	
1227	1	T 68	334	40	40	P 48	352	81	49	
1228	0	T 66	333	40	40	
1229	1	T 64	332	40	40	P 32	304	65	65	
1230	1	T 62	331	40	40	P 32	352	65	49	
1231	1	T 60	330	40	40	P 32	304	97	97	
1232	1	T 58	329	40	40	P 64	336	65	65	
1233	0	T 56	328	40	40	
1234	1	T 54	327	40	40	P 32	336	97	49	
1235	1	T 52	326	40	40	P 32	304	81	97	
1236	1	T 50	325	40	40	P 16	304	65	49	
1237	1	T 48	324	40	40	P 64	336	49	49	
1238	1	T 46	323	40	40	P 16	304	97	81	
1239	1	T 44	322	40	40	P 16	336	49	49	
1240	1	T 42	321	40	40	P 48	304	65	49	
1241	1	T 40	320	40	40	P 16	288	49	65	
1242	1	T 38	319	40	40	P 16	288	97	97	
1243	1	T 36	318	40	40	P 16	288	49	97	
1244	1	T 34	317	40	40	P 0	288	97	97	
1245	1	T 32	316	40	40	P 0	288	97	97	
1246	1	T 30	315	40	40	P 0	288	97	97	
1247	1	T 28	314	40	40	P 0	288	49	49	
1248	1	T 26	313	40	40	P 32	320	65	65	
1249	1	T 24	312	40	40	P 32	288	65	49	
1250	1	T 22	311	40	40	P 0	288	97	49	
1251	1	T 20	310	40	40	P 0	288	49	81	
1252	1	T 22	309	40	40	P 0	288	97	81	
1253	1	T 24	308	40	40	P 0	320	49	49	
1254	1	T 26	307	40	40	P 32	288	65	49	
1255	1	T 28	306	40	40	P 0	288	97	81	
1256	0	T 30	305	40	40	
1257	1	T 32	304	40	40	P 48	272	49	97	
1258	1	T 34	303	40	40	P 48	320	49	49	
1259	2	T 36	302	40	40	P 0	96	33	49	P 16	272	81	65	
1260	1	T 38	301	40	40	P 16	272	49	97	
1261	1	T 40	300	40	40	P 240	384	49	49	
1262	1	T 42	299	40	40	P 16	272	97	97	
1263	1	T 44	298	40	40	P 64	304	49	65	
1264	1	T 46	297	40	40	P 16	272	97	97	
1265	1	T 48	296	40	40	P 16	272	97	97	
1266	1	T 50	295	40	40	P 32	304	49	65	
1267	1	T 52	294	40	40	P 32	272	81	97	
1268	0	T 54	293	40	40	
1269	1	T 56	292	40	40	P 32	304	97	49	
1270	1	T 58	291	40	40	P 32	272	97	81	
1271	1	T 60	290	40	40	P 32	256	97	97	
1272	1	T 62	289	40	40	P 32	272	65	81	
1273	1	T 64	288	40	40	P 32	256	65	65	
1274	2	T 66	287	40	40	P 16	0	49	33	P 32	256	97	97	
1275	1	T 68	286	40	40	P 80	256	49	97	
1276	1	T 70	285	40	40	P 48	304	49	49	
1277	1	T 72	284	40	40	P 80	304	65	49	
1278	2	T 74	283	40	40	P 48	256	97	97	P 336	0	49	33	
1279	1	T 76	282	40	40	P 80	256	65	97	
1280	1	T 78	281	40	40	P 96	256	49	97	
1281	1	T 80	280	40	40	P 96	288	49	65	
1282	0	T 82	279	40	40	
1283	1	T 84	278	40	40	P 64	256	49	49	
1284	1	T 86	277	40	40	P 64	256	97	81	
1285	1	T 88	276	40	40	P 96	288	65	49	
1286	1	T 90	275	40	40	P 64	256	49	49	
1287	1	T 92	274	40	40	P 64	240	65	65	
1288	1	T 94	273	40	40	P 64	288	97	49	
1289	1	T 96	272	40	40	P 64	240	97	97	
1290	1	T 98	271	40	40	P 112	288	49	49	
1291	0	T 100	270	40	40	
1292	1	T 102	269	40	40	P 80	240	81	97	
1293	1	T 104	268	40	40	P 112	288	65	49	
1294	1	T 106	267	40	40	P 80	240	97	97	
1295	1	T 108	266	40	40	P 80	272	97	65	
1296	1	T 110	265	40	40	P 128	240	49	49	
1297	2	T 112	264	40	40	P 16	160	65	65	P 128	272	49	65	
1298	0	T 114	263	40	40	
1299	1	T 116	262	40	40	P 128	240	49	49	
1300	0	T 118	261	40	40	
1301	1	T 120	260	40	40	P 128	240	65	49	
1302	0	T 122	259	40	40	
1303	1	T 124	258	40	40	P 144	272	49	49	
1304	1	T 126	257	40	40	P 96	224	97	81	
1305	2	T 128	256	40	40	P 0	288	33	49	P 96	272	65	49	
1306	1	T 130	255	40	40	P 96	224	97	97	
1307	1	T 132	254	40	40	P 112	272	49	49	
1308	1	T 134	253	40	40	P 112	224	97	97	
1309	1	T 136	252	40	40	P 112	224	97	97	
1310	0	T 138	251	40	40	
1311	1	T 140	250	40	40	P 144	224	65	49	
1312	1	T 142	249	40	40	P 112	224	97	49	
1313	1	T 144	248	40	40	P 112	224	65	49	
1314	1	T 146	247	40	40	P 128	224	81	49	
1315	1	T 148	246	40	40	P 128	256	81	49	
1316	1	T 150	245	40	40	P 160	224	49	49	
1317	0	T 152	244	40	40	
1318	1	T 154	243	40	40	P 128	224	97	81	
1319	1	T 156	242	40	40	P 160	256	65	49	
1320	1	T 158	241	40	40	P 128	208	97	65	
1321	0	T 160	240	40	40	
1322	1	T 162	239	40	40	P 144	208	81	65	
1323	1	T 164	238	40	40	P 144	256	81	49	
1324	1	T 166	237	40	40	P 144	208	97	97	
1325	1	T 168	236	40	40	P 144	208	97	65	
1326	1	T 170	235	40	40	P 144	208	97	49	
1327	1	T 172	234	40	40	P 144	208	97	65	
1328	1	T 174	233	40	40	P 144	208	97	97	
1329	0	T 176	232	40	40	
1330	1	T 178	231	40	40	P 144	208	97	49	
1331	1	T 180	230	40	40	P 160	208	81	97	
1332	1	T 182	229	40	40	P 160	208	97	81	
1333	1	T 184	228	40	40	P 160	208	49	81	
1334	1	T 186	227	40	40	P 160	240	97	49	
1335	1	T 188	226	40	40	P 208	240	49	49	
1336	1	T 190	225	40	40	P 160	240	97	49	
1337	1	T 192	224	40	40	P 160	192	97	97	
1338	1	T 194	223	40	40	P 208	192	49	97	
1339	1	T 196	222	40	40	P 176	192	81	97	
1340	1	T 198	221	40	40	P 176	240	81	49	
1341	1	T 200	220	40	40	P 208	224	65	65	
1342	1	T 202	219	40	40	P 176	224	49	65	
1343	1	T 204	218	40	40	P 176	192	97	49	
1344	1	T 206	217	40	40	P 176	192	97	97	
1345	1	T 208	216	40	40	P 176	192	97	97	
1346	1	T 210	215	40	40	P 176	224	97	49	
1347	1	T 212	214	40	40	P 192	192	81	49	
1348	1	T 214	213	40	40	P 192	192	81	81	
1349	1	T 216	212	40	40	P 192	224	97	49	
1350	1	T 218	211	40	40	P 224	224	65	49	
1351	1	T 220	210	40	40	P 224	176	65	97	
1352	1	T 222	209	40	40	P 192	176	97	65	
1353	1	T 224	208	40	40	P 192	176	97	65	
1354	0	T 226	207	40	40	
1355	0	T 228	206	40	40	
1356	1	T 230	205	40	40	P 208	176	97	97	
1357	1	T 232	204	40	40	P 208	176	97	97	
1358	2	T 234	203	40	40	P 160	0	65	33	P 240	208	65	65	
1359	0	T 236	202	40	40	
1360	1	T 238	201	40	40	P 256	208	49	65	
1361	0	T 240	200	40	40	
1362	1	T 242	199	40	40	P 256	208	49	49	
1363	1	T 244	198	40	40	P 224	176	49	97	
1364	1	T 246	197	40	40	P 224	176	97	81	
1365	1	T 248	196	40	40	P 224	176	49	49	
1366	0	T 250	195	40	40	
1367	1	T 252	194	40	40	P 224	160	97	97	
1368	1	T 254	193	40	40	P 224	160	97	97	
1369	0	T 256	192	40	40	
1370	1	T 258	191	40	40	P 272	208	49	49	
1371	1	T 260	190	40	40	P 240	160	49	65	
1372	1	T 262	189	40	40	P 240	208	97	49	
1373	1	T 264	188	40	40	P 240	160	97	97	
1374	1	T 266	187	40	40	P 240	160	97	97	
1375	1	T 268	186	40	40	P 240	192	97	65	
1376	1	T 270	185	40	40	P 240	192	97	65	
1377	1	T 272	184	40	40	P 240	160	97	49	
1378	1	T 274	183	40	40	P 240	160	97	49	
1379	1	T 276	182	40	40	P 288	160	49	97	
1380	1	T 278	181	40	40	P 288	160	65	49	
1381	1	T 280	180	40	40	P 256	160	97	81	
1382	1	T 282	179	40	40	P 256	192	97	49	
1383	1	T 284	178	40	40	P 288	144	65	97	
1384	1	T 286	177	40	40	P 304	192	49	49	
1385	1	T 288	176	40	40	P 304	192	49	49	
1386	1	T 290	175	40	40	P 304	144	49	65	
1387	1	T 292	174	40	40	P 304	144	49	97	
1388	1	T 294	173	40	40	P 272	192	81	49	
1389	1	T 296	172	40	40	P 272	144	97	97	
1390	1	T 298	171	40	40	P 304	192	65	49	
1391	1	T 300	170	40	40	P 272	144	65	97	
1392	1	T 302	169	40	40	P 320	144	49	97	
1393	1	T 304	168	40	40	P 272	144	97	97	
1394	1	T 306	167	40	40	P 272	144	97	97	
1395	0	T 308	166	40	40	
1396	1	T 310	165	40	40	P 288	176	97	49	
1397	1	T 312	164	40	40	P 288	144	97	81	
1398	1	T 314	163	40	40	P 320	144	65	49	
1399	1	T 316	162	40	40	P 336	144	49	49	
1400	1	T 318	161	40	40	P 336	128	49	65	
1401	1	T 320	160	40	40	P 288	128	65	65	
1402	1	T 322	159	40	40	P 304	176	81	49	
1403	1	T 324	158	40	40	P 304	128	49	65	
1404	1	T 326	157	40	40	P 304	128	97	97	
1405	1	T 328	156	40	40	P 336	176	65	49	
1406	1	T 330	155	40	40	P 304	128	97	97	
1407	1	T 332	154	40	40	P 304	128	97	49	
1408	1	T 334	153	40	40	P 352	128	49	97	
1409	1	T 336	152	40	40	P 304	128	97	49	
1410	1	T 338	151	40	40	P 304	128	65	81	
1411	1	T 340	150	40	40	P 352	128	49	81	
1412	1	T 342	149	40	40	P 320	128	97	81	
1413	1	T 344	148	40	40	P 320	128	49	49	
1414	1	T 346	147	40	40	P 320	128	49	49	
1415	1	T 348	146	40	40	P 352	112	65	65	
1416	1	T 350	145	40	40	P 368	160	49	49	
1417	1	T 352	144	40	40	P 320	112	97	97	
1418	1	T 354	143	40	40	P 320	112	65	65	
1419	0	T 356	142	40	40	
1420	1	T 358	141	40	40	P 336	112	49	49	
1421	1	T 360	140	40	40	P 336	112	49	49	
1422	1	T 362	139	40	40	P 368	160	65	49	
1423	1	T 364	138	40	40	P 336	112	97	65	
1424	0	T 366	137	40	40	
1425	1	T 368	136	40	40	P 384	112	49	49	
1426	1	T 370	135	40	40	P 336	112	65	49	
1427	1	T 372	134	40	40	P 384	112	49	81	
1428	0	T 374	133	40	40	
1429	1	T 376	132	40	40	P 352	144	97	49	
1430	1	T 378	131	40	40	P 384	112	65	81	
1431	1	T 380	130	40	40	P 384	96	65	65	
1432	0	T 382	129	40	40	
1433	1	T 384	128	40	40	P 352	96	97	97	
1434	1	T 386	127	40	40	P 368	96	81	97	
1435	1	T 388	126	40	40	P 368	96	81	97	
1436	0	T 390	125	40	40	
1437	1	T 392	124	40	40	P 368	96	97	97	
1438	1	T 394	123	40	40	P 368	96	49	49	
1439	1	T 396	122	40	40	P 368	96	97	97	
1440	0	T 398	121	40	40	
1441	1	T 400	120	40	40	P 368	96	97	97	
1442	0	T 402	119	40	40	
1443	1	T 404	118	40	40	P 384	96	81	65	
1444	1	T 406	117	40	40	P 416	128	49	49	
1445	2	T 408	116	40	40	P 80	192	49	49	P 384	128	97	49	
1446	0	T 410	115	40	40	
1447	1	T 412	114	40	40	P 384	128	49	49	
1448	1	T 414	113	40	40	P 384	80	65	65	
1449	1	T 416	112	40	40	P 384	80	97	97	
1450	1	T 418	111	40	40	P 400	80	81	65	
1451	1	T 420	110	40	40	P 432	80	49	65	
1452	1	T 422	109	40	40	P 432	128	49	49	
1453	1	T 424	108	40	40	P 400	80	49	49	
1454	2	T 426	107	40	40	P 400	80	49	49	P 480	0	49	33	
1455	1	T 428	106	40	40	P 400	80	97	65	
1456	1	T 430	105	40	40	P 400	80	65	49	
1457	0	T 432	104	40	40	
1458	1	T 434	103	40	40	P 400	80	97	81	
1459	1	T 436	102	40	40	P 416	80	81	97	
1460	1	T 438	101	40	40	P 416	80	97	81	
1461	0	T 440	100	40	40	
1462	1	T 442	99	40	40	P 448	80	65	49	
1463	1	T 444	98	40	40	P 448	64	65	97	
1464	1	T 446	97	40	40	P 416	112	65	49	
1465	1	T 448	96	40	40	P 416	64	97	97	
1466	1	T 450	95	40	40	P 416	64	97	65	
1467	1	T 452	94	40	40	P 464	112	49	49	
1468	1	T 454	93	40	40	P 464	64	49	97	
1469	1	T 456	92	40	40	P 432	64	97	97	
1470	1	T 458	91	40	40	P 464	64	65	49	
1471	1	T 460	90	40	40	P 432	64	65	49	
1472	1	T 462	89	40	40	P 432	64	97	65	
1473	1	T 464	88	40	40	P 432	96	65	65	
1474	1	T 466	87	40	40	P 432	64	97	97	
1475	1	T 468	86	40	40	P 448	64	81	97	
1476	1	T 470	85	40	40	P 480	96	65	49	
1477	0	T 472	84	40	40	
1478	1	T 474	83	40	40	P 448	64	49	81	
1479	0	T 476	82	40	40	
1480	1	T 478	81	40	40	P 448	48	97	65	
1481	1	T 480	80	40	40	P 448	96	65	49	
1482	1	T 482	79	40	40	P 448	48	97	65	
1483	2	T 484	78	40	40	P 112	368	49	49	P 464	48	49	97	
1484	1	T 486	77	40	40	P 464	48	81	49	
1485	1	T 488	76	40	40	P 464	48	97	65	
1486	0	T 490	75	40	40	
1487	1	T 492	74	40	40	P 464	80	65	65	
1488	1	T 494	73	40	40	P 464	48	97	97	
1489	1	T 496	72	40	40	P 464	48	65	49	
1490	1	T 498	71	40	40	P 464	48	65	81	
1491	1	T 500	70	40	40	P 480	48	81	49	
1492	1	T 502	69	40	40	P 512	48	49	49	
1493	1	T 504	68	40	40	P 480	48	97	81	
1494	1	T 506	67	40	40	P 480	48	97	81	
1495	1	T 508	66	40	40	P 512	80	65	49	
1496	1	T 510	65	40	40	P 480	32	97	65	
1497	1	T 512	64	40	40	P 480	32	65	97	
1498	1	T 514	63	40	40	P 528	80	49	49	
1499	1	T 516	62	40	40	P 496	32	49	65	
1500	0	T 518	61	40	40	
1501	1	T 520	60	40	40	P 496	64	97	65	
1502	0	T 522	59	40	40	
1503	1	T 524	58	40	40	P 496	32	49	49	
1504	0	T 526	57	40	40	
1505	1	T 528	56	40	40	P 544	64	49	65	
1506	1	T 530	55	40	40	P 544	64	49	49	
1507	1	T 532	54	40	40	P 512	32	81	81	
1508	1	T 534	53	40	40	P 544	32	65	49	
1509	0	T 536	52	40	40	
1510	1	T 538	51	40	40	P 544	64	65	49	
1511	1	T 540	50	40	40	P 512	16	65	97	
1512	1	T 542	49	40	40	P 512	16	97	65	
1513	1	T 544	48	40	40	P 512	16	97	97	
1514	1	T 546	47	40	40	P 528	16	81	97	
1515	1	T 548	46	40	40	P 528	16	81	65	
1516	1	T 550	45	40	40	P 528	16	49	65	
1517	1	T 552	44	40	40	P 528	16	97	65	
1518	1	T 554	43	40	40	P 528	48	49	65	
1519	0	T 556	42	40	40	
1520	1	T 558	41	40	40	P 528	48	65	65	
1521	1	T 560	40	40	40	P 528	48	65	65	
1522	1	T 562	39	40	40	P 576	48	49	65	
1523	1	T 564	38	40	40	P 544	16	49	49	
1524	1	T 566	37	40	40	P 544	16	49	49	
1525	1	T 568	36	40	40	P 544	16	97	81	
1526	0	T 570	35	40	40	
1527	1	T 572	34	40	40	P 544	0	97	97	
1528	1	T 574	33	40	40	P 544	48	65	49	
1529	1	T 576	32	40	40	P 544	0	97	65	
1530	1	T 578	31	40	40	P 560	0	81	97	
1531	2	T 580	30	40	40	P 160	288	49	49	P 560	0	81	65	
1532	1	T 582	29	40	40	P 560	0	97	65	
1533	1	T 584	28	40	40	P 560	0	97	97	
1534	1	T 586	27	40	40	P 560	0	97	97	
1535	1	T 588	26	40	40	P 560	0	97	65	
1536	1	T 590	25	40	40	P 560	0	65	97	
1537	1	T 592	24	40	40	P 560	0	97	97	
1538	1	T 594	23	40	40	P 560	0	65	97	
1539	1	T 596	22	40	40	P 576	0	81	97	
1540	1	T 598	21	40	40	P 608	0	65	49	
1541	0	T 600	20	40	40	
1542	1	T 602	21	40	40	P 608	0	65	81	
1543	1	T 604	22	40	40	P 576	0	97	81	
1544	1	T 606	23	40	40	P 576	0	97	97	
1545	1	T 608	24	40	40	P 576	0	97	97	
1546	1	T 610	25	40	40	P 576	0	97	97	
1547	1	T 612	26	40	40	P 592	0	81	97	
1548	1	T 614	27	40	40	P 592	0	97	97	
1549	1	T 616	28	40	40	P 592	0	97	97	
1550	1	T 618	29	40	40	P 592	48	49	49	
1551	1	T 620	30	40	40	P 592	0	65	65	
1552	1	T 622	31	40	40	P 592	0	97	97	
1553	1	T 624	32	40	40	P 592	0	65	97	
1554	1	T 626	33	40	40	P 592	0	97	97	
1555	0	T 628	34	40	40	
1556	1	T 630	35	40	40	P 640	16	65	49	
1557	1	T 632	36	40	40	P 608	48	49	49	
1558	1	T 634	37	40	40	P 608	16	97	81	
1559	1	T 636	38	40	40	P 608	16	97	81	
1560	1	T 638	39	40	40	P 656	48	49	65	
1561	1	T 640	40	40	40	P 608	16	97	97	
1562	1	T 642	41	40	40	P 656	16	49	97	
1563	1	T 644	42	40	40	P 624	16	81	65	
1564	1	T 646	43	40	40	P 624	16	81	97	
1565	1	T 648	44	40	40	P 656	16	49	65	
1566	1	T 650	45	40	40	P 656	64	49	49	
1567	0	T 652	46	40	40	
1568	1	T 654	47	40	40	P 624	16	81	97	
1569	1	T 656	48	40	40	P 672	16	33	65	
1570	1	T 658	49	40	40	P 640	16	65	49	
1571	1	T 660	50	40	40	P 640	16	49	65	
1572	0	T 658	51	40	40	
1573	1	T 656	52	40	40	P 624	32	65	49	
1574	1	T 654	53	40	40	P 624	32	65	81	
1575	1	T 652	54	40	40	P 656	32	49	81	
1576	2	T 650	55	40	40	P 0	240	33	49	P 624	32	81	81	
1577	1	T 648	56	40	40	P 624	32	81	97	
1578	0	T 646	57	40	40	
1579	1	T 644	58	40	40	P 656	32	49	49	
1580	1	T 642	59	40	40	P 608	64	65	65	
1581	1	T 640	60	40	40	P 656	80	49	49	
1582	1	T 638	61	40	40	P 608	32	97	97	
1583	1	T 636	62	40	40	P 608	80	49	49	
1584	0	T 634	63	40	40	
1585	1	T 632	64	40	40	P 608	32	97	65	
1586	1	T 630	65	40	40	P 640	32	65	65	
1587	1	T 628	66	40	40	P 640	80	49	49	
1588	1	T 626	67	40	40	P 608	48	81	81	
1589	1	T 624	68	40	40	P 592	48	97	81	
1590	1	T 622	69	40	40	P 592	48	97	49	
1591	1	T 620	70	40	40	P 592	48	97	97	
1592	1	T 618	71	40	40	P 592	48	97	49	
1593	1	T 616	72	40	40	P 624	80	65	65	
1594	1	T 614	73	40	40	P 592	48	81	97	
1595	2	T 612	74	40	40	P 272	304	49	49	P 592	48	81	97	
1596	1	T 610	75	40	40	P 576	48	97	97	
1597	1	T 608	76	40	40	P 576	48	97	97	
1598	1	T 606	77	40	40	P 576	48	97	97	
1599	1	T 604	78	40	40	P 608	96	65	49	
1600	1	T 602	79	40	40	P 608	48	65	65	
1601	1	T 600	80	40	40	P 608	96	65	49	
1602	1	T 598	81	40	40	P 576	96	49	49	
1603	1	T 596	82	40	40	P 576	48	81	97	
1604	1	T 594	83	40	40	P 112	16	49	49	
1605	0	T 592	84	40	40	
1606	1	T 590	85	40	40	P 608	64	49	81	
1607	1	T 588	86	40	40	P 560	64	65	97	
1608	1	T 586	87	40	40	P 560	64	49	97	
1609	2	T 584	88	40	40	P 0	128	33	49	P 560	64	97	97	
1610	1	T 582	89	40	40	P 560	64	97	97	
1611	2	T 580	90	40	40	P 256	0	49	33	P 592	64	49	97	
1612	1	T 578	91	40	40	P 560	64	81	97	
1613	1	T 576	92	40	40	P 544	112	65	49	
1614	1	T 574	93	40	40	P 544	112	65	49	
1615	1	T 572	94	40	40	P 576	64	65	97	
1616	1	T 570	95	40	40	P 544	112	49	49	
1617	1	T 568	96	40	40	P 576	64	65	97	
1618	1	T 566	97	40	40	P 544	64	49	65	
1619	1	T 564	98	40	40	P 544	64	49	97	
1620	0	T 562	99	40	40	
1621	1	T 560	100	40	40	P 528	80	97	49	
1622	1	T 558	101	40	40	P 528	80	65	81	
1623	1	T 556	102	40	40	P 528	112	97	49	
1624	1	T 554	103	40	40	P 528	80	97	97	
1625	1	T 552	104	40	40	P 528	80	97	49	
1626	1	T 550	105	40	40	P 528	80	81	65	
1627	1	T 548	106	40	40	P 528	80	49	49	
1628	1	T 546	107	40	40	P 528	128	49	49	
1629	1	T 544	108	40	40	P 560	112	49	65	
1630	1	T 542	109	40	40	P 512	80	65	97	
1631	1	T 540	110	40	40	P 512	80	65	65	
1632	1	T 538	111	40	40	P 544	80	65	65	
1633	1	T 536	112	40	40	P 544	80	65	65	
1634	1	T 534	113	40	40	P 512	80	97	97	
1635	1	T 532	114	40	40	P 512	80	81	97	
1636	0	T 530	115	40	40	
1637	1	T 528	116	40	40	P 496	96	97	49	
1638	1	T 526	117	40	40	P 496	96	97	81	
1639	1	T 524	118	40	40	P 496	96	65	49	
1640	2	T 522	119	40	40	P 192	32	65	49	P 496	96	97	49	
1641	1	T 520	120	40	40	P 528	128	65	65	
1642	1	T 518	121	40	40	P 496	96	49	97	
1643	1	T 516	122	40	40	P 528	128	49	65	
1644	1	T 514	123	40	40	P 528	96	49	49	
1645	1	T 512	124	40	40	P 528	96	49	65	
1646	1	T 510	125	40	40	P 480	96	65	65	
1647	1	T 508	126	40	40	P 480	96	65	65	
1648	1	T 506	127	40	40	P 480	96	97	97	
1649	1	T 504	128	40	40	P 480	96	49	97	
1650	1	T 502	129	40	40	P 512	112	65	49	
1651	1	T 500	130	40	40	P 480	96	81	97	
1652	1	T 498	131	40	40	P 512	144	49	49	
1653	1	T 496	132	40	40	P 512	112	49	81	
1654	1	T 494	133	40	40	P 464	112	97	81	
1655	1	T 492	134	40	40	P 464	144	97	65	
1656	1	T 490	135	40	40	P 496	112	65	81	
1657	1	T 488	136	40	40	P 464	144	97	65	
1658	1	T 486	137	40	40	P 496	112	65	49	
1659	0	T 484	138	40	40	
1660	0	T 482	139	40	40	
1661	1	T 480	140	40	40	P 448	112	97	97	
1662	1	T 478	141	40	40	P 448	160	97	49	
1663	1	T 476	142	40	40	P 448	112	97	97	
1664	1	T 474	143	40	40	P 480	112	65	65	
1665	1	T 472	144	40	40	P 448	112	97	65	
1666	1	T 470	145	40	40	P 448	112	81	97	
1667	1	T 468	146	40	40	P 448	112	81	65	
1668	1	T 466	147	40	40	P 480	128	49	81	
1669	1	T 464	148	40	40	P 432	160	65	49	
1670	1	T 462	149	40	40	P 480	128	49	49	
1671	1	T 460	150	40	40	P 464	128	65	97	
1672	1	T 458	151	40	40	P 464	128	65	49	
1673	1	T 456	152	40	40	P 432	128	49	97	
1674	1	T 454	153	40	40	P 432	128	49	49	
1675	1	T 452	154	40	40	P 432	128	49	49	
1676	1	T 450	155	40	40	P 464	128	49	49	
1677	1	T 448	156	40	40	P 416	128	97	65	
1678	1	T 446	157	40	40	P 416	128	97	65	
1679	1	T 444	158	40	40	P 416	176	65	49	
1680	2	T 442	159	40	40	P 16	240	65	49	P 416	128	97	65	
1681	1	T 440	160	40	40	P 416	128	97	97	
1682	1	T 438	161	40	40	P 416	128	97	97	
1683	1	T 436	162	40	40	P 416	128	81	65	
1684	1	T 434	163	40	40	P 400	144	65	81	
1685	1	T 432	164	40	40	P 400	144	97	81	
1686	1	T 430	165	40	40	P 400	176	65	49	
1687	1	T 428	166	40	40	P 400	144	97	97	
1688	1	T 426	167	40	40	P 400	144	97	81	
1689	1	T 424	168	40	40	P 400	144	97	65	
1690	1	T 422	169	40	40	P 400	144	81	97	
1691	1	T 420	170	40	40	P 400	176	49	65	
1692	1	T 418	171	40	40	P 384	144	97	97	
1693	1	T 416	172	40	40	P 384	144	97	97	
1694	1	T 414	173	40	40	P 432	144	49	97	
1695	1	T 412	174	40	40	P 432	192	49	49	
1696	1	T 410	175	40	40	P 384	144	97	65	
1697	0	T 408	176	40	40	
1698	1	T 406	177	40	40	P 384	144	97	97	
1699	1	T 404	178	40	40	P 384	144	81	97	
1700	1	T 402	179	40	40	P 368	160	97	81	
1701	1	T 400	180	40	40	P 368	160	97	49	
1702	1	T 398	181	40	40	P 368	192	97	49	
1703	1	T 396	182	40	40	P 368	160	97	49	
1704	1	T 394	183	40	40	P 368	160	97	65	
1705	1	T 392	184	40	40	P 400	192	65	65	
1706	1	T 390	185	40	40	P 400	160	49	97	
1707	1	T 388	186	40	40	P 368	160	81	97	
1708	0	T 386	187	40	40	
1709	1	T 384	188	40	40	P 352	160	97	97	
1710	0	T 382	189	40	40	
1711	1	T 380	190	40	40	P 352	208	97	49	
1712	1	T 378	191	40	40	P 352	160	97	97	
1713	1	T 376	192	40	40	P 352	160	97	97	
1714	1	T 374	193	40	40	P 384	160	65	97	
1715	1	T 372	194	40	40	P 352	176	81	81	
1716	1	T 370	195	40	40	P 336	208	65	49	
1717	1	T 368	196	40	40	P 336	176	65	49	
1718	1	T 366	197	40	40	P 336	176	97	81	
1719	1	T 364	198	40	40	P 384	176	49	49	
1720	1	T 362	199	40	40	P 336	176	97	97	
1721	1	T 360	200	40	40	P 336	176	97	49	
1722	1	T 358	201	40	40	P 368	208	65	65	
1723	1	T 356	202	40	40	P 336	208	49	65	
1724	1	T 354	203	40	40	P 336	176	49	49	
1725	1	T 352	204	40	40	P 320	176	97	97	
1726	1	T 350	205	40	40	P 368	224	49	49	
1727	0	T 348	206	40	40	
1728	1	T 346	207	40	40	P 320	224	49	49	
1729	1	T 344	208	40	40	P 320	224	97	49	
1730	1	T 342	209	40	40	P 352	224	65	49	
1731	1	T 340	210	40	40	P 320	176	81	97	
1732	1	T 338	211	40	40	P 352	192	49	81	
1733	1	T 336	212	40	40	P 304	224	97	49	
1734	1	T 334	213	40	40	P 352	224	49	49	
1735	1	T 332	214	40	40	P 352	192	49	49	
1736	1	T 330	215	40	40	P 304	192	97	81	
1737	1	T 328	216	40	40	P 304	192	49	49	
1738	1	T 326	217	40	40	P 304	192	81	65	
1739	1	T 324	218	40	40	P 304	224	49	65	
1740	0	T 322	219	40	40	
1741	1	T 320	220	40	40	P 336	240	49	49	
1742	1	T 318	221	40	40	P 336	192	49	49	
1743	1	T 316	222	40	40	P 288	192	97	81	
1744	1	T 314	223	40	40	P 320	240	65	49	
1745	0	T 312	224	40	40	
1746	0	T 310	225	40	40	
1747	1	T 308	226	40	40	P 288	192	81	97	
1748	1	T 306	227	40	40	P 272	208	97	81	
1749	1	T 304	228	40	40	P 272	208	97	49	
1750	0	T 302	229	40	40	
1751	1	T 300	230	40	40	P 272	240	97	65	
1752	1	T 298	231	40	40	P 272	208	97	97	
1753	1	T 296	232	40	40	P 272	208	97	97	
1754	1	T 294	233	40	40	P 272	240	97	65	
1755	1	T 292	234	40	40	P 304	208	49	97	
1756	1	T 290	235	40	40	P 256	208	97	65	
1757	1	T 288	236	40	40	P 256	208	97	97	
1758	1	T 286	237	40	40	P 256	208	97	97	
1759	1	T 284	238	40	40	P 256	208	49	97	
1760	1	T 282	239	40	40	P 288	256	65	49	
1761	1	T 280	240	40	40	P 288	208	65	97	
1762	1	T 278	241	40	40	P 256	256	97	49	
1763	1	T 276	242	40	40	P 256	208	81	97	
1764	1	T 274	243	40	40	P 256	256	49	49	
1765	1	T 272	244	40	40	P 240	224	97	49	
1766	1	T 270	245	40	40	P 288	224	49	81	
1767	1	T 268	246	40	40	P 272	224	65	81	
1768	1	T 266	247	40	40	P 240	224	97	49	
1769	1	T 264	248	40	40	P 240	224	97	97	
1770	1	T 262	249	40	40	P 272	256	65	65	
1771	1	T 260	250	40	40	P 240	256	81	65	
1772	1	T 258	251	40	40	P 224	224	65	49	
1773	1	T 256	252	40	40	P 224	224	97	97	
1774	1	T 254	253	40	40	P 224	224	97	97	
1775	1	T 252	254	40	40	P 256	272	65	49	
1776	1	T 250	255	40	40	P 224	224	49	65	
1777	0	T 248	256	40	40	
1778	1	T 246	257	40	40	P 224	240	49	81	
1779	1	T 244	258	40	40	P 224	224	49	65	
1780	1	T 242	259	40	40	P 208	240	97	49	
1781	1	T 240	260	40	40	P 208	240	97	81	
1782	1	T 238	261	40	40	P 208	272	65	49	
1783	1	T 236	262	40	40	P 240	240	65	49	
1784	1	T 234	263	40	40	P 240	240	65	49	
1785	2	T 232	264	40	40	P 64	0	49	33	P 208	240	97	97	
1786	1	T 230	265	40	40	P 208	272	97	65	
1787	1	T 228	266	40	40	P 240	240	49	49	
1788	1	T 226	267	40	40	P 208	240	81	49	
1789	1	T 224	268	40	40	P 192	240	97	97	
1790	1	T 222	269	40	40	P 240	288	49	49	
1791	1	T 220	270	40	40	P 224	240	65	65	
1792	1	T 218	271	40	40	P 192	240	97	97	
1793	1	T 216	272	40	40	P 192	240	49	97	
1794	0	T 214	273	40	40	
1795	1	T 212	274	40	40	P 192	240	81	65	
1796	1	T 210	275	40	40	P 192	256	81	81	
1797	1	T 208	276	40	40	P 176	256	97	81	
1798	1	T 206	277	40	40	P 224	256	49	81	
1799	0	T 204	278	40	40	
1800	1	T 202	279	40	40	P 176	256	97	97	
1801	0	T 200	280	40	40	
1802	1	T 198	281	40	40	P 208	256	65	97	
1803	1	T 196	282	40	40	P 208	256	49	97	
1804	1	T 194	283	40	40	P 208	256	49	97	
1805	0	T 192	284	40	40	
1806	1	T 190	285	40	40	P 208	304	49	49	
1807	1	T 188	286	40	40	P 160	256	49	97	
1808	1	T 186	287	40	40	P 160	256	97	97	
1809	1	T 184	288	40	40	P 160	256	49	65	
1810	1	T 182	289	40	40	P 192	304	65	49	
1811	0	T 180	290	40	40	
1812	1	T 178	291	40	40	P 144	272	97	49	
1813	1	T 176	292	40	40	P 144	272	97	81	
1814	1	T 174	293	40	40	P 192	272	49	49	
1815	0	T 172	294	40	40	
1816	1	T 170	295	40	40	P 144	304	97	65	
1817	1	T 168	296	40	40	P 144	272	97	97	
1818	1	T 166	297	40	40	P 144	272	81	97	
1819	1	T 164	298	40	40	P 144	272	81	97	
1820	1	T 162	299	40	40	P 128	272	97	97	
1821	1	T 160	300	40	40	P 128	272	65	49	
1822	0	T 158	301	40	40	
1823	1	T 156	302	40	40	P 128	272	97	97	
1824	1	T 154	303	40	40	P 128	272	97	97	
1825	1	T 152	304	40	40	P 128	272	49	65	
1826	1	T 150	305	40	40	P 128	272	49	65	
1827	1	T 148	306	40	40	P 128	272	81	97	
1828	1	T 146	307	40	40	P 128	288	49	49	
1829	1	T 144	308	40	40	P 160	288	49	49	
1830	1	T 142	309	40	40	P 112	288	97	81	
1831	1	T 140	310	40	40	P 144	288	65	49	
1832	0	T 138	311	40	40	
1833	1	T 136	312	40	40	P 144	320	65	65	
1834	1	T 134	313	40	40	P 112	288	49	97	
1835	1	T 132	314	40	40	P 144	288	49	97	
1836	1	T 130	315	40	40	P 144	288	49	49	
1837	1	T 128	316	40	40	P 144	288	49	49	
1838	1	T 126	317	40	40	P 96	288	97	97	
1839	1	T 124	318	40	40	P 96	336	97	49	
1840	1	T 122	319	40	40	P 96	288	97	97	
1841	1	T 120	320	40	40	P 96	288	97	97	
1842	1	T 118	321	40	40	P 96	288	49	97	
1843	1	T 116	322	40	40	P 96	288	81	97	
1844	1	T 114	323	40	40	P 80	304	97	81	
1845	1	T 112	324	40	40	P 80	304	97	49	
1846	0	T 110	325	40	40	
1847	1	T 108	326	40	40	P 80	304	65	49	
1848	1	T 106	327	40	40	P 112	304	65	97	
1849	0	T 104	328	40	40	
1850	1	T 102	329	40	40	P 112	336	65	65	
1851	1	T 100	330	40	40	P 112	336	49	65	
1852	1	T 98	331	40	40	P 64	304	81	97	
1853	1	T 96	332	40	40	P 64	304	97	97	
1854	1	T 94	333	40	40	P 64	352	65	49	
1855	0	T 92	334	40	40	
1856	1	T 90	335	40	40	P 64	304	97	97	
1857	1	T 88	336	40	40	P 64	352	49	49	
1858	1	T 86	337	40	40	P 96	352	49	49	
1859	0	T 84	338	40	40	
1860	1	T 82	339	40	40	P 48	320	97	81	
1861	1	T 80	340	40	40	P 48	352	97	49	
1862	1	T 78	341	40	40	P 48	320	97	81	
1863	1	T 76	342	40	40	P 48	320	49	49	
1864	1	T 74	343	40	40	P 48	320	97	97	
1865	1	T 72	344	40	40	P 48	320	49	97	
1866	1	T 70	345	40	40	P 80	320	49	49	
1867	1	T 68	346	40	40	P 48	320	49	49	
1868	1	T 66	347	40	40	P 32	320	97	65	
1869	1	T 64	348	40	40	P 32	320	65	65	
1870	1	T 62	349	40	40	P 32	368	65	49	
1871	1	T 60	350	40	40	P 80	368	49	49	
1872	1	T 58	351	40	40	P 64	320	65	65	
1873	1	T 56	352	40	40	P 32	320	97	97	
1874	1	T 54	353	40	40	P 32	320	97	97	
1875	1	T 52	354	40	40	P 32	320	49	97	
1876	1	T 50	355	40	40	P 32	336	81	49	
1877	1	T 48	356	40	40	P 16	336	97	81	
1878	1	T 46	357	40	40	P 16	336	97	49	
1879	2	T 44	358	40	40	P 16	336	97	81	P 624	432	65	33	
1880	1	T 42	359	40	40	P 16	336	97	81	
1881	1	T 40	360	40	40	P 16	336	97	97	
1882	1	T 38	361	40	40	P 16	336	97	97	
1883	0	T 36	362	40	40	
1884	1	T 34	363	40	40	P 16	336	81	49	
1885	1	T 32	364	40	40	P 48	336	49	49	
1886	2	T 30	365	40	40	P 0	336	65	65	P 288	0	49	33	
1887	1	T 28	366	40	40	P 0	336	97	97	
1888	1	T 26	367	40	40	P 32	336	65	97	
1889	1	T 24	368	40	40	P 32	336	65	65	
1890	1	T 22	369	40	40	P 0	336	81	97	
1891	1	T 20	370	40	40	P 0	352	81	49	
1892	1	T 22	371	40	40	P 0	352	97	81	
1893	0	T 24	372	40	40	
1894	1	T 26	373	40	40	P 0	384	49	49	
1895	1	T 28	374	40	40	P 0	352	97	81	
1896	1	T 30	375	40	40	P 0	352	97	81	
1897	1	T 32	376	40	40	P 0	352	97	49	
1898	1	T 34	377	40	40	P 48	352	49	49	
1899	1	T 36	378	40	40	P 16	352	49	49	
1900	1	T 38	379	40	40	P 48	352	65	49	
1901	1	T 40	380	40	40	P 16	352	49	49	
1902	1	T 42	381	40	40	P 16	352	97	97	
1903	1	T 44	382	40	40	P 16	352	97	97	
1904	1	T 46	383	40	40	P 16	352	97	97	
1905	1	T 48	384	40	40	P 64	400	49	49	
1906	1	T 50	385	40	40	P 16	368	65	49	
1907	1	T 52	386	40	40	P 32	352	49	97	
1908	1	T 54	387	40	40	P 64	368	65	81	
1909	1	T 56	388	40	40	P 32	368	97	81	
1910	2	T 58	389	40	40	P 32	0	49	33	P 32	368	97	49	
1911	1	T 60	390	40	40	P 64	400	65	65	
1912	1	T 62	391	40	40	P 32	368	97	97	
1913	1	T 64	392	40	40	P 32	368	65	97	
1914	1	T 66	393	40	40	P 32	368	97	97	
1915	1	T 68	394	40	40	P 48	368	81	97	
1916	1	T 70	395	40	40	P 48	368	81	97	
1917	1	T 72	396	40	40	P 80	400	65	65	
1918	1	T 74	397	40	40	P 48	368	97	97	
1919	1	T 76	398	40	40	P 48	416	97	49	
1920	1	T 78	399	40	40	P 96	416	49	49	
1921	1	T 80	400	40	40	P 96	416	49	49	
1922	1	T 82	401	40	40	P 96	416	49	49	
1923	1	T 84	402	40	40	P 96	384	49	49	
1924	1	T 86	403	40	40	P 64	416	49	49	
1925	1	T 88	404	40	40	P 64	384	97	81	
1926	1	T 90	405	40	40	P 64	384	97	81	
1927	1	T 92	406	40	40	P 64	384	65	49	
1928	0	T 94	407	40	40	
1929	0	T 96	408	40	40	
1930	1	T 98	409	40	40	P 80	384	81	81	
1931	1	T 100	410	40	40	P 80	384	81	81	
1932	1	T 102	411	40	40	P 80	384	97	81	
1933	0	T 104	412	40	40	
1934	0	T 106	413	40	40	
1935	1	T 108	414	40	40	P 80	432	65	33	
1936	1	T 110	415	40	40	P 128	384	49	65	
1937	1	T 112	416	40	40	P 80	384	97	81	
1938	1	T 114	417	40	40	P 128	432	49	33	
1939	1	T 116	418	40	40	P 96	432	81	33	
1940	0	T 118	419	40	40	
1941	1	T 120	420	40	40	P 96	400	49	65	
1942	1	T 122	419	40	40	P 96	400	97	49	
1943	1	T 124	418	40	40	P 96	384	97	81	
1944	0	T 126	417	40	40	
1945	1	T 128	416	40	40	P 96	384	65	65	
1946	1	T 130	415	40	40	P 96	384	97	65	
1947	1	T 132	414	40	40	P 112	384	81	81	
1948	1	T 134	413	40	40	P 112	432	81	33	
1949	1	T 136	412	40	40	P 112	384	97	81	
1950	1	T 138	411	40	40	P 112	416	97	49	
1951	1	T 140	410	40	40	P 112	384	97	81	
1952	1	T 142	409	40	40	P 112	416	65	49	
1953	1	T 144	408	40	40	P 160	384	49	49	
1954	1	T 146	407	40	40	P 160	416	49	49	
1955	1	T 148	406	40	40	P 128	384	81	81	
1956	1	T 150	405	40	40	P 160	416	65	49	
1957	1	T 152	404	40	40	P 128	384	49	81	
1958	0	T 154	403	40	40	
1959	1	T 156	402	40	40	P 128	384	97	81	
1960	1	T 158	401	40	40	P 176	368	49	65	
1961	1	T 160	400	40	40	P 128	368	97	97	
1962	1	T 162	399	40	40	P 176	416	49	49	
1963	1	T 164	398	40	40	P 144	368	49	65	
1964	1	T 166	397	40	40	P 144	416	81	49	
1965	1	T 168	396	40	40	P 144	368	49	49	
1966	1	T 170	395	40	40	P 144	400	97	65	
1967	1	T 172	394	40	40	P 144	368	49	49	
1968	0	T 174	393	40	40	
1969	1	T 176	392	40	40	P 144	368	97	97	
1970	1	T 178	391	40	40	P 144	368	65	49	
1971	1	T 180	390	40	40	P 160	368	81	97	
1972	1	T 182	389	40	40	P 160	368	49	49	
1973	1	T 184	388	40	40	P 160	368	97	81	
1974	1	T 186	387	40	40	P 192	400	65	49	
1975	1	T 188	386	40	40	P 192	352	65	97	
1976	1	T 190	385	40	40	P 160	368	97	49	
1977	1	T 192	384	40	40	P 208	400	49	49	
1978	1	T 194	383	40	40	P 160	352	65	97	
1979	1	T 196	382	40	40	P 176	352	81	97	
1980	1	T 198	381	40	40	P 176	352	97	97	
1981	1	T 200	380	40	40	P 176	352	49	65	
1982	0	T 202	379	40	40	
1983	2	T 204	378	40	40	P 0	320	33	49	P 176	352	97	97	
1984	0	T 206	377	40	40	
1985	1	T 208	376	40	40	P 176	352	97	97	
1986	1	T 210	375	40	40	P 224	384	49	65	
1987	1	T 212	374	40	40	P 192	352	81	97	
1988	1	T 214	373	40	40	P 192	352	49	81	
1989	1	T 216	372	40	40	P 192	384	97	49	
1990	1	T 218	371	40	40	P 192	384	97	49	
1991	1	T 220	370	40	40	P 192	352	97	81	
1992	1	T 222	369	40	40	P 192	336	97	97	
1993	1	T 224	368	40	40	P 192	336	97	65	
1994	1	T 226	367	40	40	P 240	336	49	65	
1995	1	T 228	366	40	40	P 208	336	81	97	
1996	1	T 230	365	40	40	P 240	384	65	49	
1997	1	T 232	364	40	40	P 208	336	97	97	
1998	1	T 234	363	40	40	P 208	336	97	97	
1999	1	T 236	362	40	40	P 208	336	97	97	
2000	1	T 238	361	40	40	P 208	336	97	97	
