1	1	T 80	80	40	40	P 74	74	54	54	
2	1	T 82	81	40	40	P 76	74	54	54	
3	1	T 84	82	40	40	P 78	76	54	54	
4	1	T 86	83	40	40	P 80	76	54	54	
5	1	T 88	84	40	40	P 82	78	54	54	
6	1	T 90	85	40	40	P 84	78	54	54	
7	1	T 92	86	40	40	P 86	80	54	52	
8	1	T 94	87	40	40	P 88	80	54	54	
9	1	T 96	88	40	40	P 90	82	54	52	
10	1	T 98	89	40	40	P 92	82	54	54	
11	1	T 100	90	40	40	P 94	84	54	54	
12	1	T 102	91	40	40	P 96	84	54	54	
13	1	T 104	92	40	40	P 98	86	54	54	
14	1	T 106	93	40	40	P 102	88	50	50	
15	1	T 108	94	40	40	P 102	88	54	54	
16	1	T 110	95	40	40	P 104	88	54	52	
17	1	T 112	96	40	40	P 106	90	54	54	
18	1	T 114	97	40	40	P 108	90	54	54	
19	1	T 116	98	40	40	P 110	92	54	54	
20	1	T 118	99	40	40	P 112	92	54	54	
21	1	T 120	100	40	40	P 114	94	54	54	
22	1	T 122	101	40	40	P 116	94	54	54	
23	1	T 124	102	40	40	P 118	96	52	52	
24	1	T 126	103	40	40	P 120	96	54	54	
25	1	T 128	104	40	40	P 122	98	52	52	
26	1	T 130	105	40	40	P 124	98	54	54	
27	1	T 132	106	40	40	P 126	100	54	54	
28	1	T 134	107	40	40	P 128	100	54	54	
29	1	T 136	108	40	40	P 130	102	54	54	
30	1	T 138	109	40	40	P 132	102	54	54	
31	1	T 140	110	40	40	P 134	104	54	54	
32	1	T 142	111	40	40	P 138	106	52	52	
33	1	T 144	112	40	40	P 138	106	54	54	
34	1	T 146	113	40	40	P 140	106	54	54	
35	1	T 148	114	40	40	P 142	108	54	54	
36	1	T 150	115	40	40	P 144	108	52	38	
37	1	T 152	116	40	40	P 146	110	54	52	
38	1	T 154	117	40	40	P 148	110	54	54	
39	1	T 156	118	40	40	P 150	114	54	52	
40	1	T 158	119	40	40	P 152	112	54	54	
41	1	T 160	120	40	40	P 154	114	54	54	
42	1	T 162	121	40	40	P 156	114	54	54	
43	1	T 164	122	40	40	P 158	116	54	50	
44	1	T 166	123	40	40	P 160	116	54	54	
45	1	T 168	124	40	40	P 162	118	54	54	
46	1	T 170	125	40	40	P 164	118	54	54	
47	1	T 172	126	40	40	P 166	120	52	54	
48	1	T 174	127	40	40	P 168	120	52	54	
49	1	T 176	128	40	40	P 170	122	54	54	
50	1	T 178	129	40	40	P 172	122	54	54	
51	1	T 180	130	40	40	P 174	124	54	54	
52	1	T 182	131	40	40	P 176	124	54	54	
53	1	T 184	132	40	40	P 178	126	54	54	
54	1	T 186	133	40	40	P 180	128	52	52	
55	1	T 188	134	40	40	P 182	128	54	54	
56	1	T 190	135	40	40	P 184	130	52	50	
57	1	T 192	136	40	40	P 186	130	54	54	
58	1	T 194	137	40	40	P 188	130	54	54	
59	1	T 196	138	40	40	P 190	132	54	54	
60	1	T 198	139	40	40	P 192	132	54	54	
61	1	T 200	140	40	40	P 194	134	54	54	
62	1	T 202	141	40	40	P 196	134	54	54	
63	1	T 204	142	40	40	P 198	136	52	54	
64	1	T 206	143	40	40	P 200	138	52	50	
65	1	T 208	144	40	40	P 202	138	54	54	
66	1	T 210	145	40	40	P 204	138	54	54	
67	1	T 212	146	40	40	P 206	140	54	54	
68	1	T 214	147	40	40	P 208	140	54	54	
69	1	T 216	148	40	40	P 210	142	54	54	
70	1	T 218	149	40	40	P 212	144	52	52	
71	1	T 220	150	40	40	P 216	144	50	54	
72	1	T 222	151	40	40	P 216	144	52	54	
73	1	T 224	152	40	40	P 218	146	54	54	
74	1	T 226	153	40	40	P 220	148	54	52	
75	1	T 228	154	40	40	P 224	150	52	52	
76	1	T 230	155	40	40	P 224	150	54	50	
77	1	T 232	156	40	40	P 226	150	54	54	
78	1	T 234	157	40	40	P 228	150	54	54	
79	1	T 236	158	40	40	P 230	152	54	54	
80	1	T 238	159	40	40	P 232	152	54	54	
81	1	T 240	160	40	40	P 234	154	54	54	
82	1	T 242	161	40	40	P 236	156	54	52	
83	1	T 244	162	40	40	P 238	156	54	54	
84	1	T 246	163	40	40	P 240	156	54	54	
85	1	T 248	164	40	40	P 242	158	52	54	
86	1	T 250	165	40	40	P 244	158	54	54	
87	1	T 252	166	40	40	P 246	160	54	54	
88	1	T 254	167	40	40	P 248	160	52	54	
89	1	T 256	168	40	40	P 250	162	54	54	
90	1	T 258	169	40	40	P 252	162	54	52	
91	1	T 260	170	40	40	P 254	164	54	54	
92	1	T 262	171	40	40	P 256	164	54	54	
93	1	T 264	172	40	40	P 258	166	54	54	
94	1	T 266	173	40	40	P 260	166	52	38	
95	1	T 268	174	40	40	P 262	168	54	52	
96	1	T 270	175	40	40	P 264	170	54	52	
97	1	T 272	176	40	40	P 268	172	52	52	
98	1	T 274	177	40	40	P 270	172	50	50	
99	1	T 276	178	40	40	P 270	172	52	54	
100	1	T 278	179	40	40	P 272	172	54	54	
101	1	T 280	180	40	40	P 274	174	54	52	
102	1	T 282	181	40	40	P 276	174	54	54	
103	1	T 284	182	40	40	P 278	176	54	54	
104	1	T 286	183	40	40	P 282	176	52	54	
105	1	T 288	184	40	40	P 282	178	52	54	
106	1	T 290	185	40	40	P 284	178	54	54	
107	1	T 292	186	40	40	P 286	180	52	52	
108	1	T 294	187	40	40	P 288	180	54	54	
109	1	T 296	188	40	40	P 290	182	54	54	
110	1	T 298	189	40	40	P 292	182	54	54	
111	1	T 300	190	40	40	P 294	184	54	54	
112	1	T 302	191	40	40	P 296	184	54	54	
113	1	T 304	192	40	40	P 298	186	54	54	
114	1	T 306	193	40	40	P 300	186	54	54	
115	1	T 308	194	40	40	P 302	188	54	54	
116	1	T 310	195	40	40	P 304	188	54	54	
117	1	T 312	196	40	40	P 306	190	54	52	
118	1	T 314	197	40	40	P 308	190	54	54	
119	1	T 316	198	40	40	P 310	192	54	52	
120	1	T 318	199	40	40	P 312	194	54	52	
121	1	T 320	200	40	40	P 314	194	54	52	
122	1	T 322	201	40	40	P 316	194	54	54	
123	1	T 324	202	40	40	P 318	196	54	54	
124	1	T 326	203	40	40	P 320	198	54	52	
125	1	T 328	204	40	40	P 322	198	54	54	
126	1	T 330	205	40	40	P 324	198	54	54	
127	1	T 332	206	40	40	P 326	200	54	54	
128	1	T 334	207	40	40	P 328	200	54	54	
129	1	T 336	208	40	40	P 330	202	52	54	
130	1	T 338	209	40	40	P 332	202	54	54	
131	1	T 340	210	40	40	P 334	204	54	54	
132	1	T 342	211	40	40	P 336	206	52	52	
133	1	T 344	212	40	40	P 338	206	52	54	
134	1	T 346	213	40	40	P 340	206	54	54	
135	1	T 348	214	40	40	P 342	208	54	54	
136	1	T 350	215	40	40	P 344	210	52	52	
137	1	T 352	216	40	40	P 346	210	54	54	
138	1	T 354	217	40	40	P 350	212	50	52	
139	1	T 356	218	40	40	P 350	212	54	54	
140	1	T 358	219	40	40	P 352	212	52	38	
141	1	T 360	220	40	40	P 354	214	54	54	
142	1	T 362	221	40	40	P 356	214	54	54	
143	1	T 364	222	40	40	P 358	216	54	54	
144	1	T 366	223	40	40	P 360	218	54	52	
145	1	T 368	224	40	40	P 362	218	54	54	
146	1	T 370	225	40	40	P 364	218	54	54	
147	1	T 372	226	40	40	P 366	220	54	52	
148	1	T 374	227	40	40	P 368	220	52	54	
149	1	T 376	228	40	40	P 370	222	54	52	
150	1	T 378	229	40	40	P 372	222	54	54	
151	1	T 380	230	40	40	P 374	224	54	54	
152	1	T 382	231	40	40	P 376	224	54	54	
153	1	T 384	232	40	40	P 378	226	54	54	
154	1	T 386	233	40	40	P 380	226	54	54	
155	1	T 388	234	40	40	P 382	228	54	54	
156	1	T 390	235	40	40	P 384	230	54	52	
157	1	T 392	236	40	40	P 386	230	54	54	
158	1	T 394	237	40	40	P 388	230	54	54	
159	1	T 396	238	40	40	P 390	232	54	54	
160	1	T 398	239	40	40	P 392	232	54	54	
161	1	T 400	240	40	40	P 394	234	54	54	
162	1	T 402	241	40	40	P 396	234	54	54	
163	1	T 404	242	40	40	P 398	236	54	54	
164	1	T 406	243	40	40	P 400	238	54	52	
165	1	T 408	244	40	40	P 402	238	54	52	
166	1	T 410	245	40	40	P 404	238	54	54	
167	1	T 412	246	40	40	P 406	240	52	54	
168	1	T 414	247	40	40	P 408	240	54	54	
169	1	T 416	248	40	40	P 410	244	54	50	
170	1	T 418	249	40	40	P 412	242	54	52	
171	1	T 420	250	40	40	P 414	244	54	54	
172	1	T 422	251	40	40	P 416	244	54	54	
173	1	T 424	252	40	40	P 418	246	54	54	
174	1	T 426	253	40	40	P 420	248	54	52	
175	1	T 428	254	40	40	P 422	248	54	54	
176	1	T 430	255	40	40	P 424	248	54	54	
177	1	T 432	256	40	40	P 426	250	52	54	
178	1	T 434	257	40	40	P 428	252	54	52	
179	1	T 436	258	40	40	P 430	252	54	52	
180	1	T 438	259	40	40	P 432	252	54	54	
181	1	T 440	260	40	40	P 434	254	54	52	
182	1	T 442	261	40	40	P 436	254	54	54	
183	1	T 444	262	40	40	P 438	256	54	54	
184	1	T 446	263	40	40	P 440	256	54	54	
185	1	T 448	264	40	40	P 442	258	54	52	
186	1	T 450	265	40	40	P 444	258	54	54	
187	1	T 452	266	40	40	P 446	260	54	54	
188	1	T 454	267	40	40	P 448	260	52	54	
189	1	T 456	268	40	40	P 450	262	54	54	
190	1	T 458	269	40	40	P 452	262	52	54	
191	1	T 460	270	40	40	P 454	264	54	54	
192	1	T 462	271	40	40	P 456	266	54	52	
193	1	T 464	272	40	40	P 458	266	54	54	
194	1	T 466	273	40	40	P 460	266	54	54	
195	1	T 468	274	40	40	P 462	268	54	54	
196	1	T 470	275	40	40	P 464	268	54	54	
197	1	T 472	276	40	40	P 466	270	54	54	
198	1	T 474	277	40	40	P 468	270	52	54	
199	1	T 476	278	40	40	P 470	272	54	54	
200	1	T 478	279	40	40	P 472	272	54	54	
201	1	T 480	280	40	40	P 474	274	54	52	
202	1	T 482	281	40	40	P 476	274	54	54	
203	1	T 484	282	40	40	P 478	276	54	54	
204	1	T 486	283	40	40	P 480	276	54	52	
205	1	T 488	284	40	40	P 482	278	54	52	
206	1	T 490	285	40	40	P 484	278	54	54	
207	1	T 492	286	40	40	P 486	280	54	54	
208	1	T 494	287	40	40	P 488	280	54	54	
209	1	T 496	288	40	40	P 490	282	52	52	
210	1	T 498	289	40	40	P 492	284	52	50	
211	1	T 500	290	40	40	P 494	284	54	54	
212	1	T 502	291	40	40	P 496	286	54	52	
213	1	T 504	292	40	40	P 500	286	52	50	
214	1	T 506	293	40	40	P 500	288	52	50	
215	1	T 508	294	40	40	P 502	288	54	54	
216	1	T 510	295	40	40	P 504	290	54	52	
217	1	T 512	296	40	40	P 506	290	52	54	
218	1	T 514	297	40	40	P 508	290	54	54	
219	1	T 516	298	40	40	P 510	292	54	54	
220	1	T 518	299	40	40	P 512	292	54	54	
221	1	T 520	300	40	40	P 514	294	54	54	
222	1	T 522	301	40	40	P 516	296	54	52	
223	1	T 524	302	40	40	P 518	296	54	54	
224	1	T 526	303	40	40	P 520	296	54	54	
225	1	T 528	304	40	40	P 522	298	54	54	
226	1	T 530	305	40	40	P 524	298	54	54	
227	1	T 532	306	40	40	P 526	300	54	52	
228	1	T 534	307	40	40	P 528	300	54	54	
229	1	T 536	308	40	40	P 530	302	54	54	
230	1	T 538	309	40	40	P 532	302	52	54	
231	1	T 540	310	40	40	P 534	304	54	54	
232	1	T 542	311	40	40	P 536	304	52	54	
233	1	T 544	312	40	40	P 538	306	52	54	
234	1	T 546	313	40	40	P 540	306	54	54	
235	1	T 548	314	40	40	P 542	308	52	54	
236	1	T 550	315	40	40	P 544	308	54	54	
237	1	T 552	316	40	40	P 546	310	54	54	
238	1	T 554	317	40	40	P 548	312	54	52	
239	1	T 556	318	40	40	P 550	314	54	52	
240	1	T 558	319	40	40	P 552	312	54	54	
241	1	T 560	320	40	40	P 554	314	54	54	
242	1	T 562	321	40	40	P 556	314	54	54	
243	1	T 564	322	40	40	P 558	316	54	54	
244	1	T 566	323	40	40	P 560	316	54	54	
245	1	T 568	324	40	40	P 562	318	54	54	
246	1	T 570	325	40	40	P 566	318	52	54	
247	1	T 572	326	40	40	P 566	320	54	54	
248	1	T 574	327	40	40	P 568	320	54	54	
249	1	T 576	328	40	40	P 570	322	54	54	
250	1	T 578	329	40	40	P 572	324	54	52	
251	1	T 580	330	40	40	P 574	324	54	54	
252	1	T 582	331	40	40	P 576	324	54	54	
253	1	T 584	332	40	40	P 578	326	54	54	
254	1	T 586	333	40	40	P 580	326	52	54	
255	1	T 588	334	40	40	P 582	328	54	54	
256	1	T 590	335	40	40	P 584	328	54	54	
257	1	T 592	336	40	40	P 586	330	54	54	
258	1	T 594	337	40	40	P 588	330	54	54	
259	1	T 596	338	40	40	P 590	332	54	54	
260	1	T 598	339	40	40	P 592	332	54	54	
261	1	T 600	340	40	40	P 594	334	54	54	
262	1	T 602	341	40	40	P 596	334	54	54	
263	1	T 604	342	40	40	P 598	336	54	54	
264	1	T 606	343	40	40	P 600	336	54	54	
265	1	T 608	344	40	40	P 602	338	52	54	
266	1	T 610	345	40	40	P 604	338	54	54	
267	1	T 612	346	40	40	P 606	340	54	54	
268	1	T 614	347	40	40	P 608	340	52	54	
269	1	T 616	348	40	40	P 610	342	54	54	
270	1	T 618	349	40	40	P 612	342	54	54	
271	1	T 620	350	40	40	P 614	344	54	54	
272	1	T 622	351	40	40	P 616	344	54	54	
273	1	T 624	352	40	40	P 618	346	54	54	
274	1	T 626	353	40	40	P 620	346	52	54	
275	1	T 628	354	40	40	P 622	348	54	54	
276	1	T 630	355	40	40	P 624	350	54	52	
277	1	T 632	356	40	40	P 626	350	54	54	
278	1	T 634	357	40	40	P 628	350	54	54	
279	1	T 636	358	40	40	P 630	352	54	54	
280	1	T 638	359	40	40	P 632	352	54	54	
281	1	T 640	360	40	40	P 634	354	54	52	
282	1	T 642	361	40	40	P 636	354	52	54	
283	1	T 644	362	40	40	P 638	356	54	54	
284	1	T 646	363	40	40	P 640	356	52	54	
285	1	T 648	364	40	40	P 642	358	54	54	
286	1	T 650	365	40	40	P 644	358	54	54	
287	1	T 652	366	40	40	P 646	360	54	54	
288	1	T 654	367	40	40	P 648	360	54	54	
289	1	T 656	368	40	40	P 650	362	52	54	
290	1	T 658	369	40	40	P 652	364	50	52	
291	1	T 660	370	40	40	P 654	364	48	52	
292	1	T 658	371	40	40	P 652	366	50	52	
293	1	T 656	372	40	40	P 650	366	52	52	
294	1	T 654	373	40	40	P 648	368	54	52	
295	1	T 652	374	40	40	P 646	368	52	54	
296	1	T 650	375	40	40	P 644	368	54	54	
297	1	T 648	376	40	40	P 642	370	54	54	
298	1	T 646	377	40	40	P 640	370	54	54	
299	1	T 644	378	40	40	P 638	372	54	52	
300	1	T 642	379	40	40	P 636	372	54	52	
301	1	T 640	380	40	40	P 634	374	54	52	
302	1	T 638	381	40	40	P 632	374	52	54	
303	1	T 636	382	40	40	P 630	378	52	52	
304	1	T 634	383	40	40	P 630	376	52	54	
305	1	T 632	384	40	40	P 626	378	52	54	
306	1	T 630	385	40	40	P 624	378	54	54	
307	1	T 628	386	40	40	P 624	380	50	54	
308	1	T 626	387	40	40	P 620	380	54	54	
309	1	T 624	388	40	40	P 618	382	54	52	
310	1	T 622	389	40	40	P 616	382	54	54	
311	1	T 620	390	40	40	P 614	384	54	52	
312	1	T 618	391	40	40	P 612	384	54	52	
313	1	T 616	392	40	40	P 610	386	54	54	
314	1	T 614	393	40	40	P 608	386	54	54	
315	1	T 612	394	40	40	P 606	388	54	54	
316	1	T 610	395	40	40	P 604	388	54	52	
317	1	T 608	396	40	40	P 602	390	54	54	
318	1	T 606	397	40	40	P 600	390	54	54	
319	1	T 604	398	40	40	P 598	392	54	54	
320	1	T 602	399	40	40	P 596	392	54	54	
321	1	T 600	400	40	40	P 594	394	54	54	
322	1	T 598	401	40	40	P 592	394	54	54	
323	1	T 596	402	40	40	P 590	396	54	54	
324	1	T 594	403	40	40	P 588	396	54	54	
325	1	T 592	404	40	40	P 588	398	52	54	
326	1	T 590	405	40	40	P 584	400	54	52	
327	1	T 588	406	40	40	P 582	400	54	54	
328	1	T 586	407	40	40	P 580	400	54	54	
329	1	T 584	408	40	40	P 578	402	54	54	
330	1	T 582	409	40	40	P 576	402	54	54	
331	1	T 580	410	40	40	P 574	404	52	54	
332	1	T 578	411	40	40	P 572	404	54	54	
333	1	T 576	412	40	40	P 570	406	54	54	
334	1	T 574	413	40	40	P 568	406	52	54	
335	1	T 572	414	40	40	P 566	408	52	54	
336	1	T 570	415	40	40	P 564	410	52	48	
337	1	T 568	416	40	40	P 562	410	54	52	
338	1	T 566	417	40	40	P 560	410	54	50	
339	1	T 564	418	40	40	P 558	412	54	52	
340	1	T 562	419	40	40	P 556	412	52	50	
341	1	T 560	420	40	40	P 554	414	54	48	
342	1	T 558	419	40	40	P 552	412	52	48	
343	1	T 556	418	40	40	P 552	412	50	50	
344	1	T 554	417	40	40	P 548	410	52	50	
345	1	T 552	416	40	40	P 546	410	54	52	
346	1	T 550	415	40	40	P 544	408	54	54	
347	1	T 548	414	40	40	P 542	408	52	54	
348	1	T 546	413	40	40	P 540	406	54	54	
349	1	T 544	412	40	40	P 538	406	52	52	
350	1	T 542	411	40	40	P 536	404	54	54	
351	1	T 540	410	40	40	P 534	404	52	54	
352	1	T 538	409	40	40	P 532	402	54	54	
353	1	T 536	408	40	40	P 530	402	54	54	
354	1	T 534	407	40	40	P 528	402	54	52	
355	1	T 532	406	40	40	P 526	400	52	54	
356	1	T 530	405	40	40	P 524	398	54	54	
357	1	T 528	404	40	40	P 522	398	52	52	
358	1	T 526	403	40	40	P 520	396	52	52	
359	1	T 524	402	40	40	P 518	396	54	54	
360	1	T 522	401	40	40	P 516	394	54	54	
361	1	T 520	400	40	40	P 514	394	54	54	
362	1	T 518	399	40	40	P 512	392	54	54	
363	1	T 516	398	40	40	P 510	392	54	54	
364	1	T 514	397	40	40	P 508	390	54	54	
365	1	T 512	396	40	40	P 506	390	54	54	
366	1	T 510	395	40	40	P 504	388	54	52	
367	1	T 508	394	40	40	P 502	390	52	52	
368	1	T 506	393	40	40	P 500	388	54	50	
369	1	T 504	392	40	40	P 498	386	54	54	
370	1	T 502	391	40	40	P 496	386	54	52	
371	1	T 500	390	40	40	P 494	384	52	54	
372	1	T 498	389	40	40	P 492	382	54	54	
373	1	T 496	388	40	40	P 490	382	52	54	
374	1	T 494	387	40	40	P 488	380	54	54	
375	1	T 492	386	40	40	P 486	380	54	52	
376	1	T 490	385	40	40	P 484	378	54	54	
377	1	T 488	384	40	40	P 482	378	54	52	
378	1	T 486	383	40	40	P 480	376	54	54	
379	1	T 484	382	40	40	P 478	376	54	54	
380	1	T 482	381	40	40	P 476	374	52	54	
381	1	T 480	380	40	40	P 474	374	54	54	
382	1	T 478	379	40	40	P 472	374	54	52	
383	1	T 476	378	40	40	P 470	372	54	54	
384	1	T 474	377	40	40	P 468	370	54	54	
385	1	T 472	376	40	40	P 466	372	54	52	
386	1	T 470	375	40	40	P 464	368	54	54	
387	1	T 468	374	40	40	P 462	368	54	54	
388	1	T 466	373	40	40	P 460	366	54	54	
389	1	T 464	372	40	40	P 458	366	54	54	
390	1	T 462	371	40	40	P 456	366	54	52	
391	1	T 460	370	40	40	P 454	364	54	50	
392	1	T 458	369	40	40	P 452	362	54	54	
393	1	T 456	368	40	40	P 450	362	54	54	
394	1	T 454	367	40	40	P 448	360	54	54	
395	1	T 452	366	40	40	P 446	360	54	54	
396	1	T 450	365	40	40	P 444	358	54	54	
397	1	T 448	364	40	40	P 442	358	54	52	
398	1	T 446	363	40	40	P 440	356	52	54	
399	1	T 444	362	40	40	P 438	356	54	54	
400	1	T 442	361	40	40	P 436	354	54	54	
401	1	T 440	360	40	40	P 434	354	54	54	
402	1	T 438	359	40	40	P 432	352	54	54	
403	1	T 436	358	40	40	P 430	352	54	54	
404	1	T 434	357	40	40	P 428	350	54	52	
405	1	T 432	356	40	40	P 426	350	52	54	
406	1	T 430	355	40	40	P 424	348	54	54	
407	1	T 428	354	40	40	P 422	348	52	52	
408	1	T 426	353	40	40	P 420	346	54	54	
409	1	T 424	352	40	40	P 418	346	52	52	
410	1	T 422	351	40	40	P 416	344	54	54	
411	1	T 420	350	40	40	P 414	344	54	54	
412	1	T 418	349	40	40	P 412	342	54	54	
413	1	T 416	348	40	40	P 410	342	52	54	
414	1	T 414	347	40	40	P 408	340	54	54	
415	1	T 412	346	40	40	P 406	340	52	54	
416	1	T 410	345	40	40	P 404	340	54	52	
417	1	T 408	344	40	40	P 402	338	54	54	
418	1	T 406	343	40	40	P 400	336	54	54	
419	1	T 404	342	40	40	P 398	336	54	54	
420	1	T 402	341	40	40	P 396	336	52	50	
421	1	T 400	340	40	40	P 394	334	54	54	
422	1	T 398	339	40	40	P 392	332	54	54	
423	1	T 396	338	40	40	P 390	332	54	54	
424	1	T 394	337	40	40	P 388	332	54	52	
425	1	T 392	336	40	40	P 386	330	54	54	
426	1	T 390	335	40	40	P 384	328	54	54	
427	1	T 388	334	40	40	P 382	328	54	54	
428	1	T 386	333	40	40	P 380	328	54	52	
429	1	T 384	332	40	40	P 378	326	54	54	
430	1	T 382	331	40	40	P 376	324	54	54	
431	1	T 380	330	40	40	P 374	324	54	54	
432	1	T 378	329	40	40	P 372	322	54	54	
433	1	T 376	328	40	40	P 370	322	54	52	
434	1	T 374	327	40	40	P 368	320	54	52	
435	1	T 372	326	40	40	P 368	320	52	54	
436	1	T 370	325	40	40	P 364	320	52	50	
437	1	T 368	324	40	40	P 362	318	54	54	
438	1	T 366	323	40	40	P 360	316	54	54	
439	1	T 364	322	40	40	P 358	316	54	54	
440	1	T 362	321	40	40	P 356	314	54	54	
441	1	T 360	320	40	40	P 354	314	52	52	
442	1	T 358	319	40	40	P 352	312	52	54	
443	1	T 356	318	40	40	P 352	312	50	52	
444	1	T 354	317	40	40	P 348	310	54	54	
445	1	T 352	316	40	40	P 344	310	56	54	
446	1	T 350	315	40	40	P 344	308	54	52	
447	1	T 348	314	40	40	P 342	308	54	52	
448	1	T 346	313	40	40	P 340	306	54	54	
449	1	T 344	312	40	40	P 338	306	54	54	
450	1	T 342	311	40	40	P 336	304	54	54	
451	1	T 340	310	40	40	P 334	304	54	54	
452	1	T 338	309	40	40	P 332	304	54	52	
453	1	T 336	308	40	40	P 330	302	54	54	
454	1	T 334	307	40	40	P 328	300	52	54	
455	1	T 332	306	40	40	P 326	300	54	54	
456	1	T 330	305	40	40	P 324	298	54	54	
457	1	T 328	304	40	40	P 322	298	54	54	
458	1	T 326	303	40	40	P 320	296	54	54	
459	1	T 324	302	40	40	P 318	296	54	54	
460	1	T 322	301	40	40	P 316	294	54	54	
461	1	T 320	300	40	40	P 314	294	54	54	
462	1	T 318	299	40	40	P 312	292	54	54	
463	1	T 316	298	40	40	P 310	292	54	54	
464	1	T 314	297	40	40	P 308	292	54	52	
465	1	T 312	296	40	40	P 306	290	54	54	
466	1	T 310	295	40	40	P 304	288	52	54	
467	1	T 308	294	40	40	P 302	288	54	54	
468	1	T 306	293	40	40	P 302	286	50	54	
469	1	T 304	292	40	40	P 298	286	54	54	
470	1	T 302	291	40	40	P 296	284	54	52	
471	1	T 300	290	40	40	P 294	284	54	54	
472	1	T 298	289	40	40	P 292	282	54	54	
473	1	T 296	288	40	40	P 290	282	54	52	
474	1	T 294	287	40	40	P 288	280	54	54	
475	1	T 292	286	40	40	P 286	280	54	54	
476	1	T 290	285	40	40	P 284	278	54	54	
477	1	T 288	284	40	40	P 282	278	52	52	
478	1	T 286	283	40	40	P 280	276	54	54	
479	1	T 284	282	40	40	P 278	276	54	54	
480	1	T 282	281	40	40	P 276	274	52	54	
481	1	T 280	280	40	40	P 274	274	54	54	
482	1	T 278	279	40	40	P 274	272	52	52	
483	1	T 276	278	40	40	P 272	272	50	54	
484	1	T 274	277	40	40	P 268	270	54	54	
485	1	T 272	276	40	40	P 266	270	54	54	
486	1	T 270	275	40	40	P 264	268	54	54	
487	1	T 268	274	40	40	P 262	268	54	54	
488	1	T 266	273	40	40	P 260	266	54	54	
489	1	T 264	272	40	40	P 258	266	54	54	
490	1	T 262	271	40	40	P 256	264	54	54	
491	1	T 260	270	40	40	P 254	264	54	54	
492	1	T 258	269	40	40	P 252	262	54	54	
493	1	T 256	268	40	40	P 250	262	54	54	
494	1	T 254	267	40	40	P 248	260	52	54	
495	1	T 252	266	40	40	P 248	260	52	52	
496	1	T 250	265	40	40	P 244	258	54	54	
497	1	T 248	264	40	40	P 242	260	54	52	
498	1	T 246	263	40	40	P 240	256	54	54	
499	1	T 244	262	40	40	P 238	256	54	54	
500	1	T 242	261	40	40	P 236	256	54	52	
501	1	T 240	260	40	40	P 234	254	54	54	
502	1	T 238	259	40	40	P 234	254	52	52	
503	1	T 236	258	40	40	P 230	252	52	54	
504	1	T 234	257	40	40	P 228	250	54	54	
505	1	T 232	256	40	40	P 226	250	54	54	
506	1	T 230	255	40	40	P 224	248	54	54	
507	1	T 228	254	40	40	P 222	248	54	54	
508	1	T 226	253	40	40	P 220	246	54	52	
509	1	T 224	252	40	40	P 218	246	54	54	
510	1	T 222	251	40	40	P 216	244	54	54	
511	1	T 220	250	40	40	P 214	244	54	54	
512	1	T 218	249	40	40	P 212	242	54	54	
513	1	T 216	248	40	40	P 210	242	54	54	
514	1	T 214	247	40	40	P 208	240	52	54	
515	1	T 212	246	40	40	P 206	240	54	54	
516	1	T 210	245	40	40	P 204	238	54	54	
517	1	T 208	244	40	40	P 202	238	54	54	
518	1	T 206	243	40	40	P 202	236	52	54	
519	1	T 204	242	40	40	P 198	236	54	54	
520	1	T 202	241	40	40	P 196	234	54	54	
521	1	T 200	240	40	40	P 194	234	52	54	
522	1	T 198	239	40	40	P 192	232	54	54	
523	1	T 196	238	40	40	P 190	232	54	54	
524	1	T 194	237	40	40	P 188	230	54	54	
525	1	T 192	236	40	40	P 186	230	52	52	
526	1	T 190	235	40	40	P 184	228	54	54	
527	1	T 188	234	40	40	P 182	228	54	54	
528	1	T 186	233	40	40	P 180	226	54	52	
529	1	T 184	232	40	40	P 178	226	54	54	
530	1	T 182	231	40	40	P 176	224	54	52	
531	1	T 180	230	40	40	P 174	224	54	52	
532	1	T 178	229	40	40	P 174	222	52	54	
533	1	T 176	228	40	40	P 170	222	54	52	
534	1	T 174	227	40	40	P 168	222	52	52	
535	1	T 172	226	40	40	P 166	220	52	52	
536	1	T 170	225	40	40	P 164	220	54	52	
537	1	T 168	224	40	40	P 162	218	54	54	
538	1	T 166	223	40	40	P 160	218	52	52	
539	1	T 164	222	40	40	P 158	216	52	52	
540	1	T 162	221	40	40	P 156	214	54	54	
541	1	T 160	220	40	40	P 154	214	54	54	
542	1	T 158	219	40	40	P 152	212	54	54	
543	1	T 156	218	40	40	P 150	212	54	54	
544	1	T 154	217	40	40	P 148	210	54	54	
545	1	T 152	216	40	40	P 146	210	54	52	
546	1	T 150	215	40	40	P 146	208	52	54	
547	1	T 148	214	40	40	P 142	208	52	54	
548	1	T 146	213	40	40	P 140	206	54	54	
549	1	T 144	212	40	40	P 138	206	52	52	
550	1	T 142	211	40	40	P 136	204	54	54	
551	1	T 140	210	40	40	P 134	204	54	54	
552	1	T 138	209	40	40	P 132	202	54	54	
553	1	T 136	208	40	40	P 130	202	54	54	
554	1	T 134	207	40	40	P 128	200	54	54	
555	1	T 132	206	40	40	P 126	200	52	54	
556	1	T 130	205	40	40	P 124	198	54	54	
557	1	T 128	204	40	40	P 122	198	54	54	
558	1	T 126	203	40	40	P 120	196	54	54	
559	1	T 124	202	40	40	P 118	196	54	54	
560	1	T 122	201	40	40	P 116	194	54	54	
561	1	T 120	200	40	40	P 114	194	52	54	
562	1	T 118	199	40	40	P 112	194	54	52	
563	1	T 116	198	40	40	P 110	192	54	52	
564	1	T 114	197	40	40	P 108	190	54	52	
565	1	T 112	196	40	40	P 106	190	54	54	
566	1	T 110	195	40	40	P 104	188	52	52	
567	1	T 108	194	40	40	P 102	188	54	54	
568	1	T 106	193	40	40	P 100	186	54	54	
569	1	T 104	192	40	40	P 98	186	54	54	
570	1	T 102	191	40	40	P 96	186	52	52	
571	1	T 100	190	40	40	P 94	184	54	52	
572	1	T 98	189	40	40	P 92	182	54	54	
573	1	T 96	188	40	40	P 90	182	54	54	
574	1	T 94	187	40	40	P 88	180	54	54	
575	1	T 92	186	40	40	P 86	180	52	54	
576	1	T 90	185	40	40	P 84	178	54	54	
577	1	T 88	184	40	40	P 82	178	54	54	
578	1	T 86	183	40	40	P 80	176	54	54	
579	1	T 84	182	40	40	P 78	176	54	54	
580	1	T 82	181	40	40	P 76	174	52	54	
581	1	T 80	180	40	40	P 74	174	54	52	
582	1	T 78	179	40	40	P 72	172	54	54	
583	1	T 76	178	40	40	P 70	172	54	54	
584	1	T 74	177	40	40	P 68	170	52	54	
585	1	T 72	176	40	40	P 66	170	54	54	
586	1	T 70	175	40	40	P 64	170	54	52	
587	1	T 68	174	40	40	P 62	168	54	54	
588	1	T 66	173	40	40	P 60	166	54	54	
589	1	T 64	172	40	40	P 58	166	54	54	
590	1	T 62	171	40	40	P 56	164	52	52	
591	1	T 60	170	40	40	P 54	164	54	54	
592	1	T 58	169	40	40	P 52	162	54	54	
593	1	T 56	168	40	40	P 50	162	54	54	
594	1	T 54	167	40	40	P 48	160	54	54	
595	1	T 52	166	40	40	P 46	160	54	54	
596	1	T 50	165	40	40	P 44	158	54	54	
597	1	T 48	164	40	40	P 42	160	54	52	
598	1	T 46	163	40	40	P 40	156	54	54	
599	1	T 44	162	40	40	P 38	156	54	54	
600	1	T 42	161	40	40	P 36	154	54	54	
601	1	T 40	160	40	40	P 34	154	54	52	
602	1	T 38	159	40	40	P 32	154	54	52	
603	1	T 36	158	40	40	P 30	152	54	54	
604	1	T 34	157	40	40	P 28	150	54	54	
605	1	T 32	156	40	40	P 26	150	54	52	
606	1	T 30	155	40	40	P 24	148	54	54	
607	1	T 28	154	40	40	P 22	148	52	54	
608	1	T 26	153	40	40	P 20	146	54	54	
609	1	T 24	152	40	40	P 20	146	52	54	
610	1	T 22	151	40	40	P 20	144	50	54	
611	1	T 20	150	40	40	P 18	144	50	52	
612	1	T 22	149	40	40	P 18	142	52	54	
613	1	T 24	148	40	40	P 18	142	54	54	
614	1	T 26	147	40	40	P 20	140	54	54	
615	1	T 28	146	40	40	P 22	140	54	54	
616	1	T 30	145	40	40	P 24	138	54	54	
617	1	T 32	144	40	40	P 26	140	54	52	
618	1	T 34	143	40	40	P 28	136	54	54	
619	1	T 36	142	40	40	P 30	136	54	52	
620	1	T 38	141	40	40	P 32	134	54	54	
621	1	T 40	140	40	40	P 34	134	54	54	
622	1	T 42	139	40	40	P 36	132	54	54	
623	1	T 44	138	40	40	P 38	132	52	54	
624	1	T 46	137	40	40	P 40	130	54	54	
625	1	T 48	136	40	40	P 42	130	54	54	
626	1	T 50	135	40	40	P 44	128	52	52	
627	1	T 52	134	40	40	P 46	128	54	54	
628	1	T 54	133	40	40	P 48	128	54	52	
629	1	T 56	132	40	40	P 50	126	54	54	
630	1	T 58	131	40	40	P 52	124	52	54	
631	1	T 60	130	40	40	P 54	124	52	54	
632	1	T 62	129	40	40	P 56	124	54	52	
633	1	T 64	128	40	40	P 58	122	54	54	
634	1	T 66	127	40	40	P 60	120	54	54	
635	1	T 68	126	40	40	P 64	120	52	54	
636	1	T 70	125	40	40	P 64	118	54	54	
637	1	T 72	124	40	40	P 66	120	54	52	
638	1	T 74	123	40	40	P 68	116	54	54	
639	1	T 76	122	40	40	P 70	116	54	54	
640	1	T 78	121	40	40	P 72	114	52	54	
641	1	T 80	120	40	40	P 74	114	54	54	
642	1	T 82	119	40	40	P 76	112	54	54	
643	1	T 84	118	40	40	P 78	112	54	54	
644	1	T 86	117	40	40	P 80	110	54	54	
645	1	T 88	116	40	40	P 82	110	54	54	
646	1	T 90	115	40	40	P 84	108	54	54	
647	1	T 92	114	40	40	P 86	108	54	54	
648	1	T 94	113	40	40	P 88	108	54	52	
649	1	T 96	112	40	40	P 90	106	54	54	
650	1	T 98	111	40	40	P 92	104	52	54	
651	1	T 100	110	40	40	P 94	104	54	54	
652	1	T 102	109	40	40	P 96	102	54	54	
653	1	T 104	108	40	40	P 98	102	52	54	
654	1	T 106	107	40	40	P 100	100	52	54	
655	1	T 108	106	40	40	P 102	100	54	54	
656	1	T 110	105	40	40	P 104	98	54	54	
657	1	T 112	104	40	40	P 108	98	52	54	
658	1	T 114	103	40	40	P 108	96	54	54	
659	1	T 116	102	40	40	P 110	96	54	54	
660	1	T 118	101	40	40	P 112	96	54	50	
661	1	T 120	100	40	40	P 114	94	54	54	
662	1	T 122	99	40	40	P 116	94	52	52	
663	1	T 124	98	40	40	P 118	92	54	52	
664	1	T 126	97	40	40	P 120	90	54	54	
665	1	T 128	96	40	40	P 122	90	52	54	
666	1	T 130	95	40	40	P 124	90	52	50	
667	1	T 132	94	40	40	P 126	88	52	54	
668	1	T 134	93	40	40	P 128	86	54	52	
669	1	T 136	92	40	40	P 130	86	54	54	
670	1	T 138	91	40	40	P 132	84	52	54	
671	1	T 140	90	40	40	P 134	84	52	54	
672	1	T 142	89	40	40	P 136	82	54	54	
673	1	T 144	88	40	40	P 138	82	52	52	
674	1	T 146	87	40	40	P 140	80	54	54	
675	1	T 148	86	40	40	P 142	80	54	54	
676	1	T 150	85	40	40	P 144	78	54	54	
677	1	T 152	84	40	40	P 146	78	54	54	
678	1	T 154	83	40	40	P 148	76	54	54	
679	1	T 156	82	40	40	P 150	76	52	54	
680	1	T 158	81	40	40	P 152	74	54	54	
681	1	T 160	80	40	40	P 154	74	52	54	
682	1	T 162	79	40	40	P 156	72	52	54	
683	1	T 164	78	40	40	P 158	72	54	54	
684	1	T 166	77	40	40	P 160	70	54	54	
685	1	T 168	76	40	40	P 162	72	54	52	
686	1	T 170	75	40	40	P 164	68	54	54	
687	1	T 172	74	40	40	P 166	68	52	54	
688	1	T 174	73	40	40	P 168	66	54	52	
689	1	T 176	72	40	40	P 170	66	54	54	
690	1	T 178	71	40	40	P 172	64	54	54	
691	1	T 180	70	40	40	P 174	64	54	52	
692	1	T 182	69	40	40	P 176	62	54	54	
693	1	T 184	68	40	40	P 178	62	54	54	
694	1	T 186	67	40	40	P 180	60	54	54	
695	1	T 188	66	40	40	P 182	60	54	54	
696	1	T 190	65	40	40	P 184	58	54	54	
697	1	T 192	64	40	40	P 186	58	54	52	
698	1	T 194	63	40	40	P 188	56	54	54	
699	1	T 196	62	40	40	P 190	56	54	54	
700	1	T 198	61	40	40	P 192	54	54	54	
701	1	T 200	60	40	40	P 194	54	54	54	
702	1	T 202	59	40	40	P 196	52	54	54	
703	1	T 204	58	40	40	P 198	52	52	54	
704	1	T 206	57	40	40	P 200	50	54	54	
705	1	T 208	56	40	40	P 202	50	54	54	
706	1	T 210	55	40	40	P 204	50	52	38	
707	1	T 212	54	40	40	P 206	48	54	52	
708	1	T 214	53	40	40	P 208	48	54	52	
709	1	T 216	52	40	40	P 210	46	54	52	
710	1	T 218	51	40	40	P 212	44	54	54	
711	1	T 220	50	40	40	P 214	44	54	54	
712	1	T 222	49	40	40	P 216	44	54	52	
713	1	T 224	48	40	40	P 218	42	54	54	
714	1	T 226	47	40	40	P 220	40	54	54	
715	1	T 228	46	40	40	P 222	40	52	52	
716	1	T 230	45	40	40	P 224	38	54	54	
717	1	T 232	44	40	40	P 226	38	54	54	
718	1	T 234	43	40	40	P 228	36	54	54	
719	1	T 236	42	40	40	P 230	36	54	54	
720	1	T 238	41	40	40	P 232	36	54	52	
721	1	T 240	40	40	40	P 234	34	54	54	
722	1	T 242	39	40	40	P 236	32	54	54	
723	1	T 244	38	40	40	P 238	32	54	54	
724	1	T 246	37	40	40	P 240	30	54	54	
725	1	T 248	36	40	40	P 242	30	54	54	
726	1	T 250	35	40	40	P 244	30	54	52	
727	1	T 252	34	40	40	P 246	28	54	54	
728	1	T 254	33	40	40	P 248	26	54	54	
729	1	T 256	32	40	40	P 250	26	54	54	
730	1	T 258	31	40	40	P 252	24	52	54	
731	1	T 260	30	40	40	P 254	26	52	52	
732	1	T 262	29	40	40	P 256	22	54	38	
733	1	T 264	28	40	40	P 258	22	54	54	
734	1	T 266	27	40	40	P 262	22	52	50	
735	1	T 268	26	40	40	P 262	20	54	54	
736	1	T 270	25	40	40	P 264	18	54	54	
737	1	T 272	24	40	40	P 266	20	54	50	
738	1	T 274	23	40	40	P 268	18	54	52	
739	1	T 276	22	40	40	P 270	18	54	50	
740	1	T 278	21	40	40	P 274	16	50	52	
741	1	T 280	20	40	40	P 274	18	54	50	
742	1	T 282	21	40	40	P 276	18	52	50	
743	1	T 284	22	40	40	P 278	20	54	50	
744	1	T 286	23	40	40	P 280	20	54	50	
745	1	T 288	24	40	40	P 282	18	54	54	
746	1	T 290	25	40	40	P 284	20	54	52	
747	1	T 292	26	40	40	P 286	20	54	54	
748	1	T 294	27	40	40	P 290	20	52	54	
749	1	T 296	28	40	40	P 290	22	52	54	
750	1	T 298	29	40	40	P 292	22	54	54	
751	1	T 300	30	40	40	P 294	24	52	54	
752	1	T 302	31	40	40	P 296	24	54	54	
753	1	T 304	32	40	40	P 298	26	54	54	
754	1	T 306	33	40	40	P 300	26	54	54	
755	1	T 308	34	40	40	P 302	28	54	54	
756	1	T 310	35	40	40	P 304	28	54	52	
757	1	T 312	36	40	40	P 306	30	54	52	
758	1	T 314	37	40	40	P 308	32	54	52	
759	1	T 316	38	40	40	P 310	32	54	54	
760	1	T 318	39	40	40	P 312	34	52	50	
761	1	T 320	40	40	40	P 314	34	54	54	
762	1	T 322	41	40	40	P 316	34	54	54	
763	1	T 324	42	40	40	P 318	36	54	54	
764	1	T 326	43	40	40	P 320	36	54	54	
765	1	T 328	44	40	40	P 322	38	54	54	
766	1	T 330	45	40	40	P 324	38	54	54	
767	1	T 332	46	40	40	P 326	40	54	54	
768	1	T 334	47	40	40	P 328	40	54	54	
769	1	T 336	48	40	40	P 330	42	54	54	
770	1	T 338	49	40	40	P 332	42	54	54	
771	1	T 340	50	40	40	P 334	44	54	54	
772	1	T 342	51	40	40	P 336	44	54	54	
773	1	T 344	52	40	40	P 338	46	54	52	
774	1	T 346	53	40	40	P 340	46	54	54	
775	1	T 348	54	40	40	P 342	48	54	54	
776	1	T 350	55	40	40	P 344	48	54	54	
777	1	T 352	56	40	40	P 346	50	54	54	
778	1	T 354	57	40	40	P 348	50	54	54	
779	1	T 356	58	40	40	P 350	52	54	54	
780	1	T 358	59	40	40	P 352	52	52	54	
781	1	T 360	60	40	40	P 354	54	54	54	
782	1	T 362	61	40	40	P 356	54	54	38	
783	1	T 364	62	40	40	P 358	56	54	52	
784	1	T 366	63	40	40	P 360	56	54	54	
785	1	T 368	64	40	40	P 362	58	54	54	
786	1	T 370	65	40	40	P 364	58	54	54	
787	1	T 372	66	40	40	P 366	60	54	54	
788	1	T 374	67	40	40	P 368	60	52	54	
789	1	T 376	68	40	40	P 370	62	52	54	
790	1	T 378	69	40	40	P 372	62	54	54	
791	1	T 380	70	40	40	P 374	64	54	54	
792	1	T 382	71	40	40	P 376	64	54	54	
793	1	T 384	72	40	40	P 378	66	54	52	
794	1	T 386	73	40	40	P 380	66	54	54	
795	1	T 388	74	40	40	P 384	68	52	54	
796	1	T 390	75	40	40	P 384	68	52	54	
797	1	T 392	76	40	40	P 386	70	54	54	
798	1	T 394	77	40	40	P 388	70	54	54	
799	1	T 396	78	40	40	P 390	72	54	54	
800	1	T 398	79	40	40	P 392	74	54	52	
801	1	T 400	80	40	40	P 394	74	54	54	
802	1	T 402	81	40	40	P 396	76	54	52	
803	1	T 404	82	40	40	P 398	76	54	54	
804	1	T 406	83	40	40	P 400	76	52	54	
805	1	T 408	84	40	40	P 402	78	54	54	
806	1	T 410	85	40	40	P 404	80	54	52	
807	1	T 412	86	40	40	P 406	80	54	52	
808	1	T 414	87	40	40	P 408	80	54	54	
809	1	T 416	88	40	40	P 410	82	54	54	
810	1	T 418	89	40	40	P 412	82	54	54	
811	1	T 420	90	40	40	P 414	84	52	52	
812	1	T 422	91	40	40	P 416	84	54	54	
813	1	T 424	92	40	40	P 418	86	54	54	
814	1	T 426	93	40	40	P 420	86	54	54	
815	1	T 428	94	40	40	P 422	88	52	54	
816	1	T 430	95	40	40	P 424	88	52	54	
817	1	T 432	96	40	40	P 426	90	52	54	
818	1	T 434	97	40	40	P 428	92	54	52	
819	1	T 436	98	40	40	P 430	92	54	54	
820	1	T 438	99	40	40	P 432	92	54	54	
821	1	T 440	100	40	40	P 434	94	54	54	
822	1	T 442	101	40	40	P 436	94	54	54	
823	1	T 444	102	40	40	P 440	96	50	54	
824	1	T 446	103	40	40	P 440	96	54	54	
825	1	T 448	104	40	40	P 442	98	52	54	
826	1	T 450	105	40	40	P 444	98	54	54	
827	1	T 452	106	40	40	P 446	100	54	54	
828	1	T 454	107	40	40	P 448	100	54	54	
829	1	T 456	108	40	40	P 450	102	54	54	
830	1	T 458	109	40	40	P 452	102	54	54	
831	1	T 460	110	40	40	P 454	104	54	54	
832	1	T 462	111	40	40	P 456	104	54	54	
833	1	T 464	112	40	40	P 458	106	54	54	
834	1	T 466	113	40	40	P 460	106	54	54	
835	1	T 468	114	40	40	P 462	108	54	54	
836	1	T 470	115	40	40	P 464	108	54	54	
837	1	T 472	116	40	40	P 466	110	54	54	
838	1	T 474	117	40	40	P 468	110	52	54	
839	1	T 476	118	40	40	P 470	112	54	54	
840	1	T 478	119	40	40	P 472	114	54	52	
841	1	T 480	120	40	40	P 474	114	54	54	
842	1	T 482	121	40	40	P 476	114	54	54	
843	1	T 484	122	40	40	P 478	116	54	54	
844	1	T 486	123	40	40	P 480	116	54	54	
845	1	T 488	124	40	40	P 482	118	54	52	
846	1	T 490	125	40	40	P 484	118	54	52	
847	1	T 492	126	40	40	P 486	120	54	52	
848	1	T 494	127	40	40	P 488	120	54	54	
849	1	T 496	128	40	40	P 490	122	54	54	
850	1	T 498	129	40	40	P 492	122	54	54	
851	1	T 500	130	40	40	P 494	124	54	54	
852	1	T 502	131	40	40	P 496	124	54	54	
853	1	T 504	132	40	40	P 498	126	54	54	
854	1	T 506	133	40	40	P 500	126	54	54	
855	1	T 508	134	40	40	P 502	128	54	54	
856	1	T 510	135	40	40	P 504	128	54	54	
857	1	T 512	136	40	40	P 506	130	54	54	
858	1	T 514	137	40	40	P 510	132	52	52	
859	1	T 516	138	40	40	P 510	132	54	54	
860	1	T 518	139	40	40	P 512	134	54	52	
861	1	T 520	140	40	40	P 514	134	54	54	
862	1	T 522	141	40	40	P 516	134	54	54	
863	1	T 524	142	40	40	P 518	136	54	54	
864	1	T 526	143	40	40	P 520	136	54	54	
865	1	T 528	144	40	40	P 522	138	54	54	
866	1	T 530	145	40	40	P 524	140	52	38	
867	1	T 532	146	40	40	P 526	140	52	54	
868	1	T 534	147	40	40	P 528	140	52	54	
869	1	T 536	148	40	40	P 530	142	54	54	
870	1	T 538	149	40	40	P 532	142	54	54	
871	1	T 540	150	40	40	P 534	144	52	54	
872	1	T 542	151	40	40	P 536	144	54	52	
873	1	T 544	152	40	40	P 538	146	54	54	
874	1	T 546	153	40	40	P 540	148	52	38	
875	1	T 548	154	40	40	P 542	148	54	52	
876	1	T 550	155	40	40	P 544	148	52	54	
877	1	T 552	156	40	40	P 546	150	54	54	
878	1	T 554	157	40	40	P 548	150	54	54	
879	1	T 556	158	40	40	P 550	152	54	54	
880	1	T 558	159	40	40	P 552	154	54	52	
881	1	T 560	160	40	40	P 554	154	52	54	
882	1	T 562	161	40	40	P 556	154	54	54	
883	1	T 564	162	40	40	P 558	156	54	54	
884	1	T 566	163	40	40	P 560	158	54	52	
885	1	T 568	164	40	40	P 562	158	54	54	
886	1	T 570	165	40	40	P 564	158	54	54	
887	1	T 572	166	40	40	P 566	160	54	54	
888	1	T 574	167	40	40	P 568	160	54	54	
889	1	T 576	168	40	40	P 570	162	54	54	
890	1	T 578	169	40	40	P 572	162	54	52	
891	1	T 580	170	40	40	P 574	164	52	54	
892	1	T 582	171	40	40	P 576	164	54	54	
893	1	T 584	172	40	40	P 578	166	54	54	
894	1	T 586	173	40	40	P 580	166	54	52	
895	1	T 588	174	40	40	P 582	168	54	54	
896	1	T 590	175	40	40	P 584	170	52	52	
897	1	T 592	176	40	40	P 586	170	54	54	
898	1	T 594	177	40	40	P 588	170	52	54	
899	1	T 596	178	40	40	P 590	172	54	54	
900	1	T 598	179	40	40	P 592	172	54	54	
901	1	T 600	180	40	40	P 594	174	52	52	
902	1	T 602	181	40	40	P 596	174	54	54	
903	1	T 604	182	40	40	P 598	176	54	54	
904	1	T 606	183	40	40	P 600	176	54	54	
905	1	T 608	184	40	40	P 602	178	52	54	
906	1	T 610	185	40	40	P 606	180	50	52	
907	1	T 612	186	40	40	P 606	180	54	54	
908	1	T 614	187	40	40	P 608	180	54	54	
909	1	T 616	188	40	40	P 610	182	54	54	
910	1	T 618	189	40	40	P 612	184	54	52	
911	1	T 620	190	40	40	P 614	184	54	52	
912	1	T 622	191	40	40	P 616	186	54	52	
913	1	T 624	192	40	40	P 618	186	54	54	
914	1	T 626	193	40	40	P 620	186	54	54	
915	1	T 628	194	40	40	P 622	188	54	54	
916	1	T 630	195	40	40	P 624	188	54	54	
917	1	T 632	196	40	40	P 626	190	54	52	
918	1	T 634	197	40	40	P 628	190	54	54	
919	1	T 636	198	40	40	P 630	192	54	52	
920	1	T 638	199	40	40	P 632	192	54	52	
921	1	T 640	200	40	40	P 634	194	52	52	
922	1	T 642	201	40	40	P 636	194	54	54	
923	1	T 644	202	40	40	P 638	196	54	54	
924	1	T 646	203	40	40	P 640	196	54	54	
925	1	T 648	204	40	40	P 642	198	54	54	
926	1	T 650	205	40	40	P 644	198	54	54	
927	1	T 652	206	40	40	P 646	200	54	54	
928	1	T 654	207	40	40	P 648	200	54	54	
929	1	T 656	208	40	40	P 650	202	52	54	
930	1	T 658	209	40	40	P 652	202	50	54	
931	1	T 660	210	40	40	P 654	206	48	50	
932	1	T 658	211	40	40	P 652	204	50	52	
933	1	T 656	212	40	40	P 650	208	50	52	
934	1	T 654	213	40	40	P 648	208	52	52	
935	1	T 652	214	40	40	P 646	208	54	52	
936	1	T 650	215	40	40	P 644	208	54	54	
937	1	T 648	216	40	40	P 642	210	52	54	
938	1	T 646	217	40	40	P 640	210	54	54	
939	1	T 644	218	40	40	P 638	212	54	54	
940	1	T 642	219	40	40	P 636	212	54	54	
941	1	T 640	220	40	40	P 634	214	54	54	
942	1	T 638	221	40	40	P 632	214	54	54	
943	1	T 636	222	40	40	P 630	216	54	52	
944	1	T 634	223	40	40	P 630	216	50	54	
945	1	T 632	224	40	40	P 626	218	54	52	
946	1	T 630	225	40	40	P 624	218	54	54	
947	1	T 628	226	40	40	P 622	220	54	54	
948	1	T 626	227	40	40	P 620	220	54	54	
949	1	T 624	228	40	40	P 618	222	54	52	
950	1	T 622	229	40	40	P 616	222	54	54	
951	1	T 620	230	40	40	P 614	224	54	52	
952	1	T 618	231	40	40	P 612	224	52	54	
953	1	T 616	232	40	40	P 610	226	54	54	
954	1	T 614	233	40	40	P 608	226	54	54	
955	1	T 612	234	40	40	P 606	228	54	54	
956	1	T 610	235	40	40	P 604	228	54	54	
957	1	T 608	236	40	40	P 604	230	52	54	
958	1	T 606	237	40	40	P 600	230	54	54	
959	1	T 604	238	40	40	P 598	232	54	54	
960	1	T 602	239	40	40	P 596	232	54	54	
961	1	T 600	240	40	40	P 594	234	54	54	
962	1	T 598	241	40	40	P 592	236	54	52	
963	1	T 596	242	40	40	P 590	236	54	52	
964	1	T 594	243	40	40	P 588	236	54	54	
965	1	T 592	244	40	40	P 586	238	54	52	
966	1	T 590	245	40	40	P 584	238	54	54	
967	1	T 588	246	40	40	P 582	240	52	52	
968	1	T 586	247	40	40	P 580	240	54	54	
969	1	T 584	248	40	40	P 578	242	54	52	
970	1	T 582	249	40	40	P 576	242	54	54	
971	1	T 580	250	40	40	P 574	244	54	54	
972	1	T 578	251	40	40	P 572	244	54	54	
973	1	T 576	252	40	40	P 570	246	54	54	
974	1	T 574	253	40	40	P 568	246	54	54	
975	1	T 572	254	40	40	P 566	248	54	52	
976	1	T 570	255	40	40	P 564	248	54	54	
977	1	T 568	256	40	40	P 562	250	54	54	
978	1	T 566	257	40	40	P 560	252	52	52	
979	1	T 564	258	40	40	P 558	252	54	54	
980	1	T 562	259	40	40	P 556	254	52	50	
981	1	T 560	260	40	40	P 554	254	52	52	
982	1	T 558	261	40	40	P 552	254	54	54	
983	1	T 556	262	40	40	P 550	256	54	54	
984	1	T 554	263	40	40	P 548	256	52	54	
985	1	T 552	264	40	40	P 546	258	54	54	
986	1	T 550	265	40	40	P 544	258	54	54	
987	1	T 548	266	40	40	P 542	260	54	54	
988	1	T 546	267	40	40	P 540	260	54	54	
989	1	T 544	268	40	40	P 538	262	54	54	
990	1	T 542	269	40	40	P 536	262	54	54	
991	1	T 540	270	40	40	P 534	264	54	54	
992	1	T 538	271	40	40	P 534	264	52	54	
993	1	T 536	272	40	40	P 530	266	54	54	
994	1	T 534	273	40	40	P 528	266	54	54	
995	1	T 532	274	40	40	P 526	268	54	54	
996	1	T 530	275	40	40	P 524	268	54	52	
997	1	T 528	276	40	40	P 522	270	54	52	
998	1	T 526	277	40	40	P 520	270	54	54	
999	1	T 524	278	40	40	P 518	272	54	54	
1000	1	T 522	279	40	40	P 516	272	54	54	
1001	1	T 520	280	40	40	P 514	274	54	54	
1002	1	T 518	281	40	40	P 512	274	54	54	
1003	1	T 516	282	40	40	P 510	276	54	54	
1004	1	T 514	283	40	40	P 508	276	54	54	
1005	1	T 512	284	40	40	P 506	278	52	54	
1006	1	T 510	285	40	40	P 504	280	52	52	
1007	1	T 508	286	40	40	P 502	280	52	54	
1008	1	T 506	287	40	40	P 500	280	52	54	
1009	1	T 504	288	40	40	P 498	282	54	54	
1010	1	T 502	289	40	40	P 496	282	54	54	
1011	1	T 500	290	40	40	P 494	284	54	54	
1012	1	T 498	291	40	40	P 492	284	54	54	
1013	1	T 496	292	40	40	P 490	286	52	54	
1014	1	T 494	293	40	40	P 488	286	54	54	
1015	1	T 492	294	40	40	P 486	288	54	52	
1016	1	T 490	295	40	40	P 484	288	54	54	
1017	1	T 488	296	40	40	P 482	290	52	54	
1018	1	T 486	297	40	40	P 480	290	52	54	
1019	1	T 484	298	40	40	P 478	292	54	52	
1020	1	T 482	299	40	40	P 476	292	54	54	
1021	1	T 480	300	40	40	P 474	294	54	52	
1022	1	T 478	301	40	40	P 472	294	54	54	
1023	1	T 476	302	40	40	P 470	296	54	54	
1024	1	T 474	303	40	40	P 468	298	54	50	
1025	1	T 472	304	40	40	P 466	300	54	52	
1026	1	T 470	305	40	40	P 464	298	52	54	
1027	1	T 468	306	40	40	P 462	300	54	54	
1028	1	T 466	307	40	40	P 460	300	54	54	
1029	1	T 464	308	40	40	P 458	302	54	54	
1030	1	T 462	309	40	40	P 456	302	54	54	
1031	1	T 460	310	40	40	P 454	304	54	54	
1032	1	T 458	311	40	40	P 452	304	54	54	
1033	1	T 456	312	40	40	P 450	306	54	52	
1034	1	T 454	313	40	40	P 448	306	52	54	
1035	1	T 452	314	40	40	P 446	308	54	54	
1036	1	T 450	315	40	40	P 444	308	54	54	
1037	1	T 448	316	40	40	P 442	310	54	54	
1038	1	T 446	317	40	40	P 440	310	54	54	
1039	1	T 444	318	40	40	P 438	312	54	54	
1040	1	T 442	319	40	40	P 436	312	52	54	
1041	1	T 440	320	40	40	P 434	314	54	54	
1042	1	T 438	321	40	40	P 432	314	54	54	
1043	1	T 436	322	40	40	P 430	316	52	54	
1044	1	T 434	323	40	40	P 428	316	52	54	
1045	1	T 432	324	40	40	P 426	318	54	54	
1046	1	T 430	325	40	40	P 424	318	54	54	
1047	1	T 428	326	40	40	P 422	320	54	54	
1048	1	T 426	327	40	40	P 420	320	54	54	
1049	1	T 424	328	40	40	P 418	322	54	54	
1050	1	T 422	329	40	40	P 416	322	52	54	
1051	1	T 420	330	40	40	P 414	324	54	54	
1052	1	T 418	331	40	40	P 412	326	54	38	
1053	1	T 416	332	40	40	P 410	326	52	54	
1054	1	T 414	333	40	40	P 408	328	54	52	
1055	1	T 412	334	40	40	P 406	328	52	50	
1056	1	T 410	335	40	40	P 404	328	52	54	
1057	1	T 408	336	40	40	P 402	330	54	54	
1058	1	T 406	337	40	40	P 400	330	54	54	
1059	1	T 404	338	40	40	P 398	332	54	54	
1060	1	T 402	339	40	40	P 396	332	52	54	
1061	1	T 400	340	40	40	P 394	334	54	54	
1062	1	T 398	341	40	40	P 392	334	54	54	
1063	1	T 396	342	40	40	P 390	336	54	54	
1064	1	T 394	343	40	40	P 388	336	54	54	
1065	1	T 392	344	40	40	P 386	338	54	52	
1066	1	T 390	345	40	40	P 384	338	54	54	
1067	1	T 388	346	40	40	P 382	340	54	54	
1068	1	T 386	347	40	40	P 380	340	54	54	
1069	1	T 384	348	40	40	P 378	342	54	54	
1070	1	T 382	349	40	40	P 376	342	54	54	
1071	1	T 380	350	40	40	P 374	344	54	54	
1072	1	T 378	351	40	40	P 372	346	52	52	
1073	1	T 376	352	40	40	P 370	346	54	54	
1074	1	T 374	353	40	40	P 368	346	54	38	
1075	1	T 372	354	40	40	P 366	348	54	54	
1076	1	T 370	355	40	40	P 364	348	54	54	
1077	1	T 368	356	40	40	P 362	350	54	52	
1078	1	T 366	357	40	40	P 360	352	54	52	
1079	1	T 364	358	40	40	P 358	352	54	54	
1080	1	T 362	359	40	40	P 356	352	52	52	
1081	1	T 360	360	40	40	P 354	354	54	54	
1082	1	T 358	361	40	40	P 352	356	54	50	
1083	1	T 356	362	40	40	P 350	356	54	54	
1084	1	T 354	363	40	40	P 350	356	52	54	
1085	1	T 352	364	40	40	P 346	358	54	54	
1086	1	T 350	365	40	40	P 344	358	54	54	
1087	1	T 348	366	40	40	P 344	360	50	54	
1088	1	T 346	367	40	40	P 340	360	54	54	
1089	1	T 344	368	40	40	P 338	362	54	52	
1090	1	T 342	369	40	40	P 336	362	54	54	
1091	1	T 340	370	40	40	P 334	364	54	54	
1092	1	T 338	371	40	40	P 332	366	54	52	
1093	1	T 336	372	40	40	P 330	366	54	52	
1094	1	T 334	373	40	40	P 328	366	54	54	
1095	1	T 332	374	40	40	P 326	368	54	54	
1096	1	T 330	375	40	40	P 324	368	54	54	
1097	1	T 328	376	40	40	P 322	370	52	54	
1098	1	T 326	377	40	40	P 320	370	54	54	
1099	1	T 324	378	40	40	P 318	372	54	54	
1100	1	T 322	379	40	40	P 316	372	54	54	
1101	1	T 320	380	40	40	P 314	374	54	54	
1102	1	T 318	381	40	40	P 312	374	54	54	
1103	1	T 316	382	40	40	P 310	376	54	52	
1104	1	T 314	383	40	40	P 308	376	54	54	
1105	1	T 312	384	40	40	P 306	378	54	54	
1106	1	T 310	385	40	40	P 304	378	54	54	
1107	1	T 308	386	40	40	P 302	380	54	54	
1108	1	T 306	387	40	40	P 300	380	54	54	
1109	1	T 304	388	40	40	P 298	382	54	54	
1110	1	T 302	389	40	40	P 296	382	54	54	
1111	1	T 300	390	40	40	P 294	384	54	54	
1112	1	T 298	391	40	40	P 292	384	54	54	
1113	1	T 296	392	40	40	P 290	386	54	54	
1114	1	T 294	393	40	40	P 290	388	52	52	
1115	1	T 292	394	40	40	P 286	388	54	54	
1116	1	T 290	395	40	40	P 284	388	54	54	
1117	1	T 288	396	40	40	P 282	390	54	54	
1118	1	T 286	397	40	40	P 280	390	54	54	
1119	1	T 284	398	40	40	P 280	392	52	54	
1120	1	T 282	399	40	40	P 276	392	54	54	
1121	1	T 280	400	40	40	P 274	394	52	54	
1122	1	T 278	401	40	40	P 272	394	52	54	
1123	1	T 276	402	40	40	P 270	396	52	54	
1124	1	T 274	403	40	40	P 268	396	54	54	
1125	1	T 272	404	40	40	P 266	398	54	54	
1126	1	T 270	405	40	40	P 264	398	54	54	
1127	1	T 268	406	40	40	P 262	400	54	54	
1128	1	T 266	407	40	40	P 260	400	54	54	
1129	1	T 264	408	40	40	P 258	402	54	54	
1130	1	T 262	409	40	40	P 256	402	54	54	
1131	1	T 260	410	40	40	P 254	404	54	52	
1132	1	T 258	411	40	40	P 254	406	52	52	
1133	1	T 256	412	40	40	P 250	406	54	54	
1134	1	T 254	413	40	40	P 248	406	54	54	
1135	1	T 252	414	40	40	P 246	408	54	54	
1136	1	T 250	415	40	40	P 244	408	54	52	
1137	1	T 248	416	40	40	P 242	410	52	50	
1138	1	T 246	417	40	40	P 240	410	54	50	
1139	1	T 244	418	40	40	P 238	412	54	50	
1140	1	T 242	419	40	40	P 236	412	54	50	
1141	1	T 240	420	40	40	P 234	414	52	48	
1142	1	T 238	419	40	40	P 232	412	54	50	
1143	1	T 236	418	40	40	P 230	412	54	50	
1144	1	T 234	417	40	40	P 228	410	54	50	
1145	1	T 232	416	40	40	P 226	410	54	54	
1146	1	T 230	415	40	40	P 224	410	52	52	
1147	1	T 228	414	40	40	P 222	408	54	54	
1148	1	T 226	413	40	40	P 220	406	52	52	
1149	1	T 224	412	40	40	P 218	406	54	54	
1150	1	T 222	411	40	40	P 218	404	52	54	
1151	1	T 220	410	40	40	P 214	404	54	54	
1152	1	T 218	409	40	40	P 212	402	54	54	
1153	1	T 216	408	40	40	P 210	402	54	54	
1154	1	T 214	407	40	40	P 208	400	54	54	
1155	1	T 212	406	40	40	P 206	400	52	54	
1156	1	T 210	405	40	40	P 204	398	54	54	
1157	1	T 208	404	40	40	P 202	398	54	52	
1158	1	T 206	403	40	40	P 200	396	52	54	
1159	1	T 204	402	40	40	P 198	396	52	52	
1160	1	T 202	401	40	40	P 196	394	54	54	
1161	1	T 200	400	40	40	P 194	394	54	54	
1162	1	T 198	399	40	40	P 192	394	54	52	
1163	1	T 196	398	40	40	P 190	392	52	54	
1164	1	T 194	397	40	40	P 188	390	54	54	
1165	1	T 192	396	40	40	P 186	390	52	52	
1166	1	T 190	395	40	40	P 184	388	54	54	
1167	1	T 188	394	40	40	P 182	388	54	52	
1168	1	T 186	393	40	40	P 180	386	54	54	
1169	1	T 184	392	40	40	P 178	386	54	54	
1170	1	T 182	391	40	40	P 176	384	54	54	
1171	1	T 180	390	40	40	P 174	384	54	54	
1172	1	T 178	389	40	40	P 172	382	52	54	
1173	1	T 176	388	40	40	P 170	382	54	54	
1174	1	T 174	387	40	40	P 168	380	54	54	
1175	1	T 172	386	40	40	P 166	380	52	54	
1176	1	T 170	385	40	40	P 164	378	54	38	
1177	1	T 168	384	40	40	P 162	378	52	54	
1178	1	T 166	383	40	40	P 160	376	54	54	
1179	1	T 164	382	40	40	P 158	376	54	54	
1180	1	T 162	381	40	40	P 156	376	52	52	
1181	1	T 160	380	40	40	P 154	374	54	54	
1182	1	T 158	379	40	40	P 152	374	54	52	
1183	1	T 156	378	40	40	P 150	372	52	54	
1184	1	T 154	377	40	40	P 148	370	54	54	
1185	1	T 152	376	40	40	P 146	370	54	54	
1186	1	T 150	375	40	40	P 144	368	54	54	
1187	1	T 148	374	40	40	P 142	368	54	52	
1188	1	T 146	373	40	40	P 140	366	54	54	
1189	1	T 144	372	40	40	P 138	366	54	54	
1190	1	T 142	371	40	40	P 136	366	54	52	
1191	1	T 140	370	40	40	P 134	364	52	52	
1192	1	T 138	369	40	40	P 132	362	54	54	
1193	1	T 136	368	40	40	P 130	362	54	54	
1194	1	T 134	367	40	40	P 128	362	54	50	
1195	1	T 132	366	40	40	P 126	360	54	54	
1196	1	T 130	365	40	40	P 124	358	54	54	
1197	1	T 128	364	40	40	P 122	358	54	54	
1198	1	T 126	363	40	40	P 120	356	52	54	
1199	1	T 124	362	40	40	P 118	356	54	54	
1200	1	T 122	361	40	40	P 116	354	54	54	
1201	1	T 120	360	40	40	P 114	354	52	54	
1202	1	T 118	359	40	40	P 112	352	54	54	
1203	1	T 116	358	40	40	P 110	352	54	54	
1204	1	T 114	357	40	40	P 108	350	54	54	
1205	1	T 112	356	40	40	P 106	352	54	52	
1206	1	T 110	355	40	40	P 104	348	54	54	
1207	1	T 108	354	40	40	P 102	348	54	54	
1208	1	T 106	353	40	40	P 100	346	54	54	
1209	1	T 104	352	40	40	P 100	346	50	52	
1210	1	T 102	351	40	40	P 96	346	52	52	
1211	1	T 100	350	40	40	P 94	344	52	54	
1212	1	T 98	349	40	40	P 92	342	54	54	
1213	1	T 96	348	40	40	P 90	342	54	54	
1214	1	T 94	347	40	40	P 88	340	54	54	
1215	1	T 92	346	40	40	P 86	340	54	54	
1216	1	T 90	345	40	40	P 84	338	52	52	
1217	1	T 88	344	40	40	P 82	338	54	54	
1218	1	T 86	343	40	40	P 80	336	54	52	
1219	1	T 84	342	40	40	P 78	336	54	52	
1220	1	T 82	341	40	40	P 76	334	54	54	
1221	1	T 80	340	40	40	P 74	334	54	54	
1222	1	T 78	339	40	40	P 72	334	52	52	
1223	1	T 76	338	40	40	P 70	332	54	54	
1224	1	T 74	337	40	40	P 68	330	54	54	
1225	1	T 72	336	40	40	P 66	332	54	52	
1226	1	T 70	335	40	40	P 64	328	54	54	
1227	1	T 68	334	40	40	P 62	328	52	54	
1228	1	T 66	333	40	40	P 60	326	54	54	
1229	1	T 64	332	40	40	P 58	326	54	52	
1230	1	T 62	331	40	40	P 56	326	54	52	
1231	1	T 60	330	40	40	P 54	324	54	54	
1232	1	T 58	329	40	40	P 52	322	54	52	
1233	1	T 56	328	40	40	P 50	322	54	54	
1234	1	T 54	327	40	40	P 48	320	54	54	
1235	1	T 52	326	40	40	P 46	320	52	52	
1236	1	T 50	325	40	40	P 44	318	54	54	
1237	1	T 48	324	40	40	P 44	318	52	52	
1238	1	T 46	323	40	40	P 40	316	54	54	
1239	1	T 44	322	40	40	P 38	316	54	54	
1240	1	T 42	321	40	40	P 36	314	54	54	
1241	1	T 40	320	40	40	P 34	314	54	54	
1242	1	T 38	319	40	40	P 32	312	54	54	
1243	1	T 36	318	40	40	P 30	312	54	54	
1244	1	T 34	317	40	40	P 28	310	54	54	
1245	1	T 32	316	40	40	P 26	310	52	54	
1246	1	T 30	315	40	40	P 24	308	54	54	
1247	1	T 28	314	40	40	P 22	310	54	52	
1248	1	T 26	313	40	40	P 20	308	54	52	
1249	1	T 24	312	40	40	P 18	306	54	54	
1250	1	T 22	311	40	40	P 18	304	52	54	
1251	1	T 20	310	40	40	P 16	304	52	54	
1252	1	T 22	309	40	40	P 18	304	52	52	
1253	1	T 24	308	40	40	P 18	302	54	54	
1254	1	T 26	307	40	40	P 20	300	54	54	
1255	1	T 28	306	40	40	P 22	300	54	54	
1256	1	T 30	305	40	40	P 24	298	52	52	
1257	1	T 32	304	40	40	P 26	298	52	52	
1258	1	T 34	303	40	40	P 28	296	54	54	
1259	1	T 36	302	40	40	P 30	296	54	52	
1260	1	T 38	301	40	40	P 32	294	52	54	
1261	1	T 40	300	40	40	P 34	294	54	52	
1262	1	T 42	299	40	40	P 36	292	52	54	
1263	1	T 44	298	40	40	P 38	292	52	52	
1264	1	T 46	297	40	40	P 42	292	52	52	
1265	1	T 48	296	40	40	P 42	290	52	52	
1266	1	T 50	295	40	40	P 44	288	54	54	
1267	1	T 52	294	40	40	P 46	288	54	52	
1268	1	T 54	293	40	40	P 48	286	54	54	
1269	1	T 56	292	40	40	P 50	286	54	54	
1270	1	T 58	291	40	40	P 52	284	52	54	
1271	1	T 60	290	40	40	P 54	284	54	54	
1272	1	T 62	289	40	40	P 56	282	54	54	
1273	1	T 64	288	40	40	P 58	282	54	54	
1274	1	T 66	287	40	40	P 60	280	54	52	
1275	1	T 68	286	40	40	P 62	280	54	54	
1276	1	T 70	285	40	40	P 64	278	54	54	
1277	1	T 72	284	40	40	P 66	278	54	54	
1278	1	T 74	283	40	40	P 68	276	54	54	
1279	1	T 76	282	40	40	P 70	276	54	54	
1280	1	T 78	281	40	40	P 72	276	54	50	
1281	1	T 80	280	40	40	P 74	274	52	52	
1282	1	T 82	279	40	40	P 76	272	54	54	
1283	1	T 84	278	40	40	P 78	272	54	54	
1284	1	T 86	277	40	40	P 80	272	54	52	
1285	1	T 88	276	40	40	P 82	270	54	54	
1286	1	T 90	275	40	40	P 84	270	54	52	
1287	1	T 92	274	40	40	P 86	268	54	52	
1288	1	T 94	273	40	40	P 88	266	54	54	
1289	1	T 96	272	40	40	P 90	266	54	52	
1290	1	T 98	271	40	40	P 92	264	54	54	
1291	1	T 100	270	40	40	P 94	264	54	54	
1292	1	T 102	269	40	40	P 96	262	54	54	
1293	1	T 104	268	40	40	P 98	262	54	52	
1294	1	T 106	267	40	40	P 100	260	52	54	
1295	1	T 108	266	40	40	P 102	260	52	54	
1296	1	T 110	265	40	40	P 104	258	54	54	
1297	1	T 112	264	40	40	P 106	258	54	54	
1298	1	T 114	263	40	40	P 108	258	54	52	
1299	1	T 116	262	40	40	P 110	256	54	54	
1300	1	T 118	261	40	40	P 112	254	54	54	
1301	1	T 120	260	40	40	P 116	254	52	54	
1302	1	T 122	259	40	40	P 116	252	54	54	
1303	1	T 124	258	40	40	P 118	252	54	52	
1304	1	T 126	257	40	40	P 120	250	52	54	
1305	1	T 128	256	40	40	P 122	250	54	54	
1306	1	T 130	255	40	40	P 124	248	54	54	
1307	1	T 132	254	40	40	P 126	248	54	54	
1308	1	T 134	253	40	40	P 128	246	54	54	
1309	1	T 136	252	40	40	P 130	246	52	52	
1310	1	T 138	251	40	40	P 132	246	54	52	
1311	1	T 140	250	40	40	P 134	244	54	54	
1312	1	T 142	249	40	40	P 136	242	54	54	
1313	1	T 144	248	40	40	P 138	242	54	54	
1314	1	T 146	247	40	40	P 140	240	54	54	
1315	1	T 148	246	40	40	P 142	240	54	54	
1316	1	T 150	245	40	40	P 144	238	54	54	
1317	1	T 152	244	40	40	P 146	238	54	54	
1318	1	T 154	243	40	40	P 148	236	54	54	
1319	1	T 156	242	40	40	P 150	236	54	54	
1320	1	T 158	241	40	40	P 152	234	54	54	
1321	1	T 160	240	40	40	P 154	234	54	54	
1322	1	T 162	239	40	40	P 156	232	54	54	
1323	1	T 164	238	40	40	P 158	232	54	52	
1324	1	T 166	237	40	40	P 160	230	54	54	
1325	1	T 168	236	40	40	P 162	230	54	54	
1326	1	T 170	235	40	40	P 164	228	54	54	
1327	1	T 172	234	40	40	P 166	228	54	54	
1328	1	T 174	233	40	40	P 168	228	54	52	
1329	1	T 176	232	40	40	P 170	226	54	52	
1330	1	T 178	231	40	40	P 172	224	54	54	
1331	1	T 180	230	40	40	P 174	224	54	54	
1332	1	T 182	229	40	40	P 176	222	54	54	
1333	1	T 184	228	40	40	P 178	222	52	52	
1334	1	T 186	227	40	40	P 180	222	54	52	
1335	1	T 188	226	40	40	P 182	220	54	54	
1336	1	T 190	225	40	40	P 184	218	54	54	
1337	1	T 192	224	40	40	P 186	218	54	52	
1338	1	T 194	223	40	40	P 188	216	54	54	
1339	1	T 196	222	40	40	P 190	216	54	54	
1340	1	T 198	221	40	40	P 192	214	54	54	
1341	1	T 200	220	40	40	P 196	214	50	52	
1342	1	T 202	219	40	40	P 196	212	54	54	
1343	1	T 204	218	40	40	P 198	212	52	54	
1344	1	T 206	217	40	40	P 200	210	54	54	
1345	1	T 208	216	40	40	P 202	210	54	54	
1346	1	T 210	215	40	40	P 204	210	54	52	
1347	1	T 212	214	40	40	P 206	208	54	54	
1348	1	T 214	213	40	40	P 208	208	54	52	
1349	1	T 216	212	40	40	P 210	208	52	52	
1350	1	T 218	211	40	40	P 212	204	54	54	
1351	1	T 220	210	40	40	P 214	204	52	52	
1352	1	T 222	209	40	40	P 216	202	54	54	
1353	1	T 224	208	40	40	P 218	202	52	52	
1354	1	T 226	207	40	40	P 220	200	54	54	
1355	1	T 228	206	40	40	P 222	200	54	54	
1356	1	T 230	205	40	40	P 224	198	54	54	
1357	1	T 232	204	40	40	P 226	198	54	52	
1358	1	T 234	203	40	40	P 228	196	54	54	
1359	1	T 236	202	40	40	P 230	196	54	52	
1360	1	T 238	201	40	40	P 232	194	52	54	
1361	1	T 240	200	40	40	P 234	194	54	54	
1362	1	T 242	199	40	40	P 236	192	54	54	
1363	1	T 244	198	40	40	P 238	192	54	54	
1364	1	T 246	197	40	40	P 242	192	50	52	
1365	1	T 248	196	40	40	P 242	190	52	54	
1366	1	T 250	195	40	40	P 244	188	54	52	
1367	1	T 252	194	40	40	P 246	188	52	52	
1368	1	T 254	193	40	40	P 248	186	54	54	
1369	1	T 256	192	40	40	P 250	186	54	52	
1370	1	T 258	191	40	40	P 252	184	52	52	
1371	1	T 260	190	40	40	P 254	184	52	54	
1372	1	T 262	189	40	40	P 256	182	52	54	
1373	1	T 264	188	40	40	P 258	182	54	52	
1374	1	T 266	187	40	40	P 260	180	54	54	
1375	1	T 268	186	40	40	P 262	180	54	54	
1376	1	T 270	185	40	40	P 264	178	54	54	
1377	1	T 272	184	40	40	P 266	178	54	54	
1378	1	T 274	183	40	40	P 268	176	54	54	
1379	1	T 276	182	40	40	P 270	176	54	54	
1380	1	T 278	181	40	40	P 272	174	54	54	
1381	1	T 280	180	40	40	P 274	174	54	54	
1382	1	T 282	179	40	40	P 276	172	54	54	
1383	1	T 284	178	40	40	P 278	172	54	52	
1384	1	T 286	177	40	40	P 280	170	52	54	
1385	1	T 288	176	40	40	P 284	170	52	54	
1386	1	T 290	175	40	40	P 284	168	54	54	
1387	1	T 292	174	40	40	P 286	168	54	54	
1388	1	T 294	173	40	40	P 288	166	54	54	
1389	1	T 296	172	40	40	P 290	168	54	52	
1390	1	T 298	171	40	40	P 294	164	52	54	
1391	1	T 300	170	40	40	P 294	164	54	54	
1392	1	T 302	169	40	40	P 296	162	54	54	
1393	1	T 304	168	40	40	P 298	162	54	54	
1394	1	T 306	167	40	40	P 300	160	54	54	
1395	1	T 308	166	40	40	P 302	160	54	54	
1396	1	T 310	165	40	40	P 304	158	54	54	
1397	1	T 312	164	40	40	P 306	158	54	54	
1398	1	T 314	163	40	40	P 308	156	54	54	
1399	1	T 316	162	40	40	P 310	156	54	54	
1400	1	T 318	161	40	40	P 312	154	54	54	
1401	1	T 320	160	40	40	P 314	154	54	54	
1402	1	T 322	159	40	40	P 316	152	54	54	
1403	1	T 324	158	40	40	P 318	152	54	54	
1404	1	T 326	157	40	40	P 320	150	52	54	
1405	1	T 328	156	40	40	P 322	150	54	54	
1406	1	T 330	155	40	40	P 324	148	54	54	
1407	1	T 332	154	40	40	P 326	148	54	54	
1408	1	T 334	153	40	40	P 328	146	54	54	
1409	1	T 336	152	40	40	P 330	146	54	54	
1410	1	T 338	151	40	40	P 332	144	54	54	
1411	1	T 340	150	40	40	P 334	144	54	54	
1412	1	T 342	149	40	40	P 336	142	52	54	
1413	1	T 344	148	40	40	P 338	142	54	54	
1414	1	T 346	147	40	40	P 340	140	54	54	
1415	1	T 348	146	40	40	P 342	140	52	54	
1416	1	T 350	145	40	40	P 344	138	54	54	
1417	1	T 352	144	40	40	P 346	138	54	54	
1418	1	T 354	143	40	40	P 348	136	54	54	
1419	1	T 356	142	40	40	P 350	136	52	54	
1420	1	T 358	141	40	40	P 352	134	54	54	
1421	1	T 360	140	40	40	P 354	134	52	52	
1422	1	T 362	139	40	40	P 356	132	54	54	
1423	1	T 364	138	40	40	P 358	132	54	54	
1424	1	T 366	137	40	40	P 360	130	54	54	
1425	1	T 368	136	40	40	P 362	130	54	54	
1426	1	T 370	135	40	40	P 364	128	52	54	
1427	1	T 372	134	40	40	P 366	128	54	54	
1428	1	T 374	133	40	40	P 368	126	54	54	
1429	1	T 376	132	40	40	P 370	126	54	54	
1430	1	T 378	131	40	40	P 372	124	54	54	
1431	1	T 380	130	40	40	P 374	124	54	54	
1432	1	T 382	129	40	40	P 376	122	54	54	
1433	1	T 384	128	40	40	P 378	122	54	54	
1434	1	T 386	127	40	40	P 380	120	54	54	
1435	1	T 388	126	40	40	P 382	120	54	54	
1436	1	T 390	125	40	40	P 384	118	52	54	
1437	1	T 392	124	40	40	P 386	118	54	54	
1438	1	T 394	123	40	40	P 388	116	52	52	
1439	1	T 396	122	40	40	P 390	116	54	54	
1440	1	T 398	121	40	40	P 392	114	54	54	
1441	1	T 400	120	40	40	P 394	114	54	54	
1442	1	T 402	119	40	40	P 398	112	52	54	
1443	1	T 404	118	40	40	P 398	112	52	54	
1444	1	T 406	117	40	40	P 400	110	54	54	
1445	1	T 408	116	40	40	P 402	110	54	54	
1446	1	T 410	115	40	40	P 404	108	54	54	
1447	1	T 412	114	40	40	P 406	108	54	54	
1448	1	T 414	113	40	40	P 408	108	54	52	
1449	1	T 416	112	40	40	P 412	106	52	54	
1450	1	T 418	111	40	40	P 412	104	54	54	
1451	1	T 420	110	40	40	P 414	104	54	52	
1452	1	T 422	109	40	40	P 416	104	54	52	
1453	1	T 424	108	40	40	P 418	102	54	54	
1454	1	T 426	107	40	40	P 420	100	54	54	
1455	1	T 428	106	40	40	P 422	100	54	52	
1456	1	T 430	105	40	40	P 424	98	54	54	
1457	1	T 432	104	40	40	P 426	98	52	54	
1458	1	T 434	103	40	40	P 428	96	54	54	
1459	1	T 436	102	40	40	P 430	96	54	54	
1460	1	T 438	101	40	40	P 432	96	54	52	
1461	1	T 440	100	40	40	P 434	94	54	54	
1462	1	T 442	99	40	40	P 436	92	54	54	
1463	1	T 444	98	40	40	P 438	92	54	54	
1464	1	T 446	97	40	40	P 440	90	54	52	
1465	1	T 448	96	40	40	P 442	90	54	54	
1466	1	T 450	95	40	40	P 446	90	52	52	
1467	1	T 452	94	40	40	P 446	88	54	54	
1468	1	T 454	93	40	40	P 448	86	52	54	
1469	1	T 456	92	40	40	P 450	86	54	52	
1470	1	T 458	91	40	40	P 452	84	54	54	
1471	1	T 460	90	40	40	P 454	84	54	54	
1472	1	T 462	89	40	40	P 456	82	54	54	
1473	1	T 464	88	40	40	P 458	82	54	54	
1474	1	T 466	87	40	40	P 460	80	54	54	
1475	1	T 468	86	40	40	P 462	80	54	54	
1476	1	T 470	85	40	40	P 464	78	54	54	
1477	1	T 472	84	40	40	P 466	78	54	54	
1478	1	T 474	83	40	40	P 468	76	54	54	
1479	1	T 476	82	40	40	P 470	76	54	54	
1480	1	T 478	81	40	40	P 472	74	54	54	
1481	1	T 480	80	40	40	P 474	74	54	54	
1482	1	T 482	79	40	40	P 476	72	54	54	
1483	1	T 484	78	40	40	P 478	72	54	54	
1484	1	T 486	77	40	40	P 480	70	54	54	
1485	1	T 488	76	40	40	P 482	70	54	54	
1486	1	T 490	75	40	40	P 484	68	52	54	
1487	1	T 492	74	40	40	P 486	70	52	52	
1488	1	T 494	73	40	40	P 488	66	52	54	
1489	1	T 496	72	40	40	P 490	66	54	54	
1490	1	T 498	71	40	40	P 492	64	54	54	
1491	1	T 500	70	40	40	P 494	64	54	54	
1492	1	T 502	69	40	40	P 496	64	54	52	
1493	1	T 504	68	40	40	P 498	62	54	54	
1494	1	T 506	67	40	40	P 500	60	54	54	
1495	1	T 508	66	40	40	P 502	60	54	54	
1496	1	T 510	65	40	40	P 504	60	54	52	
1497	1	T 512	64	40	40	P 506	58	54	52	
1498	1	T 514	63	40	40	P 508	56	54	54	
1499	1	T 516	62	40	40	P 510	56	54	54	
1500	1	T 518	61	40	40	P 512	54	54	54	
1501	1	T 520	60	40	40	P 514	54	54	54	
1502	1	T 522	59	40	40	P 516	52	54	54	
1503	1	T 524	58	40	40	P 518	52	52	54	
1504	1	T 526	57	40	40	P 520	50	54	54	
1505	1	T 528	56	40	40	P 522	50	54	52	
1506	1	T 530	55	40	40	P 526	48	52	54	
1507	1	T 532	54	40	40	P 526	48	54	54	
1508	1	T 534	53	40	40	P 530	46	52	54	
1509	1	T 536	52	40	40	P 530	46	54	52	
1510	1	T 538	51	40	40	P 532	44	54	54	
1511	1	T 540	50	40	40	P 534	44	54	52	
1512	1	T 542	49	40	40	P 536	42	54	54	
1513	1	T 544	48	40	40	P 538	42	54	54	
1514	1	T 546	47	40	40	P 540	40	54	54	
1515	1	T 548	46	40	40	P 542	40	52	52	
1516	1	T 550	45	40	40	P 544	38	52	54	
1517	1	T 552	44	40	40	P 546	38	54	54	
1518	1	T 554	43	40	40	P 548	36	52	54	
1519	1	T 556	42	40	40	P 550	36	54	54	
1520	1	T 558	41	40	40	P 552	34	54	54	
1521	1	T 560	40	40	40	P 554	34	54	54	
1522	1	T 562	39	40	40	P 556	32	54	54	
1523	1	T 564	38	40	40	P 558	32	54	54	
1524	1	T 566	37	40	40	P 560	30	54	54	
1525	1	T 568	36	40	40	P 562	30	54	54	
1526	1	T 570	35	40	40	P 564	28	54	54	
1527	1	T 572	34	40	40	P 566	28	54	54	
1528	1	T 574	33	40	40	P 568	26	54	54	
1529	1	T 576	32	40	40	P 570	26	54	54	
1530	1	T 578	31	40	40	P 572	24	54	54	
1531	1	T 580	30	40	40	P 574	26	54	52	
1532	1	T 582	29	40	40	P 576	22	54	52	
1533	1	T 584	28	40	40	P 578	22	52	54	
1534	1	T 586	27	40	40	P 580	20	54	54	
1535	1	T 588	26	40	40	P 582	20	54	54	
1536	1	T 590	25	40	40	P 584	18	54	54	
1537	1	T 592	24	40	40	P 586	18	54	54	
1538	1	T 594	23	40	40	P 588	18	54	52	
1539	1	T 596	22	40	40	P 590	20	54	50	
1540	1	T 598	21	40	40	P 592	18	54	50	
1541	1	T 600	20	40	40	P 594	18	54	50	
1542	1	T 602	21	40	40	P 596	18	54	50	
1543	1	T 604	22	40	40	P 598	20	54	48	
1544	1	T 606	23	40	40	P 600	18	54	52	
1545	1	T 608	24	40	40	P 602	18	54	52	
1546	1	T 610	25	40	40	P 604	18	54	54	
1547	1	T 612	26	40	40	P 606	22	54	52	
1548	1	T 614	27	40	40	P 608	22	54	52	
1549	1	T 616	28	40	40	P 610	22	54	54	
1550	1	T 618	29	40	40	P 612	22	52	54	
1551	1	T 620	30	40	40	P 614	24	52	52	
1552	1	T 622	31	40	40	P 616	24	54	54	
1553	1	T 624	32	40	40	P 618	26	54	54	
1554	1	T 626	33	40	40	P 620	26	54	54	
1555	1	T 628	34	40	40	P 622	28	54	54	
1556	1	T 630	35	40	40	P 624	28	54	54	
1557	1	T 632	36	40	40	P 626	30	52	54	
1558	1	T 634	37	40	40	P 628	30	54	54	
1559	1	T 636	38	40	40	P 630	34	54	50	
1560	1	T 638	39	40	40	P 632	32	54	54	
1561	1	T 640	40	40	40	P 634	36	54	50	
1562	1	T 642	41	40	40	P 636	34	54	54	
1563	1	T 644	42	40	40	P 638	36	54	54	
1564	1	T 646	43	40	40	P 640	36	54	52	
1565	1	T 648	44	40	40	P 642	38	54	54	
1566	1	T 650	45	40	40	P 644	38	54	54	
1567	1	T 652	46	40	40	P 646	40	54	54	
1568	1	T 654	47	40	40	P 650	40	50	52	
1569	1	T 656	48	40	40	P 650	42	54	54	
1570	1	T 658	49	40	40	P 652	42	50	54	
1571	1	T 660	50	40	40	P 654	44	50	54	
1572	1	T 658	51	40	40	P 652	44	52	54	
1573	1	T 656	52	40	40	P 652	48	48	52	
1574	1	T 654	53	40	40	P 648	46	54	54	
1575	1	T 652	54	40	40	P 646	48	54	54	
1576	1	T 650	55	40	40	P 644	48	54	54	
1577	1	T 648	56	40	40	P 642	50	54	54	
1578	1	T 646	57	40	40	P 640	50	54	54	
1579	1	T 644	58	40	40	P 638	52	52	54	
1580	1	T 642	59	40	40	P 636	52	54	54	
1581	1	T 640	60	40	40	P 634	54	52	54	
1582	1	T 638	61	40	40	P 632	54	54	54	
1583	1	T 636	62	40	40	P 630	56	54	54	
1584	1	T 634	63	40	40	P 628	58	54	52	
1585	1	T 632	64	40	40	P 626	58	54	54	
1586	1	T 630	65	40	40	P 624	58	54	54	
1587	1	T 628	66	40	40	P 622	60	52	52	
1588	1	T 626	67	40	40	P 620	60	54	54	
1589	1	T 624	68	40	40	P 618	62	54	54	
1590	1	T 622	69	40	40	P 616	62	54	54	
1591	1	T 620	70	40	40	P 614	64	54	54	
1592	1	T 618	71	40	40	P 612	64	54	54	
1593	1	T 616	72	40	40	P 610	66	54	54	
1594	1	T 614	73	40	40	P 608	66	54	54	
1595	1	T 612	74	40	40	P 606	68	54	54	
1596	1	T 610	75	40	40	P 604	68	54	54	
1597	1	T 608	76	40	40	P 602	70	54	54	
1598	1	T 606	77	40	40	P 600	70	54	54	
1599	1	T 604	78	40	40	P 598	72	54	54	
1600	1	T 602	79	40	40	P 596	72	54	54	
1601	1	T 600	80	40	40	P 594	74	54	54	
1602	1	T 598	81	40	40	P 592	74	54	54	
1603	1	T 596	82	40	40	P 590	76	54	54	
1604	1	T 594	83	40	40	P 588	78	54	52	
1605	1	T 592	84	40	40	P 586	78	54	52	
1606	1	T 590	85	40	40	P 584	78	54	54	
1607	1	T 588	86	40	40	P 582	80	52	54	
1608	1	T 586	87	40	40	P 580	80	54	54	
1609	1	T 584	88	40	40	P 580	82	52	54	
1610	1	T 582	89	40	40	P 576	82	54	54	
1611	1	T 580	90	40	40	P 574	84	54	54	
1612	1	T 578	91	40	40	P 572	84	54	52	
1613	1	T 576	92	40	40	P 570	86	54	54	
1614	1	T 574	93	40	40	P 568	88	54	52	
1615	1	T 572	94	40	40	P 566	88	52	54	
1616	1	T 570	95	40	40	P 564	88	54	54	
1617	1	T 568	96	40	40	P 562	90	54	54	
1618	1	T 566	97	40	40	P 560	90	54	52	
1619	1	T 564	98	40	40	P 558	92	54	54	
1620	1	T 562	99	40	40	P 556	92	54	54	
1621	1	T 560	100	40	40	P 554	94	54	54	
1622	1	T 558	101	40	40	P 552	94	54	54	
1623	1	T 556	102	40	40	P 550	96	54	52	
1624	1	T 554	103	40	40	P 548	98	52	52	
1625	1	T 552	104	40	40	P 546	98	54	54	
1626	1	T 550	105	40	40	P 544	98	54	54	
1627	1	T 548	106	40	40	P 542	100	54	52	
1628	1	T 546	107	40	40	P 540	100	54	54	
1629	1	T 544	108	40	40	P 538	102	54	52	
1630	1	T 542	109	40	40	P 536	102	52	54	
1631	1	T 540	110	40	40	P 534	104	54	52	
1632	1	T 538	111	40	40	P 532	104	54	54	
1633	1	T 536	112	40	40	P 530	106	52	52	
1634	1	T 534	113	40	40	P 528	106	54	54	
1635	1	T 532	114	40	40	P 526	108	54	54	
1636	1	T 530	115	40	40	P 524	108	54	54	
1637	1	T 528	116	40	40	P 522	110	54	54	
1638	1	T 526	117	40	40	P 520	110	54	54	
1639	1	T 524	118	40	40	P 518	112	54	54	
1640	1	T 522	119	40	40	P 516	112	54	54	
1641	1	T 520	120	40	40	P 514	114	54	54	
1642	1	T 518	121	40	40	P 512	116	54	52	
1643	1	T 516	122	40	40	P 510	116	54	54	
1644	1	T 514	123	40	40	P 508	116	54	54	
1645	1	T 512	124	40	40	P 506	118	54	52	
1646	1	T 510	125	40	40	P 504	118	54	54	
1647	1	T 508	126	40	40	P 502	120	52	54	
1648	1	T 506	127	40	40	P 500	120	54	54	
1649	1	T 504	128	40	40	P 498	122	54	52	
1650	1	T 502	129	40	40	P 496	122	52	54	
1651	1	T 500	130	40	40	P 494	124	54	54	
1652	1	T 498	131	40	40	P 492	124	54	54	
1653	1	T 496	132	40	40	P 490	126	54	54	
1654	1	T 494	133	40	40	P 488	126	54	54	
1655	1	T 492	134	40	40	P 486	128	54	54	
1656	1	T 490	135	40	40	P 484	130	54	50	
1657	1	T 488	136	40	40	P 482	130	54	54	
1658	1	T 486	137	40	40	P 480	130	54	54	
1659	1	T 484	138	40	40	P 478	132	52	54	
1660	1	T 482	139	40	40	P 476	132	54	54	
1661	1	T 480	140	40	40	P 474	134	54	54	
1662	1	T 478	141	40	40	P 472	134	54	54	
1663	1	T 476	142	40	40	P 470	136	54	54	
1664	1	T 474	143	40	40	P 468	136	54	54	
1665	1	T 472	144	40	40	P 466	138	54	54	
1666	1	T 470	145	40	40	P 464	140	52	52	
1667	1	T 468	146	40	40	P 462	140	54	54	
1668	1	T 466	147	40	40	P 460	140	54	52	
1669	1	T 464	148	40	40	P 458	142	52	54	
1670	1	T 462	149	40	40	P 456	142	54	54	
1671	1	T 460	150	40	40	P 454	144	52	52	
1672	1	T 458	151	40	40	P 452	144	54	54	
1673	1	T 456	152	40	40	P 450	146	52	54	
1674	1	T 454	153	40	40	P 448	146	52	54	
1675	1	T 452	154	40	40	P 446	148	54	54	
1676	1	T 450	155	40	40	P 444	150	54	52	
1677	1	T 448	156	40	40	P 442	150	52	52	
1678	1	T 446	157	40	40	P 440	150	54	54	
1679	1	T 444	158	40	40	P 438	152	54	54	
1680	1	T 442	159	40	40	P 436	152	54	54	
1681	1	T 440	160	40	40	P 434	154	54	54	
1682	1	T 438	161	40	40	P 432	154	54	54	
1683	1	T 436	162	40	40	P 430	156	54	54	
1684	1	T 434	163	40	40	P 428	158	54	52	
1685	1	T 432	164	40	40	P 426	158	54	54	
1686	1	T 430	165	40	40	P 424	158	52	54	
1687	1	T 428	166	40	40	P 422	160	54	54	
1688	1	T 426	167	40	40	P 420	160	54	54	
1689	1	T 424	168	40	40	P 418	162	54	54	
1690	1	T 422	169	40	40	P 416	162	54	54	
1691	1	T 420	170	40	40	P 414	164	54	54	
1692	1	T 418	171	40	40	P 412	164	54	54	
1693	1	T 416	172	40	40	P 410	166	52	54	
1694	1	T 414	173	40	40	P 408	166	52	54	
1695	1	T 412	174	40	40	P 406	168	54	54	
1696	1	T 410	175	40	40	P 404	168	54	54	
1697	1	T 408	176	40	40	P 404	170	52	52	
1698	1	T 406	177	40	40	P 400	170	54	54	
1699	1	T 404	178	40	40	P 398	172	52	54	
1700	1	T 402	179	40	40	P 396	172	52	52	
1701	1	T 400	180	40	40	P 394	174	54	54	
1702	1	T 398	181	40	40	P 392	176	54	52	
1703	1	T 396	182	40	40	P 390	176	54	54	
1704	1	T 394	183	40	40	P 388	176	54	54	
1705	1	T 392	184	40	40	P 386	178	54	54	
1706	1	T 390	185	40	40	P 384	178	54	54	
1707	1	T 388	186	40	40	P 382	180	54	54	
1708	1	T 386	187	40	40	P 380	180	54	54	
1709	1	T 384	188	40	40	P 378	182	54	54	
1710	1	T 382	189	40	40	P 376	182	54	54	
1711	1	T 380	190	40	40	P 374	184	54	54	
1712	1	T 378	191	40	40	P 372	184	54	54	
1713	1	T 376	192	40	40	P 370	186	54	52	
1714	1	T 374	193	40	40	P 368	188	52	50	
1715	1	T 372	194	40	40	P 366	188	54	54	
1716	1	T 370	195	40	40	P 364	188	54	54	
1717	1	T 368	196	40	40	P 362	190	54	54	
1718	1	T 366	197	40	40	P 360	190	54	54	
1719	1	T 364	198	40	40	P 358	192	54	54	
1720	1	T 362	199	40	40	P 356	192	54	54	
1721	1	T 360	200	40	40	P 354	194	54	54	
1722	1	T 358	201	40	40	P 352	194	54	54	
1723	1	T 356	202	40	40	P 350	196	54	54	
1724	1	T 354	203	40	40	P 348	196	52	54	
1725	1	T 352	204	40	40	P 346	198	54	54	
1726	1	T 350	205	40	40	P 344	198	54	52	
1727	1	T 348	206	40	40	P 342	200	54	54	
1728	1	T 346	207	40	40	P 340	200	54	54	
1729	1	T 344	208	40	40	P 338	202	54	54	
1730	1	T 342	209	40	40	P 336	202	52	52	
1731	1	T 340	210	40	40	P 334	204	54	52	
1732	1	T 338	211	40	40	P 332	204	52	38	
1733	1	T 336	212	40	40	P 330	206	54	54	
1734	1	T 334	213	40	40	P 328	206	54	54	
1735	1	T 332	214	40	40	P 326	208	54	54	
1736	1	T 330	215	40	40	P 324	208	54	54	
1737	1	T 328	216	40	40	P 322	210	54	52	
1738	1	T 326	217	40	40	P 320	210	54	54	
1739	1	T 324	218	40	40	P 318	212	54	54	
1740	1	T 322	219	40	40	P 316	212	54	54	
1741	1	T 320	220	40	40	P 314	214	54	54	
1742	1	T 318	221	40	40	P 312	214	52	54	
1743	1	T 316	222	40	40	P 310	216	54	54	
1744	1	T 314	223	40	40	P 308	216	54	54	
1745	1	T 312	224	40	40	P 306	218	54	54	
1746	1	T 310	225	40	40	P 304	218	54	54	
1747	1	T 308	226	40	40	P 302	220	54	52	
1748	1	T 306	227	40	40	P 300	220	54	54	
1749	1	T 304	228	40	40	P 298	222	52	54	
1750	1	T 302	229	40	40	P 296	222	54	54	
1751	1	T 300	230	40	40	P 294	224	54	54	
1752	1	T 298	231	40	40	P 292	224	54	54	
1753	1	T 296	232	40	40	P 290	226	54	54	
1754	1	T 294	233	40	40	P 288	228	54	52	
1755	1	T 292	234	40	40	P 286	228	52	54	
1756	1	T 290	235	40	40	P 284	230	54	52	
1757	1	T 288	236	40	40	P 282	230	54	54	
1758	1	T 286	237	40	40	P 280	230	54	54	
1759	1	T 284	238	40	40	P 278	232	54	54	
1760	1	T 282	239	40	40	P 276	234	54	52	
1761	1	T 280	240	40	40	P 274	234	54	54	
1762	1	T 278	241	40	40	P 272	234	54	54	
1763	1	T 276	242	40	40	P 272	236	50	54	
1764	1	T 274	243	40	40	P 268	236	54	54	
1765	1	T 272	244	40	40	P 266	238	54	52	
1766	1	T 270	245	40	40	P 264	238	54	54	
1767	1	T 268	246	40	40	P 262	240	54	54	
1768	1	T 266	247	40	40	P 260	240	52	52	
1769	1	T 264	248	40	40	P 258	242	54	54	
1770	1	T 262	249	40	40	P 256	244	54	52	
1771	1	T 260	250	40	40	P 254	244	54	52	
1772	1	T 258	251	40	40	P 252	244	54	54	
1773	1	T 256	252	40	40	P 250	246	54	54	
1774	1	T 254	253	40	40	P 248	246	54	54	
1775	1	T 252	254	40	40	P 246	248	54	54	
1776	1	T 250	255	40	40	P 244	248	54	54	
1777	1	T 248	256	40	40	P 242	250	54	54	
1778	1	T 246	257	40	40	P 240	252	54	52	
1779	1	T 244	258	40	40	P 238	252	54	54	
1780	1	T 242	259	40	40	P 236	252	54	54	
1781	1	T 240	260	40	40	P 234	254	54	54	
1782	1	T 238	261	40	40	P 232	254	54	54	
1783	1	T 236	262	40	40	P 230	256	54	54	
1784	1	T 234	263	40	40	P 228	256	54	54	
1785	1	T 232	264	40	40	P 226	258	54	52	
1786	1	T 230	265	40	40	P 224	258	54	54	
1787	1	T 228	266	40	40	P 222	260	54	54	
1788	1	T 226	267	40	40	P 220	260	54	54	
1789	1	T 224	268	40	40	P 218	262	54	54	
1790	1	T 222	269	40	40	P 216	262	54	54	
1791	1	T 220	270	40	40	P 216	264	52	54	
1792	1	T 218	271	40	40	P 212	264	52	54	
1793	1	T 216	272	40	40	P 210	266	54	52	
1794	1	T 214	273	40	40	P 208	266	54	54	
1795	1	T 212	274	40	40	P 206	268	52	54	
1796	1	T 210	275	40	40	P 204	268	54	54	
1797	1	T 208	276	40	40	P 202	270	54	54	
1798	1	T 206	277	40	40	P 200	270	54	54	
1799	1	T 204	278	40	40	P 198	272	54	54	
1800	1	T 202	279	40	40	P 198	272	52	54	
1801	1	T 200	280	40	40	P 194	274	54	54	
1802	1	T 198	281	40	40	P 192	274	54	54	
1803	1	T 196	282	40	40	P 190	276	54	54	
1804	1	T 194	283	40	40	P 188	278	54	52	
1805	1	T 192	284	40	40	P 186	278	52	54	
1806	1	T 190	285	40	40	P 184	278	52	54	
1807	1	T 188	286	40	40	P 182	280	54	54	
1808	1	T 186	287	40	40	P 180	280	54	54	
1809	1	T 184	288	40	40	P 178	282	54	54	
1810	1	T 182	289	40	40	P 176	282	54	54	
1811	1	T 180	290	40	40	P 174	284	52	54	
1812	1	T 178	291	40	40	P 172	284	54	54	
1813	1	T 176	292	40	40	P 170	286	54	52	
1814	1	T 174	293	40	40	P 168	286	54	54	
1815	1	T 172	294	40	40	P 166	288	54	54	
1816	1	T 170	295	40	40	P 164	288	54	54	
1817	1	T 168	296	40	40	P 162	290	52	52	
1818	1	T 166	297	40	40	P 160	290	54	54	
1819	1	T 164	298	40	40	P 158	292	54	54	
1820	1	T 162	299	40	40	P 156	292	54	54	
1821	1	T 160	300	40	40	P 154	294	54	54	
1822	1	T 158	301	40	40	P 152	294	54	54	
1823	1	T 156	302	40	40	P 150	296	54	54	
1824	1	T 154	303	40	40	P 148	296	54	54	
1825	1	T 152	304	40	40	P 146	298	54	54	
1826	1	T 150	305	40	40	P 144	298	54	54	
1827	1	T 148	306	40	40	P 142	300	54	52	
1828	1	T 146	307	40	40	P 140	300	54	54	
1829	1	T 144	308	40	40	P 138	302	54	54	
1830	1	T 142	309	40	40	P 136	302	54	54	
1831	1	T 140	310	40	40	P 134	304	54	54	
1832	1	T 138	311	40	40	P 132	304	54	54	
1833	1	T 136	312	40	40	P 130	306	54	54	
1834	1	T 134	313	40	40	P 128	308	54	52	
1835	1	T 132	314	40	40	P 126	308	54	54	
1836	1	T 130	315	40	40	P 124	308	54	54	
1837	1	T 128	316	40	40	P 122	310	54	54	
1838	1	T 126	317	40	40	P 120	310	54	54	
1839	1	T 124	318	40	40	P 118	312	52	54	
1840	1	T 122	319	40	40	P 116	312	52	52	
1841	1	T 120	320	40	40	P 114	316	54	50	
1842	1	T 118	321	40	40	P 112	314	54	54	
1843	1	T 116	322	40	40	P 110	318	54	52	
1844	1	T 114	323	40	40	P 108	316	54	54	
1845	1	T 112	324	40	40	P 106	318	54	52	
1846	1	T 110	325	40	40	P 104	318	54	54	
1847	1	T 108	326	40	40	P 102	320	54	54	
1848	1	T 106	327	40	40	P 100	320	54	38	
1849	1	T 104	328	40	40	P 98	324	52	52	
1850	1	T 102	329	40	40	P 96	322	54	54	
1851	1	T 100	330	40	40	P 94	324	54	54	
1852	1	T 98	331	40	40	P 92	324	54	54	
1853	1	T 96	332	40	40	P 90	326	52	52	
1854	1	T 94	333	40	40	P 88	326	54	54	
1855	1	T 92	334	40	40	P 86	328	54	54	
1856	1	T 90	335	40	40	P 84	328	54	54	
1857	1	T 88	336	40	40	P 82	330	52	52	
1858	1	T 86	337	40	40	P 80	330	54	54	
1859	1	T 84	338	40	40	P 78	332	54	54	
1860	1	T 82	339	40	40	P 76	332	54	54	
1861	1	T 80	340	40	40	P 74	334	54	54	
1862	1	T 78	341	40	40	P 72	334	54	54	
1863	1	T 76	342	40	40	P 70	336	54	52	
1864	1	T 74	343	40	40	P 68	336	52	54	
1865	1	T 72	344	40	40	P 66	338	54	54	
1866	1	T 70	345	40	40	P 64	338	54	54	
1867	1	T 68	346	40	40	P 62	340	54	52	
1868	1	T 66	347	40	40	P 60	340	54	54	
1869	1	T 64	348	40	40	P 58	342	54	54	
1870	1	T 62	349	40	40	P 56	342	54	54	
1871	1	T 60	350	40	40	P 56	344	52	54	
1872	1	T 58	351	40	40	P 52	344	54	54	
1873	1	T 56	352	40	40	P 50	346	54	54	
1874	1	T 54	353	40	40	P 48	348	54	52	
1875	1	T 52	354	40	40	P 46	348	54	54	
1876	1	T 50	355	40	40	P 44	350	54	52	
1877	1	T 48	356	40	40	P 42	350	54	54	
1878	1	T 46	357	40	40	P 40	350	52	54	
1879	1	T 44	358	40	40	P 38	352	54	54	
1880	1	T 42	359	40	40	P 36	352	54	54	
1881	1	T 40	360	40	40	P 34	354	54	54	
1882	1	T 38	361	40	40	P 32	354	54	54	
1883	1	T 36	362	40	40	P 30	358	54	52	
1884	1	T 34	363	40	40	P 28	356	54	54	
1885	1	T 32	364	40	40	P 26	358	54	54	
1886	1	T 30	365	40	40	P 24	360	54	52	
1887	1	T 28	366	40	40	P 22	360	52	54	
1888	1	T 26	367	40	40	P 20	360	54	52	
1889	1	T 24	368	40	40	P 18	362	54	54	
1890	1	T 22	369	40	40	P 18	362	52	54	
1891	1	T 20	370	40	40	P 18	364	50	54	
1892	1	T 22	371	40	40	P 20	364	50	54	
1893	1	T 24	372	40	40	P 20	366	52	54	
1894	1	T 26	373	40	40	P 20	368	54	52	
1895	1	T 28	374	40	40	P 22	368	54	54	
1896	1	T 30	375	40	40	P 24	370	54	52	
1897	1	T 32	376	40	40	P 26	370	52	54	
1898	1	T 34	377	40	40	P 28	370	54	54	
1899	1	T 36	378	40	40	P 30	372	54	54	
1900	1	T 38	379	40	40	P 32	372	54	54	
1901	1	T 40	380	40	40	P 34	376	54	52	
1902	1	T 42	381	40	40	P 36	374	54	54	
1903	1	T 44	382	40	40	P 38	376	54	52	
1904	1	T 46	383	40	40	P 40	376	54	54	
1905	1	T 48	384	40	40	P 42	378	54	54	
1906	1	T 50	385	40	40	P 44	380	52	52	
1907	1	T 52	386	40	40	P 46	380	54	52	
1908	1	T 54	387	40	40	P 48	380	54	54	
1909	1	T 56	388	40	40	P 50	382	54	54	
1910	1	T 58	389	40	40	P 52	382	54	52	
1911	1	T 60	390	40	40	P 54	384	54	54	
1912	1	T 62	391	40	40	P 56	384	54	54	
1913	1	T 64	392	40	40	P 58	386	54	54	
1914	1	T 66	393	40	40	P 60	388	54	50	
1915	1	T 68	394	40	40	P 62	388	54	52	
1916	1	T 70	395	40	40	P 64	388	54	54	
1917	1	T 72	396	40	40	P 66	390	54	52	
1918	1	T 74	397	40	40	P 68	392	54	52	
1919	1	T 76	398	40	40	P 70	392	54	54	
1920	1	T 78	399	40	40	P 72	392	54	54	
1921	1	T 80	400	40	40	P 74	394	54	54	
1922	1	T 82	401	40	40	P 76	394	54	54	
1923	1	T 84	402	40	40	P 78	396	54	54	
1924	1	T 86	403	40	40	P 80	396	54	52	
1925	1	T 88	404	40	40	P 82	398	54	54	
1926	1	T 90	405	40	40	P 84	398	54	52	
1927	1	T 92	406	40	40	P 86	400	52	52	
1928	1	T 94	407	40	40	P 88	400	54	54	
1929	1	T 96	408	40	40	P 90	402	54	54	
1930	1	T 98	409	40	40	P 92	404	54	52	
1931	1	T 100	410	40	40	P 94	404	54	54	
1932	1	T 102	411	40	40	P 96	404	52	54	
1933	1	T 104	412	40	40	P 98	406	54	52	
1934	1	T 106	413	40	40	P 100	406	54	54	
1935	1	T 108	414	40	40	P 102	408	54	54	
1936	1	T 110	415	40	40	P 104	408	54	54	
1937	1	T 112	416	40	40	P 106	410	52	52	
1938	1	T 114	417	40	40	P 108	410	54	52	
1939	1	T 116	418	40	40	P 110	412	54	50	
1940	1	T 118	419	40	40	P 112	412	54	50	
1941	1	T 120	420	40	40	P 114	414	54	48	
1942	1	T 122	419	40	40	P 116	412	54	50	
1943	1	T 124	418	40	40	P 118	412	52	52	
1944	1	T 126	417	40	40	P 120	410	54	50	
1945	1	T 128	416	40	40	P 122	410	54	54	
1946	1	T 130	415	40	40	P 124	408	54	52	
1947	1	T 132	414	40	40	P 126	408	54	52	
1948	1	T 134	413	40	40	P 128	406	54	54	
1949	1	T 136	412	40	40	P 130	406	54	54	
1950	1	T 138	411	40	40	P 132	404	52	52	
1951	1	T 140	410	40	40	P 134	404	54	52	
1952	1	T 142	409	40	40	P 138	404	50	50	
1953	1	T 144	408	40	40	P 138	402	54	54	
1954	1	T 146	407	40	40	P 140	400	54	54	
1955	1	T 148	406	40	40	P 142	400	54	54	
1956	1	T 150	405	40	40	P 144	398	52	54	
1957	1	T 152	404	40	40	P 146	398	54	54	
1958	1	T 154	403	40	40	P 148	396	54	54	
1959	1	T 156	402	40	40	P 150	396	54	54	
1960	1	T 158	401	40	40	P 152	396	52	52	
1961	1	T 160	400	40	40	P 154	394	54	54	
1962	1	T 162	399	40	40	P 156	392	54	54	
1963	1	T 164	398	40	40	P 158	392	54	54	
1964	1	T 166	397	40	40	P 160	390	54	54	
1965	1	T 168	396	40	40	P 162	392	54	52	
1966	1	T 170	395	40	40	P 164	388	52	54	
1967	1	T 172	394	40	40	P 166	388	54	52	
1968	1	T 174	393	40	40	P 168	386	54	52	
1969	1	T 176	392	40	40	P 170	386	54	54	
1970	1	T 178	391	40	40	P 172	384	54	54	
1971	1	T 180	390	40	40	P 174	384	54	54	
1972	1	T 182	389	40	40	P 176	382	54	54	
1973	1	T 184	388	40	40	P 178	382	54	54	
1974	1	T 186	387	40	40	P 180	380	54	54	
1975	1	T 188	386	40	40	P 182	380	54	54	
1976	1	T 190	385	40	40	P 184	378	54	54	
1977	1	T 192	384	40	40	P 186	378	54	54	
1978	1	T 194	383	40	40	P 188	376	52	54	
1979	1	T 196	382	40	40	P 190	376	52	54	
1980	1	T 198	381	40	40	P 194	374	50	54	
1981	1	T 200	380	40	40	P 194	374	54	54	
1982	1	T 202	379	40	40	P 196	372	54	54	
1983	1	T 204	378	40	40	P 198	372	54	54	
1984	1	T 206	377	40	40	P 200	372	54	50	
1985	1	T 208	376	40	40	P 202	370	54	54	
1986	1	T 210	375	40	40	P 204	368	54	54	
1987	1	T 212	374	40	40	P 206	368	54	54	
1988	1	T 214	373	40	40	P 208	366	54	54	
1989	1	T 216	372	40	40	P 210	366	54	54	
1990	1	T 218	371	40	40	P 212	364	54	54	
1991	1	T 220	370	40	40	P 214	364	54	54	
1992	1	T 222	369	40	40	P 216	362	54	54	
1993	1	T 224	368	40	40	P 218	362	54	54	
1994	1	T 226	367	40	40	P 220	360	54	54	
1995	1	T 228	366	40	40	P 222	360	54	54	
1996	1	T 230	365	40	40	P 224	358	52	54	
1997	1	T 232	364	40	40	P 226	358	52	54	
1998	1	T 234	363	40	40	P 228	356	54	54	
1999	1	T 236	362	40	40	P 230	356	54	54	
2000	1	T 238	361	40	40	P 232	354	54	54	
