frame	IoU
1	0.127551
2	0.127551
3	0.127551
4	0.127551
5	0.0811688
8	0.127551
9	0.127551
10	0.127551
11	0.111607
12	0.111607
13	0.0976563
14	0.111607
15	0.111607
16	0.127551
17	0.127551
19	0.0976563
20	0.127551
21	0.111607
22	0.127551
23	0.111607
24	0.111607
25	0.111607
26	0.127551
27	0.111607
28	0.127551
29	0.111607
30	0.0976563
31	0.0976563
32	0.127551
33	0.111607
34	0.127551
35	0.127551
36	0.111607
37	0.111607
38	0.127551
39	0.111607
40	0.0976563
41	0.111607
42	0.111607
43	0.111607
44	0.111607
45	0.111607
46	0.127551
48	0.127551
49	0.127551
50	0.127551
51	0.127551
52	0.127551
53	0.111607
54	0.111607
55	0.111607
56	0.127551
57	0.127551
58	0.111607
59	0.111607
60	0.111607
61	0.111607
62	0.111607
63	0.078125
64	0.078125
65	0.111607
66	0.127551
67	0.127551
68	0.127551
69	0.127551
70	0.111607
71	0.111607
73	0.127551
74	0.127551
75	0.111607
76	0.0976563
78	0.14881
79	0.0694444
80	0.127551
81	0.111607
82	0.127551
83	0.127551
84	0.111607
85	0.0868056
86	0.0868056
87	0.127551
88	0.078125
89	0.0976563
90	0.127551
91	0.111607
92	0.127551
93	0.111607
94	0.111607
95	0.111607
96	0.111607
97	0.127551
98	0.127551
99	0.0976563
100	0.111607
101	0.127551
102	0.127551
103	0.111607
104	0.127551
105	0.127551
106	0.127551
107	0.111607
108	0.111607
109	0.111607
110	0.111607
111	0.111607
112	0.0976563
113	0.111607
114	0.127551
115	0.127551
116	0.111607
117	0.111607
118	0.127551
120	0.0976563
121	0.127551
122	0.0868056
124	0.111607
126	0.127551
128	0.127551
129	0.127551
130	0.127551
131	0.127551
132	0.111607
133	0.127551
134	0.127551
135	0.111607
136	0.111607
137	0.111607
138	0.111607
139	0.0976563
140	0.111607
141	0.111607
142	0.0976563
143	0.127551
144	0.127551
145	0.111607
147	0.127551
148	0.111607
149	0.111607
150	0.0976563
151	0.111607
152	0.111607
153	0.0976563
154	0.127551
155	0.111607
156	0.0976563
157	0.0976563
158	0.0976563
159	0.0868056
160	0.0892857
161	0.111607
162	0.111607
163	0.127551
164	0.127551
165	0.111607
166	0.111607
167	0.0976563
168	0.111607
169	0.111607
170	0.127551
171	0.0976563
172	0.111607
173	0.0976563
174	0.0992064
174	0.127551
175	0.0976563
176	0.127551
177	0.0976563
178	0.111607
180	0.127551
181	0.111607
182	0.111607
183	0.111607
184	0.111607
185	0.127551
186	0.111607
187	0.111607
188	0.111607
189	0.111607
190	0.111607
191	0.111607
192	0.0976563
193	0.127551
194	0.127551
196	0.111607
197	0.127551
198	0.127551
199	0.0976563
200	0.127551
201	0.111607
202	0.127551
203	0.111607
204	0.111607
205	0.0976563
206	0.127551
207	0.0976563
208	0.111607
209	0.111607
210	0.111607
211	0.127551
212	0.127551
213	0.127551
214	0.0976563
215	0.111607
216	0.111607
217	0.111607
218	0.127551
219	0.111607
220	0.111607
221	0.0976563
222	0.111607
223	0.0976563
224	0.127551
225	0.127551
226	0.127551
227	0.127551
229	0.111607
230	0.127551
231	0.111607
233	0.127551
234	0.0976563
235	0.0992064
237	0.111607
238	0.111607
239	0.0976563
240	0.127551
241	0.127551
242	0.111607
243	0.111607
244	0.127551
245	0.111607
246	0.111607
247	0.14881
248	0.127551
249	0.127551
250	0.127551
251	0.111607
252	0.111607
254	0.127551
255	0.130208
256	0.127551
257	0.127551
258	0.127551
259	0.127551
260	0.127551
261	0.127551
262	0.127551
263	0.111607
264	0.111607
265	0.111607
266	0.127551
267	0.111607
268	0.127551
269	0.0976563
270	0.0976563
271	0.0976563
272	0.127551
273	0.111607
274	0.127551
275	0.111607
276	0.127551
277	0.111607
278	0.111607
279	0.111607
280	0.127551
281	0.0976563
282	0.127551
283	0.111607
284	0.111607
285	0.111607
286	0.111607
287	0.14881
288	0.111607
289	0.130208
290	0.14881
291	0.127551
292	0.14881
293	0.14881
294	0.127551
295	0.111607
296	0.127551
297	0.111607
298	0.111607
299	0.111607
300	0.111607
301	0.111607
302	0.0976563
303	0.0976563
304	0.0976563
305	0.111607
306	0.127551
307	0.127551
308	0.127551
309	0.127551
310	0.111607
311	0.111607
312	0.0976563
313	0.111607
314	0.127551
315	0.111607
316	0.111607
317	0.111607
318	0.127551
319	0.0976563
320	0.111607
321	0.111607
322	0.127551
323	0.111607
324	0.127551
325	0.111607
326	0.0976563
327	0.111607
328	0.127551
329	0.111607
330	0.127551
331	0.0992064
332	0.127551
333	0.127551
334	0.127551
335	0.130208
336	0.111607
337	0.111607
338	0.127551
339	0.127551
340	0.14881
341	0.130208
342	0.130208
343	0.130208
344	0.14881
345	0.127551
346	0.14881
347	0.115741
349	0.127551
350	0.127551
351	0.111607
352	0.127551
353	0.127551
354	0.127551
355	0.127551
356	0.127551
357	0.127551
359	0.111607
360	0.127551
361	0.127551
362	0.0992064
363	0.111607
364	0.111607
365	0.111607
366	0.0976563
367	0.0976563
368	0.111607
369	0.111607
370	0.127551
371	0.127551
372	0.127551
373	0.111607
374	0.127551
375	0.111607
376	0.127551
377	0.127551
378	0.127551
379	0.111607
380	0.0976563
381	0.0976563
382	0.111607
383	0.0976563
384	0.111607
385	0.111607
386	0.127551
387	0.127551
388	0.111607
389	0.111607
390	0.127551
391	0.0976563
392	0.111607
393	0.0976563
394	0.111607
395	0.111607
396	0.111607
397	0.111607
398	0.111607
399	0.0976563
400	0.0976563
401	0.111607
402	0.127551
403	0.127551
404	0.111607
405	0.127551
407	0.127551
408	0.111607
409	0.127551
410	0.127551
411	0.111607
412	0.111607
413	0.111607
414	0.0976563
415	0.0976563
416	0.0976563
417	0.127551
418	0.127551
419	0.127551
420	0.111607
421	0.127551
422	0.111607
423	0.0976563
424	0.127551
425	0.111607
426	0.0868056
427	0.127551
428	0.111607
429	0.111607
430	0.127551
431	0.111607
432	0.078125
433	0.0976563
434	0.127551
435	0.0976563
436	0.0992064
437	0.127551
438	0.111607
439	0.111607
440	0.111607
441	0.127551
442	0.127551
443	0.111607
444	0.111607
445	0.111607
446	0.0976563
447	0.0976563
448	0.0976563
449	0.0976563
450	0.111607
451	0.127551
453	0.127551
454	0.0710227
455	0.111607
456	0.111607
458	0.111607
459	0.111607
460	0.111607
461	0.0976563
462	0.111607
463	0.0976563
464	0.127551
465	0.127551
466	0.111607
467	0.127551
468	0.127551
469	0.0868056
470	0.111607
471	0.127551
472	0.127551
473	0.111607
474	0.127551
475	0.111607
476	0.111607
477	0.111607
478	0.111607
479	0.111607
480	0.0976563
481	0.111607
482	0.127551
483	0.127551
484	0.127551
485	0.127551
486	0.111607
487	0.0976563
488	0.127551
489	0.111607
490	0.127551
491	0.111607
492	0.111607
493	0.111607
494	0.111607
495	0.0976563
496	0.111607
497	0.0976563
498	0.127551
499	0.127551
500	0.127551
502	0.0892857
503	0.111607
504	0.111607
505	0.127551
506	0.111607
507	0.111607
508	0.111607
509	0.111607
510	0.0976563
511	0.111607
512	0.111607
513	0.127551
514	0.127551
515	0.111607
516	0.127551
517	0.111607
518	0.111607
519	0.127551
520	0.111607
521	0.111607
522	0.111607
523	0.127551
524	0.0976563
525	0.111607
526	0.111607
527	0.0976563
528	0.127551
530	0.127551
531	0.127551
532	0.127551
533	0.127551
534	0.0976563
535	0.111607
536	0.111607
537	0.127551
538	0.127551
539	0.127551
540	0.127551
541	0.111607
542	0.0976563
543	0.0976563
544	0.111607
546	0.127551
547	0.127551
548	0.111607
549	0.111607
550	0.127551
551	0.0868056
552	0.111607
553	0.0976563
554	0.111607
555	0.111607
556	0.111607
557	0.111607
558	0.0976563
559	0.0976563
560	0.111607
561	0.111607
562	0.127551
563	0.127551
564	0.127551
565	0.111607
566	0.0992064
567	0.111607
568	0.111607
570	0.111607
571	0.127551
572	0.111607
573	0.111607
574	0.111607
575	0.111607
576	0.0976563
577	0.111607
578	0.127551
579	0.127551
580	0.127551
581	0.0976563
582	0.127551
583	0.111607
584	0.127551
585	0.127551
586	0.127551
587	0.111607
588	0.127551
589	0.111607
590	0.0976563
591	0.0976563
592	0.111607
593	0.127551
594	0.127551
595	0.127551
596	0.127551
597	0.111607
598	0.0868056
598	0.208333
599	0.111607
601	0.111607
602	0.111607
604	0.111607
605	0.111607
606	0.111607
607	0.0892857
608	0.127551
609	0.14881
610	0.14881
611	0.14881
612	0.130208
613	0.127551
614	0.127551
615	0.127551
616	0.127551
618	0.127551
619	0.111607
620	0.127551
621	0.111607
622	0.111607
623	0.0976563
624	0.111607
625	0.111607
626	0.127551
627	0.127551
628	0.111607
629	0.127551
630	0.127551
631	0.0976563
632	0.127551
633	0.111607
634	0.111607
635	0.111607
636	0.111607
637	0.111607
638	0.0976563
639	0.111607
640	0.111607
641	0.127551
642	0.127551
643	0.127551
645	0.127551
646	0.127551
647	0.111607
648	0.111607
649	0.0976563
650	0.111607
651	0.111607
652	0.127551
653	0.111607
654	0.0976563
656	0.127551
657	0.111607
658	0.127551
659	0.127551
660	0.127551
661	0.111607
662	0.0976563
663	0.111607
664	0.111607
665	0.111607
666	0.111607
667	0.0976563
668	0.111607
669	0.127551
670	0.0976563
671	0.0892857
672	0.127551
673	0.111607
674	0.111607
675	0.127551
676	0.127551
677	0.111607
678	0.127551
679	0.111607
680	0.127551
681	0.127551
682	0.0868056
683	0.111607
684	0.0992064
685	0.111607
686	0.111607
687	0.0868056
688	0.111607
689	0.127551
690	0.127551
691	0.127551
692	0.127551
693	0.111607
694	0.127551
695	0.0976563
696	0.127551
697	0.111607
698	0.127551
699	0.111607
700	0.111607
701	0.0976563
702	0.0976563
703	0.111607
704	0.111607
705	0.127551
707	0.127551
708	0.127551
709	0.127551
710	0.0976563
711	0.0976563
712	0.127551
714	0.127551
715	0.111607
718	0.111607
719	0.111607
720	0.111607
721	0.127551
722	0.111607
723	0.127551
724	0.0976563
725	0.127551
726	0.127551
727	0.127551
728	0.127551
729	0.111607
730	0.127551
731	0.14881
732	0.127551
733	0.111607
734	0.14881
735	0.130208
736	0.127551
737	0.14881
738	0.14881
739	0.14881
740	0.14881
741	0.14881
742	0.14881
743	0.111607
744	0.14881
745	0.127551
746	0.127551
747	0.127551
748	0.127551
749	0.127551
750	0.127551
751	0.111607
752	0.111607
753	0.127551
754	0.111607
755	0.127551
756	0.127551
757	0.111607
758	0.111607
759	0.111607
760	0.127551
761	0.127551
762	0.111607
763	0.111607
765	0.111607
766	0.0976563
767	0.0976563
768	0.0976563
769	0.0976563
770	0.127551
771	0.111607
772	0.127551
773	0.111607
774	0.111607
775	0.111607
776	0.111607
777	0.111607
778	0.127551
779	0.0992064
780	0.111607
781	0.111607
782	0.0976563
783	0.0976563
784	0.0976563
785	0.127551
786	0.127551
787	0.127551
788	0.127551
789	0.111607
790	0.14881
791	0.127551
792	0.111607
793	0.127551
794	0.127551
795	0.111607
796	0.111607
797	0.0976563
798	0.0976563
799	0.0976563
800	0.0976563
801	0.111607
802	0.111607
803	0.111607
804	0.127551
805	0.127551
806	0.0868056
807	0.111607
808	0.111607
809	0.0976563
811	0.111607
812	0.111607
813	0.0868056
814	0.0976563
815	0.0976563
816	0.111607
817	0.127551
818	0.127551
819	0.127551
820	0.127551
821	0.111607
822	0.127551
823	0.111607
824	0.127551
825	0.127551
826	0.127551
828	0.127551
829	0.111607
830	0.0976563
831	0.111607
832	0.0976563
833	0.127551
834	0.127551
835	0.127551
836	0.111607
837	0.127551
838	0.0868056
840	0.111607
841	0.127551
842	0.127551
843	0.111607
844	0.111607
845	0.111607
846	0.0976563
847	0.111607
848	0.111607
849	0.111607
850	0.127551
851	0.127551
852	0.127551
853	0.0976563
854	0.111607
855	0.127551
856	0.127551
857	0.111607
858	0.127551
859	0.127551
860	0.0976563
861	0.111607
862	0.0976563
863	0.111607
864	0.0976563
865	0.127551
866	0.127551
867	0.127551
868	0.127551
869	0.127551
870	0.127551
871	0.111607
872	0.127551
873	0.111607
874	0.127551
875	0.111607
876	0.111607
877	0.111607
878	0.111607
879	0.0976563
880	0.111607
881	0.111607
882	0.127551
883	0.0868056
884	0.127551
885	0.111607
886	0.111607
887	0.127551
888	0.111607
889	0.111607
890	0.111607
891	0.111607
892	0.0976563
893	0.111607
894	0.111607
895	0.0976563
896	0.111607
897	0.111607
898	0.127551
899	0.127551
900	0.127551
901	0.127551
902	0.111607
903	0.111607
904	0.127551
905	0.127551
906	0.111607
907	0.111607
908	0.111607
909	0.111607
910	0.0976563
911	0.111607
912	0.111607
913	0.127551
914	0.127551
915	0.111607
916	0.111607
917	0.0976563
918	0.111607
919	0.111607
920	0.127551
921	0.127551
923	0.127551
924	0.111607
925	0.111607
926	0.111607
927	0.130208
928	0.14881
929	0.130208
930	0.130208
931	0.14881
932	0.130208
933	0.127551
934	0.127551
935	0.127551
936	0.127551
938	0.127551
939	0.127551
940	0.111607
941	0.111607
942	0.0976563
943	0.0976563
944	0.0976563
945	0.127551
946	0.111607
947	0.0976563
948	0.127551
949	0.0976563
950	0.111607
951	0.111607
952	0.111607
953	0.0976563
954	0.111607
955	0.127551
956	0.111607
957	0.0976563
958	0.078125
959	0.111607
960	0.0976563
961	0.0976563
962	0.111607
963	0.127551
964	0.127551
965	0.127551
967	0.111607
968	0.127551
969	0.127551
971	0.111607
972	0.127551
973	0.111607
974	0.111607
975	0.0976563
976	0.127551
977	0.127551
978	0.127551
979	0.127551
980	0.127551
981	0.127551
982	0.127551
983	0.111607
984	0.0892857
985	0.127551
986	0.111607
987	0.111607
988	0.127551
989	0.111607
990	0.111607
991	0.111607
992	0.111607
993	0.127551
994	0.111607
996	0.127551
997	0.111607
998	0.0976563
999	0.111607
1000	0.111607
1001	0.127551
1002	0.111607
1003	0.111607
1004	0.111607
1005	0.0976563
1006	0.0976563
1007	0.127551
1008	0.0976563
1009	0.127551
1010	0.111607
1011	0.127551
1012	0.127551
1013	0.111607
1014	0.111607
1015	0.111607
1016	0.111607
1017	0.127551
1018	0.111607
1019	0.111607
1020	0.111607
1021	0.111607
1022	0.0976563
1023	0.0976563
1024	0.0976563
1025	0.127551
1026	0.127551
1027	0.127551
1028	0.127551
1029	0.127551
1030	0.127551
1031	0.0976563
1032	0.111607
1033	0.111607
1034	0.111607
1035	0.0976563
1036	0.111607
1037	0.127551
1038	0.0976563
1039	0.111607
1040	0.111607
1041	0.127551
1042	0.127551
1043	0.127551
1044	0.127551
1045	0.111607
1046	0.127551
1047	0.0976563
1048	0.111607
1049	0.111607
1050	0.127551
1051	0.111607
1052	0.111607
1053	0.111607
1054	0.127551
1055	0.127551
1056	0.111607
1057	0.127551
1058	0.127551
1059	0.127551
1060	0.127551
1061	0.111607
1062	0.111607
1063	0.111607
1065	0.111607
1066	0.127551
1067	0.111607
1068	0.111607
1069	0.0976563
1070	0.0976563
1071	0.0976563
1072	0.0694444
1073	0.111607
1074	0.127551
1075	0.127551
1077	0.127551
1078	0.111607
1079	0.111607
1080	0.127551
1081	0.127551
1082	0.111607
1083	0.111607
1084	0.127551
1085	0.111607
1086	0.0976563
1087	0.0976563
1088	0.111607
1089	0.0976563
1090	0.111607
1091	0.111607
1092	0.127551
1093	0.127551
1094	0.111607
1095	0.127551
1096	0.127551
1097	0.127551
1098	0.127551
1099	0.127551
1100	0.111607
1102	0.111607
1103	0.111607
1104	0.0976563
1105	0.111607
1106	0.127551
1107	0.127551
1108	0.127551
1109	0.111607
1110	0.127551
1111	0.111607
1112	0.0976563
1113	0.111607
1114	0.111607
1115	0.127551
1116	0.111607
1117	0.0976563
1118	0.111607
1119	0.0976563
1120	0.111607
1121	0.127551
1122	0.127551
1123	0.127551
1124	0.127551
1125	0.127551
1126	0.0892857
1127	0.111607
1128	0.127551
1129	0.127551
1130	0.127551
1131	0.127551
1132	0.111607
1133	0.127551
1134	0.127551
1135	0.14881
1136	0.130208
1137	0.127551
1138	0.14881
1139	0.127551
1140	0.14881
1142	0.14881
1144	0.130208
1145	0.14881
1146	0.127551
1147	0.127551
1148	0.127551
1149	0.127551
1150	0.111607
1151	0.111607
1152	0.127551
1153	0.111607
1154	0.127551
1155	0.127551
1156	0.127551
1157	0.111607
1158	0.127551
1159	0.0976563
1160	0.111607
1161	0.127551
1162	0.111607
1163	0.127551
1164	0.111607
1165	0.111607
1166	0.0976563
1167	0.0976563
1168	0.111607
1169	0.111607
1170	0.111607
1171	0.127551
1172	0.127551
1173	0.127551
1174	0.0868056
1175	0.0976563
1176	0.127551
1177	0.111607
1178	0.127551
1179	0.111607
1180	0.127551
1181	0.111607
1183	0.0976563
1185	0.111607
1186	0.127551
1187	0.0992064
1188	0.127551
1189	0.127551
1190	0.111607
1191	0.111607
1192	0.111607
1193	0.0976563
1194	0.0976563
1195	0.111607
1196	0.111607
1197	0.111607
1198	0.078125
1199	0.111607
1200	0.111607
1201	0.111607
1202	0.127551
1203	0.127551
1204	0.127551
1205	0.127551
1206	0.111607
1207	0.0976563
1208	0.127551
1209	0.111607
1210	0.127551
1211	0.127551
1212	0.111607
1213	0.0976563
1214	0.0976563
1215	0.111607
1216	0.14881
1217	0.0976563
1218	0.111607
1219	0.111607
1220	0.111607
1221	0.127551
1222	0.111607
1224	0.111607
1225	0.127551
1226	0.127551
1227	0.111607
1228	0.111607
1229	0.0976563
1230	0.0976563
1231	0.111607
1232	0.127551
1233	0.127551
1234	0.127551
1235	0.111607
1236	0.111607
1237	0.127551
1238	0.111607
1239	0.111607
1240	0.127551
1241	0.111607
1242	0.127551
1243	0.111607
1244	0.111607
1245	0.111607
1246	0.111607
1247	0.111607
1248	0.14881
1249	0.14881
1250	0.14881
1251	0.14881
1252	0.14881
1253	0.127551
1254	0.130208
1255	0.127551
1256	0.127551
1257	0.111607
1258	0.127551
1259	0.111607
1260	0.0976563
1261	0.111607
1262	0.111607
1263	0.111607
1264	0.127551
1265	0.127551
1266	0.127551
1267	0.127551
1268	0.127551
1269	0.111607
1270	0.127551
1271	0.127551
1272	0.111607
1273	0.111607
1274	0.111607
1275	0.111607
1276	0.111607
1277	0.111607
1278	0.0976563
1279	0.111607
1280	0.0976563
1281	0.0976563
1282	0.111607
1283	0.127551
1284	0.127551
1285	0.111607
1287	0.111607
1288	0.111607
1289	0.111607
1290	0.127551
1291	0.111607
1292	0.127551
1293	0.111607
1294	0.0868056
1295	0.111607
1296	0.111607
1297	0.127551
1298	0.0976563
1299	0.111607
1300	0.127551
1301	0.127551
1302	0.0976563
1303	0.0976563
1304	0.127551
1305	0.127551
1306	0.0976563
1307	0.111607
1308	0.0892857
1309	0.0976563
1310	0.111607
1311	0.0976563
1312	0.111607
1313	0.127551
1314	0.127551
1315	0.127551
1316	0.127551
1317	0.111607
1318	0.127551
1319	0.111607
1320	0.127551
1321	0.127551
1322	0.127551
1323	0.111607
1324	0.111607
1325	0.0976563
1326	0.111607
1327	0.0892857
1328	0.111607
1329	0.111607
1330	0.111607
1331	0.111607
1332	0.127551
1333	0.111607
1334	0.111607
1335	0.111607
1336	0.0976563
1337	0.0976563
1338	0.111607
1339	0.111607
1340	0.127551
1341	0.111607
1342	0.0976563
1344	0.130208
1345	0.111607
1346	0.127551
1347	0.127551
1348	0.0976563
1349	0.0976563
1350	0.111607
1351	0.127551
1352	0.127551
1353	0.127551
1354	0.127551
1355	0.127551
1356	0.127551
1357	0.0976563
1358	0.0976563
1359	0.0976563
1360	0.0976563
1361	0.127551
1362	0.111607
1363	0.127551
1365	0.0976563
1366	0.127551
1367	0.0976563
1368	0.127551
1369	0.0976563
1370	0.111607
1371	0.127551
1372	0.111607
1373	0.111607
1374	0.0976563
1375	0.127551
1376	0.127551
1377	0.127551
1378	0.127551
1379	0.127551
1380	0.127551
1381	0.111607
1382	0.0976563
1383	0.111607
1384	0.127551
1385	0.111607
1386	0.111607
1389	0.111607
1390	0.127551
1391	0.111607
1392	0.127551
1393	0.111607
1394	0.111607
1395	0.111607
1396	0.0992064
1397	0.127551
1399	0.0976563
1400	0.127551
1401	0.111607
1402	0.111607
1403	0.0976563
1404	0.111607
1405	0.111607
1406	0.0976563
1407	0.111607
1408	0.111607
1409	0.111607
1410	0.127551
1412	0.127551
1413	0.127551
1414	0.127551
1415	0.111607
1416	0.127551
1417	0.111607
1418	0.127551
1419	0.127551
1420	0.0976563
1421	0.111607
1422	0.0976563
1423	0.0976563
1424	0.111607
1425	0.127551
1426	0.127551
1427	0.127551
1428	0.111607
1430	0.127551
1431	0.127551
1432	0.127551
1433	0.127551
1434	0.127551
1435	0.111607
1436	0.0976563
1437	0.0976563
1438	0.111607
1440	0.127551
1441	0.127551
1442	0.127551
1443	0.127551
1444	0.127551
1445	0.127551
1446	0.111607
1447	0.111607
1448	0.111607
1449	0.111607
1450	0.127551
1451	0.127551
1452	0.0892857
1453	0.111607
1454	0.111607
1455	0.0976563
1456	0.111607
1457	0.127551
1458	0.111607
1459	0.127551
1460	0.127551
1461	0.127551
1462	0.111607
1463	0.111607
1464	0.0868056
1465	0.0976563
1466	0.111607
1467	0.0992064
1468	0.111607
1469	0.0976563
1470	0.111607
1471	0.111607
1472	0.127551
1473	0.111607
1474	0.111607
1475	0.127551
1477	0.127551
1478	0.111607
1479	0.111607
1480	0.127551
1481	0.127551
1482	0.127551
1483	0.111607
1484	0.111607
1485	0.0976563
1486	0.0976563
1487	0.0976563
1488	0.0976563
1489	0.0892857
1490	0.127551
1491	0.127551
1492	0.127551
1493	0.111607
1494	0.111607
1495	0.0976563
1496	0.127551
1497	0.127551
1498	0.0976563
1499	0.127551
1500	0.111607
1501	0.111607
1503	0.0976563
1504	0.127551
1505	0.127551
1506	0.127551
1507	0.127551
1508	0.127551
1509	0.111607
1510	0.127551
1511	0.127551
1512	0.111607
1513	0.0976563
1514	0.111607
1515	0.127551
1516	0.111607
1517	0.0976563
1518	0.111607
1519	0.127551
1520	0.127551
1521	0.111607
1522	0.111607
1523	0.127551
1524	0.127551
1525	0.111607
1526	0.127551
1527	0.111607
1528	0.127551
1529	0.111607
1530	0.127551
1531	0.127551
1532	0.127551
1533	0.111607
1534	0.127551
1535	0.14881
1536	0.14881
1537	0.127551
1539	0.14881
1540	0.14881
1541	0.14881
1542	0.14881
1543	0.130208
1544	0.130208
1545	0.14881
1546	0.127551
1547	0.127551
1549	0.127551
1550	0.111607
1551	0.14881
1552	0.111607
1553	0.111607
1554	0.127551
1555	0.127551
1556	0.127551
1557	0.111607
1558	0.127551
1559	0.111607
1560	0.127551
1561	0.111607
1563	0.127551
1564	0.111607
1565	0.111607
1566	0.127551
1567	0.127551
1568	0.14881
1569	0.111607
1570	0.130208
1571	0.14881
1572	0.130208
1573	0.14881
1574	0.127551
1575	0.127551
1576	0.127551
1577	0.127551
1578	0.111607
1579	0.127551
1580	0.111607
1581	0.0976563
1582	0.111607
1583	0.111607
1584	0.127551
1585	0.127551
1586	0.127551
1587	0.127551
1588	0.111607
1589	0.111607
1590	0.127551
1591	0.127551
1592	0.111607
1593	0.111607
1594	0.111607
1595	0.111607
1596	0.111607
1597	0.111607
1598	0.0976563
1599	0.0976563
1600	0.111607
1601	0.127551
1602	0.0631313
1603	0.127551
1604	0.127551
1605	0.127551
1606	0.0976563
1607	0.111607
1608	0.0976563
1609	0.127551
1610	0.111607
1611	0.111607
1612	0.0976563
1613	0.0976563
1614	0.111607
1615	0.0976563
1616	0.0976563
1617	0.111607
1618	0.127551
1619	0.127551
1620	0.127551
1621	0.127551
1622	0.111607
1623	0.111607
1624	0.127551
1625	0.127551
1626	0.111607
1627	0.111607
1628	0.111607
1629	0.111607
1630	0.0976563
1631	0.0976563
1632	0.127551
1633	0.127551
1634	0.127551
1635	0.111607
1636	0.127551
1637	0.0976563
1639	0.111607
1640	0.078125
1641	0.0976563
1642	0.0976563
1643	0.0992064
1644	0.111607
1645	0.111607
1646	0.0976563
1647	0.0976563
1648	0.111607
1649	0.111607
1650	0.127551
1651	0.127551
1652	0.127551
1653	0.111607
1654	0.111607
1655	0.111607
1656	0.127551
1657	0.127551
1658	0.0992064
1659	0.111607
1660	0.127551
1661	0.111607
1662	0.111607
1663	0.0625
1664	0.111607
1665	0.127551
1666	0.127551
1667	0.127551
1668	0.111607
1669	0.127551
1670	0.0976563
1671	0.111607
1672	0.0992064
1673	0.0976563
1674	0.111607
1675	0.111607
1676	0.111607
1677	0.0976563
1680	0.127551
1681	0.127551
1682	0.127551
1683	0.127551
1684	0.127551
1685	0.0868056
1686	0.111607
1687	0.111607
1688	0.127551
1689	0.127551
1690	0.111607
1691	0.111607
1692	0.111607
1693	0.0892857
1694	0.111607
1695	0.0976563
1696	0.0976563
1697	0.127551
1698	0.127551
1699	0.127551
1700	0.127551
1701	0.111607
1702	0.111607
1703	0.111607
1704	0.127551
1705	0.127551
1706	0.111607
1707	0.127551
1708	0.111607
1709	0.0976563
1710	0.127551
1711	0.111607
1712	0.0976563
1713	0.111607
1714	0.127551
1715	0.127551
1716	0.111607
1717	0.111607
1718	0.111607
1719	0.111607
1720	0.127551
1721	0.127551
1722	0.111607
1723	0.111607
1724	0.111607
1725	0.111607
1726	0.0976563
1727	0.0976563
1728	0.0976563
1729	0.127551
1730	0.111607
1731	0.127551
1732	0.111607
1733	0.127551
1734	0.127551
1735	0.111607
1736	0.111607
1737	0.111607
1738	0.127551
1739	0.111607
1740	0.111607
1741	0.111607
1742	0.0976563
1743	0.0976563
1744	0.0976563
1745	0.127551
1746	0.127551
1747	0.127551
1748	0.111607
1749	0.127551
1750	0.127551
1751	0.111607
1752	0.111607
1753	0.111607
1754	0.127551
1755	0.111607
1756	0.111607
1757	0.111607
1758	0.111607
1759	0.111607
1760	0.0976563
1761	0.0976563
1762	0.111607
1763	0.127551
1764	0.127551
1765	0.127551
1766	0.0976563
1767	0.0976563
1768	0.111607
1769	0.111607
1770	0.127551
1771	0.127551
1772	0.111607
1773	0.111607
1774	0.111607
1775	0.111607
1776	0.0976563
1777	0.111607
1778	0.111607
1779	0.127551
1780	0.111607
1781	0.111607
1782	0.0868056
1783	0.127551
1784	0.127551
1785	0.111607
1786	0.127551
1787	0.111607
1788	0.111607
1789	0.111607
1790	0.0976563
1791	0.0976563
1792	0.111607
1793	0.127551
1794	0.111607
1795	0.127551
1796	0.127551
1797	0.127551
1798	0.127551
1799	0.111607
1800	0.127551
1801	0.0892857
1802	0.127551
1803	0.111607
1804	0.111607
1805	0.111607
1806	0.111607
1807	0.0976563
1808	0.127551
1809	0.111607
1810	0.127551
1811	0.111607
1812	0.127551
1813	0.127551
1814	0.111607
1815	0.111607
1816	0.111607
1817	0.127551
1819	0.111607
1820	0.111607
1821	0.111607
1822	0.111607
1823	0.0976563
1824	0.127551
1825	0.111607
1826	0.111607
1827	0.111607
1828	0.127551
1829	0.111607
1830	0.127551
1831	0.111607
1832	0.0976563
1833	0.127551
1834	0.127551
1835	0.127551
1836	0.111607
1837	0.111607
1838	0.0976563
1839	0.111607
1841	0.127551
1842	0.127551
1843	0.127551
1844	0.127551
1845	0.111607
1846	0.0992064
1847	0.111607
1848	0.127551
1849	0.127551
1850	0.111607
1851	0.111607
1852	0.127551
1853	0.111607
1854	0.111607
1855	0.0976563
1857	0.127551
1858	0.127551
1859	0.127551
1860	0.127551
1861	0.111607
1862	0.111607
1863	0.111607
1864	0.127551
1865	0.111607
1866	0.127551
1867	0.111607
1868	0.127551
1869	0.111607
1870	0.0976563
1871	0.0976563
1872	0.127551
1873	0.127551
1874	0.111607
1875	0.127551
1876	0.111607
1877	0.111607
1878	0.111607
1879	0.111607
1880	0.127551
1881	0.111607
1882	0.127551
1883	0.111607
1884	0.111607
1885	0.111607
1886	0.111607
1887	0.111607
1888	0.14881
1889	0.130208
1890	0.14881
1891	0.14881
1892	0.14881
1893	0.14881
1894	0.14881
1895	0.127551
1896	0.111607
1897	0.111607
1898	0.127551
1899	0.0992064
1900	0.111607
1901	0.111607
1902	0.111607
1903	0.0976563
1904	0.111607
1905	0.0976563
1906	0.127551
1907	0.127551
1908	0.127551
1909	0.111607
1910	0.111607
1911	0.111607
1912	0.111607
1913	0.127551
1914	0.127551
1915	0.111607
1916	0.111607
1917	0.111607
1918	0.127551
1919	0.0976563
1920	0.0976563
1921	0.111607
1922	0.127551
1923	0.111607
1924	0.111607
1925	0.0976563
1926	0.127551
1927	0.111607
1928	0.127551
1929	0.127551
1930	0.127551
1931	0.127551
1932	0.127551
1933	0.127551
1934	0.127551
1935	0.111607
1936	0.111607
1937	0.111607
1938	0.14881
1939	0.14881
1940	0.127551
1941	0.14881
1942	0.130208
1943	0.130208
1944	0.130208
1945	0.14881
1946	0.127551
1947	0.127551
1948	0.127551
1949	0.111607
1950	0.127551
1951	0.078125
1952	0.111607
1953	0.127551
1954	0.127551
1955	0.127551
1956	0.127551
1957	0.127551
1959	0.127551
1960	0.111607
1961	0.111607
1962	0.111607
1963	0.111607
1964	0.111607
1966	0.0976563
1967	0.111607
1968	0.127551
1969	0.127551
1970	0.127551
1971	0.111607
1972	0.127551
1973	0.127551
1974	0.127551
1975	0.0976563
1976	0.111607
1977	0.127551
1978	0.127551
1979	0.111607
1980	0.127551
1981	0.0992064
1982	0.0976563
1983	0.111607
1984	0.111607
1985	0.127551
1986	0.111607
1987	0.0992064
1988	0.127551
1989	0.111607
1990	0.127551
1991	0.111607
1992	0.127551
1993	0.111607
1994	0.111607
1995	0.0976563
1996	0.111607
1997	0.111607
1998	0.111607
1999	0.0976563
2000	0.127551
